map,scenid,tcost,distance,expect,steps,access,r,itype
ca_caverns2,0,1219.2,38.4558,7.07107,31,17,64,forward
ca_caverns2,1,1425,46.4853,6.82843,44,26,64,forward
ca_caverns2,2,2222.6,82.7696,7.24264,72,71,64,forward
ca_caverns2,3,1037.2,31.9706,7.07107,27,13,64,forward
ca_caverns2,4,1868.4,47.8995,4.41421,45,68,64,forward
ca_caverns2,5,1246.6,40.4142,5,40,11,64,forward
ca_caverns2,6,1567.4,80.2843,5,72,70,64,forward
ca_caverns2,7,2011.4,57.4853,7.41421,55,79,64,forward
ca_caverns2,8,876.2,39.6985,7.24264,31,10,64,forward
ca_caverns2,9,1649.8,43.4853,6.82843,41,52,64,forward
ca_caverns2,10,2465.6,79.8406,9.65685,67,80,64,forward
ca_caverns2,11,1093,58.5685,11.8995,42,22,64,forward
ca_caverns2,12,931.8,41.9411,10.6569,32,16,64,forward
ca_caverns2,13,946.8,41.9706,10.8284,37,32,64,forward
ca_caverns2,14,1408.4,42.3137,10.4853,39,44,64,forward
ca_caverns2,15,2177.6,67.1421,9.65685,63,100,64,forward
ca_caverns2,16,1531.4,54.6985,10.6569,46,66,64,forward
ca_caverns2,17,347,18.1421,9.65685,14,0,64,forward
ca_caverns2,18,1162.2,45.5563,9.07107,41,45,64,forward
ca_caverns2,19,2426.2,64.6985,8.82843,56,90,64,forward
ca_caverns2,20,2009.2,63.2132,14.2426,57,75,64,forward
ca_caverns2,21,1749.4,60.6985,13.8284,52,59,64,forward
ca_caverns2,22,1493.4,62.8995,15.0711,60,61,64,forward
ca_caverns2,23,1040.4,42.9706,15.8995,38,27,64,forward
ca_caverns2,24,1590.2,54.2132,15.8995,48,46,64,forward
ca_caverns2,25,690.2,25.7279,15.6569,22,10,64,forward
ca_caverns2,26,790.8,32.5563,12.4853,28,10,64,forward
ca_caverns2,27,521.8,29.7279,13.4853,26,10,64,forward
ca_caverns2,28,1716.2,76.5563,15.4853,72,81,64,forward
ca_caverns2,29,1971.4,69.8406,12.0711,57,79,64,forward
ca_caverns2,30,564.2,18.6569,17.2426,17,9,64,forward
ca_caverns2,31,680.4,20.2426,19.4142,19,11,64,forward
ca_caverns2,32,1489.4,63.1838,19.6569,52,38,64,forward
ca_caverns2,33,1402,60.1421,18.6569,56,55,64,forward
ca_caverns2,34,964,46.4558,19.6569,39,30,64,forward
ca_caverns2,35,1276.4,49.799,19.8284,44,41,64,forward
ca_caverns2,36,1293.6,66.1421,18.3137,62,53,64,forward
ca_caverns2,37,828,43.598,19.3848,32,17,64,forward
ca_caverns2,38,1599,63.6985,17.4853,55,50,64,forward
ca_caverns2,39,573.4,20.4142,16.0711,20,5,64,forward
ca_caverns2,40,2442,96.6985,23.8995,88,89,64,forward
ca_caverns2,41,709.8,41.7279,23.2426,38,2,64,forward
ca_caverns2,42,2072,62.6985,23.1421,54,63,64,forward
ca_caverns2,43,659.8,24.4853,23.6569,22,7,64,forward
ca_caverns2,44,1015.6,37.799,23.4853,32,16,64,forward
ca_caverns2,45,2144.2,70.799,22.4853,65,92,64,forward
ca_caverns2,46,2538.8,78.6985,21.5563,70,111,64,forward
ca_caverns2,47,2228.4,68.0416,20.3137,61,83,64,forward
ca_caverns2,48,1518.2,79.1127,20.0711,70,64,64,forward
ca_caverns2,49,1419.8,79.5269,21.3137,70,64,64,forward
ca_caverns2,50,830.4,29.9706,24.4142,25,15,64,forward
ca_caverns2,51,2459.2,101.154,25.4853,85,109,64,forward
ca_caverns2,52,1111,59.1127,26.5563,50,38,64,forward
ca_caverns2,53,1475,45.2132,25.4853,39,35,64,forward
ca_caverns2,54,1889.8,80.8701,25.8995,73,107,64,forward
ca_caverns2,55,718.6,36.2843,27.2132,28,7,64,forward
ca_caverns2,56,880.2,39.0416,27.3848,32,14,64,forward
ca_caverns2,57,1456.6,62.1127,26.4853,53,39,64,forward
ca_caverns2,58,2437.8,93.7696,25.6569,83,84,64,forward
ca_caverns2,59,845.4,51.8701,24.3137,44,18,64,forward
ca_caverns2,60,1809.6,69.3848,30.2426,64,82,64,forward
ca_caverns2,61,1031.6,46.9706,31.2426,42,31,64,forward
ca_caverns2,62,748.6,29.9706,29.9706,25,20,64,forward
ca_caverns2,63,1325.2,65.3259,28.9706,50,21,64,forward
ca_caverns2,64,1366.2,57.4558,31.1421,50,44,64,forward
ca_caverns2,65,1371.8,57.4853,30.8284,55,47,64,forward
ca_caverns2,66,1484.8,77.3848,30.3848,72,42,64,forward
ca_caverns2,67,1717.4,84.8701,31.1421,77,71,64,forward
ca_caverns2,68,1589.8,75.5563,31.0711,71,87,64,forward
ca_caverns2,69,2221.4,93.8406,28.7279,81,94,64,forward
ca_caverns2,70,1856.8,94.9411,32.9706,85,79,64,forward
ca_caverns2,71,2351.2,75.6985,34.1421,67,79,64,forward
ca_caverns2,72,998.6,41.4853,32.5563,39,27,64,forward
ca_caverns2,73,1380,84.8406,33.9706,72,52,64,forward
ca_caverns2,74,1969,87.2132,33.3848,81,82,64,forward
ca_caverns2,75,1752.4,83.9411,34.8995,74,59,64,forward
ca_caverns2,76,2270.2,93.799,32.6569,88,89,64,forward
ca_caverns2,77,827,35.3137,32.8284,32,18,64,forward
ca_caverns2,78,794.4,43.9706,34.0711,39,27,64,forward
ca_caverns2,79,1844,78.2548,34.6569,65,60,64,forward
ca_caverns2,80,858,47.2132,37.5563,41,29,64,forward
ca_caverns2,81,3065.8,115.083,36.799,101,133,64,forward
ca_caverns2,82,966.4,38.799,37.0416,33,25,64,forward
ca_caverns2,83,852.6,40.7279,37.4142,37,27,64,forward
ca_caverns2,84,2284.6,76.2132,36.3137,70,88,64,forward
ca_caverns2,85,1221.6,49.2132,39.4558,43,33,64,forward
ca_caverns2,86,2883.8,108.284,36.5563,100,135,64,forward
ca_caverns2,87,2572.4,87.7279,38.6569,84,113,64,forward
ca_caverns2,88,1691.2,77.9411,39.9411,68,56,64,forward
ca_caverns2,89,1513.2,72.2132,38.4853,66,64,64,forward
ca_caverns2,90,1687.2,69.9706,42.4853,65,53,64,forward
ca_caverns2,91,991.2,52.7279,41.6569,49,34,64,forward
ca_caverns2,92,822,43.8995,43.8995,41,37,64,forward
ca_caverns2,93,921.4,50.2843,42.799,42,28,64,forward
ca_caverns2,94,1055.4,42.6985,42.6985,34,29,64,forward
ca_caverns2,95,2915.4,105.284,41.0711,97,134,64,forward
ca_caverns2,96,1291.6,63.8701,42.8701,56,41,64,forward
ca_caverns2,97,2025.4,107.083,40.6274,93,87,64,forward
ca_caverns2,98,782.2,49.3848,42.7279,44,31,64,forward
ca_caverns2,99,1316,53.8701,40.9706,46,34,64,forward
ca_caverns2,100,1541.6,60.0416,46.8284,53,43,64,forward
ca_caverns2,101,1319.6,45.8284,44.6569,45,39,64,forward
ca_caverns2,102,1213.6,62.799,44.6569,57,47,64,forward
ca_caverns2,103,2974.2,141.569,47.6985,125,116,64,forward
ca_caverns2,104,1021,49.6569,44.8284,48,36,64,forward
ca_caverns2,105,2488.2,106.941,47.3553,97,98,64,forward
ca_caverns2,106,1383,66.6274,45.9706,60,65,64,forward
ca_caverns2,107,1724.4,77.9706,44.1421,73,66,64,forward
ca_caverns2,108,1059,67.3848,45.0711,62,57,64,forward
ca_caverns2,109,1627,85.8406,46.4264,73,55,64,forward
ca_caverns2,110,1241.6,49.8701,49.8701,42,37,64,forward
ca_caverns2,111,2416,110.669,51.1421,97,95,64,forward
ca_caverns2,112,1683,73.799,48.3137,68,49,64,forward
ca_caverns2,113,2958,101.598,51.2843,90,127,64,forward
ca_caverns2,114,1717,70.8701,51.3848,63,59,64,forward
ca_caverns2,115,2117.4,90.0122,50.7696,78,72,64,forward
ca_caverns2,116,1199.8,50.799,50.799,45,32,64,forward
ca_caverns2,117,841.2,50.9411,50.9411,41,20,64,forward
ca_caverns2,118,991.2,52.4558,48.5563,45,36,64,forward
ca_caverns2,119,2653,121.184,50.3848,110,148,64,forward
ca_caverns2,120,1552.6,88.0416,52.7696,81,64,64,forward
ca_caverns2,121,1573,66.6274,53.7279,60,47,64,forward
ca_caverns2,122,2225.2,91.5685,54.8995,75,51,64,forward
ca_caverns2,123,1421.8,84.3553,52.2132,74,55,64,forward
ca_caverns2,124,1589.8,69.4558,53.799,62,53,64,forward
ca_caverns2,125,1476.8,66.6274,53.6274,60,47,64,forward
ca_caverns2,126,2961.4,112.113,52.799,103,135,64,forward
ca_caverns2,127,1249,65.2132,52.4853,59,46,64,forward
ca_caverns2,128,2422,90.799,54.9706,85,110,64,forward
ca_caverns2,129,1315,62.4264,55.9411,50,45,64,forward
ca_caverns2,130,1515,57.5563,57.5563,53,49,64,forward
ca_caverns2,131,1837,75.0122,57.2132,63,53,64,forward
ca_caverns2,132,1355,61.5269,59.0416,52,46,64,forward
ca_caverns2,133,1291.8,74.5563,59.2843,70,54,64,forward
ca_caverns2,134,2881.8,118.527,56.9706,109,122,64,forward
ca_caverns2,135,1559.8,70.7279,57.6985,67,53,64,forward
ca_caverns2,136,1801.2,104.326,57.6274,89,75,64,forward
ca_caverns2,137,1128,57.7279,57.1421,54,53,64,forward
ca_caverns2,138,1810,87.3259,59.0122,72,59,64,forward
ca_caverns2,139,974.2,56.2843,56.2843,48,34,64,forward
ca_caverns2,140,1229,62.5269,62.5269,53,40,64,forward
ca_caverns2,141,1073.4,64.4558,62.1127,57,36,64,forward
ca_caverns2,142,1910.6,76.5269,61.598,67,60,64,forward
ca_caverns2,143,1886,83.4558,63.9706,76,69,64,forward
ca_caverns2,144,1478.8,69.8701,60.6274,62,56,64,forward
ca_caverns2,145,1574.2,83.2843,63.2843,75,63,64,forward
ca_caverns2,146,2585.4,117.113,63.2843,108,109,64,forward
ca_caverns2,147,2706.4,114.912,63.8406,100,87,64,forward
ca_caverns2,148,1231.8,66.2132,62.3848,60,55,64,forward
ca_caverns2,149,2125.6,84.3259,60.4558,69,69,64,forward
ca_caverns2,150,2041.2,87.7696,67.7696,77,68,64,forward
ca_caverns2,151,1311.4,71.8701,66.0416,64,52,64,forward
ca_caverns2,152,1384.8,64.3137,64.3137,61,52,64,forward
ca_caverns2,153,1303,65.1838,65.1838,54,36,64,forward
ca_caverns2,154,1754.8,89.1127,64.7279,80,64,64,forward
ca_caverns2,155,1824.2,90.2132,64.9706,84,76,64,forward
ca_caverns2,156,1291.6,65.799,64.1421,60,47,64,forward
ca_caverns2,157,1839.8,84.669,65.7696,71,68,64,forward
ca_caverns2,158,1206.4,67.3553,65.0122,57,33,64,forward
ca_caverns2,159,2213.2,95.799,66.9706,90,110,64,forward
ca_caverns2,160,2882.2,134.184,70.5563,123,124,64,forward
ca_caverns2,161,1281,71.5563,71.5563,67,48,64,forward
ca_caverns2,162,1693.4,71.4558,71.4558,64,55,64,forward
ca_caverns2,163,1461.2,76.1127,69.4558,67,54,64,forward
ca_caverns2,164,2700.2,110.912,69.1127,96,89,64,forward
ca_caverns2,165,2123.2,95.4558,69.3848,88,76,64,forward
ca_caverns2,166,1720.8,75.5563,69.8995,71,60,64,forward
ca_caverns2,167,1417.4,71.2132,71.2132,65,50,64,forward
ca_caverns2,168,1867.2,86.5685,69.4264,70,67,64,forward
ca_caverns2,169,1894.8,103.77,68.2548,93,75,64,forward
ca_caverns2,170,1718.4,82.5563,75.9706,78,67,64,forward
ca_caverns2,171,1258,80.6274,75.8995,74,60,64,forward
ca_caverns2,172,1486,77.7279,75.2426,74,57,64,forward
ca_caverns2,173,1375,79.598,72.9411,68,55,64,forward
ca_caverns2,174,2298.6,98.6274,75.0416,92,99,64,forward
ca_caverns2,175,2188.6,95.9706,74.3137,91,95,64,forward
ca_caverns2,176,2600.2,124.941,75.799,115,116,64,forward
ca_caverns2,177,1231.4,74.0416,74.0416,67,42,64,forward
ca_caverns2,178,3151.4,138.397,75.8406,121,161,64,forward
ca_caverns2,179,2784,103.74,75.598,88,91,64,forward
ca_caverns2,180,1361.4,83.2843,79.3848,75,65,64,forward
ca_caverns2,181,1583.2,78.2843,76.6274,70,54,64,forward
ca_caverns2,182,1986,105.799,79.6569,100,98,64,forward
ca_caverns2,183,2443.6,133.355,77.7696,123,124,64,forward
ca_caverns2,184,1794.2,77.9706,77.9706,73,63,64,forward
ca_caverns2,185,2496,104.556,78.7279,100,107,64,forward
ca_caverns2,186,1768.8,76.799,76.799,71,56,64,forward
ca_caverns2,187,1907.8,83.5269,79.1838,74,55,64,forward
ca_caverns2,188,1685,76.2843,76.2843,68,57,64,forward
ca_caverns2,189,2573.2,120.74,78.8995,105,81,64,forward
ca_caverns2,190,2026.4,85.4558,81.799,78,63,64,forward
ca_caverns2,191,2359.6,100.527,82.2843,91,80,64,forward
ca_caverns2,192,1716.6,81.5685,81.5685,65,55,64,forward
ca_caverns2,193,1982.4,100.598,82.9411,89,77,64,forward
ca_caverns2,194,1696.4,83.669,83.669,70,49,64,forward
ca_caverns2,195,1717.4,82.2843,80.6274,74,59,64,forward
ca_caverns2,196,1617,83.9706,83.9706,79,60,64,forward
ca_caverns2,197,1431.4,82.9828,80.4975,66,40,64,forward
ca_caverns2,198,2218.6,119.912,83.8112,105,87,64,forward
ca_caverns2,199,1733,86.9411,83.5269,77,69,64,forward
ca_caverns2,200,3347.2,148.64,86.0833,130,124,64,forward
ca_caverns2,201,2322.4,120.598,87.1838,109,97,64,forward
ca_caverns2,202,2419.6,99.6274,87.6274,93,99,64,forward
ca_caverns2,203,4099.2,177.912,87.4558,163,164,64,forward
ca_caverns2,204,1568.2,86.3553,86.3553,76,62,64,forward
ca_caverns2,205,1853.2,88.4975,87.9117,74,69,64,forward
ca_caverns2,206,2404.4,112.669,85.6274,99,87,64,forward
ca_caverns2,207,1806.8,90.9411,84.2843,81,66,64,forward
ca_caverns2,208,2387.6,97.669,87.3259,84,69,64,forward
ca_caverns2,209,1549.6,88.598,87.1838,77,70,64,forward
ca_caverns2,210,3466.4,140.426,88.2132,128,150,64,forward
ca_caverns2,211,1866.8,91.2254,90.0538,73,63,64,forward
ca_caverns2,212,1960.6,101.385,88.5563,96,83,64,forward
ca_caverns2,213,2222.8,133.882,89.4975,114,95,64,forward
ca_caverns2,214,1814.6,124.184,88.0833,113,95,64,forward
ca_caverns2,215,1706.4,91.6274,91.0416,85,78,64,forward
ca_caverns2,216,2307.6,135.083,90.9411,121,120,64,forward
ca_caverns2,217,1402.6,89.6985,89.6985,81,67,64,forward
ca_caverns2,218,2014.6,91.799,90.9706,86,67,64,forward
ca_caverns2,219,1504.6,95.5269,90.799,86,74,64,forward
ca_caverns2,220,2932.6,120.012,93.6985,108,91,64,forward
ca_caverns2,221,1975.2,94.598,94.598,83,67,64,forward
ca_caverns2,222,1815.8,93.2843,93.2843,85,66,64,forward
ca_caverns2,223,1962.8,102.397,95.7401,85,72,64,forward
ca_caverns2,224,1746.6,95.2843,95.2843,87,67,64,forward
ca_caverns2,225,2460.6,102.042,94.6274,95,83,64,forward
ca_caverns2,226,3301.6,148.74,95.5269,133,142,64,forward
ca_caverns2,227,1672.6,93.7696,93.7696,83,72,64,forward
ca_caverns2,228,1673.8,97.1127,92.3848,88,74,64,forward
ca_caverns2,229,2811.6,135.882,94.0416,116,92,64,forward
ca_caverns2,230,1991.8,99.1543,96.669,83,62,64,forward
ca_caverns2,231,3066,141.326,99.5269,126,116,64,forward
ca_caverns2,232,2577,142.669,98.1838,129,111,64,forward
ca_caverns2,233,1964.8,98.6985,96.2132,90,85,64,forward
ca_caverns2,234,3399.2,159.397,99.0122,142,145,64,forward
ca_caverns2,235,2182,116.426,96.9411,104,101,64,forward
ca_caverns2,236,2179.4,103.054,98.397,84,73,64,forward
ca_caverns2,237,2258.6,131.598,97.799,120,114,64,forward
ca_caverns2,238,2013,105.042,97.6274,98,87,64,forward
ca_caverns2,239,2033.2,102.912,96.2548,88,75,64,forward
ca_caverns2,240,2055,104.841,101.426,92,79,64,forward
ca_caverns2,241,3157.4,156.225,102.527,138,146,64,forward
ca_caverns2,242,2241.6,115.426,101.385,103,93,64,forward
ca_caverns2,243,4627,205.196,102.87,182,177,64,forward
ca_caverns2,244,2422.6,105.456,101.799,98,84,64,forward
ca_caverns2,245,2499.2,109.255,101.397,96,80,64,forward
ca_caverns2,246,2604.2,134.569,101.397,118,100,64,forward
ca_caverns2,247,1802.6,100.012,100.012,88,78,64,forward
ca_caverns2,248,2382.2,109.042,101.627,102,91,64,forward
ca_caverns2,249,2116.6,104.74,102.74,89,78,64,forward
ca_caverns2,250,2159.8,104.355,104.355,94,89,64,forward
ca_caverns2,251,2477,151.397,107.184,134,117,64,forward
ca_caverns2,252,2597.4,104.355,104.355,94,78,64,forward
ca_caverns2,253,3162.2,146.255,106.77,133,144,64,forward
ca_caverns2,254,3005.4,112.941,106.598,103,90,64,forward
ca_caverns2,255,2223,113.397,107.326,96,80,64,forward
ca_caverns2,256,1840.6,104.74,104.74,89,61,64,forward
ca_caverns2,257,2337,109.012,105.355,97,83,64,forward
ca_caverns2,258,2249.8,105.598,105.598,94,75,64,forward
ca_caverns2,259,2226.8,104.627,104.627,98,92,64,forward
ca_caverns2,260,5233.2,116.456,110.355,109,96,64,forward
ca_caverns2,261,2714,142.811,109.054,125,107,64,forward
ca_caverns2,262,2730.6,130.598,110.497,119,102,64,forward
ca_caverns2,263,2039.8,109.213,109.213,103,91,64,forward
ca_caverns2,264,2785.8,133.698,109.799,125,130,64,forward
ca_caverns2,265,2139.6,109.113,109.113,100,87,64,forward
ca_caverns2,266,4853.4,109.912,109.912,95,84,64,forward
ca_caverns2,267,2101,115.64,111.397,97,91,64,forward
ca_caverns2,268,2926.2,131.426,108.426,119,126,64,forward
ca_caverns2,269,2083,114.698,108.042,106,93,64,forward
ca_caverns2,270,3381.8,150.74,115.255,135,146,64,forward
ca_caverns2,271,2174.4,112.77,112.77,102,83,64,forward
ca_caverns2,272,2230.6,112.355,112.355,102,93,64,forward
ca_caverns2,273,2527.4,119.941,115.598,110,100,64,forward
ca_caverns2,274,3354.6,168.527,113.456,159,168,64,forward
ca_caverns2,275,3903.4,179.811,113.012,162,163,64,forward
ca_caverns2,276,2971.6,114.598,114.598,103,90,64,forward
ca_caverns2,277,2007.6,112.184,112.184,101,85,64,forward
ca_caverns2,278,2332.6,127.527,113.456,118,110,64,forward
ca_caverns2,279,2323.2,115.627,113.971,109,95,64,forward
ca_caverns2,280,2123.4,119.912,119.326,105,80,64,forward
ca_caverns2,281,2510.6,119.154,119.154,103,94,64,forward
ca_caverns2,282,1983.8,117.083,117.083,103,93,64,forward
ca_caverns2,283,3056.4,149.255,118.255,136,143,64,forward
ca_caverns2,284,2278.6,122.326,118.326,107,97,64,forward
ca_caverns2,285,2601.4,148.012,118.698,136,118,64,forward
ca_caverns2,286,2214.4,119.841,119.841,107,98,64,forward
ca_caverns2,287,4143,189.024,117.711,165,178,64,forward
ca_caverns2,288,2401.6,119.941,119.941,110,94,64,forward
ca_caverns2,289,2274.4,119.912,118.255,105,85,64,forward
ca_caverns2,290,4700,211.196,123.284,188,189,64,forward
ca_caverns2,291,2223.4,122.054,122.054,103,98,64,forward
ca_caverns2,292,3226.8,148.184,122.627,137,125,64,forward
ca_caverns2,293,3357,149.426,120.113,137,152,64,forward
ca_caverns2,294,2314.6,121.497,120.912,107,82,64,forward
ca_caverns2,295,2015.8,122.669,122.083,109,84,64,forward
ca_caverns2,296,3684.6,180.326,120.799,165,164,64,forward
ca_caverns2,297,2098.4,127.184,123.527,116,102,64,forward
ca_caverns2,298,3254.8,148.983,121.912,132,141,64,forward
ca_caverns2,299,2215.6,124.912,123.255,110,90,64,forward
ca_caverns2,300,2559.8,126.882,126.882,107,98,64,forward
ca_caverns2,301,2479.8,128.77,126.527,118,109,64,forward
ca_caverns2,302,3421.2,170.326,124.113,155,161,64,forward
ca_caverns2,303,2844.6,125.77,125.77,115,97,64,forward
ca_caverns2,304,3449,157.368,124.912,135,133,64,forward
ca_caverns2,305,3461,166.74,124.941,151,144,64,forward
ca_caverns2,306,2813,134.083,124.113,120,108,64,forward
ca_caverns2,307,2046.6,127.012,127.012,115,106,64,forward
ca_caverns2,308,2324,157.811,127.598,140,123,64,forward
ca_caverns2,309,4510.2,228.924,124.598,202,197,64,forward
ca_caverns2,310,2305,131.326,131.326,116,106,64,forward
ca_caverns2,311,2272.2,144.024,129.397,120,115,64,forward
ca_caverns2,312,3228.4,166.012,131.355,154,148,64,forward
ca_caverns2,313,3080.4,152.083,129.598,138,152,64,forward
ca_caverns2,314,2963,130.083,130.083,116,96,64,forward
ca_caverns2,315,2783.6,129.083,129.083,115,101,64,forward
ca_caverns2,316,2213.4,136.426,128.87,124,108,64,forward
ca_caverns2,317,2487,140.468,129.912,121,108,64,forward
ca_caverns2,318,2673.4,148.527,128.385,139,135,64,forward
ca_caverns2,319,2510.2,142.569,131.397,126,119,64,forward
ca_caverns2,320,3403.4,180.083,135.598,166,148,64,forward
ca_caverns2,321,2728,165.527,133.87,156,154,64,forward
ca_caverns2,322,2502.8,135.213,135.213,129,120,64,forward
ca_caverns2,323,2250,134.941,133.184,125,114,64,forward
ca_caverns2,324,2458.8,138.012,133.284,126,113,64,forward
ca_caverns2,325,2940.8,132.983,132.983,116,101,64,forward
ca_caverns2,326,2378.4,150.912,132.912,136,130,64,forward
ca_caverns2,327,2607.6,132.941,132.941,123,116,64,forward
ca_caverns2,328,2456.8,141.912,135.255,127,113,64,forward
ca_caverns2,329,2302.4,140.497,135.598,126,113,64,forward
ca_caverns2,330,3115.6,142.326,138.669,127,111,64,forward
ca_caverns2,331,2951.2,140.426,139.841,128,87,64,forward
ca_caverns2,332,4669.8,187.196,137.711,164,189,64,forward
ca_caverns2,333,3171.6,139.184,139.184,128,112,64,forward
ca_caverns2,334,4236,222.368,138.012,200,198,64,forward
ca_caverns2,335,3578.8,173.368,136.539,151,154,64,forward
ca_caverns2,336,2982.6,173.539,138.184,152,132,64,forward
ca_caverns2,337,3938.6,184.853,136.983,160,166,64,forward
ca_caverns2,338,2700.8,139.569,139.569,123,109,64,forward
ca_caverns2,339,3193.8,158.853,139.468,134,135,64,forward
ca_caverns2,340,3358.6,180.326,143.083,165,171,64,forward
ca_caverns2,341,2790.4,145.941,142.284,136,122,64,forward
ca_caverns2,342,2942.4,142.698,142.698,134,122,64,forward
ca_caverns2,343,2949.8,151.598,140.77,140,132,64,forward
ca_caverns2,344,2623,147.74,142.841,132,117,64,forward
ca_caverns2,345,3042.4,143.598,143.598,132,116,64,forward
ca_caverns2,346,3402.8,149.426,143.426,137,128,64,forward
ca_caverns2,347,3131.6,177.154,143.811,161,168,64,forward
ca_caverns2,348,2965.8,147.426,141.426,135,130,64,forward
ca_caverns2,349,2654.6,142.598,142.012,131,91,64,forward
ca_caverns2,350,3400.2,193.397,147.569,176,181,64,forward
ca_caverns2,351,2795,144.042,144.042,137,128,64,forward
ca_caverns2,352,3335.2,164.569,145.983,148,141,64,forward
ca_caverns2,353,3316.6,166.255,146.012,153,163,64,forward
ca_caverns2,354,3567.4,176.811,144.184,159,143,64,forward
ca_caverns2,355,4681.8,180.083,147.669,166,179,64,forward
ca_caverns2,356,3716.4,174.326,144.497,159,170,64,forward
ca_caverns2,357,2994.2,149.64,144.225,131,118,64,forward
ca_caverns2,358,4546,209.368,147.841,187,213,64,forward
ca_caverns2,359,3432.6,167.598,145.77,156,169,64,forward
ca_caverns2,360,2593.4,150.497,150.497,136,122,64,forward
ca_caverns2,361,2958.4,165.497,148.497,151,158,64,forward
ca_caverns2,362,2758.2,151.698,151.698,143,122,64,forward
ca_caverns2,363,2354.8,153.083,148.598,139,124,64,forward
ca_caverns2,364,4083.4,180.983,148.184,164,161,64,forward
ca_caverns2,365,2766.4,153.669,150.255,140,129,64,forward
ca_caverns2,366,4615.8,214.024,151.811,190,230,64,forward
ca_caverns2,367,2556.8,148.054,148.054,129,121,64,forward
ca_caverns2,368,2887.8,165.154,148.326,149,143,64,forward
ca_caverns2,369,2780.4,148.355,148.355,138,127,64,forward
ca_caverns2,370,2682.2,161.497,153.012,147,136,64,forward
ca_caverns2,371,3565.2,156.125,155.296,135,116,64,forward
ca_caverns2,372,3294.4,157.841,154.326,145,128,64,forward
ca_caverns2,373,3043.2,152.426,152.426,140,124,64,forward
ca_caverns2,374,2857.6,154.054,153.225,135,127,64,forward
ca_caverns2,375,3637.4,180.569,155.841,164,146,64,forward
ca_caverns2,376,3153.8,167.64,153.497,149,135,64,forward
ca_caverns2,377,3126.4,159.184,152.184,148,146,64,forward
ca_caverns2,378,3274,156.77,155.012,146,138,64,forward
ca_caverns2,379,2977,152.912,152.912,138,130,64,forward
ca_caverns2,380,3236.6,158.468,157.882,139,114,64,forward
ca_caverns2,381,3356.4,164.267,158.853,139,125,64,forward
ca_caverns2,382,2770.2,158.527,158.527,149,137,64,forward
ca_caverns2,383,3761.8,189.953,158.841,168,152,64,forward
ca_caverns2,384,2962.6,166.539,159.882,145,130,64,forward
ca_caverns2,385,4195,201.811,156.426,184,190,64,forward
ca_caverns2,386,3763.2,207.439,158.983,183,184,64,forward
ca_caverns2,387,3851.2,186.64,157.083,168,175,64,forward
ca_caverns2,388,3272.4,158.882,158.882,139,123,64,forward
ca_caverns2,389,2869.2,159.539,159.539,138,133,64,forward
ca_caverns2,390,3838.4,204.983,162.083,188,194,64,forward
ca_caverns2,391,3028.8,160.527,160.527,151,131,64,forward
ca_caverns2,392,3028,175.326,163.426,160,147,64,forward
ca_caverns2,393,3667.6,175.983,161.113,159,149,64,forward
ca_caverns2,394,3633.6,163.953,163.125,142,119,64,forward
ca_caverns2,395,3922.6,188.74,163.497,173,165,64,forward
ca_caverns2,396,3762.8,177.125,163.882,156,142,64,forward
ca_caverns2,397,3573.6,227.723,162.74,195,177,64,forward
ca_caverns2,398,3692.8,174.083,163.012,160,159,64,forward
ca_caverns2,399,4410.2,197.811,161.669,180,194,64,forward
ca_caverns2,400,3694,199.083,165.74,185,192,64,forward
ca_caverns2,401,3530.8,189.397,165.497,172,185,64,forward
ca_caverns2,402,3325,169.983,166.468,153,137,64,forward
ca_caverns2,403,3722.6,168.64,166.154,150,141,64,forward
ca_caverns2,404,3321.2,170.255,166.841,157,146,64,forward
ca_caverns2,405,2888.4,165.74,165.74,150,139,64,forward
ca_caverns2,406,3186.8,165.77,165.77,155,148,64,forward
ca_caverns2,407,3262.6,169.255,165.598,156,142,64,forward
ca_caverns2,408,3909.4,198.154,165.184,182,183,64,forward
ca_caverns2,409,4280.6,216.811,164.77,199,234,64,forward
ca_caverns2,410,4033.8,193.154,169.841,177,186,64,forward
ca_caverns2,411,3466.4,191.054,170.225,172,165,64,forward
ca_caverns2,412,3163.6,175.397,171.74,158,146,64,forward
ca_caverns2,413,4826.2,241.581,170.267,213,226,64,forward
ca_caverns2,414,2934,171.083,169.326,157,145,64,forward
ca_caverns2,415,4188.6,218.468,168.941,199,205,64,forward
ca_caverns2,416,3385.8,172.77,169.598,162,157,64,forward
ca_caverns2,417,3716.6,197.51,168.882,171,166,64,forward
ca_caverns2,418,3091.6,172.054,170.64,153,147,64,forward
ca_caverns2,419,2685.6,169.912,168.497,155,152,64,forward
ca_caverns2,420,3628.8,206.569,173.225,190,197,64,forward
ca_caverns2,421,4011.4,181.539,173.439,160,145,64,forward
ca_caverns2,422,5105.8,240.439,174.711,216,229,64,forward
ca_caverns2,423,3037.2,175.255,172.669,162,154,64,forward
ca_caverns2,424,4109.8,203.368,173.811,181,188,64,forward
ca_caverns2,425,4312.2,224.681,175.154,199,205,64,forward
ca_caverns2,426,4021.6,198.326,172.426,183,179,64,forward
ca_caverns2,427,3649.2,173.598,173.598,162,155,64,forward
ca_caverns2,428,4039.2,206.054,172.154,187,192,64,forward
ca_caverns2,429,3076.2,172.912,172.912,158,148,64,forward
ca_caverns2,430,3583.4,180.154,178.497,164,148,64,forward
ca_caverns2,431,8032,247.752,177.569,220,263,64,forward
ca_caverns2,432,4129.8,219.296,177.397,199,212,64,forward
ca_caverns2,433,3631,181.497,179.841,167,149,64,forward
ca_caverns2,434,3472.4,180.953,178.125,159,144,64,forward
ca_caverns2,435,3613.6,183.468,178.882,164,155,64,forward
ca_caverns2,436,3872.6,206.468,179.74,187,201,64,forward
ca_caverns2,437,4082.6,178.083,177.497,164,160,64,forward
ca_caverns2,438,6845.8,200.154,178.255,184,187,64,forward
ca_caverns2,439,3968.8,177.095,177.095,151,126,64,forward
ca_caverns2,440,3308.8,195.012,182.012,183,169,64,forward
ca_caverns2,441,3665.6,208.853,180.125,184,178,64,forward
ca_caverns2,442,3752.8,184.882,182.397,165,147,64,forward
ca_caverns2,443,4071.8,183.782,182.61,161,153,64,forward
ca_caverns2,444,3964.6,190.083,183.154,176,163,64,forward
ca_caverns2,445,4175.8,226.095,181.782,200,194,64,forward
ca_caverns2,446,3287.6,181.368,181.368,159,144,64,forward
ca_caverns2,447,6469.8,281.238,182.782,251,252,64,forward
ca_caverns2,448,3956.6,186.225,182.711,168,153,64,forward
ca_caverns2,449,3384,180.941,180.941,171,162,64,forward
ca_caverns2,450,3391.2,186.983,185.811,170,154,64,forward
ca_caverns2,451,3699.4,200.095,187.468,174,169,64,forward
ca_caverns2,452,3862.8,187.882,187.882,168,162,64,forward
ca_caverns2,453,3417.8,188.64,186.154,170,146,64,forward
ca_caverns2,454,3782.6,191.083,185.083,177,167,64,forward
ca_caverns2,455,4259.6,196.012,187.569,184,170,64,forward
ca_caverns2,456,3195,186.983,185.326,170,134,64,forward
ca_caverns2,457,4627.8,214.811,187.912,197,206,64,forward
ca_caverns2,458,3293.8,185.983,185.397,169,140,64,forward
ca_caverns2,459,3344.4,185.225,185.225,167,146,64,forward
ca_caverns2,460,3940.4,192.983,191.326,176,158,64,forward
ca_caverns2,461,5774.4,259.125,191.811,238,251,64,forward
ca_caverns2,462,3128.6,191.598,191.598,180,170,64,forward
ca_caverns2,463,2920.8,194.569,188.912,178,170,64,forward
ca_caverns2,464,4196.6,199.912,189.669,185,172,64,forward
ca_caverns2,465,4080,193.468,189.983,174,165,64,forward
ca_caverns2,466,4299.8,203.711,189.669,183,173,64,forward
ca_caverns2,467,3986.2,190.255,190.255,177,165,64,forward
ca_caverns2,468,3427.4,190.326,188.669,175,159,64,forward
ca_caverns2,469,5426.2,305.137,191.497,272,267,64,forward
ca_caverns2,470,3711,196.569,195.983,180,136,64,forward
ca_caverns2,471,3275.4,195.255,195.255,182,148,64,forward
ca_caverns2,472,3108,194.083,194.083,180,169,64,forward
ca_caverns2,473,3851.8,194.681,193.853,169,147,64,forward
ca_caverns2,474,3695,193.74,193.74,178,160,64,forward
ca_caverns2,475,4217,198.953,194.711,177,165,64,forward
ca_caverns2,476,3343.4,193.225,193.225,175,170,64,forward
ca_caverns2,477,4446.4,227.468,194.74,208,207,64,forward
ca_caverns2,478,3805.2,194.882,192.397,175,153,64,forward
ca_caverns2,479,3515.4,199.569,195.912,183,169,64,forward
ca_caverns2,480,4973.8,252.439,197.64,228,227,64,forward
ca_caverns2,481,5179.6,266.024,196.64,242,280,64,forward
ca_caverns2,482,4119.2,199.255,199.255,186,170,64,forward
ca_caverns2,483,4432.6,220.054,196.497,201,197,64,forward
ca_caverns2,484,3706.4,200.083,197.154,186,171,64,forward
ca_caverns2,485,3885.8,200.569,198.912,184,166,64,forward
ca_caverns2,486,4329.2,207.468,199.225,188,176,64,forward
ca_caverns2,487,4170.6,197.255,197.255,184,172,64,forward
ca_caverns2,488,3599,203.154,199.497,187,173,64,forward
ca_caverns2,489,3170.8,200.569,196.912,184,170,64,forward
ca_caverns2,490,4374.8,216.681,202.61,191,177,64,forward
ca_caverns2,491,3820.4,207.083,200.154,193,179,64,forward
ca_caverns2,492,4063.6,206.255,202.74,193,179,64,forward
ca_caverns2,493,6352,271.894,200.409,240,253,64,forward
ca_caverns2,494,4203.2,201.782,201.782,179,164,64,forward
ca_caverns2,495,4122.8,249.551,200.439,216,197,64,forward
ca_caverns2,496,3695.4,204.225,200.711,186,172,64,forward
ca_caverns2,497,4788,279.853,203.983,255,253,64,forward
ca_caverns2,498,4603.2,228.711,200.497,208,201,64,forward
ca_caverns2,499,3699.4,202.74,202.74,187,183,64,forward
ca_caverns2,500,3910.4,205.468,205.468,186,180,64,forward
ca_caverns2,501,4014.2,208.397,207.811,191,152,64,forward
ca_caverns2,502,3966.4,219.154,207.154,203,191,64,forward
ca_caverns2,503,3792.4,209.983,206.326,193,179,64,forward
ca_caverns2,504,4082.6,208.953,207.296,187,169,64,forward
ca_caverns2,505,3531.8,205.983,204.326,189,173,64,forward
ca_caverns2,506,4604.6,205.681,204.853,180,155,64,forward
ca_caverns2,507,4181.4,210.569,207.054,194,176,64,forward
ca_caverns2,508,4156.8,224.983,207.912,208,203,64,forward
ca_caverns2,509,4173,204.853,204.853,180,165,64,forward
ca_caverns2,510,3919.4,213.539,211.882,192,174,64,forward
ca_caverns2,511,3967.4,212.569,210.083,196,190,64,forward
ca_caverns2,512,4610.8,236.669,208.012,223,217,64,forward
ca_caverns2,513,4234.8,217.196,210.711,194,188,64,forward
ca_caverns2,514,4137.8,213.024,210.539,189,167,64,forward
ca_caverns2,515,5157.8,272.338,210.125,245,289,64,forward
ca_caverns2,516,4282.4,211.225,211.225,193,187,64,forward
ca_caverns2,517,4451.2,260.61,211.083,237,243,64,forward
ca_caverns2,518,4040.8,238.368,208.468,216,213,64,forward
ca_caverns2,519,3845.8,210.61,210.61,187,177,64,forward
ca_caverns2,520,4225,217.095,213.439,191,175,64,forward
ca_caverns2,521,4075.4,218.167,215.681,190,169,64,forward
ca_caverns2,522,3831.2,214.468,214.468,195,186,64,forward
ca_caverns2,523,5357.6,295.995,215.882,267,265,64,forward
ca_caverns2,524,3815.4,223.882,213.64,204,207,64,forward
ca_caverns2,525,3748,213.983,213.983,197,191,64,forward
ca_caverns2,526,4192.2,214.811,214.811,197,187,64,forward
ca_caverns2,527,5021.6,257.125,212.912,236,268,64,forward
ca_caverns2,528,4637,262.581,212.882,234,215,64,forward
ca_caverns2,529,3893.4,213.024,213.024,189,175,64,forward
ca_caverns2,530,4780,283.995,216.924,255,264,64,forward
ca_caverns2,531,4767.8,217.569,217.569,201,184,64,forward
ca_caverns2,532,4432.8,225.497,219.74,211,198,64,forward
ca_caverns2,533,4011.4,218.64,218.054,200,175,64,forward
ca_caverns2,534,5065.8,259.154,217.497,243,247,64,forward
ca_caverns2,535,4972.2,223.853,216.853,199,192,64,forward
ca_caverns2,536,3618.4,230.983,219.669,214,202,64,forward
ca_caverns2,537,4532.2,217.882,216.225,198,180,64,forward
ca_caverns2,538,5517.4,309.622,218.882,274,275,64,forward
ca_caverns2,539,4009.8,221.225,219.569,203,185,64,forward
ca_caverns2,540,3980.6,223.782,221.296,201,180,64,forward
ca_caverns2,541,3991.2,222.782,221.125,200,182,64,forward
ca_caverns2,542,4373.8,221.326,221.326,206,197,64,forward
ca_caverns2,543,4260.8,245.74,222.083,230,234,64,forward
ca_caverns2,544,5402.8,262.64,220.326,244,272,64,forward
ca_caverns2,545,5870.6,304.823,221.882,275,274,64,forward
ca_caverns2,546,4783.4,253.581,223.681,225,240,64,forward
ca_caverns2,547,4477.4,227.267,223.61,202,186,64,forward
ca_caverns2,548,4605.6,240.811,220.569,223,233,64,forward
ca_caverns2,549,5215.8,293.752,223.782,266,260,64,forward
ca_caverns2,550,4126.8,225.368,225.368,203,189,64,forward
ca_caverns2,551,4126.2,226.225,224.569,208,190,64,forward
ca_caverns2,552,4691.6,241.368,227.326,219,209,64,forward
ca_caverns2,553,4443.2,228.924,225.267,202,186,64,forward
ca_caverns2,554,3859.2,225.853,225.853,201,187,64,forward
ca_caverns2,555,4852.6,254.983,227.912,238,242,64,forward
ca_caverns2,556,6101.6,251.752,226.267,224,205,64,forward
ca_caverns2,557,4439.8,245.681,227.439,220,217,64,forward
ca_caverns2,558,5493,264.468,225.497,245,259,64,forward
ca_caverns2,559,4796.2,229.468,225.953,210,192,64,forward
ca_caverns2,560,4103.4,230.983,230.983,214,204,64,forward
ca_caverns2,561,5954.4,317.794,230.61,283,281,64,forward
ca_caverns2,562,4089,233.51,231.024,207,185,64,forward
ca_caverns2,563,4398.2,234.61,231.095,211,194,64,forward
ca_caverns2,564,4602,238.338,231.338,211,204,64,forward
ca_caverns2,565,5257.2,270.681,231.782,245,269,64,forward
ca_caverns2,566,4510.4,230.983,228.64,214,194,64,forward
ca_caverns2,567,4581.8,231.054,229.397,212,194,64,forward
ca_caverns2,568,4786.6,239.012,229.397,227,211,64,forward
ca_caverns2,569,4683,230.782,230.782,208,195,64,forward
ca_caverns2,570,4331,243.468,233.468,224,212,64,forward
ca_caverns2,571,5722,282.652,235.61,252,258,64,forward
ca_caverns2,572,4368,236.811,235.154,219,203,64,forward
ca_caverns2,573,4137.8,234.267,234.267,209,182,64,forward
ca_caverns2,574,4582,234.539,232.882,213,195,64,forward
ca_caverns2,575,4073,242.296,232.054,222,219,64,forward
ca_caverns2,576,4364.6,248.581,233.681,220,206,64,forward
ca_caverns2,577,5607.8,274.154,235.154,258,285,64,forward
ca_caverns2,578,4351.2,243.267,235.368,218,207,64,forward
ca_caverns2,579,5593.4,321.309,233.296,289,289,64,forward
ca_caverns2,580,4946.2,283.409,236.61,254,253,64,forward
ca_caverns2,581,4404.2,238.924,238.338,212,185,64,forward
ca_caverns2,582,5777.6,272.61,239.054,249,251,64,forward
ca_caverns2,583,4328,238.924,237.267,212,194,64,forward
ca_caverns2,584,4440.6,284.966,239.711,251,231,64,forward
ca_caverns2,585,5125,241.752,239.167,214,191,64,forward
ca_caverns2,586,4456,236.853,236.853,212,198,64,forward
ca_caverns2,587,4479.4,239.267,238.439,214,192,64,forward
ca_caverns2,588,4502,238.853,238.853,214,196,64,forward
ca_caverns2,589,5118.4,283.995,239.581,255,249,64,forward
ca_caverns2,590,6352.2,292.409,243.095,263,298,64,forward
ca_caverns2,591,4718.8,244.953,242.468,223,217,64,forward
ca_caverns2,592,4647.6,242.368,240.711,220,204,64,forward
ca_caverns2,593,5779.8,266.581,243.581,238,222,64,forward
ca_caverns2,594,4284.8,247.368,243.711,225,211,64,forward
ca_caverns2,595,6462.6,242.125,241.539,221,218,64,forward
ca_caverns2,596,5985.4,310.752,240.782,283,277,64,forward
ca_caverns2,597,4934.4,298.208,243.296,263,243,64,forward
ca_caverns2,598,4685.6,244.267,243.439,219,199,64,forward
ca_caverns2,599,5378.2,255.811,241.51,238,226,64,forward
ca_caverns2,600,5549.4,266.397,245.912,249,258,64,forward
ca_caverns2,601,4828.2,258.569,247.497,242,229,64,forward
ca_caverns2,602,4664,244.095,244.095,218,209,64,forward
ca_caverns2,603,4472.6,253.912,245.326,239,226,64,forward
ca_caverns2,604,4549.8,244.137,244.137,211,196,64,forward
ca_caverns2,605,5280.2,248.338,245.752,221,201,64,forward
ca_caverns2,606,5099.8,263.569,245.953,247,231,64,forward
ca_caverns2,607,4980.4,257.51,247.953,231,217,64,forward
ca_caverns2,608,4861.4,245.581,244.409,217,203,64,forward
ca_caverns2,609,4248.8,246.095,246.095,220,206,64,forward
ca_caverns2,610,5178.4,295.894,248.995,264,258,64,forward
ca_caverns2,611,4428.4,250.581,250.581,222,206,64,forward
ca_caverns2,612,4184.8,249.238,248.652,219,209,64,forward
ca_caverns2,613,5043.2,253.51,251.853,227,209,64,forward
ca_caverns2,614,5163,291.581,250.296,263,264,64,forward
ca_caverns2,615,5332.4,264.581,249.711,236,226,64,forward
ca_caverns2,616,4644.8,281.024,250.296,257,252,64,forward
ca_caverns2,617,6313.4,319.823,250.439,290,329,64,forward
ca_caverns2,618,4862.6,250.581,248.924,222,204,64,forward
ca_caverns2,619,4444.8,250.167,250.167,222,208,64,forward
ca_caverns2,620,5075.4,296.622,254.196,261,241,64,forward
ca_caverns2,621,4201.6,253.681,253.681,228,213,64,forward
ca_caverns2,622,4829.6,254.61,252.267,231,218,64,forward
ca_caverns2,623,4169.8,252.681,252.681,227,213,64,forward
ca_caverns2,624,4532.2,254.924,253.267,228,210,64,forward
ca_caverns2,625,4334,252.196,252.196,229,220,64,forward
ca_caverns2,626,6043,298.267,252.882,273,279,64,forward
ca_caverns2,627,4699.8,255.569,253.225,239,224,64,forward
ca_caverns2,628,5467.4,280.711,254.711,260,254,64,forward
ca_caverns2,629,5080.4,256.167,252.51,228,212,64,forward
ca_caverns2,630,5819.2,295.711,259.882,275,303,64,forward
ca_caverns2,631,4832,259.652,259.652,229,214,64,forward
ca_caverns2,632,4550,261.48,257.823,230,214,64,forward
ca_caverns2,633,5141.8,304.794,259.439,270,251,64,forward
ca_caverns2,634,4571.2,256.095,256.095,230,221,64,forward
ca_caverns2,635,4471.2,260.338,258.581,233,222,64,forward
ca_caverns2,636,4681.8,259.581,257.924,231,213,64,forward
ca_caverns2,637,5291.6,258.681,257.853,233,209,64,forward
ca_caverns2,638,6884.6,326.693,256.794,289,302,64,forward
ca_caverns2,639,4742.4,266.581,256.924,238,226,64,forward
ca_caverns2,640,5835.8,306.208,261.581,271,285,64,forward
ca_caverns2,641,5813.8,325.48,262.581,294,317,64,forward
ca_caverns2,642,4853.8,263.338,262.752,236,226,64,forward
ca_caverns2,643,4580.8,265.853,262.338,241,223,64,forward
ca_caverns2,644,4629.6,281.823,263.439,252,239,64,forward
ca_caverns2,645,4863.2,266.581,263.066,238,221,64,forward
ca_caverns2,646,6324.4,327.551,260.238,294,327,64,forward
ca_caverns2,647,5575.4,263.74,263.74,248,235,64,forward
ca_caverns2,648,4907,263.924,260.752,237,229,64,forward
ca_caverns2,649,4678.4,261.167,261.167,233,224,64,forward
ca_caverns2,650,5601.6,309.409,266.853,280,276,64,forward
ca_caverns2,651,4893.4,272.338,266.338,245,235,64,forward
ca_caverns2,652,5136.8,307.066,267.953,276,257,64,forward
ca_caverns2,653,5734.4,281.238,267.196,251,241,64,forward
ca_caverns2,654,5929,319.622,264.551,284,293,64,forward
ca_caverns2,655,5148.2,268.782,267.125,246,228,64,forward
ca_caverns2,656,5178.8,268.51,266.853,242,224,64,forward
ca_caverns2,657,4909.6,269.409,267.752,240,222,64,forward
ca_caverns2,658,5426,325.409,265.439,296,293,64,forward
ca_caverns2,659,6027.4,316.48,265.167,285,298,64,forward
ca_caverns2,660,5700,334.593,269.61,294,275,64,forward
ca_caverns2,661,5640.4,268.681,268.681,243,226,64,forward
ca_caverns2,662,5247,310.723,270.338,278,261,64,forward
ca_caverns2,663,5003.8,273.267,269.752,248,230,64,forward
ca_caverns2,664,5859.8,289.267,270.782,264,265,64,forward
ca_caverns2,665,5372.2,283.054,271.983,264,256,64,forward
ca_caverns2,666,6489.8,331.865,271.551,295,322,64,forward
ca_caverns2,667,5585.8,316.309,269.995,284,278,64,forward
ca_caverns2,668,5561.6,272.995,270.652,244,230,64,forward
ca_caverns2,669,5595.8,310.51,269.853,284,278,64,forward
ca_caverns2,670,5194.6,274.966,273.309,241,223,64,forward
ca_caverns2,671,7056.8,336.752,272.054,309,357,64,forward
ca_caverns2,672,5305.6,274.397,272.983,257,252,64,forward
ca_caverns2,673,5408,272.167,272.167,244,227,64,forward
ca_caverns2,674,5061,275.823,275.823,246,236,64,forward
ca_caverns2,675,5724.8,314.652,275.409,284,278,64,forward
ca_caverns2,676,5867.2,299.024,273.196,275,288,64,forward
ca_caverns2,677,6036,306.711,273.882,286,274,64,forward
ca_caverns2,678,5224,274.995,272.51,246,240,64,forward
ca_caverns2,679,5205.8,304.309,274.409,272,271,64,forward
ca_caverns2,680,6013.2,305.794,278.238,271,273,64,forward
ca_caverns2,681,5907,332.693,276.581,295,289,64,forward
ca_caverns2,682,5707.2,333.865,279.652,297,291,64,forward
ca_caverns2,683,5204.2,288.953,278.711,267,257,64,forward
ca_caverns2,684,5673.4,285.64,279.539,267,254,64,forward
ca_caverns2,685,4402,277.368,277.368,255,244,64,forward
ca_caverns2,686,5498.4,281.066,277.409,250,234,64,forward
ca_caverns2,687,4979.6,277.681,277.681,252,238,64,forward
ca_caverns2,688,4794.4,283.995,279.167,255,246,64,forward
ca_caverns2,689,5913.4,321.208,278.309,286,314,64,forward
ca_caverns2,690,5251.6,283.853,280.338,259,245,64,forward
ca_caverns2,691,5250.6,325.037,282.024,289,269,64,forward
ca_caverns2,692,6441,328.137,281.238,295,322,64,forward
ca_caverns2,693,5101.2,280.995,280.995,252,238,64,forward
ca_caverns2,694,6046,297.137,282.267,264,254,64,forward
ca_caverns2,695,6347.6,315.137,283.48,282,280,64,forward
ca_caverns2,696,4515.2,291.551,283.551,258,243,64,forward
ca_caverns2,697,5501.4,282.752,280.267,255,249,64,forward
ca_caverns2,698,5212,282.095,282.095,256,247,64,forward
ca_caverns2,699,4987.2,282.752,280.267,255,249,64,forward
ca_caverns2,700,6120.2,297.238,286.752,267,259,64,forward
ca_caverns2,701,5872.8,331.794,287.652,297,296,64,forward
ca_caverns2,702,5279.2,290.823,287.309,261,245,64,forward
ca_caverns2,703,5425.2,287.238,286.652,257,249,64,forward
ca_caverns2,704,5239.6,293.865,287.38,257,241,64,forward
ca_caverns2,705,5041.2,289.794,286.279,255,238,64,forward
ca_caverns2,706,5712,299.551,284.924,266,256,64,forward
ca_caverns2,707,5524.2,299.024,284.154,275,265,64,forward
ca_caverns2,708,5235.6,289.208,285.551,254,238,64,forward
ca_caverns2,709,5621.6,301.894,287.853,270,260,64,forward
ca_caverns2,710,6791.4,337.894,291.581,306,334,64,forward
ca_caverns2,711,6508.2,321.752,290.681,294,288,64,forward
ca_caverns2,712,4689.2,290.238,290.238,260,250,64,forward
ca_caverns2,713,9535.2,325.652,289.894,295,283,64,forward
ca_caverns2,714,6246.4,318.196,291.468,295,310,64,forward
ca_caverns2,715,5973,337.208,291.167,302,283,64,forward
ca_caverns2,716,7754.4,293.711,290.054,273,259,64,forward
ca_caverns2,717,5577,296.338,291.095,269,262,64,forward
ca_caverns2,718,5546,299.652,288.48,269,273,64,forward
ca_caverns2,719,5334.6,289.338,289.338,262,253,64,forward
ca_caverns2,720,5071.6,305.894,292.752,274,260,64,forward
ca_caverns2,721,6182.6,337.309,294.551,305,299,64,forward
ca_caverns2,722,5356,298.522,294.865,260,244,64,forward
ca_caverns2,723,4817.8,296.823,294.238,267,257,64,forward
ca_caverns2,724,5732.8,293.024,292.439,269,244,64,forward
ca_caverns2,725,5419.4,295.338,295.338,268,259,64,forward
ca_caverns2,726,6695,354.794,295.894,320,357,64,forward
ca_caverns2,727,5461.2,295.409,293.752,266,248,64,forward
ca_caverns2,728,5971.6,349.551,293.238,316,348,64,forward
ca_caverns2,729,5580.6,296.066,292.652,265,257,64,forward
ca_caverns2,730,5366.6,300.966,296.137,267,257,64,forward
ca_caverns2,731,5799.4,341.208,298.48,306,289,64,forward
ca_caverns2,732,6008.2,322.309,297.167,290,291,64,forward
ca_caverns2,733,5752.8,341.38,299.823,307,290,64,forward
ca_caverns2,734,7543.4,368.836,299.522,327,360,64,forward
ca_caverns2,735,5242.6,299.208,296.38,264,243,64,forward
ca_caverns2,736,5968.8,312.196,298.125,289,295,64,forward
ca_caverns2,737,6577.4,362.309,298.924,330,370,64,forward
ca_caverns2,738,5976.8,298.167,296.51,270,252,64,forward
ca_caverns2,739,5472.2,301.267,299.61,276,267,64,forward
ca_caverns2,740,5493,304.894,302.409,273,257,64,forward
ca_caverns2,741,5892.4,301.368,301.368,279,270,64,forward
ca_caverns2,742,5513.8,302.066,300.409,271,253,64,forward
ca_caverns2,743,5509.6,304.894,303.238,273,255,64,forward
ca_caverns2,744,5494,302.823,301.167,273,255,64,forward
ca_caverns2,745,5855.8,316.409,301.581,287,294,64,forward
ca_caverns2,746,5507.4,324.652,301.995,294,291,64,forward
ca_caverns2,747,5296.8,305.894,301.652,274,268,64,forward
ca_caverns2,748,6415,333.409,300.024,304,326,64,forward
ca_caverns2,749,5692.6,305.48,302.995,274,268,64,forward
ca_caverns2,750,6784.4,362.38,306.066,328,370,64,forward
ca_caverns2,751,6662.2,365.108,306.066,327,321,64,forward
ca_caverns2,752,5749.6,307.853,304.196,283,269,64,forward
ca_caverns2,753,6373.6,338.38,306.723,304,302,64,forward
ca_caverns2,754,5910.6,309.066,307.409,278,260,64,forward
ca_caverns2,755,5595.8,340.309,305.238,308,317,64,forward
ca_caverns2,756,5486,306.409,304.066,277,276,64,forward
ca_caverns2,757,6041,315.894,307.066,284,280,64,forward
ca_caverns2,758,6268.8,305.853,305.853,281,271,64,forward
ca_caverns2,759,5741.6,304.539,304.539,283,273,64,forward
ca_caverns2,760,6570.4,366.309,308.853,334,369,64,forward
ca_caverns2,761,6114.2,312.752,309.238,285,268,64,forward
ca_caverns2,762,6287.6,324.865,310.823,288,278,64,forward
ca_caverns2,763,5718.6,311.208,308.137,276,262,64,forward
ca_caverns2,764,5560.4,309.238,309.238,279,269,64,forward
ca_caverns2,765,5952.6,322.882,311.811,303,293,64,forward
ca_caverns2,766,6097,356.137,311.752,323,304,64,forward
ca_caverns2,767,7028.8,366.723,310.024,334,370,64,forward
ca_caverns2,768,6429.2,355.309,308.409,323,355,64,forward
ca_caverns2,769,6112,311.338,310.752,284,261,64,forward
ca_caverns2,770,5983.6,314.037,314.037,278,269,64,forward
ca_caverns2,771,5920.4,313.167,313.167,285,270,64,forward
ca_caverns2,772,5703.2,327.581,313.924,299,285,64,forward
ca_caverns2,773,5536.8,324.167,315.338,296,290,64,forward
ca_caverns2,774,5716.6,315.48,315.48,284,275,64,forward
ca_caverns2,775,5623.4,318.38,315.894,284,268,64,forward
ca_caverns2,776,6370.6,330.794,315.924,296,286,64,forward
ca_caverns2,777,7072,360.522,314.208,322,349,64,forward
ca_caverns2,778,5980.6,326.468,315.397,307,294,64,forward
ca_caverns2,779,6606,348.894,315.995,317,336,64,forward
ca_caverns2,780,6061.8,352.037,318.137,316,315,64,forward
ca_caverns2,781,5951.6,319.439,318.853,295,252,64,forward
ca_caverns2,782,6346.8,319.924,319.924,293,285,64,forward
ca_caverns2,783,5715.4,317.752,317.752,290,280,64,forward
ca_caverns2,784,5718.8,317.095,317.095,291,280,64,forward
ca_caverns2,785,6096,320.409,316.894,291,274,64,forward
ca_caverns2,786,5563,319.794,317.309,285,266,64,forward
ca_caverns2,787,5565.2,324.137,316.137,291,283,64,forward
ca_caverns2,788,6253,345.794,319.066,311,318,64,forward
ca_caverns2,789,6244.8,319.409,318.238,290,275,64,forward
ca_caverns2,790,6504.6,323.995,320.48,295,280,64,forward
ca_caverns2,791,7223.6,407.25,321.48,365,364,64,forward
ca_caverns2,792,6847,344.48,320.338,313,309,64,forward
ca_caverns2,793,6370.6,324.397,323.569,307,305,64,forward
ca_caverns2,794,6284.4,323.853,323.853,299,291,64,forward
ca_caverns2,795,5263.6,328.066,321.409,297,283,64,forward
ca_caverns2,796,5915.4,322.794,321.137,288,269,64,forward
ca_caverns2,797,5514.2,321.167,321.167,293,284,64,forward
ca_caverns2,798,5703,322.451,320.794,286,268,64,forward
ca_caverns2,799,6134.4,324.522,320.865,286,269,64,forward
ca_caverns2,800,6985.2,384.622,324.409,349,349,64,forward
ca_caverns2,801,5934.4,328.309,325.238,296,290,64,forward
ca_caverns2,802,6170.8,325.196,324.61,302,298,64,forward
ca_caverns2,803,6201.6,361.622,326.894,326,325,64,forward
ca_caverns2,804,6527.6,331.066,327.894,300,289,64,forward
ca_caverns2,805,6117.6,325.095,325.095,299,281,64,forward
ca_caverns2,806,6358.8,329.338,327.924,302,297,64,forward
ca_caverns2,807,5966.2,327.338,325.924,300,295,64,forward
ca_caverns2,808,5745.6,326.108,326.108,288,278,64,forward
ca_caverns2,809,7389.8,381.25,327.936,339,352,64,forward
ca_caverns2,810,6355.4,332.936,331.279,294,276,64,forward
ca_caverns2,811,6577.8,343.936,329.894,305,295,64,forward
ca_caverns2,812,6229,340.794,329.995,306,293,64,forward
ca_caverns2,813,6150.4,333.693,331.208,296,274,64,forward
ca_caverns2,814,6674.4,341.51,331.853,315,314,64,forward
ca_caverns2,815,6225.2,331.037,328.108,295,279,64,forward
ca_caverns2,816,6331.2,328.338,328.338,301,288,64,forward
ca_caverns2,817,6382.8,378.38,330.066,344,338,64,forward
ca_caverns2,818,5855.4,331.551,329.066,298,277,64,forward
ca_caverns2,819,6385.8,332.409,331.823,303,274,64,forward
ca_caverns2,820,6323.2,334.196,333.61,311,307,64,forward
ca_caverns2,821,6288.2,334.522,332.865,296,277,64,forward
ca_caverns2,822,5752.2,332.48,332.48,301,292,64,forward
ca_caverns2,823,6325.2,343.752,333.267,316,309,64,forward
ca_caverns2,824,6166.4,335.137,333.48,302,284,64,forward
ca_caverns2,825,5542,333.723,332.551,301,291,64,forward
ca_caverns2,826,6260.6,350.137,334.723,317,307,64,forward
ca_caverns2,827,6403.6,366.38,333.309,332,341,64,forward
ca_caverns2,828,6489.2,348.764,333.894,309,299,64,forward
ca_caverns2,829,6162.2,335.451,332.966,299,280,64,forward
ca_caverns2,830,5869.6,338.551,336.894,305,286,64,forward
ca_caverns2,831,5355,341.551,339.794,308,297,64,forward
ca_caverns2,832,6640.2,338.066,338.066,307,291,64,forward
ca_caverns2,833,9316.2,339.48,339.48,308,299,64,forward
ca_caverns2,834,5373.6,338.693,336.936,301,289,64,forward
ca_caverns2,835,5973.4,337.723,337.723,305,294,64,forward
ca_caverns2,836,6418.6,349.693,337.279,312,310,64,forward
ca_caverns2,837,6226.6,356.078,337.936,313,300,64,forward
ca_caverns2,838,6326,339.451,337.794,303,284,64,forward
ca_caverns2,839,5786.8,339.622,339.622,304,294,64,forward
ca_caverns2,840,6172.6,343.794,342.137,309,291,64,forward
ca_caverns2,841,6969.2,344.409,341.238,315,302,64,forward
ca_caverns2,842,6588.4,344.167,343.581,316,313,64,forward
ca_caverns2,843,6283.4,342.38,341.794,308,282,64,forward
ca_caverns2,844,6413.6,341.723,341.723,309,300,64,forward
ca_caverns2,845,6644.6,345.48,343.823,314,296,64,forward
ca_caverns2,846,5799.6,341.823,341.823,312,303,64,forward
ca_caverns2,847,8886.2,344.037,340.38,308,292,64,forward
ca_caverns2,848,8348.4,413.865,340.137,377,412,64,forward
ca_caverns2,849,8160,432.007,342.924,391,392,64,forward
ca_caverns2,850,6256.2,364.309,346.995,332,321,64,forward
ca_caverns2,851,6631,348.823,345.167,319,305,64,forward
ca_caverns2,852,6291.6,361.48,345.238,330,327,64,forward
ca_caverns2,853,8044,419.563,346.836,374,387,64,forward
ca_caverns2,854,6254.4,345.622,345.622,310,300,64,forward
ca_caverns2,855,6872.4,347.995,347.409,319,294,64,forward
ca_caverns2,856,6844.8,345.681,345.681,320,314,64,forward
ca_caverns2,857,7114.2,357.966,345.551,324,320,64,forward
ca_caverns2,858,6439.2,347.451,345.794,311,293,64,forward
ca_caverns2,859,8203.6,415.664,346.522,373,408,64,forward
ca_caverns2,860,6522.2,351.622,351.622,316,311,64,forward
ca_caverns2,861,6903.4,353.066,349.409,322,308,64,forward
ca_caverns2,862,6546.2,349.823,349.238,320,295,64,forward
ca_caverns2,863,8061.6,410.007,348.693,369,402,64,forward
ca_caverns2,864,6220,348.238,348.238,318,307,64,forward
ca_caverns2,865,6413.2,351.309,350.723,319,294,64,forward
ca_caverns2,866,6777.8,351.208,348.279,316,295,64,forward
ca_caverns2,867,6555.8,352.836,351.179,311,292,64,forward
ca_caverns2,868,7411.4,416.907,349.25,373,385,64,forward
ca_caverns2,869,6696.4,348.539,348.539,327,311,64,forward
ca_caverns2,870,7799.8,396.664,353.865,354,369,64,forward
ca_caverns2,871,6953.2,356.723,355.066,324,306,64,forward
ca_caverns2,872,6019.6,365.108,353.894,327,313,64,forward
ca_caverns2,873,6685,357.007,354.522,316,309,64,forward
ca_caverns2,874,5340.6,354.865,353.108,318,308,64,forward
ca_caverns2,875,6390.2,377.794,353.551,343,338,64,forward
ca_caverns2,876,7779.4,420.593,354.279,380,407,64,forward
ca_caverns2,877,7154.4,401.522,355.38,363,362,64,forward
ca_caverns2,878,7258,371.108,353.894,333,323,64,forward
ca_caverns2,879,6826,377.622,352.167,342,329,64,forward
ca_caverns2,880,6419.6,360.108,358.451,322,304,64,forward
ca_caverns2,881,6807.8,358.238,358.238,328,319,64,forward
ca_caverns2,882,5959.8,363.764,358.108,324,316,64,forward
ca_caverns2,883,6826.6,370.924,358.51,344,343,64,forward
ca_caverns2,884,7125.4,373.179,359.137,333,323,64,forward
ca_caverns2,885,6584.2,362.25,359.764,320,313,64,forward
ca_caverns2,886,6874.8,359.652,359.066,329,284,64,forward
ca_caverns2,887,6965.2,362.279,356.622,325,315,64,forward
ca_caverns2,888,6372.8,368.35,357.794,329,316,64,forward
ca_caverns2,889,6987.4,361.179,357.522,321,305,64,forward
ca_caverns2,890,7189.8,377.794,363.551,343,350,64,forward
ca_caverns2,891,6229.2,360.238,360.238,330,321,64,forward
ca_caverns2,892,7062.8,376.723,360.764,344,330,64,forward
ca_caverns2,893,7348,362.066,361.238,331,317,64,forward
ca_caverns2,894,6156.6,365.693,363.108,328,317,64,forward
ca_caverns2,895,6796,365.622,362.108,330,315,64,forward
ca_caverns2,896,6605.6,376.936,360.622,338,324,64,forward
ca_caverns2,897,6648.2,362.35,362.35,323,300,64,forward
ca_caverns2,898,7367.6,408.078,363.693,365,370,64,forward
ca_caverns2,899,7551,416.978,361.664,371,384,64,forward
ca_caverns2,900,6826.4,400.522,366.794,362,360,64,forward
ca_caverns2,901,6943.4,381.007,366.966,340,330,64,forward
ca_caverns2,902,6960.4,365.309,365.309,333,327,64,forward
ca_caverns2,903,5821,369.037,367.279,333,322,64,forward
ca_caverns2,904,6477.6,369.279,367.622,332,314,64,forward
ca_caverns2,905,7628.2,428.007,367.551,387,388,64,forward
ca_caverns2,906,6437.6,377.966,366.137,344,339,64,forward
ca_caverns2,907,7444.2,396.593,366.794,356,348,64,forward
ca_caverns2,908,6644.4,368.321,365.836,324,301,64,forward
ca_caverns2,909,7074.8,369.522,366.693,331,313,64,forward
ca_caverns2,910,7563.2,402.836,370.451,361,368,64,forward
ca_caverns2,911,7107.8,408.522,369.794,370,369,64,forward
ca_caverns2,912,6874.6,373.936,371.007,335,324,64,forward
ca_caverns2,913,7260,368.681,368.095,343,318,64,forward
ca_caverns2,914,7348.2,371.593,369.108,331,324,64,forward
ca_caverns2,915,6961.4,373.179,371.522,333,315,64,forward
ca_caverns2,916,6642.4,378.622,371.551,343,327,64,forward
ca_caverns2,917,7447.2,370.208,370.208,335,319,64,forward
ca_caverns2,918,7297.4,377.551,370.279,344,331,64,forward
ca_caverns2,919,6757.2,369.48,368.894,338,294,64,forward
ca_caverns2,920,7543,377.936,374.279,339,322,64,forward
ca_caverns2,921,6951.4,372.137,372.137,339,329,64,forward
ca_caverns2,922,7687.8,376.907,374.563,333,318,64,forward
ca_caverns2,923,7076.8,372.208,372.208,337,310,64,forward
ca_caverns2,924,10106,375.865,375.279,339,335,64,forward
ca_caverns2,925,7948.8,388.622,375.38,353,359,64,forward
ca_caverns2,926,9119.6,372.894,372.894,341,332,64,forward
ca_caverns2,927,6785.4,375.51,373.853,349,313,64,forward
ca_caverns2,928,8404,444.563,375.25,399,412,64,forward
ca_caverns2,929,6612,374.108,372.35,336,325,64,forward
ca_caverns2,930,8012.6,437.492,376.693,394,388,64,forward
ca_caverns2,931,7817.4,414.049,379.078,366,375,64,forward
ca_caverns2,932,6996.2,390.492,377.593,347,332,64,forward
ca_caverns2,933,6790.8,379.48,378.309,348,341,64,forward
ca_caverns2,934,7680.6,393.735,379.693,349,339,64,forward
ca_caverns2,935,9865.4,377.309,377.309,345,329,64,forward
ca_caverns2,936,6149,381.451,379.693,345,334,64,forward
ca_caverns2,937,7288.4,378.037,376.38,342,324,64,forward
ca_caverns2,938,7255.6,379.894,378.48,348,343,64,forward
ca_caverns2,939,7118,382.865,379.936,346,326,64,forward
ca_caverns2,940,7987.2,407.149,383.007,362,357,64,forward
ca_caverns2,941,6697.6,383.551,383.551,350,341,64,forward
ca_caverns2,942,8401,441.078,382.764,398,429,64,forward
ca_caverns2,943,7179.8,387.179,383.522,347,329,64,forward
ca_caverns2,944,7218.6,384.108,381.622,346,340,64,forward
ca_caverns2,945,7526.6,391.037,383.279,355,343,64,forward
ca_caverns2,946,7583.4,395.291,380.421,346,335,64,forward
ca_caverns2,947,7903.2,429.978,381.551,384,364,64,forward
ca_caverns2,948,7349.4,394.25,380.208,352,342,64,forward
ca_caverns2,949,6448.8,398.35,381.38,359,347,64,forward
ca_caverns2,950,7254.2,400.25,386.208,358,348,64,forward
ca_caverns2,951,7700.6,391.551,385.551,358,342,64,forward
ca_caverns2,952,7869.8,413.764,387.622,374,369,64,forward
ca_caverns2,953,6277.6,391.007,387.35,350,339,64,forward
ca_caverns2,954,6389.2,388.764,387.007,349,337,64,forward
ca_caverns2,955,6778.8,391.764,385.108,352,338,64,forward
ca_caverns2,956,7088.6,387.522,386.936,349,324,64,forward
ca_caverns2,957,7729.8,389.35,385.693,350,334,64,forward
ca_caverns2,958,8136,425.836,385.279,384,399,64,forward
ca_caverns2,959,7616.4,386.995,386.409,358,348,64,forward
ca_caverns2,960,7852,389.48,388.066,358,354,64,forward
ca_caverns2,961,7775.2,406.451,388.208,370,358,64,forward
ca_caverns2,962,8779.8,466.877,390.492,418,431,64,forward
ca_caverns2,963,7905.4,389.652,389.652,359,342,64,forward
ca_caverns2,964,7027.8,391.522,391.522,353,344,64,forward
ca_caverns2,965,6940.6,399.735,388.936,355,340,64,forward
ca_caverns2,966,7062.4,393.037,389.551,357,350,64,forward
ca_caverns2,967,8225.2,426.25,388.522,384,404,64,forward
ca_caverns2,968,7658,389.279,389.279,352,330,64,forward
ca_caverns2,969,7162.6,409.907,388.593,366,352,64,forward
ca_caverns2,970,8306.2,456.421,392.693,415,452,64,forward
ca_caverns2,971,8082,448.421,393.108,407,420,64,forward
ca_caverns2,972,7671.6,394.966,394.966,361,350,64,forward
ca_caverns2,973,7029.8,394.208,393.622,359,315,64,forward
ca_caverns2,974,8083,426.664,393.522,384,395,64,forward
ca_caverns2,975,7403.2,422.794,392.966,388,383,64,forward
ca_caverns2,976,7346.6,407.764,393.723,368,358,64,forward
ca_caverns2,977,8303,423.35,394.522,384,380,64,forward
ca_caverns2,978,7756.6,405.108,394.865,367,356,64,forward
ca_caverns2,979,7284,423.179,393.865,383,401,64,forward
ca_caverns2,980,7767.6,401.451,398.622,365,328,64,forward
ca_caverns2,981,7009.4,399.522,399.522,361,352,64,forward
ca_caverns2,982,6784.2,410.593,398.551,370,354,64,forward
ca_caverns2,983,7225.6,397.622,397.037,362,337,64,forward
ca_caverns2,984,6871.2,411.492,397.078,368,370,64,forward
ca_caverns2,985,8030.4,422.392,396.25,376,357,64,forward
ca_caverns2,986,8490,461.392,398.25,415,409,64,forward
ca_caverns2,987,7163.4,410.593,397.693,370,355,64,forward
ca_caverns2,988,8260.8,408.693,396.279,371,369,64,forward
ca_caverns2,989,8037.8,430.664,399.522,388,397,64,forward
ca_caverns2,990,8723.6,465.463,401.463,417,430,64,forward
ca_caverns2,991,7452.8,405.25,402.764,363,356,64,forward
ca_caverns2,992,7984.8,402.279,402.279,365,346,64,forward
ca_caverns2,993,6670.2,400.794,400.794,366,357,64,forward
ca_caverns2,994,7807.6,415.836,401.794,374,364,64,forward
ca_caverns2,995,7469.8,417.563,403.522,372,361,64,forward
ca_caverns2,996,7420.6,407.421,400.764,366,354,64,forward
ca_caverns2,997,7760.2,403.865,403.865,367,353,64,forward
ca_caverns2,998,6406.2,402.522,400.522,364,356,64,forward
ca_caverns2,999,7431.6,417.421,402.551,376,366,64,forward
ca_caverns2,1000,8044,453.12,407.693,403,385,64,forward
ca_caverns2,1001,8789.4,408.451,407.865,372,369,64,forward
ca_caverns2,1002,6647.2,408.179,407.007,368,358,64,forward
ca_caverns2,1003,7364.6,406.865,406.865,370,354,64,forward
ca_caverns2,1004,8137.6,450.463,404.836,402,421,64,forward
ca_caverns2,1005,7685,413.622,406.35,378,365,64,forward
ca_caverns2,1006,7301.4,405.836,405.007,364,338,64,forward
ca_caverns2,1007,8445.6,437.664,407.421,395,390,64,forward
ca_caverns2,1008,8083,409.836,407.492,368,354,64,forward
ca_caverns2,1009,7546.8,406.108,406.108,368,349,64,forward
ca_caverns2,1010,7521.8,460.25,410.693,418,417,64,forward
ca_caverns2,1011,8187,440.764,411.108,401,408,64,forward
ca_caverns2,1012,7846.2,410.007,410.007,369,347,64,forward
ca_caverns2,1013,7432.2,412.522,411.936,374,349,64,forward
ca_caverns2,1014,7099.4,418.108,408.966,380,371,64,forward
ca_caverns2,1015,7611.6,410.593,408.108,370,364,64,forward
ca_caverns2,1016,8572.8,478.563,409.149,433,446,64,forward
ca_caverns2,1017,7442,411.25,408.764,369,362,64,forward
ca_caverns2,1018,8870.8,469.463,408.078,421,415,64,forward
ca_caverns2,1019,7566.8,421.593,408.108,381,366,64,forward
ca_caverns2,1020,8224,427.149,413.108,382,372,64,forward
ca_caverns2,1021,8409.8,426.35,413.936,387,389,64,forward
ca_caverns2,1022,9163,482.421,415.279,441,476,64,forward
ca_caverns2,1023,8034.4,428.392,414.35,382,372,64,forward
ca_caverns2,1024,7901.2,420.38,412.622,386,374,64,forward
ca_caverns2,1025,8316.2,428.907,414.865,385,375,64,forward
ca_caverns2,1026,8223.4,447.492,415.35,404,411,64,forward
ca_caverns2,1027,8223.2,429.706,415.664,380,370,64,forward
ca_caverns2,1028,7638.6,428.735,414.693,384,374,64,forward
ca_caverns2,1029,8178,456.735,412.35,412,393,64,forward
ca_caverns2,1030,8122.4,444.492,416.693,401,388,64,forward
ca_caverns2,1031,8079.8,416.936,416.936,378,364,64,forward
ca_caverns2,1032,7524.4,416.421,416.421,375,349,64,forward
ca_caverns2,1033,7619.6,418.522,417.936,380,355,64,forward
ca_caverns2,1034,7939.2,417.037,417.037,381,370,64,forward
ca_caverns2,1035,7283.4,417.35,416.764,378,358,64,forward
ca_caverns2,1036,7791.2,418.735,417.907,374,350,64,forward
ca_caverns2,1037,7578.2,429.522,417.522,391,379,64,forward
ca_caverns2,1038,9873.6,494.321,419.007,450,483,64,forward
ca_caverns2,1039,7737.6,416.593,416.593,376,362,64,forward
ca_caverns2,1040,8506.4,491.22,421.25,444,474,64,forward
ca_caverns2,1041,7948.8,434.22,420.179,387,376,64,forward
ca_caverns2,1042,8591.4,450.664,420.421,408,403,64,forward
ca_caverns2,1043,8970,484.492,420.179,441,464,64,forward
ca_caverns2,1044,7758.4,453.593,422.522,413,422,64,forward
ca_caverns2,1045,7581.8,420.279,420.279,383,374,64,forward
ca_caverns2,1046,8947.2,493.978,423.836,448,481,64,forward
ca_caverns2,1047,7375.2,426.25,420.25,384,384,64,forward
ca_caverns2,1048,8147,422.492,422.492,379,356,64,forward
ca_caverns2,1049,7519.2,434.492,422.764,391,377,64,forward
ca_caverns2,1050,7839.6,424.664,424.664,382,362,64,forward
ca_caverns2,1051,8021.8,452.907,425.936,409,396,64,forward
ca_caverns2,1052,7421.6,439.836,425.35,398,384,64,forward
ca_caverns2,1053,7614.4,426.078,424.907,383,373,64,forward
ca_caverns2,1054,7035.6,427.492,426.321,384,374,64,forward
ca_caverns2,1055,8348.4,485.404,424.492,427,408,64,forward
ca_caverns2,1056,7972.6,424.25,424.25,382,367,64,forward
ca_caverns2,1057,7885,424.836,424.836,383,365,64,forward
ca_caverns2,1058,7436,440.321,427.078,396,382,64,forward
ca_caverns2,1059,8518.4,489.978,426.35,444,476,64,forward
ca_caverns2,1060,8222.4,488.735,429.664,444,453,64,forward
ca_caverns2,1061,9423.8,506.321,429.007,462,497,64,forward
ca_caverns2,1062,8461.2,431.664,430.836,389,364,64,forward
ca_caverns2,1063,8692.4,444.149,430.108,399,389,64,forward
ca_caverns2,1064,8112.6,430.978,430.392,385,357,64,forward
ca_caverns2,1065,8323.6,445.12,431.078,395,380,64,forward
ca_caverns2,1066,7905.4,428.551,428.551,395,383,64,forward
ca_caverns2,1067,7476,429.563,429.563,384,368,64,forward
ca_caverns2,1068,7996.8,430.907,430.907,387,381,64,forward
ca_caverns2,1069,7683.4,432.007,431.421,391,363,64,forward
ca_caverns2,1070,7510,435.108,434.279,397,364,64,forward
ca_caverns2,1071,7695.8,435.007,434.421,394,369,64,forward
ca_caverns2,1072,7527.2,464.22,434.492,417,415,64,forward
ca_caverns2,1073,7561.2,433.764,433.764,394,385,64,forward
ca_caverns2,1074,7572.4,441.978,434.907,396,383,64,forward
ca_caverns2,1075,7330.6,451.806,432.007,405,390,64,forward
ca_caverns2,1076,7595.6,445.007,432.108,404,389,64,forward
ca_caverns2,1077,8358.6,437.936,434.179,399,389,64,forward
ca_caverns2,1078,8153.8,434.463,433.049,386,359,64,forward
ca_caverns2,1079,7782.2,433.563,432.978,388,368,64,forward
ca_caverns2,1080,7333.8,445.764,438.108,406,397,64,forward
ca_caverns2,1081,8222.6,467.877,436.764,419,403,64,forward
ca_caverns2,1082,8241.4,490.877,438.149,442,441,64,forward
ca_caverns2,1083,7808.8,480.12,436.321,430,429,64,forward
ca_caverns2,1084,8843.2,502.049,438.907,454,493,64,forward
ca_caverns2,1085,8336.4,464.836,437.865,423,410,64,forward
ca_caverns2,1086,8686.8,440.208,436.451,405,398,64,forward
ca_caverns2,1087,7832.8,436.907,436.907,393,369,64,forward
ca_caverns2,1088,8253.4,485.978,439.907,440,462,64,forward
ca_caverns2,1089,7222.2,441.764,439.764,402,391,64,forward
ca_caverns2,1090,8340.2,442.622,442.622,407,395,64,forward
ca_caverns2,1091,8323.2,442.35,441.764,403,399,64,forward
ca_caverns2,1092,9488.2,519.12,443.806,469,504,64,forward
ca_caverns2,1093,8060.8,446.149,443.321,401,398,64,forward
ca_caverns2,1094,8071.8,442.421,441.836,401,376,64,forward
ca_caverns2,1095,7294.2,440.492,440.492,397,387,64,forward
ca_caverns2,1096,7106.4,447.877,443.877,399,385,64,forward
ca_caverns2,1097,8567,457.806,443.764,411,401,64,forward
ca_caverns2,1098,7783.2,442.836,442.836,401,392,64,forward
ca_caverns2,1099,8172.8,440.007,440.007,399,387,64,forward
ca_caverns2,1100,7752.6,478.877,444.149,430,429,64,forward
ca_caverns2,1101,8439.4,447.22,446.392,400,379,64,forward
ca_caverns2,1102,7039.6,451.25,447.007,409,401,64,forward
ca_caverns2,1103,7672.6,446.693,446.693,409,400,64,forward
ca_caverns2,1104,8180,447.421,447.421,406,387,64,forward
ca_caverns2,1105,7820.2,445.836,445.25,404,379,64,forward
ca_caverns2,1106,8749.8,512.463,446.25,464,501,64,forward
ca_caverns2,1107,8008.4,447.078,446.492,404,398,64,forward
ca_caverns2,1108,8052,445.593,445.593,405,394,64,forward
ca_caverns2,1109,6831,449.563,445.563,404,393,64,forward
ca_caverns2,1110,7867.8,451.25,451.25,409,392,64,forward
ca_caverns2,1111,7870.6,449.078,449.078,406,385,64,forward
ca_caverns2,1112,7837.2,461.179,449.451,421,407,64,forward
ca_caverns2,1113,8276.2,468.12,451.149,418,405,64,forward
ca_caverns2,1114,9642,516.806,451.492,470,505,64,forward
ca_caverns2,1115,8286.2,451.764,451.179,412,365,64,forward
ca_caverns2,1116,8476.2,448.492,448.492,405,395,64,forward
ca_caverns2,1117,8378,450.936,450.936,412,405,64,forward
ca_caverns2,1118,7564,461.078,451.522,418,405,64,forward
ca_caverns2,1119,8112,450.806,450.22,404,378,64,forward
ca_caverns2,1120,9343.6,522.676,453.948,468,497,64,forward
ca_caverns2,1121,8004.8,455.35,455.35,416,407,64,forward
ca_caverns2,1122,7745.4,455.321,454.735,411,393,64,forward
ca_caverns2,1123,8763,457.463,454.877,409,386,64,forward
ca_caverns2,1124,8485.4,454.321,453.735,410,407,64,forward
ca_caverns2,1125,8011.2,453.635,453.635,406,386,64,forward
ca_caverns2,1126,7630.8,453.907,453.907,410,401,64,forward
ca_caverns2,1127,7954.2,453.179,453.179,413,396,64,forward
ca_caverns2,1128,8048.6,455.635,455.635,408,388,64,forward
ca_caverns2,1129,8151,476.664,453.179,434,445,64,forward
ca_caverns2,1130,8069.8,458.321,457.735,414,410,64,forward
ca_caverns2,1131,8648.2,462.362,459.777,411,388,64,forward
ca_caverns2,1132,8682,457.463,457.463,409,399,64,forward
ca_caverns2,1133,8645.4,458.836,458.25,417,412,64,forward
ca_caverns2,1134,8319.6,504.978,459.421,459,458,64,forward
ca_caverns2,1135,8222.6,456.522,456.522,418,405,64,forward
ca_caverns2,1136,7922.8,470.664,456.593,428,414,64,forward
ca_caverns2,1137,8478.2,456.593,456.593,416,399,64,forward
ca_caverns2,1138,7573,456.836,456.836,415,406,64,forward
ca_caverns2,1139,11347.4,459.693,459.693,422,413,64,forward
ca_caverns2,1140,7721.2,471.22,460.421,424,411,64,forward
ca_caverns2,1141,9994.8,526.706,461.563,477,512,64,forward
ca_caverns2,1142,8738.2,463.12,461.706,413,386,64,forward
ca_caverns2,1143,8589.8,461.321,461.321,417,397,64,forward
ca_caverns2,1144,7999.8,474.019,460.877,421,407,64,forward
ca_caverns2,1145,8530.8,463.179,463.179,423,408,64,forward
ca_caverns2,1146,9241.4,512.291,461.978,463,497,64,forward
ca_caverns2,1147,10478.8,461.007,461.007,420,406,64,forward
ca_caverns2,1148,7253.4,467.907,463.664,424,415,64,forward
ca_caverns2,1149,9204,517.676,460.362,463,492,64,forward
ca_caverns2,1150,9106.2,469.108,465.35,431,421,64,forward
ca_caverns2,1151,7587.4,467.877,466.12,419,407,64,forward
ca_caverns2,1152,8812.8,502.806,467.179,456,452,64,forward
ca_caverns2,1153,12409.6,513.848,466.534,460,489,64,forward
ca_caverns2,1154,9997.4,529.605,466.806,477,519,64,forward
ca_caverns2,1155,8690.4,470.179,467.007,430,421,64,forward
ca_caverns2,1156,8671,508.463,464.563,460,472,64,forward
ca_caverns2,1157,7947,471.421,466.35,430,422,64,forward
ca_caverns2,1158,10744,464.09,464.09,409,382,64,forward
ca_caverns2,1159,8239.6,466.735,466.149,422,397,64,forward
ca_caverns2,1160,12061.8,512.434,468.049,459,440,64,forward
ca_caverns2,1161,8565.2,471.664,471.078,429,406,64,forward
ca_caverns2,1162,8822.4,470.179,470.179,430,414,64,forward
ca_caverns2,1163,8166.4,468.735,468.735,424,415,64,forward
ca_caverns2,1164,8599.6,469.978,469.978,424,401,64,forward
ca_caverns2,1165,8189.4,468.191,468.191,416,384,64,forward
ca_caverns2,1166,9180.8,468.434,468.434,415,389,64,forward
ca_caverns2,1167,9025.8,500.492,468.007,457,462,64,forward
ca_caverns2,1168,8126.6,472.078,471.492,429,399,64,forward
ca_caverns2,1169,8441.8,469.179,468.593,429,382,64,forward
ca_caverns2,1170,8772.4,476.291,473.12,427,414,64,forward
ca_caverns2,1171,7826.2,473.007,473.007,432,423,64,forward
ca_caverns2,1172,8135.2,475.534,474.948,425,400,64,forward
ca_caverns2,1173,8843.8,474.605,473.191,422,395,64,forward
ca_caverns2,1174,9927,553.676,474.948,499,512,64,forward
ca_caverns2,1175,9135.6,473.35,473.35,434,424,64,forward
ca_caverns2,1176,8133.6,474.179,474.179,434,425,64,forward
ca_caverns2,1177,9886.8,533.877,472.563,485,518,64,forward
ca_caverns2,1178,9007.2,478.12,475.534,428,407,64,forward
ca_caverns2,1179,9068.6,472.534,472.534,422,399,64,forward
ca_caverns2,1180,8902.6,476.078,476.078,433,417,64,forward
ca_caverns2,1181,9083,514.848,478.877,461,471,64,forward
ca_caverns2,1182,8980.2,477.291,476.463,428,409,64,forward
ca_caverns2,1183,8146.4,490.563,478.907,445,431,64,forward
ca_caverns2,1184,8522.8,478.25,478.25,436,419,64,forward
ca_caverns2,1185,8569.4,479.22,479.22,432,406,64,forward
ca_caverns2,1186,8239.8,477.978,477.978,432,420,64,forward
ca_caverns2,1187,8440,479.877,479.291,431,403,64,forward
ca_caverns2,1188,8563.8,479.321,479.321,435,418,64,forward
ca_caverns2,1189,7687,481.22,479.22,434,423,64,forward
ca_caverns2,1190,9359.4,482.25,481.664,440,436,64,forward
ca_caverns2,1191,8689,484.664,480.664,442,406,64,forward
ca_caverns2,1192,8426.4,481.735,481.149,437,398,64,forward
ca_caverns2,1193,8914.6,486.291,483.706,437,414,64,forward
ca_caverns2,1194,8858.4,519.777,482.978,468,464,64,forward
ca_caverns2,1195,8949.4,482.836,482.25,441,405,64,forward
ca_caverns2,1196,9934.8,538.747,480.191,482,522,64,forward
ca_caverns2,1197,8256.6,481.291,481.291,432,404,64,forward
ca_caverns2,1198,8808.6,483.978,483.978,438,418,64,forward
ca_caverns2,1199,8802.4,481.049,480.463,433,428,64,forward
ca_caverns2,1200,9290,543.019,485.706,490,503,64,forward
ca_caverns2,1201,8800.6,485.777,485.777,434,424,64,forward
ca_caverns2,1202,8986.8,517.049,487.321,469,480,64,forward
ca_caverns2,1203,8362.4,486.593,486.593,446,437,64,forward
ca_caverns2,1204,8516.6,487.534,487.534,437,406,64,forward
ca_caverns2,1205,8269.4,491.149,484.907,446,431,64,forward
ca_caverns2,1206,8919.4,487.777,486.362,436,409,64,forward
ca_caverns2,1207,9071.8,484.605,484.019,432,406,64,forward
ca_caverns2,1208,8621.6,487.392,486.806,441,416,64,forward
ca_caverns2,1209,9203.4,484.735,484.735,440,422,64,forward
ca_caverns2,1210,8849.8,488.291,488.291,439,418,64,forward
ca_caverns2,1211,9471.8,531.291,490.392,482,509,64,forward
ca_caverns2,1212,9320.8,489.907,489.907,446,430,64,forward
ca_caverns2,1213,8365.8,500.534,489.978,450,437,64,forward
ca_caverns2,1214,8456.8,492.806,491.049,446,434,64,forward
ca_caverns2,1215,8399.6,493.948,491.948,443,436,64,forward
ca_caverns2,1216,8572.6,491.492,490.907,448,403,64,forward
ca_caverns2,1217,8280.8,495.735,491.149,451,443,64,forward
ca_caverns2,1218,9368.4,542.191,491.463,490,489,64,forward
ca_caverns2,1219,9465.4,527.362,490.635,476,481,64,forward
ca_caverns2,1220,8629.2,514.12,494.22,464,448,64,forward
ca_caverns2,1221,10158.8,566.919,495.605,511,524,64,forward
ca_caverns2,1222,9129.4,492.978,492.392,447,428,64,forward
ca_caverns2,1223,8704,492.22,492.22,445,418,64,forward
ca_caverns2,1224,11939.4,492.421,492.421,451,440,64,forward
ca_caverns2,1225,8580.2,494.978,494.392,449,422,64,forward
ca_caverns2,1226,8542.8,494.321,493.735,450,418,64,forward
ca_caverns2,1227,9479.4,496.534,495.706,446,426,64,forward
ca_caverns2,1228,11857.6,509.12,492.291,459,463,64,forward
ca_caverns2,1229,9053.8,493.706,493.706,444,427,64,forward
ca_caverns2,1230,9326,501.262,499.848,447,425,64,forward
ca_caverns2,1231,9065.2,498.22,498.22,451,424,64,forward
ca_caverns2,1232,9093,499.291,498.463,450,432,64,forward
ca_caverns2,1233,9689,557.505,499.019,502,515,64,forward
ca_caverns2,1234,8712,509.635,496.563,462,448,64,forward
ca_caverns2,1235,8863.8,499.463,499.463,451,442,64,forward
ca_caverns2,1236,9344.6,498.25,498.25,456,440,64,forward
ca_caverns2,1237,9122,498.492,498.492,455,437,64,forward
ca_caverns2,1238,8966.4,498.078,497.492,455,408,64,forward
ca_caverns2,1239,9562.4,502.978,496.291,457,443,64,forward
ca_caverns2,1240,9372.8,502.505,500.505,447,422,64,forward
ca_caverns2,1241,9062,502.777,502.191,451,421,64,forward
ca_caverns2,1242,8833.4,503.392,502.806,457,428,64,forward
ca_caverns2,1243,8937.2,502.919,502.333,447,421,64,forward
ca_caverns2,1244,9195,525.392,500.078,479,483,64,forward
ca_caverns2,1245,9203.2,505.463,503.463,457,444,64,forward
ca_caverns2,1246,9020,550.463,500.635,502,497,64,forward
ca_caverns2,1247,8482.2,505.321,503.664,461,425,64,forward
ca_caverns2,1248,9064.8,506.877,503.12,458,441,64,forward
ca_caverns2,1249,8893.2,502.321,501.735,458,433,64,forward
ca_caverns2,1250,9089.2,506.877,506.291,458,432,64,forward
ca_caverns2,1251,8933.8,506.563,506.563,461,440,64,forward
ca_caverns2,1252,9329,534.291,506.877,485,492,64,forward
ca_caverns2,1253,9211.4,508.877,507.12,460,452,64,forward
ca_caverns2,1254,9395.2,506.434,505.848,453,425,64,forward
ca_caverns2,1255,11704.8,506.978,506.392,461,436,64,forward
ca_caverns2,1256,9041.4,527.262,504.534,473,458,64,forward
ca_caverns2,1257,9085.8,515.777,504.978,464,450,64,forward
ca_caverns2,1258,9460.2,505.563,504.978,460,455,64,forward
ca_caverns2,1259,9576,539.362,505.635,488,507,64,forward
ca_caverns2,1260,8719.2,515.161,509.505,458,450,64,forward
ca_caverns2,1261,8915,510.534,510.534,460,451,64,forward
ca_caverns2,1262,9302.4,533.463,510.563,485,497,64,forward
ca_caverns2,1263,9005.4,538.049,510.635,490,497,64,forward
ca_caverns2,1264,9438.6,513.12,509.948,463,444,64,forward
ca_caverns2,1265,9374.8,513.09,511.676,458,431,64,forward
ca_caverns2,1266,9879.4,508.463,508.463,460,443,64,forward
ca_caverns2,1267,8746.2,521.563,508.907,476,473,64,forward
ca_caverns2,1268,8758.4,512.12,510.362,462,451,64,forward
ca_caverns2,1269,8741.4,509.09,509.09,454,422,64,forward
ca_caverns2,1270,9584,548.333,515.262,492,501,64,forward
ca_caverns2,1271,9184,512.948,512.948,462,435,64,forward
ca_caverns2,1272,8276.4,526.806,514.806,480,468,64,forward
ca_caverns2,1273,9893.2,513.676,513.676,459,432,64,forward
ca_caverns2,1274,8850.8,525.777,513.534,474,461,64,forward
ca_caverns2,1275,9341.8,515.919,513.919,460,445,64,forward
ca_caverns2,1276,10198.2,586.304,515.919,525,552,64,forward
ca_caverns2,1277,9972,515.291,513.291,466,455,64,forward
ca_caverns2,1278,8616,520.291,515.635,471,463,64,forward
ca_caverns2,1279,9152.4,516.534,515.948,466,441,64,forward
ca_caverns2,1280,8658.8,518.777,518.777,467,458,64,forward
ca_caverns2,1281,9717.6,517.049,516.463,469,444,64,forward
ca_caverns2,1282,9149,517.291,516.706,468,442,64,forward
ca_caverns2,1283,9105.6,536.049,518.806,488,498,64,forward
ca_caverns2,1284,9912.8,518.635,518.635,471,462,64,forward
ca_caverns2,1285,8413.6,518.534,518.534,468,459,64,forward
ca_caverns2,1286,9345,540.019,517.463,487,484,64,forward
ca_caverns2,1287,8805.6,530.777,519.12,479,465,64,forward
ca_caverns2,1288,9427.4,519.019,516.434,466,452,64,forward
ca_caverns2,1289,8473.8,528.978,517.806,483,469,64,forward
ca_caverns2,1290,9271.8,529.12,522.291,479,465,64,forward
ca_caverns2,1291,8696.4,524.12,520.362,474,459,64,forward
ca_caverns2,1292,8772.2,524.333,522.576,468,457,64,forward
ca_caverns2,1293,9140.4,524.333,523.505,468,444,64,forward
ca_caverns2,1294,9171.6,552.605,523.534,500,513,64,forward
ca_caverns2,1295,9210.6,520.404,520.404,462,452,64,forward
ca_caverns2,1296,9462.2,523.635,523.049,476,451,64,forward
ca_caverns2,1297,9976.4,559.676,521.362,505,528,64,forward
ca_caverns2,1298,9286.6,520.907,520.321,477,432,64,forward
ca_caverns2,1299,8995.4,522.563,521.978,477,434,64,forward
ca_caverns2,1300,9407,526.061,524.647,466,439,64,forward
ca_caverns2,1301,10339.6,598.032,527.647,533,562,64,forward
ca_caverns2,1302,9400,526.948,526.362,476,450,64,forward
ca_caverns2,1303,9389.6,524.99,524.161,467,446,64,forward
ca_caverns2,1304,8541,524.605,524.605,472,463,64,forward
ca_caverns2,1305,9989.6,561.676,527.362,507,523,64,forward
ca_caverns2,1306,9751.6,526.019,524.019,473,453,64,forward
ca_caverns2,1307,8669.6,529.12,525.291,479,469,64,forward
ca_caverns2,1308,9214.4,527.505,527.505,472,460,64,forward
ca_caverns2,1309,9528.4,528.061,526.647,468,440,64,forward
ca_caverns2,1310,9675.8,532.877,531.22,484,446,64,forward
ca_caverns2,1311,9579.2,531.12,530.534,481,455,64,forward
ca_caverns2,1312,9594.8,547.09,530.676,492,483,64,forward
ca_caverns2,1313,9420.4,532.291,530.877,483,470,64,forward
ca_caverns2,1314,9110.6,531.191,529.191,479,475,64,forward
ca_caverns2,1315,10887.6,582.718,531.404,521,561,64,forward
ca_caverns2,1316,9060,528.434,528.434,475,466,64,forward
ca_caverns2,1317,13883,592.304,530.99,531,544,64,forward
ca_caverns2,1318,9898.8,567.333,531.777,511,517,64,forward
ca_caverns2,1319,9933,529.605,528.777,477,459,64,forward
ca_caverns2,1320,12545.2,538.576,535.99,481,458,64,forward
ca_caverns2,1321,9710.2,533.22,532.635,486,461,64,forward
ca_caverns2,1322,10513.6,589.718,534.404,528,557,64,forward
ca_caverns2,1323,9574.2,553.12,533.291,503,498,64,forward
ca_caverns2,1324,9737.6,542.919,532.362,487,474,64,forward
ca_caverns2,1325,10275.2,533.647,532.818,474,454,64,forward
ca_caverns2,1326,8915.4,538.676,534.676,484,478,64,forward
ca_caverns2,1327,9925.2,535.706,535.12,486,461,64,forward
ca_caverns2,1328,8822.8,534.605,534.605,482,473,64,forward
ca_caverns2,1329,10770.6,603.446,532.132,538,551,64,forward
ca_caverns2,1330,9105.8,538.475,537.304,478,468,64,forward
ca_caverns2,1331,9981.4,576.475,538.576,516,528,64,forward
ca_caverns2,1332,9161,537.505,537.505,482,473,64,forward
ca_caverns2,1333,10857.2,608.174,539.032,539,566,64,forward
ca_caverns2,1334,9172.8,536.09,536.09,481,472,64,forward
ca_caverns2,1335,10703.6,608.103,539.789,541,572,64,forward
ca_caverns2,1336,9953.8,539.789,537.203,476,453,64,forward
ca_caverns2,1337,10048.2,593.375,538.061,530,557,64,forward
ca_caverns2,1338,9807.4,541.718,539.132,480,456,64,forward
ca_caverns2,1339,8921,540.09,538.919,485,478,64,forward
ca_caverns2,1340,9551,545.161,542.576,488,465,64,forward
ca_caverns2,1341,8876,547.919,541.262,492,481,64,forward
ca_caverns2,1342,9666.6,547.706,543.362,498,480,64,forward
ca_caverns2,1343,9963.6,546.233,543.647,487,464,64,forward
ca_caverns2,1344,9875.2,544.09,542.676,489,467,64,forward
ca_caverns2,1345,8587.2,542.546,540.789,480,468,64,forward
ca_caverns2,1346,9680.4,550.818,540.019,492,479,64,forward
ca_caverns2,1347,9169.2,543.505,543.505,488,479,64,forward
ca_caverns2,1348,9567,541.09,540.262,486,467,64,forward
ca_caverns2,1349,9862.8,541.647,540.233,482,454,64,forward
ca_caverns2,1350,10004.4,547.333,546.505,491,471,64,forward
ca_caverns2,1351,9883.4,547.404,544.818,489,466,64,forward
ca_caverns2,1352,9817.4,546.676,544.09,492,470,64,forward
ca_caverns2,1353,10022.2,548.676,546.09,494,471,64,forward
ca_caverns2,1354,9793.4,549.576,546.99,492,469,64,forward
ca_caverns2,1355,9322.6,558.99,545.505,501,486,64,forward
ca_caverns2,1356,10174,546.546,545.132,484,456,64,forward
ca_caverns2,1357,10556.8,601.375,547.061,538,571,64,forward
ca_caverns2,1358,9553.8,555.706,544.534,506,495,64,forward
ca_caverns2,1359,10396.2,547.818,546.99,489,464,64,forward
ca_caverns2,1360,10117.4,587.96,549.647,525,543,64,forward
ca_caverns2,1361,9878.8,550.132,548.718,488,460,64,forward
ca_caverns2,1362,10251.6,552.161,551.333,495,469,64,forward
ca_caverns2,1363,10223.6,556.534,550.534,506,489,64,forward
ca_caverns2,1364,10046,550.818,549.99,492,466,64,forward
ca_caverns2,1365,10449,603.203,551.889,539,568,64,forward
ca_caverns2,1366,10523.4,588.546,550.919,526,531,64,forward
ca_caverns2,1367,9575.8,552.404,550.99,494,467,64,forward
ca_caverns2,1368,8797.6,549.404,549.404,491,482,64,forward
ca_caverns2,1369,10784.2,604.789,549.475,541,573,64,forward
ca_caverns2,1370,9841,571.676,553.848,517,512,64,forward
ca_caverns2,1371,10073.4,566.718,553.818,505,490,64,forward
ca_caverns2,1372,10540,554.747,553.333,498,480,64,forward
ca_caverns2,1373,10028.2,556.09,553.505,501,478,64,forward
ca_caverns2,1374,10339.4,553.161,552.333,496,472,64,forward
ca_caverns2,1375,10292,554.848,552.262,501,478,64,forward
ca_caverns2,1376,9168,565.948,553.948,515,503,64,forward
ca_caverns2,1377,9668.2,557.747,553.747,501,492,64,forward
ca_caverns2,1378,11019,553.576,552.747,496,474,64,forward
ca_caverns2,1379,15652.4,591.375,552.919,528,524,64,forward
ca_caverns2,1380,9859.4,560.161,558.747,503,476,64,forward
ca_caverns2,1381,12426.8,558.475,557.061,498,471,64,forward
ca_caverns2,1382,13372.4,629.588,557.688,560,573,64,forward
ca_caverns2,1383,9746.2,564.333,559.676,508,500,64,forward
ca_caverns2,1384,10870.6,606.132,559.818,544,579,64,forward
ca_caverns2,1385,10040.6,558.747,556.161,502,479,64,forward
ca_caverns2,1386,10232,560.061,558.647,500,473,64,forward
ca_caverns2,1387,9894.6,558.475,557.061,498,471,64,forward
ca_caverns2,1388,10354.2,559.99,559.161,502,477,64,forward
ca_caverns2,1389,9989,560.161,559.333,503,477,64,forward
ca_caverns2,1390,10269.2,563.919,563.09,508,492,64,forward
ca_caverns2,1391,9581.4,572.789,561.576,509,493,64,forward
ca_caverns2,1392,10672.8,563.576,562.747,506,482,64,forward
ca_caverns2,1393,10277.2,565.233,562.647,506,482,64,forward
ca_caverns2,1394,10180.8,560.99,560.161,503,476,64,forward
ca_caverns2,1395,10108.6,562.061,561.233,502,475,64,forward
ca_caverns2,1396,10136,598.032,560.718,533,546,64,forward
ca_caverns2,1397,10133.2,574.304,561.404,513,498,64,forward
ca_caverns2,1398,11075,621.688,562.375,555,582,64,forward
ca_caverns2,1399,10567.2,566.161,563.576,509,485,64,forward
ca_caverns2,1400,10511.8,568.505,567.676,513,491,64,forward
ca_caverns2,1401,10508.2,568.688,567.86,502,476,64,forward
ca_caverns2,1402,10257.8,567.404,564.818,509,484,64,forward
ca_caverns2,1403,10169.4,568.99,566.404,511,487,64,forward
ca_caverns2,1404,10019.8,596.99,567.576,539,543,64,forward
ca_caverns2,1405,10513.8,568.647,565.475,509,489,64,forward
ca_caverns2,1406,9595.4,593.304,566.919,532,519,64,forward
ca_caverns2,1407,10173.2,569.576,566.99,512,490,64,forward
ca_caverns2,1408,9382.6,567.233,567.233,508,499,64,forward
ca_caverns2,1409,10574.8,568.818,566.233,510,489,64,forward
ca_caverns2,1410,10433.8,571.061,568.475,511,488,64,forward
ca_caverns2,1411,9521.8,582.09,570.919,527,508,64,forward
ca_caverns2,1412,9952.2,583.132,571.475,521,507,64,forward
ca_caverns2,1413,10831,570.061,570.061,510,484,64,forward
ca_caverns2,1414,9289.4,585.576,571.09,528,514,64,forward
ca_caverns2,1415,11613.2,643.245,569.688,572,585,64,forward
ca_caverns2,1416,10940.2,570.718,569.304,509,482,64,forward
ca_caverns2,1417,10542.4,570.404,569.576,512,488,64,forward
ca_caverns2,1418,9437.4,585.546,569.061,523,509,64,forward
ca_caverns2,1419,10113.4,597.475,570.505,537,524,64,forward
ca_caverns2,1420,9772.4,587.889,575.99,527,515,64,forward
ca_caverns2,1421,10233.2,587.789,575.747,524,508,64,forward
ca_caverns2,1422,10003,589.889,572.818,529,515,64,forward
ca_caverns2,1423,9894.4,585.919,573.919,530,518,64,forward
ca_caverns2,1424,12683,587.161,572.676,530,516,64,forward
ca_caverns2,1425,10087.2,575.333,572.747,519,496,64,forward
ca_caverns2,1426,9522.4,598.96,574.818,536,523,64,forward
ca_caverns2,1427,13300.4,598.304,572.061,537,544,64,forward
ca_caverns2,1428,9658.6,584.304,572.404,523,511,64,forward
ca_caverns2,1429,9692.4,581.304,575.475,520,510,64,forward
ca_caverns2,1430,10031.2,584.061,579.647,524,519,64,forward
ca_caverns2,1431,10593.2,579.99,578.576,522,495,64,forward
ca_caverns2,1432,12253,588.262,576.262,534,522,64,forward
ca_caverns2,1433,9872,593.274,579.132,527,513,64,forward
ca_caverns2,1434,9831,589.333,578.161,533,516,64,forward
ca_caverns2,1435,10046.8,579.818,578.404,521,494,64,forward
ca_caverns2,1436,10491.8,580.233,579.404,521,496,64,forward
ca_caverns2,1437,11508.6,579.647,579.647,520,494,64,forward
ca_caverns2,1438,9762,580.233,579.061,521,515,64,forward
ca_caverns2,1439,10654,608.032,579.889,543,549,64,forward
ca_caverns2,1440,10073.6,597.304,583.647,536,522,64,forward
ca_caverns2,1441,10397,603.032,582.304,538,537,64,forward
ca_caverns2,1442,9862,595.718,581.233,534,520,64,forward
ca_caverns2,1443,11106.8,581.576,581.576,524,497,64,forward
ca_caverns2,1444,9324.4,581.96,581.96,519,510,64,forward
ca_caverns2,1445,10601.2,582.132,580.718,520,493,64,forward
ca_caverns2,1446,10620,582.617,581.203,518,490,64,forward
ca_caverns2,1447,10675.8,584.96,582.96,522,496,64,forward
ca_caverns2,1448,10050.8,599.718,583.475,538,547,64,forward
ca_caverns2,1449,10544.2,581.96,580.546,519,491,64,forward
ca_caverns2,1450,9255.2,586.96,584.132,524,514,64,forward
ca_caverns2,1451,10184.2,586.475,586.475,526,501,64,forward
ca_caverns2,1452,9321.4,596.889,585.718,536,523,64,forward
ca_caverns2,1453,10559.8,587.304,585.889,526,499,64,forward
ca_caverns2,1454,9308.6,597.889,587.061,537,525,64,forward
ca_caverns2,1455,10230.8,586.647,585.233,527,503,64,forward
ca_caverns2,1456,10459,584.818,584.818,526,501,64,forward
ca_caverns2,1457,9307.4,593.86,585.375,528,516,64,forward
ca_caverns2,1458,10322,588.161,585.576,531,508,64,forward
ca_caverns2,1459,10097,604.132,584.061,542,552,64,forward
