map,scenid,tcost,distance,expect,steps,access,r,itype
ca_caverns2prc,0,359.8,7.65685,6.24264,6,0,2,forward
ca_caverns2prc,1,186.8,6,6,6,0,2,forward
ca_caverns2prc,2,212.6,9.07107,6.24264,7,0,2,forward
ca_caverns2prc,3,151.8,4.82843,4.82843,4,0,2,forward
ca_caverns2prc,4,284.6,6.82843,6.82843,6,1,2,forward
ca_caverns2prc,5,145.6,5.24264,4.41421,4,0,2,forward
ca_caverns2prc,6,180.8,6.24264,6.24264,5,0,2,forward
ca_caverns2prc,7,258.6,7.82843,5.82843,7,2,2,forward
ca_caverns2prc,8,276.6,9.82843,7.82843,9,1,2,forward
ca_caverns2prc,9,179.2,7.41421,6,7,0,2,forward
ca_caverns2prc,10,258,12.4853,11.0711,10,0,2,forward
ca_caverns2prc,11,407.4,9.41421,8,9,4,2,forward
ca_caverns2prc,12,482,9.41421,8.41421,9,7,2,forward
ca_caverns2prc,13,197.4,9.24264,8.24264,8,0,2,forward
ca_caverns2prc,14,144.8,8.48528,8.48528,6,0,2,forward
ca_caverns2prc,15,150,9.07107,8.48528,7,0,2,forward
ca_caverns2prc,16,181.2,12.3137,9.48528,9,0,2,forward
ca_caverns2prc,17,280.6,8.82843,8.82843,8,3,2,forward
ca_caverns2prc,18,186.2,10.4853,9.07107,8,0,2,forward
ca_caverns2prc,19,219.6,9.82843,9.82843,9,0,2,forward
ca_caverns2prc,20,392.4,15.4853,14.8995,13,7,2,forward
ca_caverns2prc,21,329.4,15.4853,13.4853,13,0,2,forward
ca_caverns2prc,22,259.2,13.7279,13.7279,10,0,2,forward
ca_caverns2prc,23,359.2,14.4142,13.8284,14,2,2,forward
ca_caverns2prc,24,642.8,12.2426,12.2426,11,10,2,forward
ca_caverns2prc,25,276.6,14.6569,13.6569,13,0,2,forward
ca_caverns2prc,26,286,14.3137,13.7279,11,0,2,forward
ca_caverns2prc,27,440.8,14.8284,14.8284,14,3,2,forward
ca_caverns2prc,28,459.8,16.3137,15.4853,13,5,2,forward
ca_caverns2prc,29,247.8,12.6569,12.6569,11,0,2,forward
ca_caverns2prc,30,568,20.5563,19.5563,16,5,2,forward
ca_caverns2prc,31,487,16.8995,16.8995,14,7,2,forward
ca_caverns2prc,32,592.2,17.8284,16.8284,17,15,2,forward
ca_caverns2prc,33,292.8,16.8284,16,16,0,2,forward
ca_caverns2prc,34,270.4,17.8284,16.4142,17,0,2,forward
ca_caverns2prc,35,834,20.0711,19.4853,18,14,2,forward
ca_caverns2prc,36,319.6,18,18,18,0,2,forward
ca_caverns2prc,37,295.6,22.3137,19.4853,19,0,2,forward
ca_caverns2prc,38,641.8,17.4853,17.4853,15,10,2,forward
ca_caverns2prc,39,255.6,20.3137,17.4853,17,0,2,forward
ca_caverns2prc,40,744.2,23.2426,23.2426,22,13,2,forward
ca_caverns2prc,41,581,21.5563,21.5563,17,11,2,forward
ca_caverns2prc,42,706.6,20.0711,20.0711,18,12,2,forward
ca_caverns2prc,43,311.6,21.799,20.799,16,0,2,forward
ca_caverns2prc,44,392.6,23.4142,23.4142,23,1,2,forward
ca_caverns2prc,45,678.6,21.4853,20.6569,19,14,2,forward
ca_caverns2prc,46,420.4,21.8995,21.3137,19,2,2,forward
ca_caverns2prc,47,450.8,24.7279,22.7279,21,1,2,forward
ca_caverns2prc,48,566,21.799,21.799,16,7,2,forward
ca_caverns2prc,49,503.2,20.4853,20.4853,18,12,2,forward
ca_caverns2prc,50,648.8,27.8284,27.2426,27,8,2,forward
ca_caverns2prc,51,726.2,27.4853,27.4853,25,16,2,forward
ca_caverns2prc,52,595.4,27.799,27.2132,22,5,2,forward
ca_caverns2prc,53,456.8,24.5563,24.5563,20,2,2,forward
ca_caverns2prc,54,509.4,25.3848,25.3848,20,4,2,forward
ca_caverns2prc,55,614.8,25.4853,25.4853,23,15,2,forward
ca_caverns2prc,56,850.6,27.9706,27.3848,23,15,2,forward
ca_caverns2prc,57,1138.6,27,26.4142,27,22,2,forward
ca_caverns2prc,58,526.4,26.4558,26.4558,19,6,2,forward
ca_caverns2prc,59,792.8,24.8995,24.8995,22,14,2,forward
ca_caverns2prc,60,877,28.7279,28.1421,25,16,2,forward
ca_caverns2prc,61,674,33.2426,31.8284,32,21,2,forward
ca_caverns2prc,62,785.4,31.1421,30.1421,27,15,2,forward
ca_caverns2prc,63,413,29.0416,28.2132,22,1,2,forward
ca_caverns2prc,64,423.4,31.8284,31.8284,31,0,2,forward
ca_caverns2prc,65,608.4,30.4142,29.8284,30,15,2,forward
ca_caverns2prc,66,1058.2,30.3137,30.3137,27,18,2,forward
ca_caverns2prc,67,489.4,28.7279,28.7279,25,4,2,forward
ca_caverns2prc,68,679.8,30.9706,30.3848,26,15,2,forward
ca_caverns2prc,69,573.8,31.3848,31.3848,26,3,2,forward
ca_caverns2prc,70,835.2,35.5269,35.5269,26,15,2,forward
ca_caverns2prc,71,674.6,34.7279,33.7279,31,9,2,forward
ca_caverns2prc,72,844.4,34.6569,34.0711,33,24,2,forward
ca_caverns2prc,73,1062.2,35.4558,35.4558,28,20,2,forward
ca_caverns2prc,74,628.4,35.8701,34.8701,28,13,2,forward
ca_caverns2prc,75,938.4,35.6274,35.6274,29,19,2,forward
ca_caverns2prc,76,528.2,34.2426,33.4142,33,0,2,forward
ca_caverns2prc,77,1020.8,32.5563,32.5563,28,20,2,forward
ca_caverns2prc,78,783.6,34.1421,34.1421,30,13,2,forward
ca_caverns2prc,79,771.4,35.8701,35.8701,28,16,2,forward
ca_caverns2prc,80,1026.2,37.6569,37.0711,36,29,2,forward
ca_caverns2prc,81,1181.8,40.5563,39.1421,36,27,2,forward
ca_caverns2prc,82,968.8,36.6569,36.6569,35,26,2,forward
ca_caverns2prc,83,950.8,41.8995,39.8995,39,17,2,forward
ca_caverns2prc,84,1173.8,39.3848,39.3848,34,27,2,forward
ca_caverns2prc,85,1270.6,38.2426,37.6569,37,30,2,forward
ca_caverns2prc,86,791.6,38.9706,38.1421,34,16,2,forward
ca_caverns2prc,87,1000.2,37.3848,37.3848,32,24,2,forward
ca_caverns2prc,88,701.6,39.8284,39.2426,39,5,2,forward
ca_caverns2prc,89,1068.4,39.2132,38.2132,33,25,2,forward
ca_caverns2prc,90,844.2,42.1421,42.1421,38,26,2,forward
ca_caverns2prc,91,866.2,40.3848,40.3848,35,13,2,forward
ca_caverns2prc,92,1056,43.1421,42.5563,39,34,2,forward
ca_caverns2prc,93,1170.8,42.1421,42.1421,38,24,2,forward
ca_caverns2prc,94,880.4,41.2426,41.2426,40,31,2,forward
ca_caverns2prc,95,1127.4,40.3848,40.3848,35,27,2,forward
ca_caverns2prc,96,653,40.9411,40.3553,31,5,2,forward
ca_caverns2prc,97,1163,45.7279,42.8995,42,37,2,forward
ca_caverns2prc,98,1073.4,40.1421,40.1421,36,23,2,forward
ca_caverns2prc,99,612.6,42.3553,42.3553,32,5,2,forward
ca_caverns2prc,100,845.2,46.9706,45.5563,42,24,2,forward
ca_caverns2prc,101,1298.6,47.0416,47.0416,40,28,2,forward
ca_caverns2prc,102,1120.6,46.8995,46.8995,44,39,2,forward
ca_caverns2prc,103,826.2,46.8406,44.0122,34,14,2,forward
ca_caverns2prc,104,725.6,44.5563,44.5563,40,16,2,forward
ca_caverns2prc,105,1117,48.5269,47.9411,39,31,2,forward
ca_caverns2prc,106,1158.6,46.2132,44.799,40,34,2,forward
ca_caverns2prc,107,1055.2,45.6274,45.0416,39,23,2,forward
ca_caverns2prc,108,1118.4,48.3137,47.7279,45,36,2,forward
ca_caverns2prc,109,670.2,47.7696,46.9411,37,1,2,forward
ca_caverns2prc,110,1112.4,49.6274,49.6274,43,27,2,forward
ca_caverns2prc,111,952.4,49.2426,48.2426,48,33,2,forward
ca_caverns2prc,112,916.6,50.1421,50.1421,46,21,2,forward
ca_caverns2prc,113,1062.8,51.3137,50.3137,48,39,2,forward
ca_caverns2prc,114,980.8,50.4558,50.4558,43,30,2,forward
ca_caverns2prc,115,1072.2,52.8284,50.8284,52,22,2,forward
ca_caverns2prc,116,1509.6,51.3848,50.5563,46,38,2,forward
ca_caverns2prc,117,1184.6,50.2132,48.2132,44,35,2,forward
ca_caverns2prc,118,1050.2,51.1421,49.7279,47,33,2,forward
ca_caverns2prc,119,1236,50.2426,50.2426,49,41,2,forward
ca_caverns2prc,120,1484.6,55.2548,55.2548,42,33,2,forward
ca_caverns2prc,121,1040.6,55.6274,55.6274,49,42,2,forward
ca_caverns2prc,122,1372.8,56.3848,55.799,51,33,2,forward
ca_caverns2prc,123,1353.6,53.8701,53.0416,46,42,2,forward
ca_caverns2prc,124,1422.8,54.799,54.799,49,43,2,forward
ca_caverns2prc,125,719.6,54.0711,53.4853,52,0,2,forward
ca_caverns2prc,126,673.8,52.8995,52.8995,50,0,2,forward
ca_caverns2prc,127,1193.2,55.1838,54.1838,44,32,2,forward
ca_caverns2prc,128,1203.4,53.1421,53.1421,49,25,2,forward
ca_caverns2prc,129,1303.8,54.1127,52.6985,45,36,2,forward
ca_caverns2prc,130,1406,56.8701,56.8701,49,47,2,forward
ca_caverns2prc,131,1357.8,59.4264,58.0122,47,34,2,forward
ca_caverns2prc,132,1482.4,58.3137,57.7279,55,44,2,forward
ca_caverns2prc,133,1379.6,59.8995,58.8995,57,33,2,forward
ca_caverns2prc,134,1375.4,56.6274,56.6274,50,49,2,forward
ca_caverns2prc,135,1361.6,59.3848,57.9706,54,41,2,forward
ca_caverns2prc,136,1525.2,58.6985,58.6985,50,42,2,forward
ca_caverns2prc,137,1198.6,58.799,58.799,53,34,2,forward
ca_caverns2prc,138,1369,57.8701,56.4558,50,45,2,forward
ca_caverns2prc,139,1397,61.0416,59.6274,54,43,2,forward
ca_caverns2prc,140,1383.2,61.0416,60.2132,54,41,2,forward
ca_caverns2prc,141,1179.8,60.3848,60.3848,55,49,2,forward
ca_caverns2prc,142,1297,63.5563,63.5563,59,45,2,forward
ca_caverns2prc,143,1786.2,63.9706,63.9706,59,52,2,forward
ca_caverns2prc,144,1232.2,61.7696,61.7696,51,35,2,forward
ca_caverns2prc,145,1318.8,60.669,60.0833,47,27,2,forward
ca_caverns2prc,146,1310.6,63.1838,62.598,52,41,2,forward
ca_caverns2prc,147,1930,65.6985,63.6985,57,50,2,forward
ca_caverns2prc,148,1500.4,63.0416,61.6274,56,45,2,forward
ca_caverns2prc,149,1773,63.2132,63.2132,57,50,2,forward
ca_caverns2prc,150,1750.4,67.2843,64.4558,59,56,2,forward
ca_caverns2prc,151,1636,67.8701,66.8701,60,49,2,forward
ca_caverns2prc,152,1270.4,65.799,65.799,60,49,2,forward
ca_caverns2prc,153,1688.8,68.0711,66.6569,66,58,2,forward
ca_caverns2prc,154,1469.2,67.2843,66.4558,59,37,2,forward
ca_caverns2prc,155,1433.4,67.6274,67.0416,61,50,2,forward
ca_caverns2prc,156,1826.8,66.1838,65.1838,55,45,2,forward
ca_caverns2prc,157,1447,68.2132,67.3848,62,48,2,forward
ca_caverns2prc,158,1407.4,67.6985,67.6985,59,44,2,forward
ca_caverns2prc,159,1494.2,65.8995,65.8995,63,49,2,forward
ca_caverns2prc,160,1524.8,70.4558,69.8701,63,55,2,forward
ca_caverns2prc,161,1204.8,68.5563,68.5563,64,51,2,forward
ca_caverns2prc,162,1933,72.3137,70.8995,69,57,2,forward
ca_caverns2prc,163,1390.6,68.6985,68.1127,60,42,2,forward
ca_caverns2prc,164,1336.4,68.669,68.669,55,31,2,forward
ca_caverns2prc,165,1684.4,74.5269,71.6985,65,57,2,forward
ca_caverns2prc,166,1750.4,72.6274,71.799,66,59,2,forward
ca_caverns2prc,167,1627.4,68.6985,68.6985,60,50,2,forward
ca_caverns2prc,168,1832.6,71.8995,71.8995,69,67,2,forward
ca_caverns2prc,169,1578.2,70.1543,68.7401,54,41,2,forward
ca_caverns2prc,170,1396.4,75.1838,74.598,64,50,2,forward
ca_caverns2prc,171,1961,73.3848,73.3848,68,60,2,forward
ca_caverns2prc,172,1441,73.4264,73.4264,61,40,2,forward
ca_caverns2prc,173,1529.8,73.1421,73.1421,69,65,2,forward
ca_caverns2prc,174,1622.2,74.1127,74.1127,65,63,2,forward
ca_caverns2prc,175,1834.4,77.2132,75.799,71,64,2,forward
ca_caverns2prc,176,1776.2,77.3848,75.3848,72,62,2,forward
ca_caverns2prc,177,1782.2,75.2843,75.2843,67,62,2,forward
ca_caverns2prc,178,1359,73.2132,73.2132,67,54,2,forward
ca_caverns2prc,179,1140.2,73.0122,73.0122,61,47,2,forward
ca_caverns2prc,180,1839.4,77.6274,77.6274,71,58,2,forward
ca_caverns2prc,181,1770.2,77.4975,76.0833,63,44,2,forward
ca_caverns2prc,182,2050.4,79.6985,78.2843,71,64,2,forward
ca_caverns2prc,183,1562.8,76.8406,76.2548,64,51,2,forward
ca_caverns2prc,184,1801.6,77.5563,76.9706,73,61,2,forward
ca_caverns2prc,185,1551.2,79.0711,77.6569,77,66,2,forward
ca_caverns2prc,186,1273.6,77.3848,77.3848,72,56,2,forward
ca_caverns2prc,187,1624.8,79.0416,79.0416,72,63,2,forward
ca_caverns2prc,188,1982,79.2548,79.2548,66,53,2,forward
ca_caverns2prc,189,1571,76.9411,76.9411,67,51,2,forward
ca_caverns2prc,190,1542,81.8406,81.8406,69,57,2,forward
ca_caverns2prc,191,1260.4,81.1838,81.1838,70,46,2,forward
ca_caverns2prc,192,2054.8,82.4558,82.4558,75,68,2,forward
ca_caverns2prc,193,1820.4,83.1838,82.1838,72,61,2,forward
ca_caverns2prc,194,1692.4,83.8701,82.4558,76,67,2,forward
ca_caverns2prc,195,1803.4,82.2426,81.2426,81,77,2,forward
ca_caverns2prc,196,1961.8,80.2132,80.2132,74,61,2,forward
ca_caverns2prc,197,1549,80.2843,80.2843,72,63,2,forward
ca_caverns2prc,198,1905.8,80.0416,80.0416,73,66,2,forward
ca_caverns2prc,199,1455.8,83.3553,82.7696,73,64,2,forward
ca_caverns2prc,200,1651.2,86.4264,86.4264,74,71,2,forward
ca_caverns2prc,201,1460.6,84.9411,84.9411,75,71,2,forward
ca_caverns2prc,202,1927,85.1127,85.1127,76,70,2,forward
ca_caverns2prc,203,1894.8,88.5269,85.6985,79,62,2,forward
ca_caverns2prc,204,2033.4,85.5269,85.5269,76,63,2,forward
ca_caverns2prc,205,2118.6,86.598,85.1838,75,59,2,forward
ca_caverns2prc,206,2010.8,84.8406,84.8406,72,60,2,forward
ca_caverns2prc,207,2033,85.4264,85.4264,73,68,2,forward
ca_caverns2prc,208,1846.6,87.5563,87.5563,83,70,2,forward
ca_caverns2prc,209,1864.2,87.7696,84.9411,77,68,2,forward
ca_caverns2prc,210,1798,92.6985,89.8701,84,75,2,forward
ca_caverns2prc,211,2015.6,91.2548,91.2548,78,70,2,forward
ca_caverns2prc,212,2266,88.5563,88.5563,84,78,2,forward
ca_caverns2prc,213,1782.4,93.1127,91.6985,84,79,2,forward
ca_caverns2prc,214,2156.4,89.669,88.8406,76,68,2,forward
ca_caverns2prc,215,1654,90.0122,88.598,78,60,2,forward
ca_caverns2prc,216,2511,91.669,91.669,78,69,2,forward
ca_caverns2prc,217,1709.8,91.598,91.0122,80,57,2,forward
ca_caverns2prc,218,2352.8,91.3137,91.3137,88,77,2,forward
ca_caverns2prc,219,1990,90.5269,90.5269,81,76,2,forward
ca_caverns2prc,220,1948.8,93.7696,92.3553,83,66,2,forward
ca_caverns2prc,221,2241.2,95.1838,93.7696,84,78,2,forward
ca_caverns2prc,222,2090.2,94.6274,94.6274,88,81,2,forward
ca_caverns2prc,223,1770.2,95.4264,95.4264,83,65,2,forward
ca_caverns2prc,224,1971.4,94.3553,94.3553,84,72,2,forward
ca_caverns2prc,225,2407.2,94.6274,94.6274,88,82,2,forward
ca_caverns2prc,226,2113,95.598,94.7696,84,73,2,forward
ca_caverns2prc,227,2101.2,98.2132,95.3848,92,82,2,forward
ca_caverns2prc,228,2375.8,95.0833,93.0833,81,70,2,forward
ca_caverns2prc,229,2234.2,95.8701,93.0416,88,80,2,forward
ca_caverns2prc,230,1991.8,98.598,97.598,87,71,2,forward
ca_caverns2prc,231,2050.4,98.1838,97.598,87,82,2,forward
ca_caverns2prc,232,2344.4,100.698,99.8701,92,89,2,forward
ca_caverns2prc,233,2195.4,99.0833,97.0833,85,73,2,forward
ca_caverns2prc,234,1976.4,97.1421,96.5563,93,88,2,forward
ca_caverns2prc,235,1965.4,98.1127,97.1127,89,83,2,forward
ca_caverns2prc,236,2529.4,98.3848,96.3848,93,80,2,forward
ca_caverns2prc,237,1969.6,99.669,99.669,86,74,2,forward
ca_caverns2prc,238,1908.4,97.2548,97.2548,84,74,2,forward
ca_caverns2prc,239,1632,99.7401,98.3259,84,75,2,forward
ca_caverns2prc,240,2106,100.213,100.213,94,88,2,forward
ca_caverns2prc,241,2087.4,103.012,102.426,91,77,2,forward
ca_caverns2prc,242,2560.4,101.627,101.627,95,92,2,forward
ca_caverns2prc,243,2430.4,104.556,101.728,100,91,2,forward
ca_caverns2prc,244,1830.8,100.912,100.912,86,72,2,forward
ca_caverns2prc,245,2276,103.971,103.385,99,72,2,forward
ca_caverns2prc,246,2204.8,104.284,102.284,96,90,2,forward
ca_caverns2prc,247,2169,103.669,103.669,90,70,2,forward
ca_caverns2prc,248,1780.6,100.426,100.426,88,75,2,forward
ca_caverns2prc,249,2232,101.184,101.184,90,82,2,forward
ca_caverns2prc,250,2157,106.971,106.385,102,86,2,forward
ca_caverns2prc,251,2152.8,105.657,104.657,104,74,2,forward
ca_caverns2prc,252,2834.2,107.456,107.456,100,91,2,forward
ca_caverns2prc,253,2148.6,107.497,107.497,93,80,2,forward
ca_caverns2prc,254,2238.6,107.556,104.728,103,94,2,forward
ca_caverns2prc,255,2280.6,106.456,105.456,99,93,2,forward
ca_caverns2prc,256,2372.2,105.355,104.527,95,88,2,forward
ca_caverns2prc,257,2663.2,104.912,104.912,90,86,2,forward
ca_caverns2prc,258,2362.4,107.728,107.728,104,99,2,forward
ca_caverns2prc,259,2100,108.698,107.284,100,89,2,forward
ca_caverns2prc,260,2482.4,111.255,110.669,98,80,2,forward
ca_caverns2prc,261,2969.2,113.012,111.598,101,93,2,forward
ca_caverns2prc,262,2563.8,112.083,109.255,98,83,2,forward
ca_caverns2prc,263,2337.6,109.556,109.556,105,99,2,forward
ca_caverns2prc,264,2112.2,109.527,109.527,100,86,2,forward
ca_caverns2prc,265,2020.2,108.77,108.184,98,91,2,forward
ca_caverns2prc,266,2365,111.042,108.213,104,95,2,forward
ca_caverns2prc,267,2430,111.841,111.012,99,93,2,forward
ca_caverns2prc,268,2604,110.598,109.77,99,94,2,forward
ca_caverns2prc,269,2211.4,110.74,110.74,95,89,2,forward
ca_caverns2prc,270,2075.6,113.113,113.113,104,84,2,forward
ca_caverns2prc,271,2452,112.497,112.497,98,92,2,forward
ca_caverns2prc,272,2395.4,112.627,112.627,106,103,2,forward
ca_caverns2prc,273,2424,114.841,114.841,102,91,2,forward
ca_caverns2prc,274,2652.6,115.971,115.971,111,103,2,forward
ca_caverns2prc,275,2215,115.983,115.397,99,81,2,forward
ca_caverns2prc,276,3088.6,115.083,115.083,101,85,2,forward
ca_caverns2prc,277,2221,113.355,112.77,103,87,2,forward
ca_caverns2prc,278,2473.6,115.882,115.882,96,74,2,forward
ca_caverns2prc,279,2525.4,113.87,113.87,106,97,2,forward
ca_caverns2prc,280,2669,120.912,119.912,106,86,2,forward
ca_caverns2prc,281,2668.8,118.456,118.456,111,96,2,forward
ca_caverns2prc,282,2509.2,117.74,117.74,102,90,2,forward
ca_caverns2prc,283,2237.2,119.698,117.698,111,94,2,forward
ca_caverns2prc,284,2224.4,116.184,116.184,105,93,2,forward
ca_caverns2prc,285,2587.4,118.669,118.669,105,99,2,forward
ca_caverns2prc,286,2605.6,117.799,117.799,112,104,2,forward
ca_caverns2prc,287,2268.6,118.012,118.012,106,98,2,forward
ca_caverns2prc,288,2542.6,119.698,117.698,111,107,2,forward
ca_caverns2prc,289,2091.8,118.113,117.113,109,95,2,forward
ca_caverns2prc,290,2454.6,120.054,120.054,101,83,2,forward
ca_caverns2prc,291,2543.6,123.627,123.627,117,113,2,forward
ca_caverns2prc,292,2272,121.698,121.113,113,97,2,forward
ca_caverns2prc,293,2258.8,122.527,122.527,113,113,2,forward
ca_caverns2prc,294,2559,123.071,123.071,121,110,2,forward
ca_caverns2prc,295,2985.6,125.539,122.711,104,94,2,forward
ca_caverns2prc,296,2723,121.527,120.941,112,91,2,forward
ca_caverns2prc,297,2212,120.284,120.284,112,106,2,forward
ca_caverns2prc,298,2980,121.426,121.426,109,99,2,forward
ca_caverns2prc,299,2470.6,124.113,122.698,115,103,2,forward
ca_caverns2prc,300,2479.8,126.598,126.012,115,109,2,forward
ca_caverns2prc,301,2789,125.841,125.841,113,99,2,forward
ca_caverns2prc,302,2475.2,127.627,127.042,121,117,2,forward
ca_caverns2prc,303,2640.6,125.669,124.669,112,91,2,forward
ca_caverns2prc,304,2365,128.711,127.296,108,92,2,forward
ca_caverns2prc,305,2370.2,124.74,124.74,109,96,2,forward
ca_caverns2prc,306,2401,127.698,127.698,119,92,2,forward
ca_caverns2prc,307,2475.4,127.012,127.012,115,103,2,forward
ca_caverns2prc,308,2674,124.627,124.627,118,105,2,forward
ca_caverns2prc,309,2987.4,125.698,125.698,117,111,2,forward
ca_caverns2prc,310,2480.2,130.527,130.527,121,115,2,forward
ca_caverns2prc,311,2349.6,128.74,128.154,113,96,2,forward
ca_caverns2prc,312,2699,132.983,131.983,116,104,2,forward
ca_caverns2prc,313,3049,129.87,129.284,122,115,2,forward
ca_caverns2prc,314,2722,131.598,131.598,120,111,2,forward
ca_caverns2prc,315,2582.4,129.799,129.799,124,113,2,forward
ca_caverns2prc,316,2619.4,128.698,128.113,120,114,2,forward
ca_caverns2prc,317,2733,129.296,128.711,109,96,2,forward
ca_caverns2prc,318,2696.6,130.711,128.711,110,96,2,forward
ca_caverns2prc,319,2870.4,129.74,128.912,114,100,2,forward
ca_caverns2prc,320,2997.2,134.569,134.569,118,108,2,forward
ca_caverns2prc,321,2843.2,133.698,132.284,125,119,2,forward
ca_caverns2prc,322,2568.6,134.882,133.882,115,101,2,forward
ca_caverns2prc,323,2748.2,134.698,132.698,126,115,2,forward
ca_caverns2prc,324,2590.2,135.326,135.326,120,111,2,forward
ca_caverns2prc,325,2580.6,132.368,132.368,110,99,2,forward
ca_caverns2prc,326,2688.2,132.184,132.184,121,108,2,forward
ca_caverns2prc,327,2776.8,132.87,132.284,125,122,2,forward
ca_caverns2prc,328,2496.4,134.598,132.598,123,104,2,forward
ca_caverns2prc,329,2481.4,134.882,134.882,115,109,2,forward
ca_caverns2prc,330,2734.4,137.971,137.971,133,119,2,forward
ca_caverns2prc,331,2691.6,138.154,137.154,122,105,2,forward
ca_caverns2prc,332,3082,137.267,137.267,112,93,2,forward
ca_caverns2prc,333,3284.6,138.811,137.397,121,109,2,forward
ca_caverns2prc,334,3261.6,140.569,139.983,124,114,2,forward
ca_caverns2prc,335,3008.2,137.61,136.61,114,98,2,forward
ca_caverns2prc,336,2992.8,142.083,139.255,128,118,2,forward
ca_caverns2prc,337,2591.4,136.782,136.782,114,107,2,forward
ca_caverns2prc,338,2746.6,136.556,136.556,132,126,2,forward
ca_caverns2prc,339,2724.4,138.74,138.74,123,121,2,forward
ca_caverns2prc,340,3146.4,144.77,143.77,134,116,2,forward
ca_caverns2prc,341,2746.6,141.255,140.669,128,120,2,forward
ca_caverns2prc,342,4006.6,143.669,142.255,130,126,2,forward
ca_caverns2prc,343,3014,141.184,141.184,130,123,2,forward
ca_caverns2prc,344,3005.8,143.669,140.841,130,123,2,forward
ca_caverns2prc,345,3053.8,142.841,141.841,130,111,2,forward
ca_caverns2prc,346,3365.2,142.77,142.77,132,127,2,forward
ca_caverns2prc,347,2913.8,144.799,143.385,139,129,2,forward
ca_caverns2prc,348,2792.6,143.669,143.669,130,122,2,forward
ca_caverns2prc,349,2679.2,144.042,143.042,137,127,2,forward
ca_caverns2prc,350,3243.6,145.225,144.397,127,120,2,forward
ca_caverns2prc,351,3009,145.941,145.941,136,123,2,forward
ca_caverns2prc,352,2898.6,146.669,146.669,133,125,2,forward
ca_caverns2prc,353,3034.4,146.284,146.284,138,131,2,forward
ca_caverns2prc,354,3216,146.113,146.113,137,130,2,forward
ca_caverns2prc,355,3047.8,145.012,145.012,133,123,2,forward
ca_caverns2prc,356,2935.4,147.569,147.569,131,101,2,forward
ca_caverns2prc,357,3164.8,148.184,146.77,137,132,2,forward
ca_caverns2prc,358,3345.2,146.77,145.77,136,128,2,forward
ca_caverns2prc,359,3532.6,147.154,147.154,131,128,2,forward
ca_caverns2prc,360,3444.8,152.054,151.468,133,120,2,forward
ca_caverns2prc,361,3723.6,151.213,149.799,145,131,2,forward
ca_caverns2prc,362,3459.8,149.77,148.77,139,135,2,forward
ca_caverns2prc,363,3049.4,152.598,151.598,141,126,2,forward
ca_caverns2prc,364,3169.6,150.196,150.196,127,119,2,forward
ca_caverns2prc,365,3353.4,150.811,150.811,133,113,2,forward
ca_caverns2prc,366,3277.2,151.184,150.184,140,119,2,forward
ca_caverns2prc,367,2807,150.74,150.154,135,126,2,forward
ca_caverns2prc,368,3853.4,148.497,148.497,134,127,2,forward
ca_caverns2prc,369,2721.4,151.368,149.368,129,110,2,forward
ca_caverns2prc,370,3273.4,155.397,154.569,138,126,2,forward
ca_caverns2prc,371,3194.4,152.125,152.125,131,125,2,forward
ca_caverns2prc,372,3313,155.799,155.799,150,147,2,forward
ca_caverns2prc,373,3352,153.527,153.527,144,136,2,forward
ca_caverns2prc,374,3665.6,153.426,153.426,141,135,2,forward
ca_caverns2prc,375,3601.8,157.024,155.61,133,112,2,forward
ca_caverns2prc,376,3711.4,156.941,155.527,147,141,2,forward
ca_caverns2prc,377,2801.6,152.882,152.882,133,104,2,forward
ca_caverns2prc,378,3296.6,155.255,155.255,142,134,2,forward
ca_caverns2prc,379,3029.8,152.397,152.397,135,126,2,forward
ca_caverns2prc,380,3722.2,159.368,156.539,137,122,2,forward
ca_caverns2prc,381,3952.8,159.983,158.569,143,140,2,forward
ca_caverns2prc,382,3507,159.941,158.941,150,130,2,forward
ca_caverns2prc,383,3623,158.012,157.012,146,130,2,forward
ca_caverns2prc,384,3494.2,156.64,156.054,138,124,2,forward
ca_caverns2prc,385,3350.8,159.184,158.598,148,136,2,forward
ca_caverns2prc,386,2758,158.255,158.255,145,134,2,forward
ca_caverns2prc,387,3091.6,156.569,156.569,140,130,2,forward
ca_caverns2prc,388,3108.6,158.669,158.669,145,133,2,forward
ca_caverns2prc,389,2944.8,159.64,159.64,141,117,2,forward
ca_caverns2prc,390,3817.6,163.87,162.456,156,145,2,forward
ca_caverns2prc,391,3768.6,161.225,161.225,143,135,2,forward
ca_caverns2prc,392,3452.4,161.627,161.627,155,129,2,forward
ca_caverns2prc,393,3227.8,161.468,160.054,142,125,2,forward
ca_caverns2prc,394,3261,164.426,161.598,152,143,2,forward
ca_caverns2prc,395,3253.2,160.983,160.983,144,135,2,forward
ca_caverns2prc,396,3517.8,162.095,160.681,136,119,2,forward
ca_caverns2prc,397,3578.6,164.054,161.225,145,129,2,forward
ca_caverns2prc,398,3535.8,161.184,161.184,150,138,2,forward
ca_caverns2prc,399,3817.6,161.368,161.368,139,121,2,forward
ca_caverns2prc,400,3443.2,167.782,167.782,145,132,2,forward
ca_caverns2prc,401,3262,168.083,167.497,154,148,2,forward
ca_caverns2prc,402,3585.6,166.853,166.853,142,129,2,forward
ca_caverns2prc,403,3561.4,166.539,166.539,145,138,2,forward
ca_caverns2prc,404,3422.4,166.326,166.326,151,141,2,forward
ca_caverns2prc,405,3737.2,169.397,167.983,152,142,2,forward
ca_caverns2prc,406,3197.2,167.439,166.024,143,124,2,forward
ca_caverns2prc,407,3111,167.64,164.811,149,132,2,forward
ca_caverns2prc,408,3555.4,166.326,166.326,151,143,2,forward
ca_caverns2prc,409,4143.8,166.255,166.255,153,144,2,forward
ca_caverns2prc,410,3727.2,170.669,170.669,157,152,2,forward
ca_caverns2prc,411,4187.4,173.569,171.569,157,146,2,forward
ca_caverns2prc,412,3580.6,169.042,169.042,162,157,2,forward
ca_caverns2prc,413,3493,170.841,170.841,158,151,2,forward
ca_caverns2prc,414,3938.2,171.368,170.782,149,136,2,forward
ca_caverns2prc,415,3567.6,171.598,171.598,160,155,2,forward
ca_caverns2prc,416,3584.4,168.87,168.284,161,155,2,forward
ca_caverns2prc,417,3530.6,169.468,168.882,150,142,2,forward
ca_caverns2prc,418,3700.2,168.539,168.539,147,142,2,forward
ca_caverns2prc,419,3752,170.527,170.527,161,152,2,forward
ca_caverns2prc,420,3851.8,176.953,175.953,155,136,2,forward
ca_caverns2prc,421,3631.8,175.882,175.054,156,150,2,forward
ca_caverns2prc,422,3917.6,174.326,173.326,159,136,2,forward
ca_caverns2prc,423,3538,174.598,174.598,163,159,2,forward
ca_caverns2prc,424,3900.2,173.397,173.397,156,141,2,forward
ca_caverns2prc,425,3606.4,176.74,175.74,161,153,2,forward
ca_caverns2prc,426,3661.4,177.255,175.841,164,157,2,forward
ca_caverns2prc,427,3372.4,174.924,172.924,148,138,2,forward
ca_caverns2prc,428,4331.4,172.64,172.64,154,148,2,forward
ca_caverns2prc,429,3318.4,178.497,175.669,164,153,2,forward
ca_caverns2prc,430,3916.4,177.782,176.368,155,143,2,forward
ca_caverns2prc,431,3706.6,177.296,176.711,157,138,2,forward
ca_caverns2prc,432,3953.2,178.627,177.213,172,168,2,forward
ca_caverns2prc,433,3698,177.669,177.669,164,154,2,forward
ca_caverns2prc,434,3574.2,179.539,179.539,158,145,2,forward
ca_caverns2prc,435,3881.8,180.983,179.569,164,153,2,forward
ca_caverns2prc,436,3792.2,179.368,178.368,157,138,2,forward
ca_caverns2prc,437,3609,179.083,179.083,165,143,2,forward
ca_caverns2prc,438,3952,178.196,178.196,155,151,2,forward
ca_caverns2prc,439,3972.6,178.782,178.782,156,146,2,forward
ca_caverns2prc,440,4025,183.456,183.456,176,150,2,forward
ca_caverns2prc,441,3389.2,180.083,180.083,166,161,2,forward
ca_caverns2prc,442,4506.4,182.77,182.77,172,166,2,forward
ca_caverns2prc,443,4549.6,181.439,181.439,157,142,2,forward
ca_caverns2prc,444,3420.6,181.497,181.497,167,150,2,forward
ca_caverns2prc,445,3733,182.113,180.698,173,160,2,forward
ca_caverns2prc,446,3754.8,181.841,181.012,169,158,2,forward
ca_caverns2prc,447,4172.4,186.225,183.397,168,157,2,forward
ca_caverns2prc,448,3646.2,183.983,183.983,167,160,2,forward
ca_caverns2prc,449,3729.4,184.74,183.74,169,154,2,forward
ca_caverns2prc,450,4159.2,184.154,184.154,168,164,2,forward
ca_caverns2prc,451,4349,188.64,187.64,170,163,2,forward
ca_caverns2prc,452,3406.6,184.154,184.154,168,160,2,forward
ca_caverns2prc,453,3656,185.811,185.811,168,141,2,forward
ca_caverns2prc,454,3797.8,187.439,187.439,163,155,2,forward
ca_caverns2prc,455,4000.8,187.698,187.113,179,165,2,forward
ca_caverns2prc,456,3766.2,186.355,185.355,176,171,2,forward
ca_caverns2prc,457,3713.6,188.326,186.912,173,153,2,forward
ca_caverns2prc,458,4375.8,186.225,185.225,168,158,2,forward
ca_caverns2prc,459,3910.8,187.539,187.539,166,160,2,forward
ca_caverns2prc,460,3504.4,191.054,190.468,172,151,2,forward
ca_caverns2prc,461,4105,192.355,191.355,182,178,2,forward
ca_caverns2prc,462,4054.2,189.167,188.167,161,139,2,forward
ca_caverns2prc,463,4353.4,190.77,190.184,180,173,2,forward
ca_caverns2prc,464,3394.6,191.497,190.083,177,172,2,forward
ca_caverns2prc,465,4271,190.841,189.426,178,174,2,forward
ca_caverns2prc,466,3854.4,190.497,189.497,176,173,2,forward
ca_caverns2prc,467,3917,189.468,188.468,170,163,2,forward
ca_caverns2prc,468,3244,191.497,188.669,177,168,2,forward
ca_caverns2prc,469,3861.8,191.581,191.581,163,151,2,forward
ca_caverns2prc,470,5010.6,195.539,195.539,174,157,2,forward
ca_caverns2prc,471,4346.6,195.368,193.953,173,152,2,forward
ca_caverns2prc,472,3822.6,193.497,193.497,179,172,2,forward
ca_caverns2prc,473,3954,192.941,192.355,183,166,2,forward
ca_caverns2prc,474,4904,193.255,193.255,180,176,2,forward
ca_caverns2prc,475,3976.8,192.51,192.51,166,146,2,forward
ca_caverns2prc,476,3827.8,194.681,194.681,169,151,2,forward
ca_caverns2prc,477,3925,193.539,192.125,172,168,2,forward
ca_caverns2prc,478,3622.8,197.539,194.711,176,160,2,forward
ca_caverns2prc,479,4050.6,195.225,195.225,177,169,2,forward
ca_caverns2prc,480,4284.6,196.497,196.497,182,176,2,forward
ca_caverns2prc,481,3903,200.74,199.74,185,178,2,forward
ca_caverns2prc,482,4147.2,196.74,196.74,181,176,2,forward
ca_caverns2prc,483,3916.6,202.397,199.569,185,169,2,forward
ca_caverns2prc,484,4382.2,199.368,198.539,177,166,2,forward
ca_caverns2prc,485,4483.8,196.61,196.61,173,166,2,forward
ca_caverns2prc,486,4180.6,199.426,198.426,187,178,2,forward
ca_caverns2prc,487,3958,198.669,198.083,185,173,2,forward
ca_caverns2prc,488,4176.4,196.581,196.581,168,159,2,forward
ca_caverns2prc,489,4519.8,200.912,199.912,186,182,2,forward
ca_caverns2prc,490,4185.2,200.681,200.681,175,156,2,forward
ca_caverns2prc,491,3979.6,201.652,200.238,171,157,2,forward
ca_caverns2prc,492,3930.2,202.213,200.799,196,168,2,forward
ca_caverns2prc,493,5043.4,201.368,201.368,179,174,2,forward
ca_caverns2prc,494,6974.2,203.024,203.024,179,159,2,forward
ca_caverns2prc,495,3916.4,203.296,202.711,183,160,2,forward
ca_caverns2prc,496,4714.4,202.497,200.497,188,183,2,forward
ca_caverns2prc,497,3891.4,205.225,203.811,187,181,2,forward
ca_caverns2prc,498,4983.2,204.983,203.983,188,188,2,forward
ca_caverns2prc,499,4389.2,204.569,203.154,188,179,2,forward
ca_caverns2prc,500,4523.2,207.61,207.61,184,182,2,forward
ca_caverns2prc,501,4726.2,207.326,207.326,192,184,2,forward
ca_caverns2prc,502,4393.8,205.912,205.326,191,186,2,forward
ca_caverns2prc,503,3874.2,209.983,207.154,193,187,2,forward
ca_caverns2prc,504,4212.4,207.397,205.983,190,185,2,forward
ca_caverns2prc,505,3846.2,207.083,205.083,193,187,2,forward
ca_caverns2prc,506,4151,209.225,207.811,191,181,2,forward
ca_caverns2prc,507,3522.6,206.225,206.225,188,178,2,forward
ca_caverns2prc,508,3925.8,207.196,204.368,184,175,2,forward
ca_caverns2prc,509,3798.2,205.882,205.882,186,179,2,forward
ca_caverns2prc,510,4517.8,209.439,208.853,185,172,2,forward
ca_caverns2prc,511,4641.8,209.296,209.296,189,185,2,forward
ca_caverns2prc,512,7137.6,212.497,211.669,198,187,2,forward
ca_caverns2prc,513,4525.2,209.468,208.882,190,184,2,forward
ca_caverns2prc,514,3965.4,208.811,208.225,191,184,2,forward
ca_caverns2prc,515,4499,210.953,208.125,189,186,2,forward
ca_caverns2prc,516,4759.2,210.054,209.054,191,182,2,forward
ca_caverns2prc,517,4015,209.083,208.083,195,186,2,forward
ca_caverns2prc,518,6806,208.64,208.64,190,184,2,forward
ca_caverns2prc,519,4316.2,210.811,210.225,193,181,2,forward
ca_caverns2prc,520,4636.4,214.681,214.681,189,185,2,forward
ca_caverns2prc,521,4232,215.569,215.569,199,194,2,forward
ca_caverns2prc,522,4771.4,214.439,213.024,190,172,2,forward
ca_caverns2prc,523,4361.8,217.296,214.468,197,179,2,forward
ca_caverns2prc,524,4273.4,212.184,212.184,201,187,2,forward
ca_caverns2prc,525,4604.6,213.083,213.083,199,190,2,forward
ca_caverns2prc,526,4587.4,214.426,214.426,202,191,2,forward
ca_caverns2prc,527,4182.4,214.024,214.024,190,180,2,forward
ca_caverns2prc,528,4894.6,213.669,212.669,200,174,2,forward
ca_caverns2prc,529,4523.6,213.154,212.569,197,183,2,forward
ca_caverns2prc,530,4045.6,216.51,216.51,190,186,2,forward
ca_caverns2prc,531,4008.2,218.811,218.811,201,194,2,forward
ca_caverns2prc,532,4668,218.841,218.841,206,200,2,forward
ca_caverns2prc,533,4458.8,220.497,219.912,206,199,2,forward
ca_caverns2prc,534,4759.6,219.882,219.882,200,194,2,forward
ca_caverns2prc,535,4776.4,220.669,218.669,207,199,2,forward
ca_caverns2prc,536,4963.4,217.811,216.397,200,188,2,forward
ca_caverns2prc,537,4785.8,218.912,218.912,204,184,2,forward
ca_caverns2prc,538,4688.2,216.054,216.054,197,170,2,forward
ca_caverns2prc,539,4616.6,219.912,219.912,205,195,2,forward
ca_caverns2prc,540,4801,221.054,221.054,202,199,2,forward
ca_caverns2prc,541,4346.2,222.196,222.196,199,181,2,forward
ca_caverns2prc,542,4660.4,222.196,222.196,199,196,2,forward
ca_caverns2prc,543,4272,225.225,223.811,207,199,2,forward
ca_caverns2prc,544,4039.2,224.154,221.326,208,188,2,forward
ca_caverns2prc,545,4290.8,220.326,220.326,205,203,2,forward
ca_caverns2prc,546,4329.6,223.882,223.882,204,176,2,forward
ca_caverns2prc,547,4473.4,223.995,221.167,195,183,2,forward
ca_caverns2prc,548,3998,223.213,223.213,217,190,2,forward
ca_caverns2prc,549,4461.8,225.255,223.255,212,200,2,forward
ca_caverns2prc,550,4816.2,225.439,225.439,201,189,2,forward
ca_caverns2prc,551,4440.8,228.095,226.095,202,195,2,forward
ca_caverns2prc,552,4028.8,226.681,225.267,201,187,2,forward
ca_caverns2prc,553,4889.4,226.581,225.167,198,191,2,forward
ca_caverns2prc,554,4549.4,225.225,224.225,207,186,2,forward
ca_caverns2prc,555,4164.2,227.326,225.326,212,201,2,forward
ca_caverns2prc,556,4188,228.326,227.74,213,211,2,forward
ca_caverns2prc,557,4710.6,225.338,224.338,198,196,2,forward
ca_caverns2prc,558,5003,226.853,226.853,202,192,2,forward
ca_caverns2prc,559,4805,227.811,227.225,210,198,2,forward
ca_caverns2prc,560,4293.4,231.924,230.51,205,199,2,forward
ca_caverns2prc,561,4811.6,232.953,231.539,211,190,2,forward
ca_caverns2prc,562,4664.8,231.953,231.953,210,202,2,forward
ca_caverns2prc,563,4324,228.64,228.64,210,200,2,forward
ca_caverns2prc,564,5206.4,231.296,231.296,211,209,2,forward
ca_caverns2prc,565,4312.6,230.355,230.355,220,213,2,forward
ca_caverns2prc,566,4380.6,231.569,231.569,215,204,2,forward
ca_caverns2prc,567,4166.4,231.468,230.054,212,202,2,forward
ca_caverns2prc,568,4754,228.497,228.497,214,205,2,forward
ca_caverns2prc,569,4189.4,228.698,228.698,220,187,2,forward
ca_caverns2prc,570,4570.8,234.74,234.74,219,193,2,forward
ca_caverns2prc,571,4700.6,233.569,232.983,217,208,2,forward
ca_caverns2prc,572,4883.4,236.296,235.711,216,201,2,forward
ca_caverns2prc,573,4936,235.125,235.125,214,205,2,forward
ca_caverns2prc,574,5223.8,236.811,235.811,219,205,2,forward
ca_caverns2prc,575,4943.6,233.569,233.569,217,212,2,forward
ca_caverns2prc,576,5013.2,235.882,234.468,216,206,2,forward
ca_caverns2prc,577,4413,236.397,235.397,219,195,2,forward
ca_caverns2prc,578,5334,232.551,232.551,199,187,2,forward
ca_caverns2prc,579,4438.8,237.095,235.681,211,199,2,forward
ca_caverns2prc,580,4371,239.569,236.74,223,196,2,forward
ca_caverns2prc,581,5308.4,238.581,237.995,210,198,2,forward
ca_caverns2prc,582,4304.6,240.196,237.368,217,202,2,forward
ca_caverns2prc,583,4405.8,238.61,238.024,215,203,2,forward
ca_caverns2prc,584,5842.4,238.267,238.267,213,204,2,forward
ca_caverns2prc,585,4735.2,238.267,238.267,213,203,2,forward
ca_caverns2prc,586,4642.4,239.581,239.581,211,198,2,forward
ca_caverns2prc,587,5166,237.042,236.042,230,223,2,forward
ca_caverns2prc,588,5847,238.539,237.539,217,209,2,forward
ca_caverns2prc,589,4982.8,238.77,237.77,228,219,2,forward
ca_caverns2prc,590,5115,242.61,242.024,219,208,2,forward
ca_caverns2prc,591,5262.8,245.054,242.225,226,221,2,forward
ca_caverns2prc,592,5272.6,241.711,241.125,221,201,2,forward
ca_caverns2prc,593,4656.2,242.368,241.782,220,205,2,forward
ca_caverns2prc,594,4786.8,244.267,241.439,219,210,2,forward
ca_caverns2prc,595,5614,240.569,240.569,224,213,2,forward
ca_caverns2prc,596,4166.4,240.154,240.154,224,214,2,forward
ca_caverns2prc,597,5402.2,242.095,242.095,216,198,2,forward
ca_caverns2prc,598,7752.4,244.184,243.598,233,218,2,forward
ca_caverns2prc,599,5239.4,241.409,240.823,212,191,2,forward
ca_caverns2prc,600,4968.4,244.823,244.238,215,199,2,forward
ca_caverns2prc,601,5614.2,247.995,247.995,219,210,2,forward
ca_caverns2prc,602,7680.6,247.853,246.853,223,205,2,forward
ca_caverns2prc,603,5011.8,246.51,246.51,220,208,2,forward
ca_caverns2prc,604,5669.8,246.924,246.095,220,210,2,forward
ca_caverns2prc,605,4413.2,247.338,245.924,220,204,2,forward
ca_caverns2prc,606,5175.2,246.426,245.012,234,226,2,forward
ca_caverns2prc,607,5278.6,247.238,247.238,217,202,2,forward
ca_caverns2prc,608,5258.8,247.853,247.853,223,209,2,forward
ca_caverns2prc,609,4741.8,245.397,245.397,228,219,2,forward
ca_caverns2prc,610,5122,253.409,251.409,224,206,2,forward
ca_caverns2prc,611,4870.2,250.752,250.752,223,208,2,forward
ca_caverns2prc,612,4725.4,251.853,251.853,227,212,2,forward
ca_caverns2prc,613,5597.6,249.225,249.225,231,224,2,forward
ca_caverns2prc,614,5403.8,253.539,251.539,232,226,2,forward
ca_caverns2prc,615,4659.4,249.267,249.267,224,210,2,forward
ca_caverns2prc,616,5300.6,251.966,251.966,218,203,2,forward
ca_caverns2prc,617,5345.2,250.823,250.823,221,203,2,forward
ca_caverns2prc,618,5392,249.924,249.095,223,210,2,forward
ca_caverns2prc,619,5048.8,251.61,250.196,228,199,2,forward
ca_caverns2prc,620,5463.4,255.296,255.296,235,228,2,forward
ca_caverns2prc,621,4999.2,255.966,255.966,222,216,2,forward
ca_caverns2prc,622,5760,255.882,255.882,236,225,2,forward
ca_caverns2prc,623,5424.4,255.894,255.309,224,216,2,forward
ca_caverns2prc,624,4728.4,255.853,255.853,231,218,2,forward
ca_caverns2prc,625,5218.6,255.924,255.338,229,216,2,forward
ca_caverns2prc,626,6027.6,256.267,253.439,231,223,2,forward
ca_caverns2prc,627,5434.6,253.64,252.225,235,226,2,forward
ca_caverns2prc,628,4974.2,255.64,255.64,237,230,2,forward
ca_caverns2prc,629,5375.2,252.752,252.167,225,218,2,forward
ca_caverns2prc,630,4906.2,257.823,257.823,228,204,2,forward
ca_caverns2prc,631,5303.6,259.468,258.054,240,229,2,forward
ca_caverns2prc,632,5707,259.296,259.296,239,224,2,forward
ca_caverns2prc,633,5564.2,256.894,256.309,225,211,2,forward
ca_caverns2prc,634,4629.4,257.782,257.782,235,224,2,forward
ca_caverns2prc,635,5007.2,257.51,256.51,231,214,2,forward
ca_caverns2prc,636,5082.6,259.823,259.823,230,219,2,forward
ca_caverns2prc,637,4444.4,257.338,256.51,230,221,2,forward
ca_caverns2prc,638,4548.4,259.581,258.167,231,219,2,forward
ca_caverns2prc,639,8432,258.912,257.912,244,239,2,forward
ca_caverns2prc,640,5980.6,263.569,262.154,247,234,2,forward
ca_caverns2prc,641,5558.6,260.64,260.64,242,231,2,forward
ca_caverns2prc,642,5359.2,261.711,260.711,241,232,2,forward
ca_caverns2prc,643,5449.6,264.752,262.752,237,222,2,forward
ca_caverns2prc,644,5871.6,264.853,263.439,240,235,2,forward
ca_caverns2prc,645,5488.6,264.338,263.752,237,228,2,forward
ca_caverns2prc,646,7699.4,262.924,261.51,236,226,2,forward
ca_caverns2prc,647,5682.6,261.681,260.267,236,228,2,forward
ca_caverns2prc,648,5179,260.953,260.953,239,221,2,forward
ca_caverns2prc,649,5750.6,263.995,263.995,235,231,2,forward
ca_caverns2prc,650,5238.4,266.196,264.782,243,238,2,forward
ca_caverns2prc,651,5435,270.167,267.752,242,233,2,forward
ca_caverns2prc,652,5684.4,266.853,265.439,242,230,2,forward
ca_caverns2prc,653,4811.8,265.51,264.681,239,236,2,forward
ca_caverns2prc,654,5840,267.681,267.681,242,231,2,forward
ca_caverns2prc,655,4977.4,268.083,267.083,254,230,2,forward
ca_caverns2prc,656,5660.6,267.539,267.539,246,236,2,forward
ca_caverns2prc,657,6010.4,264.853,264.853,240,236,2,forward
ca_caverns2prc,658,5157,265.64,265.054,247,236,2,forward
ca_caverns2prc,659,5529,265.267,265.267,240,234,2,forward
ca_caverns2prc,660,6177,271.279,269.279,234,217,2,forward
ca_caverns2prc,661,5965.6,271.711,271.711,251,248,2,forward
ca_caverns2prc,662,4971.2,270.983,269.983,254,249,2,forward
ca_caverns2prc,663,5437.2,268.007,268.007,227,213,2,forward
ca_caverns2prc,664,5645.4,270.066,270.066,239,230,2,forward
ca_caverns2prc,665,5520.2,270.024,268.61,246,226,2,forward
ca_caverns2prc,666,6026.2,271.569,270.154,255,251,2,forward
ca_caverns2prc,667,6036.2,270.338,270.338,243,237,2,forward
ca_caverns2prc,668,5579.6,270.48,269.066,239,219,2,forward
ca_caverns2prc,669,4908.8,270.953,270.953,249,242,2,forward
ca_caverns2prc,670,8879.8,275.397,274.397,258,242,2,forward
ca_caverns2prc,671,5842.6,274.125,274.125,253,239,2,forward
ca_caverns2prc,672,5536,274.397,273.397,257,242,2,forward
ca_caverns2prc,673,8262.2,273.196,273.196,250,241,2,forward
ca_caverns2prc,674,5408.4,272.711,272.711,252,246,2,forward
ca_caverns2prc,675,5176,273.539,273.539,252,247,2,forward
ca_caverns2prc,676,5787.2,276.024,274.61,252,238,2,forward
ca_caverns2prc,677,5255.4,273.681,272.681,248,246,2,forward
ca_caverns2prc,678,5063.8,274.267,274.267,249,242,2,forward
ca_caverns2prc,679,5887.4,276.409,274.409,247,238,2,forward
ca_caverns2prc,680,5518.2,279.225,279.225,261,253,2,forward
ca_caverns2prc,681,6522.6,276.125,276.125,255,245,2,forward
ca_caverns2prc,682,4919,278.125,278.125,257,243,2,forward
ca_caverns2prc,683,5767,277.811,276.811,260,240,2,forward
ca_caverns2prc,684,6041.2,278.024,276.61,254,247,2,forward
ca_caverns2prc,685,5365,277.196,276.61,254,235,2,forward
ca_caverns2prc,686,5363.2,277.581,276.167,249,235,2,forward
ca_caverns2prc,687,5955.4,282.853,279.853,258,242,2,forward
ca_caverns2prc,688,5671.4,276.723,276.723,244,224,2,forward
ca_caverns2prc,689,5103.8,276.024,276.024,252,234,2,forward
ca_caverns2prc,690,5850.8,280.48,280.48,249,234,2,forward
ca_caverns2prc,691,5882.8,283.497,282.912,269,257,2,forward
ca_caverns2prc,692,5967.4,283.196,283.196,260,253,2,forward
ca_caverns2prc,693,5022.2,282.853,282.853,258,250,2,forward
ca_caverns2prc,694,6040.8,283.125,283.125,262,255,2,forward
ca_caverns2prc,695,5751.8,281.74,281.154,266,264,2,forward
ca_caverns2prc,696,6009.8,284.581,283.167,256,241,2,forward
ca_caverns2prc,697,5933.8,280.409,280.409,251,236,2,forward
ca_caverns2prc,698,5980.4,280.723,280.723,248,236,2,forward
ca_caverns2prc,699,5266.4,284.51,283.681,258,246,2,forward
ca_caverns2prc,700,6064,288.267,286.267,263,256,2,forward
ca_caverns2prc,701,6377.4,284.995,284.167,256,250,2,forward
ca_caverns2prc,702,5332.8,285.924,284.51,259,251,2,forward
ca_caverns2prc,703,5592,284.539,284.539,263,243,2,forward
ca_caverns2prc,704,6184.6,287.723,287.723,255,252,2,forward
ca_caverns2prc,705,5969.2,285.066,284.066,254,246,2,forward
ca_caverns2prc,706,5677.6,284.326,284.326,269,257,2,forward
ca_caverns2prc,707,6342.4,287.095,287.095,261,241,2,forward
ca_caverns2prc,708,5629.6,289.368,286.539,267,243,2,forward
ca_caverns2prc,709,5776.2,284.338,284.338,257,246,2,forward
ca_caverns2prc,710,6447.6,291.681,291.681,266,255,2,forward
ca_caverns2prc,711,5561,289.681,289.681,264,254,2,forward
ca_caverns2prc,712,6001.4,290.125,288.125,269,262,2,forward
ca_caverns2prc,713,5915.8,289.711,289.711,269,267,2,forward
ca_caverns2prc,714,7674.2,288.569,288.569,272,263,2,forward
ca_caverns2prc,715,9009.4,291.953,290.539,270,256,2,forward
ca_caverns2prc,716,6045.6,288.823,288.823,259,249,2,forward
ca_caverns2prc,717,5547.4,292.468,291.468,273,263,2,forward
ca_caverns2prc,718,5602.6,288.569,288.569,272,264,2,forward
ca_caverns2prc,719,8565.6,289.924,289.924,263,256,2,forward
ca_caverns2prc,720,5602.2,294.61,294.61,271,261,2,forward
ca_caverns2prc,721,6649.6,292.723,292.723,260,248,2,forward
ca_caverns2prc,722,6194,296.238,294.823,266,255,2,forward
ca_caverns2prc,723,6631.8,294.368,294.368,272,256,2,forward
ca_caverns2prc,724,6017.8,294.966,293.551,261,243,2,forward
ca_caverns2prc,725,5690.8,293.983,293.983,277,274,2,forward
ca_caverns2prc,726,5587.2,295.752,294.752,268,253,2,forward
ca_caverns2prc,727,6046.6,295.409,294.409,266,264,2,forward
ca_caverns2prc,728,6094.8,294.468,294.468,275,260,2,forward
ca_caverns2prc,729,5301.6,295.966,294.551,262,250,2,forward
ca_caverns2prc,730,6077.8,300.823,299.409,271,258,2,forward
ca_caverns2prc,731,6009.4,298.51,297.095,272,262,2,forward
ca_caverns2prc,732,6477.8,296.267,296.267,271,264,2,forward
ca_caverns2prc,733,6423.4,296.167,296.167,268,251,2,forward
ca_caverns2prc,734,6024,299.48,298.066,268,253,2,forward
ca_caverns2prc,735,6480.2,296.451,296.451,260,239,2,forward
ca_caverns2prc,736,6745.6,300.894,299.894,269,253,2,forward
ca_caverns2prc,737,6374.2,301.054,299.054,282,272,2,forward
ca_caverns2prc,738,6104,299.35,298.522,260,236,2,forward
ca_caverns2prc,739,5910.6,300.037,299.037,264,250,2,forward
ca_caverns2prc,740,6571.4,301.622,301.622,266,260,2,forward
ca_caverns2prc,741,5697.4,304.681,301.853,279,271,2,forward
ca_caverns2prc,742,5836.2,304.581,303.752,276,264,2,forward
ca_caverns2prc,743,5374.4,304.953,303.539,283,278,2,forward
ca_caverns2prc,744,6735,302.752,301.752,275,271,2,forward
ca_caverns2prc,745,6535.2,303.924,303.924,277,272,2,forward
ca_caverns2prc,746,6455.6,306.693,303.865,269,256,2,forward
ca_caverns2prc,747,6479.4,306.066,303.238,275,266,2,forward
ca_caverns2prc,748,6107.6,300.966,300.966,267,258,2,forward
ca_caverns2prc,749,6012.8,304.983,303.569,288,286,2,forward
ca_caverns2prc,750,5411.8,306.995,306.167,278,265,2,forward
ca_caverns2prc,751,5981.6,306.723,306.723,274,269,2,forward
ca_caverns2prc,752,6245,308.267,307.681,283,272,2,forward
ca_caverns2prc,753,5833,305.167,305.167,277,266,2,forward
ca_caverns2prc,754,6430.2,304.279,304.279,267,261,2,forward
ca_caverns2prc,755,6762.2,305.338,305.338,278,271,2,forward
ca_caverns2prc,756,6523.4,306.125,306.125,285,279,2,forward
ca_caverns2prc,757,6505.6,306.167,305.167,278,272,2,forward
ca_caverns2prc,758,11456.4,305.238,305.238,275,267,2,forward
ca_caverns2prc,759,6179.6,304.196,304.196,281,276,2,forward
ca_caverns2prc,760,6606.8,309.764,309.764,270,251,2,forward
ca_caverns2prc,761,9101,310.037,310.037,274,256,2,forward
ca_caverns2prc,762,6328,308.208,308.208,273,264,2,forward
ca_caverns2prc,763,6186.8,313.208,310.38,278,264,2,forward
ca_caverns2prc,764,5698.4,312.35,310.936,273,254,2,forward
ca_caverns2prc,765,6153,310.409,310.409,281,262,2,forward
ca_caverns2prc,766,5639.4,313.35,311.936,274,265,2,forward
ca_caverns2prc,767,6518.6,311.581,311.581,283,279,2,forward
ca_caverns2prc,768,5610.2,312.238,311.652,282,274,2,forward
ca_caverns2prc,769,5443.4,311.066,311.066,280,266,2,forward
ca_caverns2prc,770,6745.8,312.936,312.936,274,261,2,forward
ca_caverns2prc,771,7088.6,314.569,313.569,298,293,2,forward
ca_caverns2prc,772,7580.6,314.953,313.539,293,287,2,forward
ca_caverns2prc,773,5874,315.551,314.551,282,271,2,forward
ca_caverns2prc,774,6524.8,315.61,315.61,292,290,2,forward
ca_caverns2prc,775,5796.2,313.468,313.468,294,291,2,forward
ca_caverns2prc,776,6697.2,315.167,314.581,287,275,2,forward
ca_caverns2prc,777,6550.8,313.179,313.179,273,258,2,forward
ca_caverns2prc,778,5880.8,315.421,315.421,274,262,2,forward
ca_caverns2prc,779,7107,312.723,312.137,280,264,2,forward
ca_caverns2prc,780,6507.2,318.024,318.024,294,286,2,forward
ca_caverns2prc,781,6435.2,317.095,317.095,291,284,2,forward
ca_caverns2prc,782,5843,320.309,317.48,288,273,2,forward
ca_caverns2prc,783,9506.6,319.569,318.154,303,289,2,forward
ca_caverns2prc,784,6724.4,321.238,319.823,291,284,2,forward
ca_caverns2prc,785,6369,319.581,319.581,291,273,2,forward
ca_caverns2prc,786,6885.6,317.823,316.823,288,274,2,forward
ca_caverns2prc,787,6720.8,317.782,317.782,295,287,2,forward
ca_caverns2prc,788,5544.4,316.279,316.279,279,271,2,forward
ca_caverns2prc,789,6838.6,316.409,316.409,287,282,2,forward
ca_caverns2prc,790,6581.8,322.865,321.451,286,280,2,forward
ca_caverns2prc,791,7247.8,323.882,323.882,304,296,2,forward
ca_caverns2prc,792,6585.6,323.823,322.823,294,286,2,forward
ca_caverns2prc,793,7009.8,322.966,322.966,289,270,2,forward
ca_caverns2prc,794,6937,324.137,322.723,291,272,2,forward
ca_caverns2prc,795,6516.2,321.51,320.095,295,291,2,forward
ca_caverns2prc,796,7128,322.38,321.794,288,276,2,forward
ca_caverns2prc,797,6204.4,321.238,321.238,291,275,2,forward
ca_caverns2prc,798,6705.6,323.48,322.48,292,281,2,forward
ca_caverns2prc,799,7010.2,320.196,320.196,297,293,2,forward
ca_caverns2prc,800,6765.4,326.208,326.208,291,286,2,forward
ca_caverns2prc,801,6539.4,324.137,324.137,291,282,2,forward
ca_caverns2prc,802,6783,327.823,327.238,298,288,2,forward
ca_caverns2prc,803,6887.6,324.196,324.196,301,294,2,forward
ca_caverns2prc,804,6105,325.752,325.752,298,290,2,forward
ca_caverns2prc,805,6944.6,327.208,327.208,292,288,2,forward
ca_caverns2prc,806,5815.6,327.439,327.439,303,291,2,forward
ca_caverns2prc,807,6573.8,324.492,324.492,281,271,2,forward
ca_caverns2prc,808,6655.2,326.953,326.368,305,299,2,forward
ca_caverns2prc,809,6760.4,325.652,324.652,295,284,2,forward
ca_caverns2prc,810,7030.2,328.208,328.208,293,287,2,forward
ca_caverns2prc,811,6761.4,330.622,330.622,295,289,2,forward
ca_caverns2prc,812,6481.8,329.551,328.551,296,290,2,forward
ca_caverns2prc,813,6663.4,329.907,329.321,286,273,2,forward
ca_caverns2prc,814,6381.2,329.551,329.551,296,290,2,forward
ca_caverns2prc,815,6180.8,330.723,329.309,298,280,2,forward
ca_caverns2prc,816,6596,333.693,331.693,296,279,2,forward
ca_caverns2prc,817,6385.4,332.48,331.066,301,290,2,forward
ca_caverns2prc,818,6053.4,328.681,328.681,303,295,2,forward
ca_caverns2prc,819,6018.6,328.794,328.794,294,283,2,forward
ca_caverns2prc,820,7435.8,334.309,334.309,302,296,2,forward
ca_caverns2prc,821,7340.2,335.936,335.35,297,281,2,forward
ca_caverns2prc,822,7053.8,334.368,334.368,312,306,2,forward
ca_caverns2prc,823,7153.2,336.037,335.451,300,294,2,forward
ca_caverns2prc,824,6675,332.622,332.622,297,292,2,forward
ca_caverns2prc,825,6818.6,334.551,333.137,301,296,2,forward
ca_caverns2prc,826,6984.8,334.125,334.125,313,309,2,forward
ca_caverns2prc,827,7018.4,334.622,334.622,299,290,2,forward
ca_caverns2prc,828,7196,333.309,333.309,301,297,2,forward
ca_caverns2prc,829,7856.6,335.421,334.007,294,287,2,forward
ca_caverns2prc,830,7163.2,339.066,338.48,308,287,2,forward
ca_caverns2prc,831,6675.6,339.35,336.522,300,289,2,forward
ca_caverns2prc,832,6544.4,338.522,337.522,300,290,2,forward
ca_caverns2prc,833,6644.6,336.296,336.296,316,309,2,forward
ca_caverns2prc,834,6602.2,338.924,338.095,312,304,2,forward
ca_caverns2prc,835,6926.8,341.409,338.581,312,290,2,forward
ca_caverns2prc,836,6803.4,339.894,339.309,308,302,2,forward
ca_caverns2prc,837,6046.6,338.622,337.622,303,296,2,forward
ca_caverns2prc,838,7618.2,336.907,336.078,293,269,2,forward
ca_caverns2prc,839,7082,339.693,336.865,302,296,2,forward
ca_caverns2prc,840,6305.4,345.279,343.865,308,302,2,forward
ca_caverns2prc,841,6367.8,342.681,342.681,317,311,2,forward
ca_caverns2prc,842,6463.2,343.309,343.309,311,307,2,forward
ca_caverns2prc,843,7150.4,342.953,342.953,321,316,2,forward
ca_caverns2prc,844,6173.4,343.108,343.108,305,294,2,forward
ca_caverns2prc,845,6893.6,343.48,342.894,312,288,2,forward
ca_caverns2prc,846,6845,341.279,341.279,304,293,2,forward
ca_caverns2prc,847,6244.6,343.794,343.794,309,286,2,forward
ca_caverns2prc,848,6787.2,342.451,342.451,306,301,2,forward
ca_caverns2prc,849,6608,340.823,340.823,311,300,2,forward
ca_caverns2prc,850,6324.4,346.966,344.137,313,301,2,forward
ca_caverns2prc,851,6360.4,346.723,345.309,314,305,2,forward
ca_caverns2prc,852,6917.4,347.037,345.622,311,307,2,forward
ca_caverns2prc,853,6861.8,346.764,346.764,307,292,2,forward
ca_caverns2prc,854,7212.4,345.681,345.095,320,312,2,forward
ca_caverns2prc,855,6591,344.865,344.865,308,303,2,forward
ca_caverns2prc,856,6520.6,347.681,347.681,322,315,2,forward
ca_caverns2prc,857,7049.6,345.522,344.522,307,290,2,forward
ca_caverns2prc,858,5914.6,345.309,345.309,313,302,2,forward
ca_caverns2prc,859,7435.6,344.764,344.764,305,295,2,forward
ca_caverns2prc,860,6331,353.338,351.924,326,323,2,forward
ca_caverns2prc,861,7539.8,353.38,351.38,319,314,2,forward
ca_caverns2prc,862,7447.6,348.936,348.936,310,299,2,forward
ca_caverns2prc,863,10270,352.723,351.894,320,303,2,forward
ca_caverns2prc,864,6018.8,350.794,349.38,316,300,2,forward
ca_caverns2prc,865,6684.4,353.593,350.764,313,295,2,forward
ca_caverns2prc,866,5995.6,351.693,348.865,314,301,2,forward
ca_caverns2prc,867,7086.8,353.279,350.451,316,301,2,forward
ca_caverns2prc,868,9332.4,350.995,349.995,322,302,2,forward
ca_caverns2prc,869,7406.8,351.764,351.764,312,300,2,forward
ca_caverns2prc,870,6802,355.421,354.007,314,299,2,forward
ca_caverns2prc,871,6242.6,356.723,355.723,324,315,2,forward
ca_caverns2prc,872,7654,355.095,354.095,329,318,2,forward
ca_caverns2prc,873,6926,358.823,355.995,329,315,2,forward
ca_caverns2prc,874,6996,355.167,355.167,327,317,2,forward
ca_caverns2prc,875,6580.8,352.267,352.267,327,306,2,forward
ca_caverns2prc,876,7049,353.309,353.309,321,304,2,forward
ca_caverns2prc,877,6180.6,354.267,354.267,329,324,2,forward
ca_caverns2prc,878,6772.2,352.208,352.208,317,299,2,forward
ca_caverns2prc,879,6282.4,354.581,353.995,326,317,2,forward
ca_caverns2prc,880,6551.8,359.451,359.451,323,314,2,forward
ca_caverns2prc,881,7797.4,359.61,359.61,336,332,2,forward
ca_caverns2prc,882,7107.8,359.38,359.38,325,311,2,forward
ca_caverns2prc,883,7789.6,358.309,358.309,326,322,2,forward
ca_caverns2prc,884,7192.8,359.48,356.652,328,275,2,forward
ca_caverns2prc,885,6607.2,356.723,356.137,324,318,2,forward
ca_caverns2prc,886,8050,360.35,357.522,321,308,2,forward
ca_caverns2prc,887,6447.6,359.593,358.179,319,301,2,forward
ca_caverns2prc,888,7156.8,358.037,356.622,322,318,2,forward
ca_caverns2prc,889,7052.4,357.622,357.622,322,299,2,forward
ca_caverns2prc,890,7540.4,362.35,362.35,323,312,2,forward
ca_caverns2prc,891,7551.8,361.551,361.551,328,318,2,forward
ca_caverns2prc,892,6478.2,362.664,362.664,320,300,2,forward
ca_caverns2prc,893,6340.2,360.108,360.108,322,311,2,forward
ca_caverns2prc,894,7001,363.108,362.279,325,315,2,forward
ca_caverns2prc,895,7301,362.593,362.593,322,310,2,forward
ca_caverns2prc,896,7387.4,362.894,362.894,331,283,2,forward
ca_caverns2prc,897,8186.2,361.995,361.995,333,326,2,forward
ca_caverns2prc,898,7846.2,363.421,363.421,322,316,2,forward
ca_caverns2prc,899,7569.6,364.066,363.48,333,318,2,forward
ca_caverns2prc,900,6625.8,365.368,365.368,343,336,2,forward
ca_caverns2prc,901,6873.2,365.693,365.693,328,321,2,forward
ca_caverns2prc,902,8115.6,365.551,365.551,332,317,2,forward
ca_caverns2prc,903,6557.4,365.823,365.238,336,326,2,forward
ca_caverns2prc,904,7357.6,366.581,365.752,338,328,2,forward
ca_caverns2prc,905,6447.4,369.966,367.966,336,324,2,forward
ca_caverns2prc,906,7662.6,367.907,367.078,324,315,2,forward
ca_caverns2prc,907,7434,367.279,365.279,330,317,2,forward
ca_caverns2prc,908,6455,367.936,365.936,329,321,2,forward
ca_caverns2prc,909,6287.4,366.693,365.865,329,320,2,forward
ca_caverns2prc,910,6450.6,371.179,368.35,331,321,2,forward
ca_caverns2prc,911,7277,372.693,371.865,335,329,2,forward
ca_caverns2prc,912,7837.6,368.652,368.652,338,331,2,forward
ca_caverns2prc,913,7685,369.066,368.066,338,327,2,forward
ca_caverns2prc,914,7523.6,370.279,370.279,333,331,2,forward
ca_caverns2prc,915,7835.6,370.794,370.794,336,331,2,forward
ca_caverns2prc,916,7885.6,369.764,369.764,330,327,2,forward
ca_caverns2prc,917,6990.2,369.894,369.894,338,331,2,forward
ca_caverns2prc,918,7099.6,369.037,368.037,333,311,2,forward
ca_caverns2prc,919,6638.6,369.35,369.35,330,322,2,forward
ca_caverns2prc,920,6562,372.622,372.622,337,326,2,forward
ca_caverns2prc,921,7302.2,373.38,373.38,339,329,2,forward
ca_caverns2prc,922,7134.4,373.179,373.179,333,326,2,forward
ca_caverns2prc,923,7474.4,374.551,374.551,341,326,2,forward
ca_caverns2prc,924,6918.4,374.167,373.167,346,336,2,forward
ca_caverns2prc,925,7818.8,375.238,373.823,345,333,2,forward
ca_caverns2prc,926,7923.6,376.421,375.421,335,324,2,forward
ca_caverns2prc,927,7785,375.309,374.309,343,325,2,forward
ca_caverns2prc,928,7403.4,372.936,372.936,334,317,2,forward
ca_caverns2prc,929,7138.6,376.693,375.693,339,325,2,forward
ca_caverns2prc,930,8122.2,378.409,376.995,349,339,2,forward
ca_caverns2prc,931,6393,376.196,376.196,353,339,2,forward
ca_caverns2prc,932,7033,379.593,378.179,339,332,2,forward
ca_caverns2prc,933,7513.4,380.723,379.723,348,338,2,forward
ca_caverns2prc,934,7354.4,380.078,378.664,337,331,2,forward
ca_caverns2prc,935,6488.8,377.024,377.024,353,344,2,forward
ca_caverns2prc,936,7502,376.865,376.865,340,317,2,forward
ca_caverns2prc,937,7515,376.794,376.208,342,321,2,forward
ca_caverns2prc,938,6934.8,376.752,376.752,349,346,2,forward
ca_caverns2prc,939,8181.6,378.309,378.309,346,337,2,forward
ca_caverns2prc,940,8174.6,385.208,383.794,350,345,2,forward
ca_caverns2prc,941,8015,382.652,382.652,352,341,2,forward
ca_caverns2prc,942,8262.6,383.764,382.35,344,341,2,forward
ca_caverns2prc,943,7321.2,382.208,382.208,347,329,2,forward
ca_caverns2prc,944,7698,381.966,381.966,348,335,2,forward
ca_caverns2prc,945,7167.8,381.007,380.007,340,319,2,forward
ca_caverns2prc,946,8180.8,381.279,380.693,344,339,2,forward
ca_caverns2prc,947,7472.2,382.208,380.794,347,330,2,forward
ca_caverns2prc,948,7730.4,383.007,382.421,342,326,2,forward
ca_caverns2prc,949,8100,384.066,383.48,353,335,2,forward
ca_caverns2prc,950,7138.6,388.794,385.966,354,344,2,forward
ca_caverns2prc,951,8060.4,384.522,384.522,346,338,2,forward
ca_caverns2prc,952,7898,388.865,387.865,352,343,2,forward
ca_caverns2prc,953,7977.2,385.421,385.421,344,330,2,forward
ca_caverns2prc,954,7084.4,387.208,385.794,352,330,2,forward
ca_caverns2prc,955,6958.2,386.61,385.196,363,351,2,forward
ca_caverns2prc,956,7637.8,387.48,386.652,356,349,2,forward
ca_caverns2prc,957,7689.8,386.279,385.693,349,344,2,forward
ca_caverns2prc,958,8453.4,388.978,387.563,343,335,2,forward
ca_caverns2prc,959,7355.4,386.38,386.38,352,334,2,forward
ca_caverns2prc,960,8100.8,391.309,389.894,359,342,2,forward
ca_caverns2prc,961,7729.8,391.38,391.38,357,336,2,forward
ca_caverns2prc,962,8281.8,391.321,389.321,347,339,2,forward
ca_caverns2prc,963,7810,389.794,389.208,355,337,2,forward
ca_caverns2prc,964,7779.2,390.463,389.049,342,329,2,forward
ca_caverns2prc,965,7185,390.794,389.38,356,346,2,forward
ca_caverns2prc,966,7636,390.693,390.693,353,331,2,forward
ca_caverns2prc,967,8109.6,392.392,390.978,346,334,2,forward
ca_caverns2prc,968,8014.6,392.421,389.593,351,342,2,forward
ca_caverns2prc,969,7344.8,388.149,388.149,343,329,2,forward
ca_caverns2prc,970,7825.2,395.35,395.35,356,348,2,forward
ca_caverns2prc,971,8053,392.622,392.622,357,347,2,forward
ca_caverns2prc,972,7450.6,393.652,393.066,363,361,2,forward
ca_caverns2prc,973,7350.2,393.936,392.522,355,344,2,forward
ca_caverns2prc,974,9325.8,397.652,394.823,367,355,2,forward
ca_caverns2prc,975,8143.4,392.652,392.066,362,359,2,forward
ca_caverns2prc,976,7616.8,397.966,395.966,364,353,2,forward
ca_caverns2prc,977,8027.8,393.35,393.35,354,330,2,forward
ca_caverns2prc,978,8279.8,394.907,394.907,351,340,2,forward
ca_caverns2prc,979,7607.2,393.392,392.806,347,330,2,forward
ca_caverns2prc,980,7451,400.037,397.208,364,343,2,forward
ca_caverns2prc,981,7887.4,398.652,397.652,368,365,2,forward
ca_caverns2prc,982,7381.4,400.622,397.794,365,349,2,forward
ca_caverns2prc,983,7484.4,398.137,397.309,365,357,2,forward
ca_caverns2prc,984,6979.6,397.551,397.551,364,355,2,forward
ca_caverns2prc,985,7950.2,397.51,396.095,371,368,2,forward
ca_caverns2prc,986,8016.2,399.522,398.936,361,337,2,forward
ca_caverns2prc,987,7839,397.794,397.794,363,344,2,forward
ca_caverns2prc,988,8421.8,399.551,399.551,366,360,2,forward
ca_caverns2prc,989,7834.2,397.078,397.078,354,348,2,forward
ca_caverns2prc,990,8723.8,402.007,402.007,361,353,2,forward
ca_caverns2prc,991,8267.4,403.966,402.966,370,362,2,forward
ca_caverns2prc,992,7816.8,405.149,403.735,360,348,2,forward
ca_caverns2prc,993,8412.8,405.321,403.321,361,353,2,forward
ca_caverns2prc,994,8267.8,401.12,400.291,351,337,2,forward
ca_caverns2prc,995,8007,404.392,401.563,358,345,2,forward
ca_caverns2prc,996,8094.8,403.723,403.723,371,365,2,forward
ca_caverns2prc,997,8144,402.522,402.522,364,355,2,forward
ca_caverns2prc,998,8521,404.622,403.622,369,369,2,forward
ca_caverns2prc,999,7127.6,402.966,402.966,369,362,2,forward
ca_caverns2prc,1000,7767.8,409.22,406.392,362,350,2,forward
ca_caverns2prc,1001,8066,407.279,406.279,370,350,2,forward
ca_caverns2prc,1002,8920.8,405.037,404.451,369,364,2,forward
ca_caverns2prc,1003,7117.8,410.049,407.22,362,350,2,forward
ca_caverns2prc,1004,8193.2,405.291,404.463,356,339,2,forward
ca_caverns2prc,1005,8750.6,406.723,406.723,374,369,2,forward
ca_caverns2prc,1006,8415.2,404.078,404.078,361,357,2,forward
ca_caverns2prc,1007,8322.2,404.836,404.836,363,357,2,forward
ca_caverns2prc,1008,7299,407.208,406.208,372,359,2,forward
ca_caverns2prc,1009,8128.4,405.907,405.078,362,354,2,forward
ca_caverns2prc,1010,8292,412.593,411.593,372,355,2,forward
ca_caverns2prc,1011,7383.4,409.551,409.551,376,362,2,forward
ca_caverns2prc,1012,8242,411.664,411.664,369,360,2,forward
ca_caverns2prc,1013,8044.6,411.563,411.563,366,353,2,forward
ca_caverns2prc,1014,7812.4,413.208,411.794,378,357,2,forward
ca_caverns2prc,1015,7524,411.137,411.137,378,374,2,forward
ca_caverns2prc,1016,8166,411.078,410.492,368,357,2,forward
ca_caverns2prc,1017,7852.4,411.622,411.622,376,373,2,forward
ca_caverns2prc,1018,7872.8,412.865,411.865,376,354,2,forward
ca_caverns2prc,1019,8177.2,409.037,409.037,373,360,2,forward
ca_caverns2prc,1020,8785.8,412.664,412.664,370,363,2,forward
ca_caverns2prc,1021,8278.8,414.066,414.066,383,374,2,forward
ca_caverns2prc,1022,8545.4,413.078,413.078,370,356,2,forward
ca_caverns2prc,1023,8096.8,416.907,415.907,373,353,2,forward
ca_caverns2prc,1024,8054,416.463,414.463,368,349,2,forward
ca_caverns2prc,1025,7901.2,414.622,414.622,379,371,2,forward
ca_caverns2prc,1026,7858.2,412.693,412.693,375,355,2,forward
ca_caverns2prc,1027,7835.2,413.492,413.492,370,346,2,forward
ca_caverns2prc,1028,8107.4,415.179,415.179,375,354,2,forward
ca_caverns2prc,1029,8830.6,415.735,413.735,371,366,2,forward
ca_caverns2prc,1030,8298.2,416.291,416.291,367,355,2,forward
ca_caverns2prc,1031,8466.4,417.38,416.38,383,363,2,forward
ca_caverns2prc,1032,8183.4,419.12,419.12,369,354,2,forward
ca_caverns2prc,1033,7339,419.806,416.978,373,349,2,forward
ca_caverns2prc,1034,8510.2,419.522,419.522,381,371,2,forward
ca_caverns2prc,1035,9011.4,417.664,416.836,375,369,2,forward
ca_caverns2prc,1036,8308.4,419.037,419.037,383,374,2,forward
ca_caverns2prc,1037,7436.2,416.291,416.291,367,351,2,forward
ca_caverns2prc,1038,7755.4,419.291,419.291,370,351,2,forward
ca_caverns2prc,1039,9025,420.108,418.693,382,372,2,forward
ca_caverns2prc,1040,7937.6,420.836,420.007,379,377,2,forward
ca_caverns2prc,1041,8022.4,420.806,420.806,374,350,2,forward
ca_caverns2prc,1042,7582.8,422.22,422.22,375,370,2,forward
ca_caverns2prc,1043,8339,421.078,421.078,378,373,2,forward
ca_caverns2prc,1044,8205.2,421.078,421.078,378,358,2,forward
ca_caverns2prc,1045,8526.6,421.179,421.179,381,367,2,forward
ca_caverns2prc,1046,7558.4,423.22,422.22,376,367,2,forward
ca_caverns2prc,1047,8460,420.622,420.622,385,380,2,forward
ca_caverns2prc,1048,9051.6,425.25,423.836,383,375,2,forward
ca_caverns2prc,1049,9045.8,421.208,421.208,386,382,2,forward
ca_caverns2prc,1050,8629.6,427.262,427.262,373,361,2,forward
ca_caverns2prc,1051,7958,428.22,425.392,381,373,2,forward
ca_caverns2prc,1052,8389,427.463,427.463,379,357,2,forward
ca_caverns2prc,1053,8943,426.309,425.723,394,392,2,forward
ca_caverns2prc,1054,8384.4,425.978,424.563,380,369,2,forward
ca_caverns2prc,1055,8803.8,424.35,424.35,385,383,2,forward
ca_caverns2prc,1056,7901.2,427.836,427.836,386,383,2,forward
ca_caverns2prc,1057,8292.6,425.049,425.049,377,356,2,forward
ca_caverns2prc,1058,7652,428.291,427.291,379,367,2,forward
ca_caverns2prc,1059,8913.8,426.179,425.179,386,374,2,forward
ca_caverns2prc,1060,8052.4,430.007,430.007,389,385,2,forward
ca_caverns2prc,1061,8777.4,432.22,431.635,385,367,2,forward
ca_caverns2prc,1062,8734.8,428.35,428.35,389,383,2,forward
ca_caverns2prc,1063,8529.4,431.22,429.806,384,364,2,forward
ca_caverns2prc,1064,8912.2,428.451,428.451,392,372,2,forward
ca_caverns2prc,1065,8724.6,433.966,431.966,400,394,2,forward
ca_caverns2prc,1066,9076.8,429.777,429.777,378,364,2,forward
ca_caverns2prc,1067,8996.4,432.208,431.208,397,388,2,forward
ca_caverns2prc,1068,8080,430.706,430.706,381,376,2,forward
ca_caverns2prc,1069,9008.2,429.635,429.635,382,371,2,forward
ca_caverns2prc,1070,8662,434.693,434.108,397,370,2,forward
ca_caverns2prc,1071,11787.6,433.894,433.894,402,394,2,forward
ca_caverns2prc,1072,8554.4,438.38,435.551,404,376,2,forward
ca_caverns2prc,1073,12233.2,434.291,434.291,385,357,2,forward
ca_caverns2prc,1074,7934.6,436.563,433.735,391,374,2,forward
ca_caverns2prc,1075,8726.8,434.037,433.451,398,392,2,forward
ca_caverns2prc,1076,8840.8,433.309,433.309,401,400,2,forward
ca_caverns2prc,1077,8878.2,434.693,434.693,397,388,2,forward
ca_caverns2prc,1078,8562.8,432.522,432.522,394,373,2,forward
ca_caverns2prc,1079,9070.4,434.635,434.635,387,377,2,forward
ca_caverns2prc,1080,8607.2,436.563,436.563,391,373,2,forward
ca_caverns2prc,1081,8333.4,438.622,438.622,403,398,2,forward
ca_caverns2prc,1082,9006,440.492,439.078,397,376,2,forward
ca_caverns2prc,1083,9054.4,437.12,437.12,387,376,2,forward
ca_caverns2prc,1084,8660,436.723,436.137,404,396,2,forward
ca_caverns2prc,1085,7886.8,439.534,437.534,389,380,2,forward
ca_caverns2prc,1086,8506.2,436.948,436.948,386,367,2,forward
ca_caverns2prc,1087,8296.4,439.794,439.794,405,402,2,forward
ca_caverns2prc,1088,8723.2,437.563,437.563,392,371,2,forward
ca_caverns2prc,1089,9017.8,439.806,436.978,393,377,2,forward
ca_caverns2prc,1090,8701,442.865,442.865,406,390,2,forward
ca_caverns2prc,1091,9334.8,442.505,442.505,387,370,2,forward
ca_caverns2prc,1092,8871,442.978,442.978,397,378,2,forward
ca_caverns2prc,1093,11495.6,443.877,443.291,395,389,2,forward
ca_caverns2prc,1094,9042.6,444.806,443.806,398,390,2,forward
ca_caverns2prc,1095,11185.8,442.09,442.09,387,372,2,forward
ca_caverns2prc,1096,8931.8,445.451,443.451,409,398,2,forward
ca_caverns2prc,1097,8834.8,440.108,440.108,402,394,2,forward
ca_caverns2prc,1098,9199.8,443.463,443.463,395,382,2,forward
ca_caverns2prc,1099,7885.6,441.522,441.522,403,402,2,forward
ca_caverns2prc,1100,8793.6,445.037,445.037,409,398,2,forward
ca_caverns2prc,1101,8793.2,447.635,446.22,400,382,2,forward
ca_caverns2prc,1102,8610.2,447.764,446.936,408,403,2,forward
ca_caverns2prc,1103,9455.6,447.291,447.291,398,389,2,forward
ca_caverns2prc,1104,9343.2,445.208,445.208,410,400,2,forward
ca_caverns2prc,1105,8762,447.35,447.35,408,395,2,forward
ca_caverns2prc,1106,8976.2,446.635,445.635,399,395,2,forward
ca_caverns2prc,1107,8956.8,450.764,447.936,411,372,2,forward
ca_caverns2prc,1108,9274.6,446.321,445.321,402,394,2,forward
ca_caverns2prc,1109,8907,448.664,447.25,406,390,2,forward
ca_caverns2prc,1110,9259.6,451.279,451.279,414,392,2,forward
ca_caverns2prc,1111,8575.8,450.161,449.161,393,381,2,forward
ca_caverns2prc,1112,9058.8,449.747,449.747,393,380,2,forward
ca_caverns2prc,1113,8283.2,450.848,449.434,397,378,2,forward
ca_caverns2prc,1114,7940.4,452.505,449.676,397,377,2,forward
ca_caverns2prc,1115,8706.2,453.22,450.392,406,390,2,forward
ca_caverns2prc,1116,8628.2,451.362,450.362,400,377,2,forward
ca_caverns2prc,1117,12312.6,451.622,451.622,416,400,2,forward
ca_caverns2prc,1118,9183.6,448.907,448.907,405,386,2,forward
ca_caverns2prc,1119,11773.4,449.806,448.806,403,393,2,forward
ca_caverns2prc,1120,9101.8,455.208,455.208,420,415,2,forward
ca_caverns2prc,1121,8294,454.534,453.12,404,398,2,forward
ca_caverns2prc,1122,9120.4,454.894,454.894,423,422,2,forward
ca_caverns2prc,1123,8525.2,455.676,455.676,401,390,2,forward
ca_caverns2prc,1124,8660.4,455.037,455.037,419,411,2,forward
ca_caverns2prc,1125,8865.6,455.279,452.451,418,410,2,forward
ca_caverns2prc,1126,8434.4,454.764,454.764,415,407,2,forward
ca_caverns2prc,1127,9213.2,452.362,452.362,401,389,2,forward
ca_caverns2prc,1128,9186.2,455.35,452.522,416,405,2,forward
ca_caverns2prc,1129,8504.8,452.108,452.108,414,410,2,forward
ca_caverns2prc,1130,8843.2,456.693,456.693,419,400,2,forward
ca_caverns2prc,1131,9936.6,458.505,457.919,403,397,2,forward
ca_caverns2prc,1132,9431.2,457.563,456.735,412,390,2,forward
ca_caverns2prc,1133,9045,456.877,456.877,408,402,2,forward
ca_caverns2prc,1134,9390.2,462.22,459.392,415,407,2,forward
ca_caverns2prc,1135,8545.6,457.877,457.291,409,396,2,forward
ca_caverns2prc,1136,9390.4,460.877,459.463,412,389,2,forward
ca_caverns2prc,1137,9842.2,459.907,458.492,416,405,2,forward
ca_caverns2prc,1138,8891,457.421,457.421,416,413,2,forward
ca_caverns2prc,1139,8617.2,458.037,458.037,422,414,2,forward
ca_caverns2prc,1140,9381.4,462.605,461.191,410,399,2,forward
ca_caverns2prc,1141,9619.2,465.764,463.764,426,422,2,forward
ca_caverns2prc,1142,8794.2,460.12,460.12,410,402,2,forward
ca_caverns2prc,1143,8995,462.262,462.262,408,388,2,forward
ca_caverns2prc,1144,8879.8,463.25,462.664,421,413,2,forward
ca_caverns2prc,1145,8469.8,462.706,460.706,413,403,2,forward
ca_caverns2prc,1146,8927.8,462.291,462.291,413,398,2,forward
ca_caverns2prc,1147,9681.2,461.747,461.747,405,384,2,forward
ca_caverns2prc,1148,9594.2,464.894,463.894,433,426,2,forward
ca_caverns2prc,1149,13609.2,461.794,461.794,427,420,2,forward
ca_caverns2prc,1150,9558.4,467.019,467.019,414,395,2,forward
ca_caverns2prc,1151,12265.6,465.38,464.551,431,425,2,forward
ca_caverns2prc,1152,9419.6,465.421,465.421,424,403,2,forward
ca_caverns2prc,1153,8466.6,467.019,466.019,414,395,2,forward
ca_caverns2prc,1154,9485.2,467.635,467.635,420,415,2,forward
ca_caverns2prc,1155,9918.2,464.179,464.179,424,410,2,forward
ca_caverns2prc,1156,9339.8,467.948,467.12,417,411,2,forward
ca_caverns2prc,1157,9345.6,464.593,464.593,424,406,2,forward
ca_caverns2prc,1158,9835.2,467.061,467.061,407,401,2,forward
ca_caverns2prc,1159,9618.4,466.764,466.764,427,418,2,forward
ca_caverns2prc,1160,9728.8,471.706,470.291,422,409,2,forward
ca_caverns2prc,1161,9109.2,468.392,468.392,422,399,2,forward
ca_caverns2prc,1162,8377.8,472.676,471.676,418,408,2,forward
ca_caverns2prc,1163,8641.4,468.262,468.262,414,405,2,forward
ca_caverns2prc,1164,10046.6,470.25,469.664,428,411,2,forward
ca_caverns2prc,1165,10031.4,470.037,470.037,434,425,2,forward
ca_caverns2prc,1166,12182.4,469.22,469.22,422,412,2,forward
ca_caverns2prc,1167,9400.8,469.647,469.647,410,391,2,forward
ca_caverns2prc,1168,9447.8,470.421,470.421,429,413,2,forward
ca_caverns2prc,1169,8998.2,469.362,469.362,418,410,2,forward
ca_caverns2prc,1170,9661,477.38,475.966,443,432,2,forward
ca_caverns2prc,1171,13391.6,472.919,472.919,417,393,2,forward
ca_caverns2prc,1172,8572,474.291,474.291,425,411,2,forward
ca_caverns2prc,1173,8941.2,473.291,472.706,424,401,2,forward
ca_caverns2prc,1174,12391,474.706,474.706,425,409,2,forward
ca_caverns2prc,1175,9829.6,476.037,474.622,440,427,2,forward
ca_caverns2prc,1176,10103,473.605,472.605,421,408,2,forward
ca_caverns2prc,1177,9194,472.534,472.534,422,402,2,forward
ca_caverns2prc,1178,8442.6,473.291,473.291,424,416,2,forward
ca_caverns2prc,1179,9041.2,476.191,475.605,424,398,2,forward
ca_caverns2prc,1180,9203.2,477.262,476.676,423,403,2,forward
ca_caverns2prc,1181,9550.2,477.534,477.534,427,420,2,forward
ca_caverns2prc,1182,9644,477.434,477.434,424,415,2,forward
ca_caverns2prc,1183,9675.2,479.108,477.693,441,433,2,forward
ca_caverns2prc,1184,10028,479.078,479.078,436,421,2,forward
ca_caverns2prc,1185,9334.6,478.664,477.25,436,396,2,forward
ca_caverns2prc,1186,9813.6,477.22,477.22,430,428,2,forward
ca_caverns2prc,1187,9894.6,476.806,476.806,430,420,2,forward
ca_caverns2prc,1188,9317.4,477.593,477.007,437,417,2,forward
ca_caverns2prc,1189,8994.4,478.836,478.836,437,426,2,forward
ca_caverns2prc,1190,9854.4,486.463,483.635,438,428,2,forward
ca_caverns2prc,1191,9012.4,482.492,482.492,439,432,2,forward
ca_caverns2prc,1192,9511.4,482.978,482.978,437,429,2,forward
ca_caverns2prc,1193,9009.8,483.836,483.836,442,426,2,forward
ca_caverns2prc,1194,9438.6,484.563,481.735,439,390,2,forward
ca_caverns2prc,1195,10106.8,483.664,483.664,441,433,2,forward
ca_caverns2prc,1196,8998.2,480.563,480.563,435,414,2,forward
ca_caverns2prc,1197,9480.2,483.563,483.563,438,423,2,forward
ca_caverns2prc,1198,10017.4,482.635,482.635,435,423,2,forward
ca_caverns2prc,1199,8808.4,483.706,483.706,434,426,2,forward
ca_caverns2prc,1200,9838.6,484.877,484.877,436,426,2,forward
ca_caverns2prc,1201,9183.6,484.948,484.948,434,414,2,forward
ca_caverns2prc,1202,9471.4,486.22,486.22,439,420,2,forward
ca_caverns2prc,1203,9729,486.693,486.693,449,438,2,forward
ca_caverns2prc,1204,8564.8,485.321,485.321,441,433,2,forward
ca_caverns2prc,1205,8891.4,487.108,487.108,449,427,2,forward
ca_caverns2prc,1206,8772.2,485.191,484.605,433,424,2,forward
ca_caverns2prc,1207,9363,488.534,487.948,438,418,2,forward
ca_caverns2prc,1208,9907,486.747,485.747,430,418,2,forward
ca_caverns2prc,1209,10097.6,490.747,487.919,434,422,2,forward
ca_caverns2prc,1210,9689.4,490.647,490.061,431,424,2,forward
ca_caverns2prc,1211,9940.2,489.492,489.492,446,436,2,forward
ca_caverns2prc,1212,9244.2,488.593,488.593,448,429,2,forward
ca_caverns2prc,1213,9958.2,491.291,490.291,442,434,2,forward
ca_caverns2prc,1214,9948.4,491.534,491.534,441,422,2,forward
ca_caverns2prc,1215,8903.6,492.605,491.191,440,427,2,forward
ca_caverns2prc,1216,9399.6,490.191,490.191,438,411,2,forward
ca_caverns2prc,1217,9587.2,488.22,488.22,441,426,2,forward
ca_caverns2prc,1218,9573.4,488.534,488.534,438,414,2,forward
ca_caverns2prc,1219,8554.2,490.421,490.421,449,440,2,forward
ca_caverns2prc,1220,10237,493.262,493.262,439,429,2,forward
ca_caverns2prc,1221,9617.2,493.161,492.576,436,414,2,forward
ca_caverns2prc,1222,9750.8,494.22,492.806,447,429,2,forward
ca_caverns2prc,1223,8847.8,493.978,493.978,448,440,2,forward
ca_caverns2prc,1224,9899.2,492.919,492.09,437,427,2,forward
ca_caverns2prc,1225,9682.6,492.019,492.019,439,419,2,forward
ca_caverns2prc,1226,10088.6,492.434,492.434,439,428,2,forward
ca_caverns2prc,1227,10183.4,494.291,492.877,445,424,2,forward
ca_caverns2prc,1228,9413.8,494.706,493.291,445,424,2,forward
ca_caverns2prc,1229,8980,493.576,493.576,436,432,2,forward
ca_caverns2prc,1230,9870.2,498.664,498.078,456,437,2,forward
ca_caverns2prc,1231,8860.4,496.233,496.233,437,429,2,forward
ca_caverns2prc,1232,9791.4,496.09,496.09,441,431,2,forward
ca_caverns2prc,1233,8599.4,498.848,497.434,445,428,2,forward
ca_caverns2prc,1234,8914,497.321,497.321,453,446,2,forward
ca_caverns2prc,1235,10236.6,498.304,497.475,437,425,2,forward
ca_caverns2prc,1236,8632.6,498.764,498.764,459,448,2,forward
ca_caverns2prc,1237,9180.4,497.179,497.179,457,437,2,forward
ca_caverns2prc,1238,9410.4,498.362,497.534,447,426,2,forward
ca_caverns2prc,1239,9350.4,498.877,496.049,450,441,2,forward
ca_caverns2prc,1240,9272.8,503.049,501.635,455,444,2,forward
ca_caverns2prc,1241,9194,503.375,503.375,440,424,2,forward
ca_caverns2prc,1242,10234.2,503.421,503.421,462,451,2,forward
ca_caverns2prc,1243,9684.8,503.522,503.522,465,443,2,forward
ca_caverns2prc,1244,9289.2,504.978,503.563,459,453,2,forward
ca_caverns2prc,1245,8647.8,501.764,500.936,462,450,2,forward
ca_caverns2prc,1246,9393.4,503.463,503.463,455,431,2,forward
ca_caverns2prc,1247,11134.4,503.078,502.492,460,458,2,forward
ca_caverns2prc,1248,9860.4,502.836,502.25,461,442,2,forward
ca_caverns2prc,1249,8516,500.108,500.108,462,453,2,forward
ca_caverns2prc,1250,8839,507.463,507.463,459,451,2,forward
ca_caverns2prc,1251,9542,508.446,505.617,443,432,2,forward
ca_caverns2prc,1252,9813.8,507.664,507.664,465,444,2,forward
ca_caverns2prc,1253,10270.8,506.049,505.049,458,442,2,forward
ca_caverns2prc,1254,10343.6,505.593,504.593,465,457,2,forward
ca_caverns2prc,1255,10843,510.161,507.333,453,443,2,forward
ca_caverns2prc,1256,9784,504.492,504.492,461,437,2,forward
ca_caverns2prc,1257,9178.2,508.505,505.676,453,437,2,forward
ca_caverns2prc,1258,10073.6,506.09,506.09,451,429,2,forward
ca_caverns2prc,1259,9985,505.534,505.534,455,439,2,forward
ca_caverns2prc,1260,10429,508.978,508.978,463,452,2,forward
ca_caverns2prc,1261,10101.4,510.99,510.161,453,436,2,forward
ca_caverns2prc,1262,10112.8,511.777,511.777,460,444,2,forward
ca_caverns2prc,1263,9177.6,510.22,510.22,463,454,2,forward
ca_caverns2prc,1264,10351.2,510.735,510.149,466,446,2,forward
ca_caverns2prc,1265,9468.2,511.889,509.061,451,440,2,forward
ca_caverns2prc,1266,9993.4,509.777,509.777,458,438,2,forward
ca_caverns2prc,1267,10044.4,510.421,510.421,469,447,2,forward
ca_caverns2prc,1268,10672.6,510.96,509.96,448,438,2,forward
ca_caverns2prc,1269,9962.8,510.22,510.22,463,440,2,forward
ca_caverns2prc,1270,10396.2,516.291,513.463,467,450,2,forward
ca_caverns2prc,1271,9933.6,512.463,512.463,464,444,2,forward
ca_caverns2prc,1272,9985.8,515.362,515.362,464,443,2,forward
ca_caverns2prc,1273,10377.4,512.149,512.149,467,447,2,forward
ca_caverns2prc,1274,10471,515.203,513.789,451,437,2,forward
ca_caverns2prc,1275,10157,513.22,513.22,466,456,2,forward
ca_caverns2prc,1276,9862.8,515.09,515.09,460,450,2,forward
ca_caverns2prc,1277,9573,516.049,515.049,468,455,2,forward
ca_caverns2prc,1278,10302.8,512.647,512.647,453,438,2,forward
ca_caverns2prc,1279,10463.4,515.806,515.806,469,451,2,forward
ca_caverns2prc,1280,10530.2,520.948,518.12,470,458,2,forward
ca_caverns2prc,1281,10316.2,520.563,519.563,475,423,2,forward
ca_caverns2prc,1282,9923.8,516.434,516.434,463,453,2,forward
ca_caverns2prc,1283,10189,516.534,516.534,466,450,2,forward
ca_caverns2prc,1284,10030.2,516.262,516.262,462,437,2,forward
ca_caverns2prc,1285,10930.6,518.446,518.446,453,439,2,forward
ca_caverns2prc,1286,10120.2,518.12,518.12,468,449,2,forward
ca_caverns2prc,1287,9606.2,520.333,519.333,464,455,2,forward
ca_caverns2prc,1288,10095.4,516.475,516.475,456,434,2,forward
ca_caverns2prc,1289,10570.2,520.12,519.291,470,465,2,forward
ca_caverns2prc,1290,10215.2,524.12,523.12,474,442,2,forward
ca_caverns2prc,1291,10270.2,523.848,523.262,470,451,2,forward
ca_caverns2prc,1292,10500,523.463,523.463,475,465,2,forward
ca_caverns2prc,1293,10006.4,523.777,523.777,472,450,2,forward
ca_caverns2prc,1294,9609.6,522.789,522.203,459,454,2,forward
ca_caverns2prc,1295,10155.6,523.505,521.505,468,459,2,forward
ca_caverns2prc,1296,10619.2,523.919,523.919,468,453,2,forward
ca_caverns2prc,1297,10000.2,520.191,520.191,468,443,2,forward
ca_caverns2prc,1298,10205,522.22,520.806,475,447,2,forward
ca_caverns2prc,1299,10178,521.22,521.22,474,466,2,forward
ca_caverns2prc,1300,9792.8,529.505,526.676,474,462,2,forward
ca_caverns2prc,1301,9761.2,526.375,526.375,463,453,2,forward
ca_caverns2prc,1302,10254.4,529.362,527.948,478,434,2,forward
ca_caverns2prc,1303,10966,526.848,525.262,473,467,2,forward
ca_caverns2prc,1304,10991.8,526.12,525.291,476,457,2,forward
ca_caverns2prc,1305,10881.2,526.789,525.96,463,442,2,forward
ca_caverns2prc,1306,10536.6,526.919,526.333,471,451,2,forward
ca_caverns2prc,1307,10253.6,526.132,526.132,464,443,2,forward
ca_caverns2prc,1308,10374.8,526.605,526.605,474,453,2,forward
ca_caverns2prc,1309,10500.6,525.978,525.978,480,477,2,forward
ca_caverns2prc,1310,10304,528.605,528.605,476,455,2,forward
ca_caverns2prc,1311,9692.4,532.404,529.576,474,470,2,forward
ca_caverns2prc,1312,10247.2,531.706,531.706,482,465,2,forward
ca_caverns2prc,1313,10608.8,529.948,529.948,479,473,2,forward
ca_caverns2prc,1314,10665.6,531.877,531.291,483,478,2,forward
ca_caverns2prc,1315,10177.6,529.262,529.262,475,466,2,forward
ca_caverns2prc,1316,10141,528.617,528.617,464,452,2,forward
ca_caverns2prc,1317,10534.8,531.463,530.049,483,474,2,forward
ca_caverns2prc,1318,11119.6,530.948,529.534,480,463,2,forward
ca_caverns2prc,1319,9509.4,529.688,528.688,463,455,2,forward
ca_caverns2prc,1320,10671.2,535.019,534.434,482,460,2,forward
ca_caverns2prc,1321,10854.2,535.191,535.191,483,465,2,forward
ca_caverns2prc,1322,10435.8,532.191,532.191,480,473,2,forward
ca_caverns2prc,1323,10986,536.546,535.546,474,467,2,forward
ca_caverns2prc,1324,10596.2,534.505,534.505,479,477,2,forward
ca_caverns2prc,1325,11060,533.948,533.948,483,461,2,forward
ca_caverns2prc,1326,9894,537.032,535.617,472,459,2,forward
ca_caverns2prc,1327,10492.4,535.877,535.291,487,472,2,forward
ca_caverns2prc,1328,10565,535.032,534.032,470,459,2,forward
ca_caverns2prc,1329,10453.6,536.12,535.534,486,469,2,forward
ca_caverns2prc,1330,9891.6,538.96,538.96,476,469,2,forward
ca_caverns2prc,1331,10641.8,536.676,536.676,482,474,2,forward
ca_caverns2prc,1332,10681.8,538.049,538.049,490,467,2,forward
ca_caverns2prc,1333,10767.2,537.262,536.676,483,462,2,forward
ca_caverns2prc,1334,10400.4,536.463,536.463,488,475,2,forward
ca_caverns2prc,1335,11182.6,536.931,536.931,469,457,2,forward
ca_caverns2prc,1336,10736.8,538.291,538.291,489,453,2,forward
ca_caverns2prc,1337,10459.4,538.019,537.434,485,463,2,forward
ca_caverns2prc,1338,10534.8,537.777,536.362,486,469,2,forward
ca_caverns2prc,1339,10393.2,537.877,536.463,489,437,2,forward
ca_caverns2prc,1340,11452.2,545.262,543.848,491,467,2,forward
ca_caverns2prc,1341,10873.4,543.806,542.806,497,488,2,forward
ca_caverns2prc,1342,11216.6,543.09,542.262,488,466,2,forward
ca_caverns2prc,1343,10548,541.049,541.049,493,482,2,forward
ca_caverns2prc,1344,10430.8,542.718,542.718,481,465,2,forward
ca_caverns2prc,1345,11367,542.777,542.777,491,486,2,forward
ca_caverns2prc,1346,11466.6,545.333,543.919,489,475,2,forward
ca_caverns2prc,1347,9749.2,543.534,543.534,493,485,2,forward
ca_caverns2prc,1348,11225.8,542.446,541.032,477,452,2,forward
ca_caverns2prc,1349,14007.2,543.931,542.931,476,469,2,forward
ca_caverns2prc,1350,11155.4,545.291,545.291,496,477,2,forward
ca_caverns2prc,1351,13980.2,548.103,545.274,481,471,2,forward
ca_caverns2prc,1352,10401.4,546.245,545.416,475,462,2,forward
ca_caverns2prc,1353,10953,545.019,544.191,492,470,2,forward
ca_caverns2prc,1354,9761.6,545.434,544.605,492,486,2,forward
ca_caverns2prc,1355,11400.2,550.463,547.635,502,482,2,forward
ca_caverns2prc,1356,11159.8,545.12,545.12,495,475,2,forward
ca_caverns2prc,1357,10301,546.747,545.919,490,486,2,forward
ca_caverns2prc,1358,10137.4,544.759,544.174,476,465,2,forward
ca_caverns2prc,1359,11023.4,547.463,547.463,499,493,2,forward
ca_caverns2prc,1360,10955,548.818,548.818,490,474,2,forward
ca_caverns2prc,1361,10944.4,550.049,550.049,502,495,2,forward
ca_caverns2prc,1362,10882.4,549.191,549.191,497,474,2,forward
ca_caverns2prc,1363,11091.2,550.404,548.99,492,473,2,forward
ca_caverns2prc,1364,10105.4,552.404,550.99,494,491,2,forward
ca_caverns2prc,1365,11121.2,550.416,550.416,480,467,2,forward
ca_caverns2prc,1366,11028.2,550.404,549.818,492,473,2,forward
ca_caverns2prc,1367,10839.6,549.706,549.706,500,489,2,forward
ca_caverns2prc,1368,9995.6,551.161,551.161,494,486,2,forward
ca_caverns2prc,1369,10387,552.404,550.99,494,482,2,forward
ca_caverns2prc,1370,11098.8,555.049,554.463,507,499,2,forward
ca_caverns2prc,1371,10937.8,552.362,552.362,501,478,2,forward
ca_caverns2prc,1372,13719,555.931,553.103,488,470,2,forward
ca_caverns2prc,1373,11302.8,557.463,554.635,509,503,2,forward
ca_caverns2prc,1374,10642.2,553.605,552.191,501,489,2,forward
ca_caverns2prc,1375,10691.2,552.233,552.233,493,482,2,forward
ca_caverns2prc,1376,11709.6,555.647,555.647,496,492,2,forward
ca_caverns2prc,1377,10502.2,555.245,552.416,484,467,2,forward
ca_caverns2prc,1378,10968.6,554.777,554.777,503,485,2,forward
ca_caverns2prc,1379,11342.2,554.919,553.505,499,477,2,forward
ca_caverns2prc,1380,9854.4,557.676,557.676,503,491,2,forward
ca_caverns2prc,1381,10549.6,558.919,558.919,503,481,2,forward
ca_caverns2prc,1382,11195.8,562.22,559.392,515,461,2,forward
ca_caverns2prc,1383,11563.4,558.345,557.517,490,479,2,forward
ca_caverns2prc,1384,11109.4,558.534,557.948,508,492,2,forward
ca_caverns2prc,1385,10431,559.676,558.262,505,493,2,forward
ca_caverns2prc,1386,10152.6,559.061,559.061,499,491,2,forward
ca_caverns2prc,1387,11336.2,559.12,559.12,509,504,2,forward
ca_caverns2prc,1388,11725.4,559.233,559.233,500,489,2,forward
ca_caverns2prc,1389,11182,560.233,559.233,501,485,2,forward
ca_caverns2prc,1390,11141,562.534,562.534,512,495,2,forward
ca_caverns2prc,1391,11495.8,561.818,561.818,503,498,2,forward
ca_caverns2prc,1392,11249.4,564.291,562.877,515,505,2,forward
ca_caverns2prc,1393,11634.2,563.659,563.659,492,472,2,forward
ca_caverns2prc,1394,11227.4,560.12,560.12,510,500,2,forward
ca_caverns2prc,1395,10807,563.948,563.948,513,494,2,forward
ca_caverns2prc,1396,10568.8,561.161,560.576,504,495,2,forward
ca_caverns2prc,1397,14053.4,563.718,563.718,502,478,2,forward
ca_caverns2prc,1398,10971.2,560.706,560.12,511,494,2,forward
ca_caverns2prc,1399,11857.8,561.132,560.132,499,485,2,forward
ca_caverns2prc,1400,15082.2,566.161,566.161,509,486,2,forward
ca_caverns2prc,1401,11518.6,565.706,565.706,516,509,2,forward
ca_caverns2prc,1402,13588.4,568.777,567.777,517,512,2,forward
ca_caverns2prc,1403,10896.4,567.505,566.919,512,491,2,forward
ca_caverns2prc,1404,10909.2,565.919,565.919,510,486,2,forward
ca_caverns2prc,1405,11057.2,565.446,564.86,500,489,2,forward
ca_caverns2prc,1406,11162.6,565.463,564.877,517,506,2,forward
ca_caverns2prc,1407,11698.2,569.576,566.747,512,490,2,forward
ca_caverns2prc,1408,11220.2,567.831,567.831,497,484,2,forward
ca_caverns2prc,1409,10874.8,564.706,564.12,515,500,2,forward
ca_caverns2prc,1410,11109,568.877,568.877,520,478,2,forward
ca_caverns2prc,1411,11131.2,569.747,569.747,513,500,2,forward
ca_caverns2prc,1412,11606,571.362,571.362,520,497,2,forward
ca_caverns2prc,1413,11537,568.475,568.475,508,497,2,forward
ca_caverns2prc,1414,11293.8,568.362,568.362,517,501,2,forward
ca_caverns2prc,1415,11572,571.789,571.789,508,488,2,forward
ca_caverns2prc,1416,11160.8,571.049,571.049,523,475,2,forward
ca_caverns2prc,1417,10936.2,570.22,570.22,523,503,2,forward
ca_caverns2prc,1418,11256.2,568.475,568.475,508,491,2,forward
ca_caverns2prc,1419,10383,570.647,570.061,511,501,2,forward
ca_caverns2prc,1420,12636.8,575.019,572.191,522,518,2,forward
ca_caverns2prc,1421,11487.8,578.446,575.617,513,500,2,forward
ca_caverns2prc,1422,10716.8,573.233,573.233,514,501,2,forward
ca_caverns2prc,1423,11579,574.291,574.291,525,499,2,forward
ca_caverns2prc,1424,11618.6,578.617,575.789,514,505,2,forward
ca_caverns2prc,1425,11035.4,575.22,573.806,528,476,2,forward
ca_caverns2prc,1426,11799,574.688,573.688,508,489,2,forward
ca_caverns2prc,1427,11246.4,575.061,574.061,515,495,2,forward
ca_caverns2prc,1428,11641.6,577.161,575.747,520,496,2,forward
ca_caverns2prc,1429,11140.6,575.434,572.605,522,469,2,forward
ca_caverns2prc,1430,11096.4,577.818,577.818,519,510,2,forward
ca_caverns2prc,1431,11760.4,577.877,577.877,529,522,2,forward
ca_caverns2prc,1432,11181.8,577.605,577.605,525,506,2,forward
ca_caverns2prc,1433,10586,576.475,576.475,516,502,2,forward
ca_caverns2prc,1434,11474,578.706,578.706,529,505,2,forward
ca_caverns2prc,1435,11162,579.706,578.706,530,517,2,forward
ca_caverns2prc,1436,11739.6,577.806,577.806,531,528,2,forward
ca_caverns2prc,1437,11986,578.387,578.387,503,485,2,forward
ca_caverns2prc,1438,12272.8,576.718,576.718,515,502,2,forward
ca_caverns2prc,1439,19052.4,579.647,578.233,520,498,2,forward
ca_caverns2prc,1440,15104,584.759,583.759,516,506,2,forward
ca_caverns2prc,1441,11987,584.463,583.463,536,531,2,forward
ca_caverns2prc,1442,14242,581.759,580.931,513,497,2,forward
ca_caverns2prc,1443,10585.6,584.103,582.688,517,509,2,forward
ca_caverns2prc,1444,11101.4,580.777,580.191,529,505,2,forward
ca_caverns2prc,1445,11735.2,581.747,581.747,525,511,2,forward
ca_caverns2prc,1446,11188.2,583.049,583.049,535,517,2,forward
ca_caverns2prc,1447,11024.4,581.605,581.605,529,503,2,forward
ca_caverns2prc,1448,11253,581.12,580.291,531,521,2,forward
ca_caverns2prc,1449,11978.8,580.132,580.132,518,504,2,forward
ca_caverns2prc,1450,11716.8,589.877,587.049,541,533,2,forward
ca_caverns2prc,1451,12067,587.032,585.617,522,503,2,forward
ca_caverns2prc,1452,11660.2,586.706,586.706,537,524,2,forward
ca_caverns2prc,1453,11841.4,586.032,586.032,521,499,2,forward
ca_caverns2prc,1454,11374.6,586.291,586.291,537,525,2,forward
ca_caverns2prc,1455,11850.6,585.848,585.848,532,516,2,forward
ca_caverns2prc,1456,14734.2,587.919,587.919,532,510,2,forward
ca_caverns2prc,1457,11232.2,586.174,586.174,517,508,2,forward
ca_caverns2prc,1458,13592.4,588.434,587.848,535,506,2,forward
ca_caverns2prc,1459,11525.6,585.103,585.103,518,503,2,forward
ca_caverns2prc,1460,11818,593.789,590.96,530,515,2,forward
ca_caverns2prc,1461,11571.6,590.831,589.831,520,511,2,forward
ca_caverns2prc,1462,11715.6,591.103,590.103,524,514,2,forward
ca_caverns2prc,1463,13594.4,592.688,591.274,526,524,2,forward
ca_caverns2prc,1464,12033.6,589.789,588.375,526,513,2,forward
ca_caverns2prc,1465,14220,589.132,589.132,527,505,2,forward
ca_caverns2prc,1466,11509.8,589.174,589.174,520,506,2,forward
ca_caverns2prc,1467,11399,592.416,591.002,522,515,2,forward
ca_caverns2prc,1468,10867,591.931,590.517,524,512,2,forward
ca_caverns2prc,1469,11895.8,591.86,590.86,526,512,2,forward
ca_caverns2prc,1470,12064.6,595.12,594.12,545,534,2,forward
ca_caverns2prc,1471,11368.4,595.049,595.049,547,521,2,forward
ca_caverns2prc,1472,11316,595.434,594.019,542,527,2,forward
ca_caverns2prc,1473,11190.2,592.262,592.262,538,512,2,forward
ca_caverns2prc,1474,11524,593.333,593.333,537,513,2,forward
ca_caverns2prc,1475,11780,595.789,594.375,532,517,2,forward
ca_caverns2prc,1476,11908.2,594.002,594.002,524,513,2,forward
ca_caverns2prc,1477,15982.8,596.889,594.061,536,500,2,forward
ca_caverns2prc,1478,15070.8,595.22,594.635,548,538,2,forward
ca_caverns2prc,1479,16465.4,593.877,593.877,545,522,2,forward
ca_caverns2prc,1480,11114.4,596.446,596.446,531,518,2,forward
ca_caverns2prc,1481,11384.4,599.99,599.99,542,515,2,forward
ca_caverns2prc,1482,11952,599.96,599.96,537,515,2,forward
ca_caverns2prc,1483,11357.2,597.191,597.191,545,518,2,forward
ca_caverns2prc,1484,11699,599.404,596.576,541,491,2,forward
ca_caverns2prc,1485,11527.2,600.588,599.174,531,517,2,forward
ca_caverns2prc,1486,12072,599.375,598.375,536,516,2,forward
ca_caverns2prc,1487,11801.2,600.818,597.99,542,493,2,forward
ca_caverns2prc,1488,12199.6,599.274,597.86,533,516,2,forward
ca_caverns2prc,1489,11783.8,600.333,599.747,544,523,2,forward
ca_caverns2prc,1490,11814.6,601.86,601.86,536,524,2,forward
ca_caverns2prc,1491,11962,602.818,602.818,544,539,2,forward
ca_caverns2prc,1492,12247.6,603.659,602.831,532,515,2,forward
ca_caverns2prc,1493,11996.6,603.404,601.99,545,518,2,forward
ca_caverns2prc,1494,12210.2,600.416,600.416,530,510,2,forward
ca_caverns2prc,1495,12139.8,603.517,603.517,536,528,2,forward
ca_caverns2prc,1496,11779.2,604.475,603.061,544,505,2,forward
ca_caverns2prc,1497,11561.6,601.103,601.103,534,529,2,forward
ca_caverns2prc,1498,11946.2,603.546,602.132,541,506,2,forward
ca_caverns2prc,1499,11853.4,601.032,600.446,536,513,2,forward
ca_caverns2prc,1500,11445.4,604.233,604.233,545,500,2,forward
ca_caverns2prc,1501,11817.4,608.889,607.475,548,528,2,forward
ca_caverns2prc,1502,11907,605.345,604.517,537,525,2,forward
ca_caverns2prc,1503,11617.8,608.688,605.86,542,520,2,forward
ca_caverns2prc,1504,12283.2,607.203,606.203,543,525,2,forward
ca_caverns2prc,1505,11499.6,606.103,605.517,539,525,2,forward
ca_caverns2prc,1506,11508.8,605.747,605.747,549,524,2,forward
ca_caverns2prc,1507,12122.6,610.345,607.517,542,525,2,forward
ca_caverns2prc,1508,11924.4,607.517,607.517,540,526,2,forward
ca_caverns2prc,1509,10688.2,605.103,605.103,538,525,2,forward
ca_caverns2prc,1510,12257.4,608.161,608.161,551,550,2,forward
ca_caverns2prc,1511,12058.4,609.103,609.103,542,518,2,forward
ca_caverns2prc,1512,11985.6,610.203,610.203,546,528,2,forward
ca_caverns2prc,1513,11979.4,611.747,611.747,555,539,2,forward
ca_caverns2prc,1514,11718.4,610.061,609.061,550,545,2,forward
ca_caverns2prc,1515,11841.8,608.718,608.718,547,526,2,forward
ca_caverns2prc,1516,11663.2,610.889,609.889,550,520,2,forward
ca_caverns2prc,1517,12016.2,610.203,608.203,546,537,2,forward
ca_caverns2prc,1518,12070.8,612.617,611.203,548,523,2,forward
ca_caverns2prc,1519,12339.8,611.759,611.174,543,537,2,forward
ca_caverns2prc,1520,12248.6,614.061,613.061,554,549,2,forward
ca_caverns2prc,1521,12415.2,615.304,613.889,554,545,2,forward
ca_caverns2prc,1522,12381.6,612.688,612.688,546,523,2,forward
ca_caverns2prc,1523,12146,615.831,614.416,545,535,2,forward
ca_caverns2prc,1524,12067.2,614.931,614.345,547,531,2,forward
ca_caverns2prc,1525,12718.2,613.759,613.759,545,539,2,forward
ca_caverns2prc,1526,12088.2,616.647,615.233,557,545,2,forward
ca_caverns2prc,1527,12068.8,614.759,613.345,546,541,2,forward
ca_caverns2prc,1528,12206.8,614.203,614.203,550,515,2,forward
ca_caverns2prc,1529,12049.8,614.617,614.617,550,541,2,forward
ca_caverns2prc,1530,12143.6,618.103,618.103,551,535,2,forward
ca_caverns2prc,1531,12634.6,618.659,618.659,547,542,2,forward
ca_caverns2prc,1532,12112.2,620.375,618.375,557,535,2,forward
ca_caverns2prc,1533,12115.8,619.647,619.647,560,559,2,forward
ca_caverns2prc,1534,11915.4,619.647,618.233,560,540,2,forward
ca_caverns2prc,1535,11945.4,622.304,619.475,561,555,2,forward
ca_caverns2prc,1536,11809,619.475,618.889,559,536,2,forward
ca_caverns2prc,1537,11906.6,622.304,619.475,561,548,2,forward
ca_caverns2prc,1538,12658.6,618.617,618.617,554,532,2,forward
ca_caverns2prc,1539,12052,618.818,618.818,560,543,2,forward
ca_caverns2prc,1540,12088.8,620.759,620.759,552,535,2,forward
ca_caverns2prc,1541,12068.8,622.931,622.931,555,539,2,forward
ca_caverns2prc,1542,12266.6,624.718,622.718,563,546,2,forward
ca_caverns2prc,1543,11963.8,623.304,622.475,562,537,2,forward
ca_caverns2prc,1544,12004.6,624.233,622.818,565,551,2,forward
ca_caverns2prc,1545,11899.6,623.032,622.446,558,533,2,forward
ca_caverns2prc,1546,12106.2,622.475,621.475,562,551,2,forward
ca_caverns2prc,1547,12425.2,623.931,622.517,556,517,2,forward
ca_caverns2prc,1548,12108.8,622.132,622.132,560,537,2,forward
ca_caverns2prc,1549,12156.8,621.404,621.404,563,543,2,forward
ca_caverns2prc,1550,12022.4,625.061,625.061,565,546,2,forward
ca_caverns2prc,1551,12007.4,626.233,625.233,567,556,2,forward
ca_caverns2prc,1552,12596,626.688,626.688,560,517,2,forward
ca_caverns2prc,1553,12091,624.96,624.96,562,538,2,forward
ca_caverns2prc,1554,11867.4,626.274,624.86,560,533,2,forward
ca_caverns2prc,1555,12297,627.546,627.546,565,514,2,forward
ca_caverns2prc,1556,12507.2,626.889,625.475,566,560,2,forward
ca_caverns2prc,1557,11921.6,627.061,627.061,567,546,2,forward
ca_caverns2prc,1558,12098.6,624.617,624.617,560,539,2,forward
ca_caverns2prc,1559,12152.8,625.203,624.617,561,534,2,forward
