map,scenid,tcost,distance,expect,steps,access,r,itype
ca_caverns2prc,0,299,6.24264,6.24264,5,0,0,forward
ca_caverns2prc,1,178,6,6,6,0,0,forward
ca_caverns2prc,2,169.4,6.24264,6.24264,5,0,0,forward
ca_caverns2prc,3,148.2,4.82843,4.82843,4,0,0,forward
ca_caverns2prc,4,238.8,6.82843,6.82843,6,1,0,forward
ca_caverns2prc,5,129.6,4.41421,4.41421,4,0,0,forward
ca_caverns2prc,6,232,6.24264,6.24264,5,0,0,forward
ca_caverns2prc,7,247.4,5.82843,5.82843,5,2,0,forward
ca_caverns2prc,8,229.6,7.82843,7.82843,7,1,0,forward
ca_caverns2prc,9,180.2,6,6,6,0,0,forward
ca_caverns2prc,10,309.8,11.0711,11.0711,9,0,0,forward
ca_caverns2prc,11,463.8,8,8,8,4,0,forward
ca_caverns2prc,12,407.4,8.41421,8.41421,8,6,0,forward
ca_caverns2prc,13,186.2,8.24264,8.24264,7,0,0,forward
ca_caverns2prc,14,158.6,8.48528,8.48528,6,0,0,forward
ca_caverns2prc,15,141.4,8.48528,8.48528,6,0,0,forward
ca_caverns2prc,16,187,9.48528,9.48528,7,0,0,forward
ca_caverns2prc,17,300,8.82843,8.82843,8,3,0,forward
ca_caverns2prc,18,198.6,9.07107,9.07107,7,0,0,forward
ca_caverns2prc,19,294.4,9.82843,9.82843,9,1,0,forward
ca_caverns2prc,20,485,14.8995,14.8995,12,7,0,forward
ca_caverns2prc,21,258,13.4853,13.4853,11,0,0,forward
ca_caverns2prc,22,242.8,13.7279,13.7279,10,0,0,forward
ca_caverns2prc,23,465.2,13.8284,13.8284,13,2,0,forward
ca_caverns2prc,24,747.6,12.2426,12.2426,11,10,0,forward
ca_caverns2prc,25,243.4,13.6569,13.6569,12,0,0,forward
ca_caverns2prc,26,254.2,13.7279,13.7279,10,0,0,forward
ca_caverns2prc,27,528.6,14.8284,14.8284,14,3,0,forward
ca_caverns2prc,28,532.8,15.4853,15.4853,13,6,0,forward
ca_caverns2prc,29,263,12.6569,12.6569,11,0,0,forward
ca_caverns2prc,30,586,19.5563,19.5563,15,5,0,forward
ca_caverns2prc,31,452.6,16.8995,16.8995,14,7,0,forward
ca_caverns2prc,32,655,16.8284,16.8284,16,15,0,forward
ca_caverns2prc,33,312.6,16,16,16,0,0,forward
ca_caverns2prc,34,257,16.4142,16.4142,16,0,0,forward
ca_caverns2prc,35,831,19.4853,19.4853,17,14,0,forward
ca_caverns2prc,36,328,18,18,18,0,0,forward
ca_caverns2prc,37,281.2,19.4853,19.4853,17,0,0,forward
ca_caverns2prc,38,623.4,17.4853,17.4853,15,10,0,forward
ca_caverns2prc,39,243.6,17.4853,17.4853,15,0,0,forward
ca_caverns2prc,40,791.8,23.2426,23.2426,22,13,0,forward
ca_caverns2prc,41,793.4,21.5563,21.5563,17,11,0,forward
ca_caverns2prc,42,752.6,20.0711,20.0711,18,12,0,forward
ca_caverns2prc,43,283.8,20.799,20.799,15,0,0,forward
ca_caverns2prc,44,444.8,23.4142,23.4142,23,1,0,forward
ca_caverns2prc,45,727.4,20.6569,20.6569,19,17,0,forward
ca_caverns2prc,46,460.2,21.3137,21.3137,18,2,0,forward
ca_caverns2prc,47,549.2,22.7279,22.7279,19,1,0,forward
ca_caverns2prc,48,664,21.799,21.799,16,7,0,forward
ca_caverns2prc,49,677,20.4853,20.4853,18,12,0,forward
ca_caverns2prc,50,838.2,27.2426,27.2426,26,10,0,forward
ca_caverns2prc,51,751.6,27.4853,27.4853,25,17,0,forward
ca_caverns2prc,52,582,27.2132,27.2132,21,6,0,forward
ca_caverns2prc,53,476.4,24.5563,24.5563,20,2,0,forward
ca_caverns2prc,54,604.2,25.3848,25.3848,20,4,0,forward
ca_caverns2prc,55,762.8,25.4853,25.4853,23,15,0,forward
ca_caverns2prc,56,941.2,27.3848,27.3848,22,15,0,forward
ca_caverns2prc,57,1251,26.4142,26.4142,26,22,0,forward
ca_caverns2prc,58,580.8,26.4558,26.4558,19,6,0,forward
ca_caverns2prc,59,931.2,24.8995,24.8995,22,15,0,forward
ca_caverns2prc,60,1035,28.1421,28.1421,24,16,0,forward
ca_caverns2prc,61,739.8,31.8284,31.8284,31,21,0,forward
ca_caverns2prc,62,828.4,30.1421,30.1421,26,15,0,forward
ca_caverns2prc,63,472.4,28.2132,28.2132,22,2,0,forward
ca_caverns2prc,64,454,31.8284,31.8284,31,0,0,forward
ca_caverns2prc,65,593.8,29.8284,29.8284,29,16,0,forward
ca_caverns2prc,66,1211,30.3137,30.3137,27,20,0,forward
ca_caverns2prc,67,569.8,28.7279,28.7279,25,4,0,forward
ca_caverns2prc,68,848.2,30.3848,30.3848,25,15,0,forward
ca_caverns2prc,69,676.6,31.3848,31.3848,26,4,0,forward
ca_caverns2prc,70,923.2,35.5269,35.5269,26,14,0,forward
ca_caverns2prc,71,723.8,33.7279,33.7279,30,8,0,forward
ca_caverns2prc,72,885.8,34.0711,34.0711,32,24,0,forward
ca_caverns2prc,73,1163.8,35.4558,35.4558,28,20,0,forward
ca_caverns2prc,74,630.6,34.8701,34.8701,27,9,0,forward
ca_caverns2prc,75,1042.2,35.6274,35.6274,29,19,0,forward
ca_caverns2prc,76,647.2,33.4142,33.4142,33,11,0,forward
ca_caverns2prc,77,1046.4,32.5563,32.5563,28,20,0,forward
ca_caverns2prc,78,891.8,34.1421,34.1421,30,14,0,forward
ca_caverns2prc,79,787.4,35.8701,35.8701,28,16,0,forward
ca_caverns2prc,80,1090.2,37.0711,37.0711,35,28,0,forward
ca_caverns2prc,81,1200.2,39.1421,39.1421,35,26,0,forward
ca_caverns2prc,82,1101.4,36.6569,36.6569,35,26,0,forward
ca_caverns2prc,83,998.4,39.8995,39.8995,37,16,0,forward
ca_caverns2prc,84,1373.4,39.3848,39.3848,34,33,0,forward
ca_caverns2prc,85,1326.6,37.6569,37.6569,36,30,0,forward
ca_caverns2prc,86,840,38.1421,38.1421,34,17,0,forward
ca_caverns2prc,87,977.4,37.3848,37.3848,32,23,0,forward
ca_caverns2prc,88,766.4,39.2426,39.2426,38,5,0,forward
ca_caverns2prc,89,1271.2,38.2132,38.2132,32,25,0,forward
ca_caverns2prc,90,903.2,42.1421,42.1421,38,27,0,forward
ca_caverns2prc,91,924.6,40.3848,40.3848,35,15,0,forward
ca_caverns2prc,92,1166,42.5563,42.5563,38,33,0,forward
ca_caverns2prc,93,1223.2,42.1421,42.1421,38,24,0,forward
ca_caverns2prc,94,876.8,41.2426,41.2426,40,33,0,forward
ca_caverns2prc,95,1246.8,40.3848,40.3848,35,28,0,forward
ca_caverns2prc,96,689.8,40.3553,40.3553,30,5,0,forward
ca_caverns2prc,97,1395,42.8995,42.8995,40,37,0,forward
ca_caverns2prc,98,1230,40.1421,40.1421,36,23,0,forward
ca_caverns2prc,99,688.8,42.3553,42.3553,32,5,0,forward
ca_caverns2prc,100,1008.2,45.5563,45.5563,41,26,0,forward
ca_caverns2prc,101,1333.4,47.0416,47.0416,40,28,0,forward
ca_caverns2prc,102,1183.6,46.8995,46.8995,44,39,0,forward
ca_caverns2prc,103,827.8,44.0122,44.0122,32,12,0,forward
ca_caverns2prc,104,743.8,44.5563,44.5563,40,16,0,forward
ca_caverns2prc,105,1210.6,47.9411,47.9411,38,31,0,forward
ca_caverns2prc,106,1372.2,44.799,44.799,39,34,0,forward
ca_caverns2prc,107,1169,45.0416,45.0416,38,23,0,forward
ca_caverns2prc,108,1204.4,47.7279,47.7279,44,36,0,forward
ca_caverns2prc,109,710.2,46.9411,46.9411,37,1,0,forward
ca_caverns2prc,110,1235.2,49.6274,49.6274,43,27,0,forward
ca_caverns2prc,111,1060.4,48.2426,48.2426,47,33,0,forward
ca_caverns2prc,112,954.6,50.1421,50.1421,46,21,0,forward
ca_caverns2prc,113,1142.2,50.3137,50.3137,47,39,0,forward
ca_caverns2prc,114,1024,50.4558,50.4558,43,30,0,forward
ca_caverns2prc,115,1159.8,50.8284,50.8284,50,21,0,forward
ca_caverns2prc,116,1681.2,50.5563,50.5563,46,39,0,forward
ca_caverns2prc,117,1258.6,48.2132,48.2132,42,36,0,forward
ca_caverns2prc,118,1134.2,49.7279,49.7279,46,33,0,forward
ca_caverns2prc,119,1360.2,50.2426,50.2426,49,45,0,forward
ca_caverns2prc,120,1642.8,55.2548,55.2548,42,33,0,forward
ca_caverns2prc,121,1161,55.6274,55.6274,49,42,0,forward
ca_caverns2prc,122,1395.2,55.799,55.799,50,33,0,forward
ca_caverns2prc,123,1502.8,53.0416,53.0416,46,43,0,forward
ca_caverns2prc,124,1552.6,54.799,54.799,49,43,0,forward
ca_caverns2prc,125,807.8,53.4853,53.4853,51,0,0,forward
ca_caverns2prc,126,969.2,52.8995,52.8995,50,22,0,forward
ca_caverns2prc,127,1261.4,54.1838,54.1838,43,32,0,forward
ca_caverns2prc,128,1219.6,53.1421,53.1421,49,25,0,forward
ca_caverns2prc,129,1379.4,52.6985,52.6985,44,36,0,forward
ca_caverns2prc,130,1463.4,56.8701,56.8701,49,46,0,forward
ca_caverns2prc,131,1490.4,58.0122,58.0122,46,36,0,forward
ca_caverns2prc,132,1607.4,57.7279,57.7279,54,42,0,forward
ca_caverns2prc,133,1348.2,58.8995,58.8995,56,33,0,forward
ca_caverns2prc,134,1604.6,56.6274,56.6274,50,49,0,forward
ca_caverns2prc,135,1405.6,57.9706,57.9706,53,42,0,forward
ca_caverns2prc,136,1610,58.6985,58.6985,50,42,0,forward
ca_caverns2prc,137,1353.4,58.799,58.799,53,41,0,forward
ca_caverns2prc,138,1500.2,56.4558,56.4558,49,45,0,forward
ca_caverns2prc,139,1468.6,59.6274,59.6274,53,43,0,forward
ca_caverns2prc,140,1452.8,60.2132,60.2132,54,42,0,forward
ca_caverns2prc,141,1258.8,60.3848,60.3848,55,49,0,forward
ca_caverns2prc,142,1442,63.5563,63.5563,59,45,0,forward
ca_caverns2prc,143,1896,63.9706,63.9706,59,52,0,forward
ca_caverns2prc,144,1456.8,61.7696,61.7696,51,40,0,forward
ca_caverns2prc,145,1400.4,60.0833,60.0833,46,27,0,forward
ca_caverns2prc,146,1306.4,62.598,62.598,51,41,0,forward
ca_caverns2prc,147,2300.4,63.6985,63.6985,55,50,0,forward
ca_caverns2prc,148,1622,61.6274,61.6274,55,47,0,forward
ca_caverns2prc,149,1917,63.2132,63.2132,57,50,0,forward
ca_caverns2prc,150,1479.6,64.4558,64.4558,57,55,0,forward
ca_caverns2prc,151,1666.4,66.8701,66.8701,59,49,0,forward
ca_caverns2prc,152,1358.4,65.799,65.799,60,49,0,forward
ca_caverns2prc,153,1767.2,66.6569,66.6569,65,59,0,forward
ca_caverns2prc,154,1580.6,66.4558,66.4558,59,35,0,forward
ca_caverns2prc,155,1576.6,67.0416,67.0416,60,49,0,forward
ca_caverns2prc,156,1969.4,65.1838,65.1838,54,44,0,forward
ca_caverns2prc,157,1691.8,67.3848,67.3848,62,48,0,forward
ca_caverns2prc,158,1550.6,67.6985,67.6985,59,44,0,forward
ca_caverns2prc,159,1525.6,65.8995,65.8995,63,49,0,forward
ca_caverns2prc,160,1574.8,69.8701,69.8701,62,52,0,forward
ca_caverns2prc,161,1417.4,68.5563,68.5563,64,51,0,forward
ca_caverns2prc,162,1978.6,70.8995,70.8995,68,57,0,forward
ca_caverns2prc,163,1368,68.1127,68.1127,59,43,0,forward
ca_caverns2prc,164,1518.6,68.669,68.669,55,31,0,forward
ca_caverns2prc,165,1850.8,71.6985,71.6985,63,56,0,forward
ca_caverns2prc,166,1832.4,71.799,71.799,66,60,0,forward
ca_caverns2prc,167,1738.8,68.6985,68.6985,60,50,0,forward
ca_caverns2prc,168,1882.6,71.8995,71.8995,69,67,0,forward
ca_caverns2prc,169,1591.4,68.7401,68.7401,53,41,0,forward
ca_caverns2prc,170,1416.4,74.598,74.598,63,49,0,forward
ca_caverns2prc,171,1977.6,73.3848,73.3848,68,61,0,forward
ca_caverns2prc,172,1551.2,73.4264,73.4264,61,40,0,forward
ca_caverns2prc,173,1599.8,73.1421,73.1421,69,65,0,forward
ca_caverns2prc,174,1713.2,74.1127,74.1127,65,63,0,forward
ca_caverns2prc,175,1880,75.799,75.799,70,64,0,forward
ca_caverns2prc,176,1917.2,75.3848,75.3848,70,59,0,forward
ca_caverns2prc,177,1919.8,75.2843,75.2843,67,62,0,forward
ca_caverns2prc,178,1451.4,73.2132,73.2132,67,55,0,forward
ca_caverns2prc,179,1238.4,73.0122,73.0122,61,44,0,forward
ca_caverns2prc,180,2043.6,77.6274,77.6274,71,60,0,forward
ca_caverns2prc,181,1902.2,76.0833,76.0833,62,44,0,forward
ca_caverns2prc,182,2443.2,78.2843,78.2843,70,64,0,forward
ca_caverns2prc,183,1741,76.2548,76.2548,63,51,0,forward
ca_caverns2prc,184,1953,76.9706,76.9706,72,62,0,forward
ca_caverns2prc,185,1655.4,77.6569,77.6569,76,66,0,forward
ca_caverns2prc,186,1438.6,77.3848,77.3848,72,56,0,forward
ca_caverns2prc,187,1968.2,79.0416,79.0416,72,63,0,forward
ca_caverns2prc,188,2197.4,79.2548,79.2548,66,53,0,forward
ca_caverns2prc,189,1585.8,76.9411,76.9411,67,50,0,forward
ca_caverns2prc,190,1725.6,81.8406,81.8406,69,57,0,forward
ca_caverns2prc,191,1378.4,81.1838,81.1838,70,46,0,forward
ca_caverns2prc,192,2235.2,82.4558,82.4558,75,69,0,forward
ca_caverns2prc,193,1781,82.1838,82.1838,71,60,0,forward
ca_caverns2prc,194,1889,82.4558,82.4558,75,66,0,forward
ca_caverns2prc,195,1870.4,81.2426,81.2426,80,77,0,forward
ca_caverns2prc,196,2207.8,80.2132,80.2132,74,66,0,forward
ca_caverns2prc,197,1643.4,80.2843,80.2843,72,64,0,forward
ca_caverns2prc,198,2185.8,80.0416,80.0416,73,66,0,forward
ca_caverns2prc,199,1626.4,82.7696,82.7696,72,64,0,forward
ca_caverns2prc,200,1805.4,86.4264,86.4264,74,71,0,forward
ca_caverns2prc,201,1613.8,84.9411,84.9411,75,71,0,forward
ca_caverns2prc,202,2011.8,85.1127,85.1127,76,70,0,forward
ca_caverns2prc,203,2040.2,85.6985,85.6985,77,58,0,forward
ca_caverns2prc,204,2105.6,85.5269,85.5269,76,63,0,forward
ca_caverns2prc,205,2078.8,85.1838,85.1838,74,58,0,forward
ca_caverns2prc,206,2107.6,84.8406,84.8406,72,59,0,forward
ca_caverns2prc,207,2316.4,85.4264,85.4264,73,68,0,forward
ca_caverns2prc,208,2121.4,87.5563,87.5563,83,70,0,forward
ca_caverns2prc,209,1673.8,84.9411,84.9411,75,68,0,forward
ca_caverns2prc,210,1816.6,89.8701,89.8701,82,70,0,forward
ca_caverns2prc,211,2174.8,91.2548,91.2548,78,71,0,forward
ca_caverns2prc,212,2348.2,88.5563,88.5563,84,78,0,forward
ca_caverns2prc,213,1824.6,91.6985,91.6985,83,79,0,forward
ca_caverns2prc,214,2329.8,88.8406,88.8406,76,68,0,forward
ca_caverns2prc,215,1886.6,88.598,88.598,77,62,0,forward
ca_caverns2prc,216,2762.6,91.669,91.669,78,69,0,forward
ca_caverns2prc,217,1916.8,91.0122,91.0122,79,57,0,forward
ca_caverns2prc,218,2566.8,91.3137,91.3137,88,77,0,forward
ca_caverns2prc,219,2258.4,90.5269,90.5269,81,75,0,forward
ca_caverns2prc,220,2143,92.3553,92.3553,82,66,0,forward
ca_caverns2prc,221,2499.2,93.7696,93.7696,83,80,0,forward
ca_caverns2prc,222,2532.6,94.6274,94.6274,88,81,0,forward
ca_caverns2prc,223,1924.4,95.4264,95.4264,83,65,0,forward
ca_caverns2prc,224,2173.2,94.3553,94.3553,84,73,0,forward
ca_caverns2prc,225,2593.4,94.6274,94.6274,88,83,0,forward
ca_caverns2prc,226,2374.2,94.7696,94.7696,84,72,0,forward
ca_caverns2prc,227,2322.4,95.3848,95.3848,90,83,0,forward
ca_caverns2prc,228,2779,93.0833,93.0833,79,73,0,forward
ca_caverns2prc,229,2244.2,93.0416,93.0416,86,78,0,forward
ca_caverns2prc,230,2067.4,97.598,97.598,86,69,0,forward
ca_caverns2prc,231,2027.4,97.598,97.598,86,81,0,forward
ca_caverns2prc,232,2628,99.8701,99.8701,92,90,0,forward
ca_caverns2prc,233,2387.2,97.0833,97.0833,83,72,0,forward
ca_caverns2prc,234,2184.8,96.5563,96.5563,92,89,0,forward
ca_caverns2prc,235,2171.8,97.1127,97.1127,88,84,0,forward
ca_caverns2prc,236,2599.8,96.3848,96.3848,91,83,0,forward
ca_caverns2prc,237,2098.8,99.669,99.669,86,72,0,forward
ca_caverns2prc,238,2131.2,97.2548,97.2548,84,74,0,forward
ca_caverns2prc,239,1882.4,98.3259,98.3259,83,77,0,forward
ca_caverns2prc,240,2140.8,100.213,100.213,94,89,0,forward
ca_caverns2prc,241,2320.6,102.426,102.426,90,75,0,forward
ca_caverns2prc,242,2865,101.627,101.627,95,93,0,forward
ca_caverns2prc,243,2449.8,101.728,101.728,98,89,0,forward
ca_caverns2prc,244,2052.2,100.912,100.912,86,72,0,forward
ca_caverns2prc,245,2289.8,103.385,103.385,98,53,0,forward
ca_caverns2prc,246,2433.4,102.284,102.284,94,91,0,forward
ca_caverns2prc,247,2400.8,103.669,103.669,90,70,0,forward
ca_caverns2prc,248,2086.6,100.426,100.426,88,72,0,forward
ca_caverns2prc,249,2371,101.184,101.184,90,82,0,forward
ca_caverns2prc,250,2366.4,106.385,106.385,101,88,0,forward
ca_caverns2prc,251,2210.2,104.657,104.657,103,74,0,forward
ca_caverns2prc,252,3113.6,107.456,107.456,100,92,0,forward
ca_caverns2prc,253,2262.2,107.497,107.497,93,81,0,forward
ca_caverns2prc,254,2246.8,104.728,104.728,101,93,0,forward
ca_caverns2prc,255,2473.4,105.456,105.456,98,93,0,forward
ca_caverns2prc,256,2716.4,104.527,104.527,95,88,0,forward
ca_caverns2prc,257,2847.4,104.912,104.912,90,86,0,forward
ca_caverns2prc,258,2412.2,107.728,107.728,104,99,0,forward
ca_caverns2prc,259,2290.6,107.284,107.284,99,89,0,forward
ca_caverns2prc,260,2832,110.669,110.669,97,84,0,forward
ca_caverns2prc,261,2863.8,111.598,111.598,100,93,0,forward
ca_caverns2prc,262,2609.2,109.255,109.255,96,83,0,forward
ca_caverns2prc,263,2552,109.556,109.556,105,99,0,forward
ca_caverns2prc,264,2270.6,109.527,109.527,100,86,0,forward
ca_caverns2prc,265,2143.4,108.184,108.184,97,91,0,forward
ca_caverns2prc,266,2396.8,108.213,108.213,102,95,0,forward
ca_caverns2prc,267,2526.4,111.012,111.012,99,94,0,forward
ca_caverns2prc,268,2850.8,109.77,109.77,99,94,0,forward
ca_caverns2prc,269,2464,110.74,110.74,95,89,0,forward
ca_caverns2prc,270,2323.2,113.113,113.113,104,84,0,forward
ca_caverns2prc,271,2662,112.497,112.497,98,93,0,forward
ca_caverns2prc,272,2623.8,112.627,112.627,106,103,0,forward
ca_caverns2prc,273,7611,114.841,114.841,102,91,0,forward
ca_caverns2prc,274,2972.4,115.971,115.971,111,103,0,forward
ca_caverns2prc,275,2418.8,115.397,115.397,98,81,0,forward
ca_caverns2prc,276,3384.4,115.083,115.083,101,95,0,forward
ca_caverns2prc,277,2533.8,112.77,112.77,102,87,0,forward
ca_caverns2prc,278,2857.6,115.882,115.882,96,76,0,forward
ca_caverns2prc,279,2805.8,113.87,113.87,106,98,0,forward
ca_caverns2prc,280,2877.2,119.912,119.912,105,86,0,forward
ca_caverns2prc,281,2906.4,118.456,118.456,111,97,0,forward
ca_caverns2prc,282,2780,117.74,117.74,102,88,0,forward
ca_caverns2prc,283,2542,117.698,117.698,109,94,0,forward
ca_caverns2prc,284,2326.4,116.184,116.184,105,93,0,forward
ca_caverns2prc,285,2903,118.669,118.669,105,99,0,forward
ca_caverns2prc,286,2873,117.799,117.799,112,104,0,forward
ca_caverns2prc,287,2536.6,118.012,118.012,106,99,0,forward
ca_caverns2prc,288,2651.2,117.698,117.698,109,103,0,forward
ca_caverns2prc,289,2183.4,117.113,117.113,108,94,0,forward
ca_caverns2prc,290,2718.4,120.054,120.054,101,83,0,forward
ca_caverns2prc,291,2775.4,123.627,123.627,117,114,0,forward
ca_caverns2prc,292,2626,121.113,121.113,112,97,0,forward
ca_caverns2prc,293,2564.8,122.527,122.527,113,112,0,forward
ca_caverns2prc,294,2605.8,123.071,123.071,121,110,0,forward
ca_caverns2prc,295,2880,122.711,122.711,102,94,0,forward
ca_caverns2prc,296,2945.4,120.941,120.941,111,92,0,forward
ca_caverns2prc,297,2574.2,120.284,120.284,112,107,0,forward
ca_caverns2prc,298,3167.4,121.426,121.426,109,98,0,forward
ca_caverns2prc,299,2731,122.698,122.698,114,103,0,forward
ca_caverns2prc,300,2772.6,126.012,126.012,114,104,0,forward
ca_caverns2prc,301,3113.6,125.841,125.841,113,99,0,forward
ca_caverns2prc,302,2501,127.042,127.042,120,115,0,forward
ca_caverns2prc,303,2976.6,124.669,124.669,111,90,0,forward
ca_caverns2prc,304,2627.8,127.296,127.296,107,92,0,forward
ca_caverns2prc,305,2586.2,124.74,124.74,109,96,0,forward
ca_caverns2prc,306,2519.8,127.698,127.698,119,92,0,forward
ca_caverns2prc,307,2787.6,127.012,127.012,115,103,0,forward
ca_caverns2prc,308,2902.2,124.627,124.627,118,105,0,forward
ca_caverns2prc,309,3315.8,125.698,125.698,117,111,0,forward
ca_caverns2prc,310,2672.2,130.527,130.527,121,115,0,forward
ca_caverns2prc,311,2522.6,128.154,128.154,112,96,0,forward
ca_caverns2prc,312,3010.2,131.983,131.983,115,103,0,forward
ca_caverns2prc,313,3822.4,129.284,129.284,121,115,0,forward
ca_caverns2prc,314,2938.2,131.598,131.598,120,111,0,forward
ca_caverns2prc,315,2959.8,129.799,129.799,124,122,0,forward
ca_caverns2prc,316,2737.2,128.113,128.113,119,114,0,forward
ca_caverns2prc,317,2917,128.711,128.711,108,92,0,forward
ca_caverns2prc,318,3004,128.711,128.711,108,96,0,forward
ca_caverns2prc,319,3122.2,128.912,128.912,114,101,0,forward
ca_caverns2prc,320,3269,134.569,134.569,118,108,0,forward
ca_caverns2prc,321,3054.6,132.284,132.284,124,118,0,forward
ca_caverns2prc,322,2889.8,133.882,133.882,114,101,0,forward
ca_caverns2prc,323,2960.2,132.698,132.698,124,114,0,forward
ca_caverns2prc,324,2760.4,135.326,135.326,120,113,0,forward
ca_caverns2prc,325,2883,132.368,132.368,110,99,0,forward
ca_caverns2prc,326,2944,132.184,132.184,121,109,0,forward
ca_caverns2prc,327,2985.2,132.284,132.284,124,122,0,forward
ca_caverns2prc,328,2626.8,132.598,132.598,121,104,0,forward
ca_caverns2prc,329,2765.4,134.882,134.882,115,110,0,forward
ca_caverns2prc,330,3008.6,137.971,137.971,133,120,0,forward
ca_caverns2prc,331,2979.8,137.154,137.154,121,105,0,forward
ca_caverns2prc,332,3420.4,137.267,137.267,112,94,0,forward
ca_caverns2prc,333,3530,137.397,137.397,120,109,0,forward
ca_caverns2prc,334,3431.8,139.983,139.983,123,113,0,forward
ca_caverns2prc,335,3271,136.61,136.61,113,97,0,forward
ca_caverns2prc,336,3147.6,139.255,139.255,126,117,0,forward
ca_caverns2prc,337,2974,136.782,136.782,114,107,0,forward
ca_caverns2prc,338,3020.4,136.556,136.556,132,126,0,forward
ca_caverns2prc,339,3108.2,138.74,138.74,123,122,0,forward
ca_caverns2prc,340,3501.6,143.77,143.77,133,116,0,forward
ca_caverns2prc,341,3005.2,140.669,140.669,127,118,0,forward
ca_caverns2prc,342,4212.6,142.255,142.255,129,127,0,forward
ca_caverns2prc,343,3117.4,141.184,141.184,130,123,0,forward
ca_caverns2prc,344,3315,140.841,140.841,128,123,0,forward
ca_caverns2prc,345,3421.6,141.841,141.841,129,111,0,forward
ca_caverns2prc,346,3723.8,142.77,142.77,132,127,0,forward
ca_caverns2prc,347,3135.6,143.385,143.385,138,129,0,forward
ca_caverns2prc,348,3031.8,143.669,143.669,130,122,0,forward
ca_caverns2prc,349,3249.4,143.042,143.042,136,127,0,forward
ca_caverns2prc,350,3717.2,144.397,144.397,127,119,0,forward
ca_caverns2prc,351,3309,145.941,145.941,136,123,0,forward
ca_caverns2prc,352,3164.6,146.669,146.669,133,125,0,forward
ca_caverns2prc,353,3434.8,146.284,146.284,138,132,0,forward
ca_caverns2prc,354,3407.4,146.113,146.113,137,130,0,forward
ca_caverns2prc,355,3362,145.012,145.012,133,124,0,forward
ca_caverns2prc,356,3280.4,147.569,147.569,131,101,0,forward
ca_caverns2prc,357,3106.6,146.77,146.77,136,115,0,forward
ca_caverns2prc,358,3479.8,145.77,145.77,135,128,0,forward
ca_caverns2prc,359,3969.2,147.154,147.154,131,128,0,forward
ca_caverns2prc,360,3738.2,151.468,151.468,132,120,0,forward
ca_caverns2prc,361,3893.2,149.799,149.799,144,134,0,forward
ca_caverns2prc,362,3884,148.77,148.77,138,135,0,forward
ca_caverns2prc,363,3341.6,151.598,151.598,140,125,0,forward
ca_caverns2prc,364,3514.8,150.196,150.196,127,119,0,forward
ca_caverns2prc,365,3832.8,150.811,150.811,133,121,0,forward
ca_caverns2prc,366,3694.2,150.184,150.184,139,118,0,forward
ca_caverns2prc,367,3018.4,150.154,150.154,134,126,0,forward
ca_caverns2prc,368,4258.2,148.497,148.497,134,126,0,forward
ca_caverns2prc,369,2872.8,149.368,149.368,127,109,0,forward
ca_caverns2prc,370,3701.8,154.569,154.569,138,129,0,forward
ca_caverns2prc,371,3489.6,152.125,152.125,131,125,0,forward
ca_caverns2prc,372,3577.8,155.799,155.799,150,147,0,forward
ca_caverns2prc,373,3517.6,153.527,153.527,144,136,0,forward
ca_caverns2prc,374,3874.4,153.426,153.426,141,135,0,forward
ca_caverns2prc,375,3663,155.61,155.61,132,110,0,forward
ca_caverns2prc,376,3969.2,155.527,155.527,146,141,0,forward
ca_caverns2prc,377,2976.8,152.882,152.882,133,105,0,forward
ca_caverns2prc,378,3440.4,155.255,155.255,142,133,0,forward
ca_caverns2prc,379,3377.4,152.397,152.397,135,126,0,forward
ca_caverns2prc,380,3862.4,156.539,156.539,135,121,0,forward
ca_caverns2prc,381,4462.2,158.569,158.569,142,138,0,forward
ca_caverns2prc,382,3827.2,158.941,158.941,149,129,0,forward
ca_caverns2prc,383,3944.2,157.012,157.012,145,129,0,forward
ca_caverns2prc,384,3734.4,156.054,156.054,137,123,0,forward
ca_caverns2prc,385,3495.6,158.598,158.598,147,136,0,forward
ca_caverns2prc,386,2943.4,158.255,158.255,145,132,0,forward
ca_caverns2prc,387,3422.6,156.569,156.569,140,130,0,forward
ca_caverns2prc,388,3484.6,158.669,158.669,145,134,0,forward
ca_caverns2prc,389,3300.4,159.64,159.64,141,117,0,forward
ca_caverns2prc,390,4009.4,162.456,162.456,155,145,0,forward
ca_caverns2prc,391,4231.8,161.225,161.225,143,135,0,forward
ca_caverns2prc,392,3774.2,161.627,161.627,155,129,0,forward
ca_caverns2prc,393,3683.2,160.054,160.054,141,125,0,forward
ca_caverns2prc,394,3465,161.598,161.598,150,144,0,forward
ca_caverns2prc,395,3599.6,160.983,160.983,144,134,0,forward
ca_caverns2prc,396,3684.4,160.681,160.681,135,119,0,forward
ca_caverns2prc,397,3787.6,161.225,161.225,143,128,0,forward
ca_caverns2prc,398,3911.4,161.184,161.184,150,139,0,forward
ca_caverns2prc,399,4477.8,161.368,161.368,139,127,0,forward
ca_caverns2prc,400,3744,167.782,167.782,145,132,0,forward
ca_caverns2prc,401,3542.8,167.497,167.497,153,147,0,forward
ca_caverns2prc,402,3950.2,166.853,166.853,142,129,0,forward
ca_caverns2prc,403,3806,166.539,166.539,145,138,0,forward
ca_caverns2prc,404,3898.4,166.326,166.326,151,139,0,forward
ca_caverns2prc,405,4009.2,167.983,167.983,151,143,0,forward
ca_caverns2prc,406,3484.4,166.024,166.024,142,124,0,forward
ca_caverns2prc,407,3415.8,164.811,164.811,147,132,0,forward
ca_caverns2prc,408,3982.2,166.326,166.326,151,143,0,forward
ca_caverns2prc,409,4366,166.255,166.255,153,144,0,forward
ca_caverns2prc,410,4332.2,170.669,170.669,157,154,0,forward
ca_caverns2prc,411,4641,171.569,171.569,155,144,0,forward
ca_caverns2prc,412,3904,169.042,169.042,162,157,0,forward
ca_caverns2prc,413,3874,170.841,170.841,158,151,0,forward
ca_caverns2prc,414,4323,170.782,170.782,148,136,0,forward
ca_caverns2prc,415,3776.6,171.598,171.598,160,157,0,forward
ca_caverns2prc,416,3835.4,168.284,168.284,160,154,0,forward
ca_caverns2prc,417,3862.8,168.882,168.882,149,142,0,forward
ca_caverns2prc,418,3966.8,168.539,168.539,147,141,0,forward
ca_caverns2prc,419,4129.6,170.527,170.527,161,152,0,forward
ca_caverns2prc,420,4184,175.953,175.953,154,136,0,forward
ca_caverns2prc,421,4069,175.054,175.054,156,149,0,forward
ca_caverns2prc,422,4218,173.326,173.326,158,136,0,forward
ca_caverns2prc,423,3944.6,174.598,174.598,163,159,0,forward
ca_caverns2prc,424,4403.2,173.397,173.397,156,141,0,forward
ca_caverns2prc,425,3915,175.74,175.74,160,152,0,forward
ca_caverns2prc,426,3958.2,175.841,175.841,163,156,0,forward
ca_caverns2prc,427,3720.6,172.924,172.924,146,137,0,forward
ca_caverns2prc,428,4822.4,172.64,172.64,154,148,0,forward
ca_caverns2prc,429,3630.2,175.669,175.669,162,153,0,forward
ca_caverns2prc,430,4299.6,176.368,176.368,154,144,0,forward
ca_caverns2prc,431,4161.4,176.711,176.711,156,139,0,forward
ca_caverns2prc,432,4029.8,177.213,177.213,171,168,0,forward
ca_caverns2prc,433,3923.8,177.669,177.669,164,154,0,forward
ca_caverns2prc,434,3931,179.539,179.539,158,146,0,forward
ca_caverns2prc,435,4533.6,179.569,179.569,163,156,0,forward
ca_caverns2prc,436,4096.2,178.368,178.368,156,138,0,forward
ca_caverns2prc,437,3918.8,179.083,179.083,165,143,0,forward
ca_caverns2prc,438,4275.4,178.196,178.196,155,155,0,forward
ca_caverns2prc,439,4318.4,178.782,178.782,156,148,0,forward
ca_caverns2prc,440,4277.6,183.456,183.456,176,150,0,forward
ca_caverns2prc,441,3779.4,180.083,180.083,166,161,0,forward
ca_caverns2prc,442,4892.4,182.77,182.77,172,166,0,forward
ca_caverns2prc,443,4939.8,181.439,181.439,157,142,0,forward
ca_caverns2prc,444,3695.2,181.497,181.497,167,151,0,forward
ca_caverns2prc,445,3969.2,180.698,180.698,172,161,0,forward
ca_caverns2prc,446,4136.2,181.012,181.012,169,159,0,forward
ca_caverns2prc,447,3933.4,183.397,183.397,166,156,0,forward
ca_caverns2prc,448,4018,183.983,183.983,167,160,0,forward
ca_caverns2prc,449,4038.8,183.74,183.74,168,154,0,forward
ca_caverns2prc,450,4668,184.154,184.154,168,164,0,forward
ca_caverns2prc,451,4761.6,187.64,187.64,169,162,0,forward
ca_caverns2prc,452,3624.2,184.154,184.154,168,160,0,forward
ca_caverns2prc,453,4313,185.811,185.811,168,148,0,forward
ca_caverns2prc,454,3938.2,187.439,187.439,163,155,0,forward
ca_caverns2prc,455,4275.6,187.113,187.113,178,165,0,forward
ca_caverns2prc,456,3964.6,185.355,185.355,175,170,0,forward
ca_caverns2prc,457,4327.2,186.912,186.912,172,162,0,forward
ca_caverns2prc,458,4727.8,185.225,185.225,167,157,0,forward
ca_caverns2prc,459,4146.8,187.539,187.539,166,163,0,forward
ca_caverns2prc,460,3741.4,190.468,190.468,171,152,0,forward
ca_caverns2prc,461,4293.4,191.355,191.355,181,178,0,forward
ca_caverns2prc,462,4137,188.167,188.167,160,139,0,forward
ca_caverns2prc,463,4598.4,190.184,190.184,179,173,0,forward
ca_caverns2prc,464,3787,190.083,190.083,176,172,0,forward
ca_caverns2prc,465,4506.2,189.426,189.426,177,174,0,forward
ca_caverns2prc,466,4101.4,189.497,189.497,175,173,0,forward
ca_caverns2prc,467,4241,188.468,188.468,169,163,0,forward
ca_caverns2prc,468,3404.8,188.669,188.669,175,166,0,forward
ca_caverns2prc,469,4017.2,191.581,191.581,163,152,0,forward
ca_caverns2prc,470,5624.6,195.539,195.539,174,157,0,forward
ca_caverns2prc,471,4619.2,193.953,193.953,172,151,0,forward
ca_caverns2prc,472,4203,193.497,193.497,179,172,0,forward
ca_caverns2prc,473,4442.2,192.355,192.355,182,165,0,forward
ca_caverns2prc,474,5380.4,193.255,193.255,180,176,0,forward
ca_caverns2prc,475,4457.8,192.51,192.51,166,147,0,forward
ca_caverns2prc,476,4509.4,194.681,194.681,169,151,0,forward
ca_caverns2prc,477,4289.6,192.125,192.125,171,169,0,forward
ca_caverns2prc,478,3866,194.711,194.711,174,159,0,forward
ca_caverns2prc,479,4511,195.225,195.225,177,169,0,forward
ca_caverns2prc,480,4696.2,196.497,196.497,182,177,0,forward
ca_caverns2prc,481,4253.4,199.74,199.74,184,178,0,forward
ca_caverns2prc,482,4419.8,196.74,196.74,181,176,0,forward
ca_caverns2prc,483,4326.8,199.569,199.569,183,170,0,forward
ca_caverns2prc,484,4936.2,198.539,198.539,177,166,0,forward
ca_caverns2prc,485,5102.6,196.61,196.61,173,166,0,forward
ca_caverns2prc,486,4627,198.426,198.426,186,177,0,forward
ca_caverns2prc,487,4251.2,198.083,198.083,184,173,0,forward
ca_caverns2prc,488,4476.4,196.581,196.581,168,160,0,forward
ca_caverns2prc,489,4946.2,199.912,199.912,185,182,0,forward
ca_caverns2prc,490,4757.2,200.681,200.681,175,156,0,forward
ca_caverns2prc,491,4171.2,200.238,200.238,170,157,0,forward
ca_caverns2prc,492,4339.2,200.799,200.799,195,168,0,forward
ca_caverns2prc,493,5548.8,201.368,201.368,179,174,0,forward
ca_caverns2prc,494,4588.2,203.024,203.024,179,157,0,forward
ca_caverns2prc,495,4430.8,202.711,202.711,182,162,0,forward
ca_caverns2prc,496,4588,200.497,200.497,186,182,0,forward
ca_caverns2prc,497,4265.8,203.811,203.811,186,181,0,forward
ca_caverns2prc,498,5267.6,203.983,203.983,187,186,0,forward
ca_caverns2prc,499,4662.6,203.154,203.154,187,179,0,forward
ca_caverns2prc,500,4807.2,207.61,207.61,184,182,0,forward
ca_caverns2prc,501,4977.6,207.326,207.326,192,184,0,forward
ca_caverns2prc,502,4575.4,205.326,205.326,190,186,0,forward
ca_caverns2prc,503,4183,207.154,207.154,191,186,0,forward
ca_caverns2prc,504,4561,205.983,205.983,189,185,0,forward
ca_caverns2prc,505,4104.4,205.083,205.083,191,186,0,forward
ca_caverns2prc,506,4560.4,207.811,207.811,190,181,0,forward
ca_caverns2prc,507,3779.8,206.225,206.225,188,178,0,forward
ca_caverns2prc,508,4224.2,204.368,204.368,182,174,0,forward
ca_caverns2prc,509,4045.6,205.882,205.882,186,179,0,forward
ca_caverns2prc,510,4737.4,208.853,208.853,184,170,0,forward
ca_caverns2prc,511,5025.2,209.296,209.296,189,185,0,forward
ca_caverns2prc,512,4874.8,211.669,211.669,198,187,0,forward
ca_caverns2prc,513,4769.2,208.882,208.882,189,184,0,forward
ca_caverns2prc,514,4267.6,208.225,208.225,190,184,0,forward
ca_caverns2prc,515,4948.4,208.125,208.125,187,186,0,forward
ca_caverns2prc,516,5280,209.054,209.054,190,182,0,forward
ca_caverns2prc,517,4843.4,208.083,208.083,194,186,0,forward
ca_caverns2prc,518,5344,208.64,208.64,190,184,0,forward
ca_caverns2prc,519,4645.8,210.225,210.225,192,182,0,forward
ca_caverns2prc,520,5772.6,214.681,214.681,189,187,0,forward
ca_caverns2prc,521,4678,215.569,215.569,199,194,0,forward
ca_caverns2prc,522,5066,213.024,213.024,189,174,0,forward
ca_caverns2prc,523,4659.2,214.468,214.468,195,179,0,forward
ca_caverns2prc,524,4678.8,212.184,212.184,201,187,0,forward
ca_caverns2prc,525,5000,213.083,213.083,199,190,0,forward
ca_caverns2prc,526,5111.2,214.426,214.426,202,199,0,forward
ca_caverns2prc,527,4517.4,214.024,214.024,190,181,0,forward
ca_caverns2prc,528,5283.6,212.669,212.669,199,174,0,forward
ca_caverns2prc,529,5049.2,212.569,212.569,196,184,0,forward
ca_caverns2prc,530,4518.4,216.51,216.51,190,186,0,forward
ca_caverns2prc,531,4524.6,218.811,218.811,201,195,0,forward
ca_caverns2prc,532,5059,218.841,218.841,206,200,0,forward
ca_caverns2prc,533,4811.4,219.912,219.912,205,199,0,forward
ca_caverns2prc,534,5231.8,219.882,219.882,200,194,0,forward
ca_caverns2prc,535,5133.2,218.669,218.669,205,198,0,forward
ca_caverns2prc,536,5351.6,216.397,216.397,199,188,0,forward
ca_caverns2prc,537,5347,218.912,218.912,204,184,0,forward
ca_caverns2prc,538,5021.6,216.054,216.054,197,170,0,forward
ca_caverns2prc,539,5171.2,219.912,219.912,205,195,0,forward
ca_caverns2prc,540,5467.8,221.054,221.054,202,199,0,forward
ca_caverns2prc,541,4803.8,222.196,222.196,199,181,0,forward
ca_caverns2prc,542,5012.2,222.196,222.196,199,196,0,forward
ca_caverns2prc,543,5139.2,223.811,223.811,206,197,0,forward
ca_caverns2prc,544,4378.6,221.326,221.326,206,188,0,forward
ca_caverns2prc,545,4670.4,220.326,220.326,205,203,0,forward
ca_caverns2prc,546,4728.6,223.882,223.882,204,176,0,forward
ca_caverns2prc,547,4939.2,221.167,221.167,193,182,0,forward
ca_caverns2prc,548,4438.6,223.213,223.213,217,190,0,forward
ca_caverns2prc,549,4933.2,223.255,223.255,210,200,0,forward
ca_caverns2prc,550,5216.4,225.439,225.439,201,188,0,forward
ca_caverns2prc,551,4860.4,226.095,226.095,200,195,0,forward
ca_caverns2prc,552,4430.4,225.267,225.267,200,186,0,forward
ca_caverns2prc,553,5404.2,225.167,225.167,197,187,0,forward
ca_caverns2prc,554,5049.2,224.225,224.225,206,185,0,forward
ca_caverns2prc,555,4597.4,225.326,225.326,210,202,0,forward
ca_caverns2prc,556,4574.2,227.74,227.74,212,211,0,forward
ca_caverns2prc,557,5168,224.338,224.338,197,194,0,forward
ca_caverns2prc,558,5497.8,226.853,226.853,202,194,0,forward
ca_caverns2prc,559,5181.8,227.225,227.225,209,198,0,forward
ca_caverns2prc,560,4767,230.51,230.51,204,198,0,forward
ca_caverns2prc,561,4927.4,231.539,231.539,210,176,0,forward
ca_caverns2prc,562,5313.2,231.953,231.953,210,202,0,forward
ca_caverns2prc,563,4677.6,228.64,228.64,210,200,0,forward
ca_caverns2prc,564,5762.6,231.296,231.296,211,209,0,forward
ca_caverns2prc,565,4734.8,230.355,230.355,220,213,0,forward
ca_caverns2prc,566,4685.4,231.569,231.569,215,204,0,forward
ca_caverns2prc,567,4618,230.054,230.054,211,202,0,forward
ca_caverns2prc,568,5063.4,228.497,228.497,214,206,0,forward
ca_caverns2prc,569,4717.6,228.698,228.698,220,187,0,forward
ca_caverns2prc,570,5051.2,234.74,234.74,219,193,0,forward
ca_caverns2prc,571,5177.6,232.983,232.983,216,208,0,forward
ca_caverns2prc,572,5461.4,235.711,235.711,215,199,0,forward
ca_caverns2prc,573,5401,235.125,235.125,214,205,0,forward
ca_caverns2prc,574,5613,235.811,235.811,218,205,0,forward
ca_caverns2prc,575,5600.4,233.569,233.569,217,211,0,forward
ca_caverns2prc,576,5603.8,234.468,234.468,215,206,0,forward
ca_caverns2prc,577,4771.2,235.397,235.397,218,193,0,forward
ca_caverns2prc,578,5706.6,232.551,232.551,199,188,0,forward
ca_caverns2prc,579,4652,235.681,235.681,210,196,0,forward
ca_caverns2prc,580,4844.2,236.74,236.74,221,214,0,forward
ca_caverns2prc,581,5707.8,237.995,237.995,209,200,0,forward
ca_caverns2prc,582,5360.4,237.368,237.368,215,203,0,forward
ca_caverns2prc,583,4717.6,238.024,238.024,214,203,0,forward
ca_caverns2prc,584,6607.2,238.267,238.267,213,204,0,forward
ca_caverns2prc,585,5174.4,238.267,238.267,213,204,0,forward
ca_caverns2prc,586,5156.6,239.581,239.581,211,196,0,forward
ca_caverns2prc,587,5479.8,236.042,236.042,229,223,0,forward
ca_caverns2prc,588,6225.4,237.539,237.539,216,208,0,forward
ca_caverns2prc,589,5362.2,237.77,237.77,227,219,0,forward
ca_caverns2prc,590,5560.8,242.024,242.024,218,206,0,forward
ca_caverns2prc,591,5591.2,242.225,242.225,224,221,0,forward
ca_caverns2prc,592,5935.8,241.125,241.125,220,208,0,forward
ca_caverns2prc,593,5063.2,241.782,241.782,219,205,0,forward
ca_caverns2prc,594,5146.6,241.439,241.439,217,209,0,forward
ca_caverns2prc,595,5427.4,240.569,240.569,224,213,0,forward
ca_caverns2prc,596,4584.4,240.154,240.154,224,215,0,forward
ca_caverns2prc,597,6195.4,242.095,242.095,216,205,0,forward
ca_caverns2prc,598,5220.2,243.598,243.598,232,218,0,forward
ca_caverns2prc,599,5681.4,240.823,240.823,211,191,0,forward
ca_caverns2prc,600,5469.2,244.238,244.238,214,202,0,forward
ca_caverns2prc,601,5987,247.995,247.995,219,211,0,forward
ca_caverns2prc,602,5595.4,246.853,246.853,222,204,0,forward
ca_caverns2prc,603,5426.6,246.51,246.51,220,208,0,forward
ca_caverns2prc,604,6452.2,246.095,246.095,220,210,0,forward
ca_caverns2prc,605,4913,245.924,245.924,219,204,0,forward
ca_caverns2prc,606,5496.2,245.012,245.012,233,225,0,forward
ca_caverns2prc,607,5633.8,247.238,247.238,217,203,0,forward
ca_caverns2prc,608,5908.4,247.853,247.853,223,209,0,forward
ca_caverns2prc,609,5070.8,245.397,245.397,228,219,0,forward
ca_caverns2prc,610,5590.4,251.409,251.409,222,206,0,forward
ca_caverns2prc,611,5288.6,250.752,250.752,223,205,0,forward
ca_caverns2prc,612,5174.8,251.853,251.853,227,210,0,forward
ca_caverns2prc,613,6192.6,249.225,249.225,231,225,0,forward
ca_caverns2prc,614,5864.6,251.539,251.539,230,226,0,forward
ca_caverns2prc,615,6761.6,249.267,249.267,224,210,0,forward
ca_caverns2prc,616,6129,251.966,251.966,218,210,0,forward
ca_caverns2prc,617,5810.2,250.823,250.823,221,203,0,forward
ca_caverns2prc,618,6039,249.095,249.095,223,210,0,forward
ca_caverns2prc,619,4936,250.196,250.196,227,203,0,forward
ca_caverns2prc,620,6083.8,255.296,255.296,235,229,0,forward
ca_caverns2prc,621,5825.4,255.966,255.966,222,217,0,forward
ca_caverns2prc,622,5935,255.882,255.882,236,227,0,forward
ca_caverns2prc,623,5933.8,255.309,255.309,223,216,0,forward
ca_caverns2prc,624,5212.6,255.853,255.853,231,218,0,forward
ca_caverns2prc,625,5779.4,255.338,255.338,228,213,0,forward
ca_caverns2prc,626,6032.2,253.439,253.439,229,223,0,forward
ca_caverns2prc,627,5835.8,252.225,252.225,234,226,0,forward
ca_caverns2prc,628,5506.6,255.64,255.64,237,231,0,forward
ca_caverns2prc,629,5784.6,252.167,252.167,224,218,0,forward
ca_caverns2prc,630,5276.6,257.823,257.823,228,203,0,forward
ca_caverns2prc,631,5759.4,258.054,258.054,239,228,0,forward
ca_caverns2prc,632,6319.8,259.296,259.296,239,229,0,forward
ca_caverns2prc,633,6288,256.309,256.309,224,212,0,forward
ca_caverns2prc,634,5242.8,257.782,257.782,235,232,0,forward
ca_caverns2prc,635,5443.2,256.51,256.51,230,212,0,forward
ca_caverns2prc,636,5574.4,259.823,259.823,230,219,0,forward
ca_caverns2prc,637,4852.8,256.51,256.51,230,223,0,forward
ca_caverns2prc,638,5010.4,258.167,258.167,230,219,0,forward
ca_caverns2prc,639,6078.6,257.912,257.912,243,240,0,forward
ca_caverns2prc,640,6178.6,262.154,262.154,246,233,0,forward
ca_caverns2prc,641,5842.6,260.64,260.64,242,231,0,forward
ca_caverns2prc,642,5784.2,260.711,260.711,240,231,0,forward
ca_caverns2prc,643,6049.8,262.752,262.752,235,222,0,forward
ca_caverns2prc,644,6681,263.439,263.439,239,235,0,forward
ca_caverns2prc,645,5752.6,263.752,263.752,236,227,0,forward
ca_caverns2prc,646,5719.8,261.51,261.51,235,227,0,forward
ca_caverns2prc,647,6339.2,260.267,260.267,235,228,0,forward
ca_caverns2prc,648,5706.8,260.953,260.953,239,221,0,forward
ca_caverns2prc,649,6344.4,263.995,263.995,235,232,0,forward
ca_caverns2prc,650,6586.6,264.782,264.782,242,236,0,forward
ca_caverns2prc,651,5674.8,267.752,267.752,240,230,0,forward
ca_caverns2prc,652,5353.6,265.439,265.439,241,230,0,forward
ca_caverns2prc,653,5383.6,264.681,264.681,239,236,0,forward
ca_caverns2prc,654,6507.4,267.681,267.681,242,231,0,forward
ca_caverns2prc,655,5452.4,267.083,267.083,253,228,0,forward
ca_caverns2prc,656,6209.2,267.539,267.539,246,242,0,forward
ca_caverns2prc,657,6609.8,264.853,264.853,240,236,0,forward
ca_caverns2prc,658,5471.8,265.054,265.054,246,236,0,forward
ca_caverns2prc,659,6067,265.267,265.267,240,234,0,forward
ca_caverns2prc,660,6718,269.279,269.279,232,217,0,forward
ca_caverns2prc,661,6368.8,271.711,271.711,251,248,0,forward
ca_caverns2prc,662,5613.4,269.983,269.983,253,250,0,forward
ca_caverns2prc,663,5948.8,268.007,268.007,227,214,0,forward
ca_caverns2prc,664,6284.2,270.066,270.066,239,230,0,forward
ca_caverns2prc,665,6264.6,268.61,268.61,245,226,0,forward
ca_caverns2prc,666,6531,270.154,270.154,254,251,0,forward
ca_caverns2prc,667,6293.6,270.338,270.338,243,238,0,forward
ca_caverns2prc,668,6274.6,269.066,269.066,238,221,0,forward
ca_caverns2prc,669,5535,270.953,270.953,249,243,0,forward
ca_caverns2prc,670,5997.8,274.397,274.397,257,241,0,forward
ca_caverns2prc,671,6299.8,274.125,274.125,253,240,0,forward
ca_caverns2prc,672,6207.6,273.397,273.397,256,241,0,forward
ca_caverns2prc,673,6093.4,273.196,273.196,250,241,0,forward
ca_caverns2prc,674,5947,272.711,272.711,252,246,0,forward
ca_caverns2prc,675,5566.4,273.539,273.539,252,246,0,forward
ca_caverns2prc,676,6539.6,274.61,274.61,251,240,0,forward
ca_caverns2prc,677,5832.8,272.681,272.681,247,241,0,forward
ca_caverns2prc,678,5746.2,274.267,274.267,249,242,0,forward
ca_caverns2prc,679,6567.2,274.409,274.409,245,238,0,forward
ca_caverns2prc,680,6020.8,279.225,279.225,261,253,0,forward
ca_caverns2prc,681,7014.8,276.125,276.125,255,245,0,forward
ca_caverns2prc,682,5526.6,278.125,278.125,257,244,0,forward
ca_caverns2prc,683,6172.2,276.811,276.811,259,240,0,forward
ca_caverns2prc,684,6636,276.61,276.61,253,247,0,forward
ca_caverns2prc,685,5721.2,276.61,276.61,253,235,0,forward
ca_caverns2prc,686,5792.6,276.167,276.167,248,235,0,forward
ca_caverns2prc,687,6567,279.853,279.853,255,243,0,forward
ca_caverns2prc,688,6558.6,276.723,276.723,244,224,0,forward
ca_caverns2prc,689,5663.8,276.024,276.024,252,234,0,forward
ca_caverns2prc,690,6442,280.48,280.48,249,234,0,forward
ca_caverns2prc,691,6385,282.912,282.912,268,257,0,forward
ca_caverns2prc,692,6586.8,283.196,283.196,260,254,0,forward
ca_caverns2prc,693,5653.6,282.853,282.853,258,251,0,forward
ca_caverns2prc,694,6445,283.125,283.125,262,255,0,forward
ca_caverns2prc,695,6150.6,281.154,281.154,265,264,0,forward
ca_caverns2prc,696,6825.6,283.167,283.167,255,241,0,forward
ca_caverns2prc,697,6634.4,280.409,280.409,251,238,0,forward
ca_caverns2prc,698,6688,280.723,280.723,248,240,0,forward
ca_caverns2prc,699,5897.2,283.681,283.681,258,247,0,forward
ca_caverns2prc,700,6521.4,286.267,286.267,261,256,0,forward
ca_caverns2prc,701,7189.8,284.167,284.167,256,250,0,forward
ca_caverns2prc,702,5742.8,284.51,284.51,258,254,0,forward
ca_caverns2prc,703,6031.2,284.539,284.539,263,244,0,forward
ca_caverns2prc,704,6633.4,287.723,287.723,255,252,0,forward
ca_caverns2prc,705,6606,284.066,284.066,253,245,0,forward
ca_caverns2prc,706,6121.8,284.326,284.326,269,259,0,forward
ca_caverns2prc,707,6996.2,287.095,287.095,261,241,0,forward
ca_caverns2prc,708,6211.2,286.539,286.539,265,243,0,forward
ca_caverns2prc,709,6027.2,284.338,284.338,257,244,0,forward
ca_caverns2prc,710,7653.4,291.681,291.681,266,255,0,forward
ca_caverns2prc,711,6132.2,289.681,289.681,264,254,0,forward
ca_caverns2prc,712,6397.4,288.125,288.125,267,261,0,forward
ca_caverns2prc,713,6524.4,289.711,289.711,269,268,0,forward
ca_caverns2prc,714,6182.8,288.569,288.569,272,264,0,forward
ca_caverns2prc,715,6383.8,290.539,290.539,269,258,0,forward
ca_caverns2prc,716,6699,288.823,288.823,259,249,0,forward
ca_caverns2prc,717,6030.2,291.468,291.468,272,262,0,forward
ca_caverns2prc,718,6066.4,288.569,288.569,272,264,0,forward
ca_caverns2prc,719,6744.4,289.924,289.924,263,257,0,forward
ca_caverns2prc,720,5962.6,294.61,294.61,271,261,0,forward
ca_caverns2prc,721,7356.8,292.723,292.723,260,248,0,forward
ca_caverns2prc,722,6718.6,294.823,294.823,265,254,0,forward
ca_caverns2prc,723,7158.8,294.368,294.368,272,256,0,forward
ca_caverns2prc,724,6728.8,293.551,293.551,260,243,0,forward
ca_caverns2prc,725,6283.8,293.983,293.983,277,274,0,forward
ca_caverns2prc,726,6009.2,294.752,294.752,267,253,0,forward
ca_caverns2prc,727,6412.8,294.409,294.409,265,259,0,forward
ca_caverns2prc,728,6525.4,294.468,294.468,275,260,0,forward
ca_caverns2prc,729,5833,294.551,294.551,261,250,0,forward
ca_caverns2prc,730,6829,299.409,299.409,270,258,0,forward
ca_caverns2prc,731,6536.2,297.095,297.095,271,266,0,forward
ca_caverns2prc,732,7014.4,296.267,296.267,271,264,0,forward
ca_caverns2prc,733,7331,296.167,296.167,268,255,0,forward
ca_caverns2prc,734,6705.2,298.066,298.066,267,253,0,forward
ca_caverns2prc,735,6998.8,296.451,296.451,260,239,0,forward
ca_caverns2prc,736,7365.2,299.894,299.894,268,252,0,forward
ca_caverns2prc,737,6781.2,299.054,299.054,280,273,0,forward
ca_caverns2prc,738,6583.2,298.522,298.522,260,237,0,forward
ca_caverns2prc,739,6266.8,299.037,299.037,263,250,0,forward
ca_caverns2prc,740,7279.6,301.622,301.622,266,256,0,forward
ca_caverns2prc,741,6073.4,301.853,301.853,277,274,0,forward
ca_caverns2prc,742,6379.8,303.752,303.752,276,265,0,forward
ca_caverns2prc,743,5762.2,303.539,303.539,282,277,0,forward
ca_caverns2prc,744,7305,301.752,301.752,274,270,0,forward
ca_caverns2prc,745,7199.2,303.924,303.924,277,273,0,forward
ca_caverns2prc,746,7161.8,303.865,303.865,267,256,0,forward
ca_caverns2prc,747,7052.6,303.238,303.238,273,266,0,forward
ca_caverns2prc,748,6926,300.966,300.966,267,258,0,forward
ca_caverns2prc,749,6532.8,303.569,303.569,287,287,0,forward
ca_caverns2prc,750,6093,306.167,306.167,278,266,0,forward
ca_caverns2prc,751,6680.4,306.723,306.723,274,270,0,forward
ca_caverns2prc,752,6761,307.681,307.681,282,272,0,forward
ca_caverns2prc,753,5901.2,305.167,305.167,277,266,0,forward
ca_caverns2prc,754,7129.8,304.279,304.279,267,262,0,forward
ca_caverns2prc,755,7414.6,305.338,305.338,278,272,0,forward
ca_caverns2prc,756,6937.2,306.125,306.125,285,279,0,forward
ca_caverns2prc,757,7016,305.167,305.167,277,268,0,forward
ca_caverns2prc,758,6753.6,305.238,305.238,275,267,0,forward
ca_caverns2prc,759,6579,304.196,304.196,281,276,0,forward
ca_caverns2prc,760,7108,309.764,309.764,270,251,0,forward
ca_caverns2prc,761,7201.2,310.037,310.037,274,256,0,forward
ca_caverns2prc,762,7044,308.208,308.208,273,264,0,forward
ca_caverns2prc,763,6936,310.38,310.38,276,264,0,forward
ca_caverns2prc,764,6161.2,310.936,310.936,272,254,0,forward
ca_caverns2prc,765,6719.8,310.409,310.409,281,262,0,forward
ca_caverns2prc,766,7038.2,311.936,311.936,273,265,0,forward
ca_caverns2prc,767,7050.4,311.581,311.581,283,279,0,forward
ca_caverns2prc,768,6397.6,311.652,311.652,281,276,0,forward
ca_caverns2prc,769,6041,311.066,311.066,280,266,0,forward
ca_caverns2prc,770,7457.6,312.936,312.936,274,262,0,forward
ca_caverns2prc,771,7667,313.569,313.569,297,292,0,forward
ca_caverns2prc,772,8194.8,313.539,313.539,292,287,0,forward
ca_caverns2prc,773,6499.8,314.551,314.551,281,271,0,forward
ca_caverns2prc,774,7147.8,315.61,315.61,292,290,0,forward
ca_caverns2prc,775,6412.6,313.468,313.468,294,291,0,forward
ca_caverns2prc,776,7142.6,314.581,314.581,286,274,0,forward
ca_caverns2prc,777,6949,313.179,313.179,273,258,0,forward
ca_caverns2prc,778,6237,315.421,315.421,274,263,0,forward
ca_caverns2prc,779,7979.2,312.137,312.137,279,260,0,forward
ca_caverns2prc,780,7076,318.024,318.024,294,288,0,forward
ca_caverns2prc,781,6994.6,317.095,317.095,291,284,0,forward
ca_caverns2prc,782,7070,317.48,317.48,286,274,0,forward
ca_caverns2prc,783,7556,318.154,318.154,302,289,0,forward
ca_caverns2prc,784,7475.4,319.823,319.823,290,284,0,forward
ca_caverns2prc,785,6999,319.581,319.581,291,280,0,forward
ca_caverns2prc,786,7594.6,316.823,316.823,287,274,0,forward
ca_caverns2prc,787,7058,317.782,317.782,295,287,0,forward
ca_caverns2prc,788,6237.4,316.279,316.279,279,271,0,forward
ca_caverns2prc,789,7632.4,316.409,316.409,287,281,0,forward
ca_caverns2prc,790,6850.8,321.451,321.451,285,275,0,forward
ca_caverns2prc,791,7808.8,323.882,323.882,304,296,0,forward
ca_caverns2prc,792,7459,322.823,322.823,293,285,0,forward
ca_caverns2prc,793,7873.4,322.966,322.966,289,270,0,forward
ca_caverns2prc,794,7494.4,322.723,322.723,290,272,0,forward
ca_caverns2prc,795,7257,320.095,320.095,294,291,0,forward
ca_caverns2prc,796,7824.6,321.794,321.794,287,275,0,forward
ca_caverns2prc,797,6754,321.238,321.238,291,274,0,forward
ca_caverns2prc,798,7322.2,322.48,322.48,291,281,0,forward
ca_caverns2prc,799,7690.8,320.196,320.196,297,293,0,forward
ca_caverns2prc,800,7702.2,326.208,326.208,291,286,0,forward
ca_caverns2prc,801,6997.6,324.137,324.137,291,283,0,forward
ca_caverns2prc,802,7195.6,327.238,327.238,297,282,0,forward
ca_caverns2prc,803,7581,324.196,324.196,301,294,0,forward
ca_caverns2prc,804,6566.4,325.752,325.752,298,293,0,forward
ca_caverns2prc,805,7885.6,327.208,327.208,292,288,0,forward
ca_caverns2prc,806,6480.6,327.439,327.439,303,291,0,forward
ca_caverns2prc,807,7262,324.492,324.492,281,271,0,forward
ca_caverns2prc,808,7119,326.368,326.368,304,301,0,forward
ca_caverns2prc,809,7303,324.652,324.652,294,284,0,forward
ca_caverns2prc,810,7895.6,328.208,328.208,293,287,0,forward
ca_caverns2prc,811,7596,330.622,330.622,295,289,0,forward
ca_caverns2prc,812,7242.6,328.551,328.551,295,289,0,forward
ca_caverns2prc,813,7103.4,329.321,329.321,285,272,0,forward
ca_caverns2prc,814,7002.6,329.551,329.551,296,290,0,forward
ca_caverns2prc,815,7116.8,329.309,329.309,297,290,0,forward
ca_caverns2prc,816,7237,331.693,331.693,294,277,0,forward
ca_caverns2prc,817,6946.4,331.066,331.066,300,290,0,forward
ca_caverns2prc,818,6754,328.681,328.681,303,295,0,forward
ca_caverns2prc,819,6741.4,328.794,328.794,294,283,0,forward
ca_caverns2prc,820,8159.2,334.309,334.309,302,295,0,forward
ca_caverns2prc,821,8218.6,335.35,335.35,296,280,0,forward
ca_caverns2prc,822,7505.4,334.368,334.368,312,306,0,forward
ca_caverns2prc,823,8061.4,335.451,335.451,299,294,0,forward
ca_caverns2prc,824,7496,332.622,332.622,297,292,0,forward
ca_caverns2prc,825,7536.2,333.137,333.137,300,291,0,forward
ca_caverns2prc,826,7628.6,334.125,334.125,313,309,0,forward
ca_caverns2prc,827,7774.8,334.622,334.622,299,290,0,forward
ca_caverns2prc,828,7692.8,333.309,333.309,301,297,0,forward
ca_caverns2prc,829,8156.2,334.007,334.007,293,287,0,forward
ca_caverns2prc,830,8029.6,338.48,338.48,307,283,0,forward
ca_caverns2prc,831,7345.6,336.522,336.522,298,289,0,forward
ca_caverns2prc,832,7436.6,337.522,337.522,299,289,0,forward
ca_caverns2prc,833,7343.2,336.296,336.296,316,309,0,forward
ca_caverns2prc,834,6936.4,338.095,338.095,312,303,0,forward
ca_caverns2prc,835,7472.6,338.581,338.581,310,275,0,forward
ca_caverns2prc,836,7620,339.309,339.309,307,302,0,forward
ca_caverns2prc,837,6793,337.622,337.622,302,295,0,forward
ca_caverns2prc,838,8178,336.078,336.078,293,270,0,forward
ca_caverns2prc,839,7954.8,336.865,336.865,300,296,0,forward
ca_caverns2prc,840,7043.2,343.865,343.865,307,302,0,forward
ca_caverns2prc,841,7050,342.681,342.681,317,313,0,forward
ca_caverns2prc,842,7155.6,343.309,343.309,311,307,0,forward
ca_caverns2prc,843,7727.6,342.953,342.953,321,317,0,forward
ca_caverns2prc,844,7004.2,343.108,343.108,305,297,0,forward
ca_caverns2prc,845,7590,342.894,342.894,311,286,0,forward
ca_caverns2prc,846,7501.6,341.279,341.279,304,291,0,forward
ca_caverns2prc,847,6799.8,343.794,343.794,309,286,0,forward
ca_caverns2prc,848,7449.2,342.451,342.451,306,299,0,forward
ca_caverns2prc,849,7040.8,340.823,340.823,311,301,0,forward
ca_caverns2prc,850,6925.8,344.137,344.137,311,301,0,forward
ca_caverns2prc,851,6960.4,345.309,345.309,313,305,0,forward
ca_caverns2prc,852,7523.8,345.622,345.622,310,308,0,forward
ca_caverns2prc,853,7595.2,346.764,346.764,307,290,0,forward
ca_caverns2prc,854,7993.4,345.095,345.095,319,312,0,forward
ca_caverns2prc,855,7610.8,344.865,344.865,308,303,0,forward
ca_caverns2prc,856,7210.8,347.681,347.681,322,316,0,forward
ca_caverns2prc,857,7808,344.522,344.522,306,290,0,forward
ca_caverns2prc,858,6777.8,345.309,345.309,313,302,0,forward
ca_caverns2prc,859,8067.2,344.764,344.764,305,287,0,forward
ca_caverns2prc,860,6917.4,351.924,351.924,325,322,0,forward
ca_caverns2prc,861,6885.6,351.38,351.38,317,314,0,forward
ca_caverns2prc,862,8248.8,348.936,348.936,310,300,0,forward
ca_caverns2prc,863,8843,351.894,351.894,320,302,0,forward
ca_caverns2prc,864,6713.8,349.38,349.38,315,300,0,forward
ca_caverns2prc,865,7384.4,350.764,350.764,311,294,0,forward
ca_caverns2prc,866,6589.2,348.865,348.865,312,300,0,forward
ca_caverns2prc,867,7924,350.451,350.451,314,300,0,forward
ca_caverns2prc,868,7544.4,349.995,349.995,321,302,0,forward
ca_caverns2prc,869,8334,351.764,351.764,312,300,0,forward
ca_caverns2prc,870,7238.4,354.007,354.007,313,299,0,forward
ca_caverns2prc,871,6876.4,355.723,355.723,323,314,0,forward
ca_caverns2prc,872,8382.6,354.095,354.095,328,319,0,forward
ca_caverns2prc,873,7819.8,355.995,355.995,327,322,0,forward
ca_caverns2prc,874,7562.6,355.167,355.167,327,317,0,forward
ca_caverns2prc,875,7088,352.267,352.267,327,306,0,forward
ca_caverns2prc,876,7555.8,353.309,353.309,321,307,0,forward
ca_caverns2prc,877,6855.6,354.267,354.267,329,324,0,forward
ca_caverns2prc,878,7454.4,352.208,352.208,317,300,0,forward
ca_caverns2prc,879,6715.4,353.995,353.995,325,317,0,forward
ca_caverns2prc,880,7408,359.451,359.451,323,314,0,forward
ca_caverns2prc,881,8492.8,359.61,359.61,336,332,0,forward
ca_caverns2prc,882,7783.2,359.38,359.38,325,312,0,forward
ca_caverns2prc,883,8630.6,358.309,358.309,326,322,0,forward
ca_caverns2prc,884,7976.4,356.652,356.652,326,275,0,forward
ca_caverns2prc,885,7566.6,356.137,356.137,323,318,0,forward
ca_caverns2prc,886,8907,357.522,357.522,319,308,0,forward
ca_caverns2prc,887,7130.2,358.179,358.179,318,301,0,forward
ca_caverns2prc,888,7655,356.622,356.622,321,306,0,forward
ca_caverns2prc,889,7622.6,357.622,357.622,322,299,0,forward
ca_caverns2prc,890,8315.4,362.35,362.35,323,312,0,forward
ca_caverns2prc,891,8346.2,361.551,361.551,328,316,0,forward
ca_caverns2prc,892,7262,362.664,362.664,320,300,0,forward
ca_caverns2prc,893,7159.6,360.108,360.108,322,311,0,forward
ca_caverns2prc,894,7752.6,362.279,362.279,325,317,0,forward
ca_caverns2prc,895,7969.2,362.593,362.593,322,309,0,forward
ca_caverns2prc,896,8215.2,362.894,362.894,331,283,0,forward
ca_caverns2prc,897,8836.8,361.995,361.995,333,326,0,forward
ca_caverns2prc,898,8495.4,363.421,363.421,322,316,0,forward
ca_caverns2prc,899,8600.8,363.48,363.48,332,324,0,forward
ca_caverns2prc,900,7658.4,365.368,365.368,343,337,0,forward
ca_caverns2prc,901,7787.8,365.693,365.693,328,321,0,forward
ca_caverns2prc,902,8729,365.551,365.551,332,317,0,forward
ca_caverns2prc,903,7294.6,365.238,365.238,335,327,0,forward
ca_caverns2prc,904,7905.4,365.752,365.752,338,329,0,forward
ca_caverns2prc,905,7346,367.966,367.966,334,329,0,forward
ca_caverns2prc,906,8708.4,367.078,367.078,324,315,0,forward
ca_caverns2prc,907,8132.8,365.279,365.279,328,316,0,forward
ca_caverns2prc,908,7252.2,365.936,365.936,327,322,0,forward
ca_caverns2prc,909,8280.2,365.865,365.865,329,320,0,forward
ca_caverns2prc,910,7221.8,368.35,368.35,329,321,0,forward
ca_caverns2prc,911,7989.4,371.865,371.865,335,332,0,forward
ca_caverns2prc,912,8594.8,368.652,368.652,338,332,0,forward
ca_caverns2prc,913,8482,368.066,368.066,337,327,0,forward
ca_caverns2prc,914,8206.8,370.279,370.279,333,331,0,forward
ca_caverns2prc,915,8730,370.794,370.794,336,333,0,forward
ca_caverns2prc,916,8838,369.764,369.764,330,327,0,forward
ca_caverns2prc,917,7682.4,369.894,369.894,338,332,0,forward
ca_caverns2prc,918,7584.2,368.037,368.037,332,310,0,forward
ca_caverns2prc,919,7551.8,369.35,369.35,330,322,0,forward
ca_caverns2prc,920,7386.8,372.622,372.622,337,326,0,forward
ca_caverns2prc,921,7981.2,373.38,373.38,339,327,0,forward
ca_caverns2prc,922,7503.2,373.179,373.179,333,326,0,forward
ca_caverns2prc,923,8210.6,374.551,374.551,341,326,0,forward
ca_caverns2prc,924,7549.8,373.167,373.167,345,335,0,forward
ca_caverns2prc,925,8416,373.823,373.823,344,335,0,forward
ca_caverns2prc,926,8719.8,375.421,375.421,334,324,0,forward
ca_caverns2prc,927,8424.6,374.309,374.309,342,324,0,forward
ca_caverns2prc,928,8473.6,372.936,372.936,334,316,0,forward
ca_caverns2prc,929,8021,375.693,375.693,338,324,0,forward
ca_caverns2prc,930,8998,376.995,376.995,348,339,0,forward
ca_caverns2prc,931,7133.4,376.196,376.196,353,346,0,forward
ca_caverns2prc,932,7822.2,378.179,378.179,338,332,0,forward
ca_caverns2prc,933,8200.6,379.723,379.723,347,338,0,forward
ca_caverns2prc,934,7629.8,378.664,378.664,336,330,0,forward
ca_caverns2prc,935,7176.2,377.024,377.024,353,345,0,forward
ca_caverns2prc,936,8182,376.865,376.865,340,317,0,forward
ca_caverns2prc,937,8025.8,376.208,376.208,341,321,0,forward
ca_caverns2prc,938,7469.6,376.752,376.752,349,346,0,forward
ca_caverns2prc,939,9188.4,378.309,378.309,346,337,0,forward
ca_caverns2prc,940,9289.2,383.794,383.794,349,345,0,forward
ca_caverns2prc,941,9040.8,382.652,382.652,352,342,0,forward
ca_caverns2prc,942,9498.2,382.35,382.35,343,341,0,forward
ca_caverns2prc,943,7986.2,382.208,382.208,347,330,0,forward
ca_caverns2prc,944,8394.8,381.966,381.966,348,333,0,forward
ca_caverns2prc,945,7769,380.007,380.007,339,318,0,forward
ca_caverns2prc,946,9205.8,380.693,380.693,343,334,0,forward
ca_caverns2prc,947,8252.8,380.794,380.794,346,330,0,forward
ca_caverns2prc,948,8775.4,382.421,382.421,341,327,0,forward
ca_caverns2prc,949,9031,383.48,383.48,352,336,0,forward
ca_caverns2prc,950,7911.2,385.966,385.966,352,344,0,forward
ca_caverns2prc,951,9098.2,384.522,384.522,346,338,0,forward
ca_caverns2prc,952,8745,387.865,387.865,351,343,0,forward
ca_caverns2prc,953,8927.6,385.421,385.421,344,331,0,forward
ca_caverns2prc,954,7759.4,385.794,385.794,351,330,0,forward
ca_caverns2prc,955,7596.8,385.196,385.196,362,350,0,forward
ca_caverns2prc,956,8471.8,386.652,386.652,356,350,0,forward
ca_caverns2prc,957,8240,385.693,385.693,348,342,0,forward
ca_caverns2prc,958,9454.6,387.563,387.563,342,335,0,forward
ca_caverns2prc,959,8080.6,386.38,386.38,352,335,0,forward
ca_caverns2prc,960,8845.2,389.894,389.894,358,342,0,forward
ca_caverns2prc,961,8696.2,391.38,391.38,357,336,0,forward
ca_caverns2prc,962,9415.6,389.321,389.321,345,336,0,forward
ca_caverns2prc,963,8501,389.208,389.208,354,338,0,forward
ca_caverns2prc,964,8588.6,389.049,389.049,341,329,0,forward
ca_caverns2prc,965,7941,389.38,389.38,355,347,0,forward
ca_caverns2prc,966,8336,390.693,390.693,353,331,0,forward
ca_caverns2prc,967,8676.6,390.978,390.978,345,334,0,forward
ca_caverns2prc,968,8853,389.593,389.593,349,342,0,forward
ca_caverns2prc,969,7923,388.149,388.149,343,329,0,forward
ca_caverns2prc,970,11177.8,395.35,395.35,356,348,0,forward
ca_caverns2prc,971,8780.4,392.622,392.622,357,348,0,forward
ca_caverns2prc,972,8001.8,393.066,393.066,362,360,0,forward
ca_caverns2prc,973,7993.8,392.522,392.522,354,345,0,forward
ca_caverns2prc,974,9893.4,394.823,394.823,365,354,0,forward
ca_caverns2prc,975,9005.2,392.066,392.066,361,359,0,forward
ca_caverns2prc,976,8067.8,395.966,395.966,362,352,0,forward
ca_caverns2prc,977,8674.8,393.35,393.35,354,330,0,forward
ca_caverns2prc,978,9232.2,394.907,394.907,351,340,0,forward
ca_caverns2prc,979,8334.4,392.806,392.806,346,328,0,forward
ca_caverns2prc,980,7985.6,397.208,397.208,362,342,0,forward
ca_caverns2prc,981,8663,397.652,397.652,367,365,0,forward
ca_caverns2prc,982,8314.4,397.794,397.794,363,350,0,forward
ca_caverns2prc,983,8283.6,397.309,397.309,365,358,0,forward
ca_caverns2prc,984,7587.6,397.551,397.551,364,355,0,forward
ca_caverns2prc,985,8279.6,396.095,396.095,370,368,0,forward
ca_caverns2prc,986,8501.2,398.936,398.936,360,335,0,forward
ca_caverns2prc,987,8495.2,397.794,397.794,363,345,0,forward
ca_caverns2prc,988,8960.4,399.551,399.551,366,364,0,forward
ca_caverns2prc,989,8281.2,397.078,397.078,354,348,0,forward
ca_caverns2prc,990,9698.6,402.007,402.007,361,354,0,forward
ca_caverns2prc,991,9122.4,402.966,402.966,369,361,0,forward
ca_caverns2prc,992,8521.6,403.735,403.735,359,348,0,forward
ca_caverns2prc,993,9007.2,403.321,403.321,359,351,0,forward
ca_caverns2prc,994,9347.2,400.291,400.291,351,337,0,forward
ca_caverns2prc,995,8768,401.563,401.563,356,344,0,forward
ca_caverns2prc,996,9158.4,403.723,403.723,371,365,0,forward
ca_caverns2prc,997,8756.4,402.522,402.522,364,355,0,forward
ca_caverns2prc,998,9326.2,403.622,403.622,368,361,0,forward
ca_caverns2prc,999,7805,402.966,402.966,369,362,0,forward
ca_caverns2prc,1000,8471.2,406.392,406.392,360,350,0,forward
ca_caverns2prc,1001,8753.8,406.279,406.279,369,350,0,forward
ca_caverns2prc,1002,9739.8,404.451,404.451,368,362,0,forward
ca_caverns2prc,1003,7795.6,407.22,407.22,360,350,0,forward
ca_caverns2prc,1004,9376,404.463,404.463,356,339,0,forward
ca_caverns2prc,1005,9633.4,406.723,406.723,374,369,0,forward
ca_caverns2prc,1006,9716.8,404.078,404.078,361,354,0,forward
ca_caverns2prc,1007,9312.2,404.836,404.836,363,357,0,forward
ca_caverns2prc,1008,8200,406.208,406.208,371,359,0,forward
ca_caverns2prc,1009,8942.4,405.078,405.078,362,355,0,forward
ca_caverns2prc,1010,9013.8,411.593,411.593,371,353,0,forward
ca_caverns2prc,1011,7983.8,409.551,409.551,376,363,0,forward
ca_caverns2prc,1012,8822.8,411.664,411.664,369,360,0,forward
ca_caverns2prc,1013,8885.2,411.563,411.563,366,352,0,forward
ca_caverns2prc,1014,8400.4,411.794,411.794,377,357,0,forward
ca_caverns2prc,1015,7995.2,411.137,411.137,378,374,0,forward
ca_caverns2prc,1016,8901.6,410.492,410.492,367,357,0,forward
ca_caverns2prc,1017,8301.8,411.622,411.622,376,375,0,forward
ca_caverns2prc,1018,8335,411.865,411.865,375,353,0,forward
ca_caverns2prc,1019,8774,409.037,409.037,373,360,0,forward
ca_caverns2prc,1020,9759.8,412.664,412.664,370,363,0,forward
ca_caverns2prc,1021,8946.2,414.066,414.066,383,374,0,forward
ca_caverns2prc,1022,9177.8,413.078,413.078,370,361,0,forward
ca_caverns2prc,1023,8649.6,415.907,415.907,372,352,0,forward
ca_caverns2prc,1024,8617.4,414.463,414.463,366,349,0,forward
ca_caverns2prc,1025,8561.4,414.622,414.622,379,372,0,forward
ca_caverns2prc,1026,8406.8,412.693,412.693,375,355,0,forward
ca_caverns2prc,1027,8544.8,413.492,413.492,370,347,0,forward
ca_caverns2prc,1028,8538.8,415.179,415.179,375,354,0,forward
ca_caverns2prc,1029,8394.2,413.735,413.735,369,366,0,forward
ca_caverns2prc,1030,9111.2,416.291,416.291,367,353,0,forward
ca_caverns2prc,1031,9505.6,416.38,416.38,382,363,0,forward
ca_caverns2prc,1032,8858,419.12,419.12,369,354,0,forward
ca_caverns2prc,1033,8060.8,416.978,416.978,371,347,0,forward
ca_caverns2prc,1034,9301.4,419.522,419.522,381,367,0,forward
ca_caverns2prc,1035,10631.6,416.836,416.836,375,365,0,forward
ca_caverns2prc,1036,9112.4,419.037,419.037,383,374,0,forward
ca_caverns2prc,1037,10767,416.291,416.291,367,351,0,forward
ca_caverns2prc,1038,8450.2,419.291,419.291,370,352,0,forward
ca_caverns2prc,1039,12615.4,418.693,418.693,381,373,0,forward
ca_caverns2prc,1040,8745.6,420.007,420.007,379,377,0,forward
ca_caverns2prc,1041,8575.6,420.806,420.806,374,350,0,forward
ca_caverns2prc,1042,8151.6,422.22,422.22,375,370,0,forward
ca_caverns2prc,1043,9098.4,421.078,421.078,378,373,0,forward
ca_caverns2prc,1044,8712.2,421.078,421.078,378,355,0,forward
ca_caverns2prc,1045,9409,421.179,421.179,381,365,0,forward
ca_caverns2prc,1046,8242.6,422.22,422.22,375,364,0,forward
ca_caverns2prc,1047,9317.4,420.622,420.622,385,378,0,forward
ca_caverns2prc,1048,10352.8,423.836,423.836,382,377,0,forward
ca_caverns2prc,1049,9789.6,421.208,421.208,386,382,0,forward
ca_caverns2prc,1050,9178.8,427.262,427.262,373,361,0,forward
ca_caverns2prc,1051,8537.6,425.392,425.392,379,373,0,forward
ca_caverns2prc,1052,9114.8,427.463,427.463,379,357,0,forward
ca_caverns2prc,1053,10086.2,425.723,425.723,393,391,0,forward
ca_caverns2prc,1054,9114.2,424.563,424.563,379,369,0,forward
ca_caverns2prc,1055,10131.2,424.35,424.35,385,383,0,forward
ca_caverns2prc,1056,8645,427.836,427.836,386,384,0,forward
ca_caverns2prc,1057,8851.4,425.049,425.049,377,356,0,forward
ca_caverns2prc,1058,8179,427.291,427.291,378,368,0,forward
ca_caverns2prc,1059,9654.4,425.179,425.179,385,374,0,forward
ca_caverns2prc,1060,9500.4,430.007,430.007,389,385,0,forward
ca_caverns2prc,1061,9832.8,431.635,431.635,384,367,0,forward
ca_caverns2prc,1062,9945,428.35,428.35,389,384,0,forward
ca_caverns2prc,1063,9227.2,429.806,429.806,383,364,0,forward
ca_caverns2prc,1064,9990.8,428.451,428.451,392,372,0,forward
ca_caverns2prc,1065,9645,431.966,431.966,398,394,0,forward
ca_caverns2prc,1066,9869.8,429.777,429.777,378,364,0,forward
ca_caverns2prc,1067,10028.6,431.208,431.208,396,389,0,forward
ca_caverns2prc,1068,8843,430.706,430.706,381,376,0,forward
ca_caverns2prc,1069,9413,429.635,429.635,382,369,0,forward
ca_caverns2prc,1070,9391.6,434.108,434.108,396,377,0,forward
ca_caverns2prc,1071,9750.2,433.894,433.894,402,394,0,forward
ca_caverns2prc,1072,9045.2,435.551,435.551,402,355,0,forward
ca_caverns2prc,1073,10652.6,434.291,434.291,385,357,0,forward
ca_caverns2prc,1074,8603.8,433.735,433.735,389,374,0,forward
ca_caverns2prc,1075,9619.4,433.451,433.451,397,392,0,forward
ca_caverns2prc,1076,9265.4,433.309,433.309,401,400,0,forward
ca_caverns2prc,1077,10119,434.693,434.693,397,388,0,forward
ca_caverns2prc,1078,9257.6,432.522,432.522,394,373,0,forward
ca_caverns2prc,1079,10215.4,434.635,434.635,387,378,0,forward
ca_caverns2prc,1080,9583,436.563,436.563,391,380,0,forward
ca_caverns2prc,1081,8794.4,438.622,438.622,403,398,0,forward
ca_caverns2prc,1082,9629.2,439.078,439.078,396,377,0,forward
ca_caverns2prc,1083,9743,437.12,437.12,387,376,0,forward
ca_caverns2prc,1084,9283.8,436.137,436.137,403,396,0,forward
ca_caverns2prc,1085,9265.2,437.534,437.534,387,379,0,forward
ca_caverns2prc,1086,9433.6,436.948,436.948,386,368,0,forward
ca_caverns2prc,1087,8855.8,439.794,439.794,405,402,0,forward
ca_caverns2prc,1088,9173.2,437.563,437.563,392,373,0,forward
ca_caverns2prc,1089,9613.8,436.978,436.978,391,375,0,forward
ca_caverns2prc,1090,9448.2,442.865,442.865,406,391,0,forward
ca_caverns2prc,1091,9994.2,442.505,442.505,387,369,0,forward
ca_caverns2prc,1092,9699.8,442.978,442.978,397,385,0,forward
ca_caverns2prc,1093,9415.2,443.291,443.291,394,389,0,forward
ca_caverns2prc,1094,9726.2,443.806,443.806,397,390,0,forward
ca_caverns2prc,1095,9638.2,442.09,442.09,387,370,0,forward
ca_caverns2prc,1096,9885.6,443.451,443.451,407,393,0,forward
ca_caverns2prc,1097,9263,440.108,440.108,402,393,0,forward
ca_caverns2prc,1098,10411.6,443.463,443.463,395,380,0,forward
ca_caverns2prc,1099,8530,441.522,441.522,403,402,0,forward
ca_caverns2prc,1100,9567.4,445.037,445.037,409,398,0,forward
ca_caverns2prc,1101,9657.4,446.22,446.22,399,386,0,forward
ca_caverns2prc,1102,9293,446.936,446.936,408,404,0,forward
ca_caverns2prc,1103,9969.8,447.291,447.291,398,389,0,forward
ca_caverns2prc,1104,10230.2,445.208,445.208,410,401,0,forward
ca_caverns2prc,1105,9573.8,447.35,447.35,408,397,0,forward
ca_caverns2prc,1106,8801.6,445.635,445.635,398,393,0,forward
ca_caverns2prc,1107,9893.8,447.936,447.936,409,372,0,forward
ca_caverns2prc,1108,9748.2,445.321,445.321,401,394,0,forward
ca_caverns2prc,1109,9655.2,447.25,447.25,405,381,0,forward
ca_caverns2prc,1110,10035.8,451.279,451.279,414,393,0,forward
ca_caverns2prc,1111,8942.8,449.161,449.161,392,381,0,forward
ca_caverns2prc,1112,9854,449.747,449.747,393,380,0,forward
ca_caverns2prc,1113,9002.6,449.434,449.434,396,378,0,forward
ca_caverns2prc,1114,8708.4,449.676,449.676,395,377,0,forward
ca_caverns2prc,1115,8879.6,450.392,450.392,404,390,0,forward
ca_caverns2prc,1116,9206.6,450.362,450.362,399,376,0,forward
ca_caverns2prc,1117,10407.8,451.622,451.622,416,401,0,forward
ca_caverns2prc,1118,9905.8,448.907,448.907,405,386,0,forward
ca_caverns2prc,1119,10142.2,448.806,448.806,402,393,0,forward
ca_caverns2prc,1120,9720.6,455.208,455.208,420,415,0,forward
ca_caverns2prc,1121,8960.2,453.12,453.12,403,398,0,forward
ca_caverns2prc,1122,10030,454.894,454.894,423,422,0,forward
ca_caverns2prc,1123,9391.4,455.676,455.676,401,391,0,forward
ca_caverns2prc,1124,9249.2,455.037,455.037,419,413,0,forward
ca_caverns2prc,1125,9698,452.451,452.451,416,410,0,forward
ca_caverns2prc,1126,9355,454.764,454.764,415,408,0,forward
ca_caverns2prc,1127,10062.8,452.362,452.362,401,389,0,forward
ca_caverns2prc,1128,10044.4,452.522,452.522,414,404,0,forward
ca_caverns2prc,1129,9282.6,452.108,452.108,414,410,0,forward
ca_caverns2prc,1130,9635.4,456.693,456.693,419,401,0,forward
ca_caverns2prc,1131,10992.2,457.919,457.919,402,395,0,forward
ca_caverns2prc,1132,10113,456.735,456.735,412,389,0,forward
ca_caverns2prc,1133,9939.8,456.877,456.877,408,402,0,forward
ca_caverns2prc,1134,9185.8,459.392,459.392,413,408,0,forward
ca_caverns2prc,1135,9233.4,457.291,457.291,408,396,0,forward
ca_caverns2prc,1136,10245.4,459.463,459.463,411,389,0,forward
ca_caverns2prc,1137,11202.8,458.492,458.492,415,405,0,forward
ca_caverns2prc,1138,9472,457.421,457.421,416,413,0,forward
ca_caverns2prc,1139,9163.2,458.037,458.037,422,414,0,forward
ca_caverns2prc,1140,10187.4,461.191,461.191,409,399,0,forward
ca_caverns2prc,1141,10652.2,463.764,463.764,424,422,0,forward
ca_caverns2prc,1142,9458.6,460.12,460.12,410,403,0,forward
ca_caverns2prc,1143,9831,462.262,462.262,408,385,0,forward
ca_caverns2prc,1144,9389.6,462.664,462.664,420,413,0,forward
ca_caverns2prc,1145,9161.4,460.706,460.706,411,402,0,forward
ca_caverns2prc,1146,9815.6,462.291,462.291,413,402,0,forward
ca_caverns2prc,1147,9874.4,461.747,461.747,405,385,0,forward
ca_caverns2prc,1148,10471.4,463.894,463.894,432,426,0,forward
ca_caverns2prc,1149,10201.6,461.794,461.794,427,420,0,forward
ca_caverns2prc,1150,10504.8,467.019,467.019,414,395,0,forward
ca_caverns2prc,1151,10608.8,464.551,464.551,431,426,0,forward
ca_caverns2prc,1152,10101.6,465.421,465.421,424,402,0,forward
ca_caverns2prc,1153,9012.2,466.019,466.019,413,395,0,forward
ca_caverns2prc,1154,10112.2,467.635,467.635,420,415,0,forward
ca_caverns2prc,1155,11314.6,464.179,464.179,424,410,0,forward
ca_caverns2prc,1156,9999.8,467.12,467.12,417,411,0,forward
ca_caverns2prc,1157,10100.4,464.593,464.593,424,404,0,forward
ca_caverns2prc,1158,10417,467.061,467.061,407,401,0,forward
ca_caverns2prc,1159,10373.6,466.764,466.764,427,414,0,forward
ca_caverns2prc,1160,10562.2,470.291,470.291,421,411,0,forward
ca_caverns2prc,1161,9937.2,468.392,468.392,422,400,0,forward
ca_caverns2prc,1162,8962.2,471.676,471.676,417,407,0,forward
ca_caverns2prc,1163,9370.6,468.262,468.262,414,405,0,forward
ca_caverns2prc,1164,10760,469.664,469.664,427,413,0,forward
ca_caverns2prc,1165,11041.8,470.037,470.037,434,425,0,forward
ca_caverns2prc,1166,11048.6,469.22,469.22,422,406,0,forward
ca_caverns2prc,1167,10131.8,469.647,469.647,410,391,0,forward
ca_caverns2prc,1168,10263.8,470.421,470.421,429,414,0,forward
ca_caverns2prc,1169,9177.2,469.362,469.362,418,410,0,forward
ca_caverns2prc,1170,10813.2,475.966,475.966,442,432,0,forward
ca_caverns2prc,1171,10294.2,472.919,472.919,417,394,0,forward
ca_caverns2prc,1172,9165.6,474.291,474.291,425,411,0,forward
ca_caverns2prc,1173,9826.4,472.706,472.706,423,400,0,forward
ca_caverns2prc,1174,10424.4,474.706,474.706,425,409,0,forward
ca_caverns2prc,1175,10677,474.622,474.622,439,428,0,forward
ca_caverns2prc,1176,9866.6,472.605,472.605,420,403,0,forward
ca_caverns2prc,1177,10130,472.534,472.534,422,401,0,forward
ca_caverns2prc,1178,9017.4,473.291,473.291,424,416,0,forward
ca_caverns2prc,1179,10108,475.605,475.605,423,401,0,forward
ca_caverns2prc,1180,10054.8,476.676,476.676,422,401,0,forward
ca_caverns2prc,1181,10613,477.534,477.534,427,414,0,forward
ca_caverns2prc,1182,10305.8,477.434,477.434,424,415,0,forward
ca_caverns2prc,1183,10544.8,477.693,477.693,440,433,0,forward
ca_caverns2prc,1184,11053,479.078,479.078,436,421,0,forward
ca_caverns2prc,1185,10350.4,477.25,477.25,435,413,0,forward
ca_caverns2prc,1186,10638,477.22,477.22,430,428,0,forward
ca_caverns2prc,1187,11184.4,476.806,476.806,430,420,0,forward
ca_caverns2prc,1188,10121.4,477.007,477.007,436,415,0,forward
ca_caverns2prc,1189,9629,478.836,478.836,437,427,0,forward
ca_caverns2prc,1190,10656.4,483.635,483.635,436,428,0,forward
ca_caverns2prc,1191,9713.2,482.492,482.492,439,432,0,forward
ca_caverns2prc,1192,10192.6,482.978,482.978,437,430,0,forward
ca_caverns2prc,1193,9742.6,483.836,483.836,442,427,0,forward
ca_caverns2prc,1194,10271.8,481.735,481.735,437,390,0,forward
ca_caverns2prc,1195,11509.2,483.664,483.664,441,432,0,forward
ca_caverns2prc,1196,9731,480.563,480.563,435,414,0,forward
ca_caverns2prc,1197,10479.6,483.563,483.563,438,423,0,forward
ca_caverns2prc,1198,11009.8,482.635,482.635,435,421,0,forward
ca_caverns2prc,1199,9560.6,483.706,483.706,434,426,0,forward
ca_caverns2prc,1200,10966.4,484.877,484.877,436,424,0,forward
ca_caverns2prc,1201,10188.4,484.948,484.948,434,414,0,forward
ca_caverns2prc,1202,10340.2,486.22,486.22,439,421,0,forward
ca_caverns2prc,1203,10518.4,486.693,486.693,449,438,0,forward
ca_caverns2prc,1204,9197.2,485.321,485.321,441,433,0,forward
ca_caverns2prc,1205,9548.4,487.108,487.108,449,428,0,forward
ca_caverns2prc,1206,9454.6,484.605,484.605,432,424,0,forward
ca_caverns2prc,1207,10477,487.948,487.948,437,416,0,forward
ca_caverns2prc,1208,10626.8,485.747,485.747,429,418,0,forward
ca_caverns2prc,1209,10922.2,487.919,487.919,432,422,0,forward
ca_caverns2prc,1210,10693.8,490.061,490.061,430,424,0,forward
ca_caverns2prc,1211,10613.8,489.492,489.492,446,436,0,forward
ca_caverns2prc,1212,9965.4,488.593,488.593,448,430,0,forward
ca_caverns2prc,1213,10631.8,490.291,490.291,441,434,0,forward
ca_caverns2prc,1214,10992.2,491.534,491.534,441,422,0,forward
ca_caverns2prc,1215,9584.4,491.191,491.191,439,427,0,forward
ca_caverns2prc,1216,10590.4,490.191,490.191,438,418,0,forward
ca_caverns2prc,1217,10554.8,488.22,488.22,441,426,0,forward
ca_caverns2prc,1218,10509.6,488.534,488.534,438,415,0,forward
ca_caverns2prc,1219,9221,490.421,490.421,449,441,0,forward
ca_caverns2prc,1220,11497.6,493.262,493.262,439,417,0,forward
ca_caverns2prc,1221,10411.8,492.576,492.576,435,414,0,forward
ca_caverns2prc,1222,10637,492.806,492.806,446,429,0,forward
ca_caverns2prc,1223,9487.8,493.978,493.978,448,440,0,forward
ca_caverns2prc,1224,11128,492.09,492.09,437,428,0,forward
ca_caverns2prc,1225,10765,492.019,492.019,439,416,0,forward
ca_caverns2prc,1226,10645.4,492.434,492.434,439,428,0,forward
ca_caverns2prc,1227,10719,492.877,492.877,444,422,0,forward
ca_caverns2prc,1228,9781.8,493.291,493.291,444,422,0,forward
ca_caverns2prc,1229,9588,493.576,493.576,436,432,0,forward
ca_caverns2prc,1230,10731.4,498.078,498.078,455,437,0,forward
ca_caverns2prc,1231,9570.4,496.233,496.233,437,429,0,forward
ca_caverns2prc,1232,10634,496.09,496.09,441,431,0,forward
ca_caverns2prc,1233,9296.6,497.434,497.434,444,428,0,forward
ca_caverns2prc,1234,9597.6,497.321,497.321,453,446,0,forward
ca_caverns2prc,1235,11282,497.475,497.475,437,417,0,forward
ca_caverns2prc,1236,9457.6,498.764,498.764,459,448,0,forward
ca_caverns2prc,1237,9686,497.179,497.179,457,438,0,forward
ca_caverns2prc,1238,9921.4,497.534,497.534,447,425,0,forward
ca_caverns2prc,1239,9904.8,496.049,496.049,448,440,0,forward
ca_caverns2prc,1240,10154.8,501.635,501.635,454,444,0,forward
ca_caverns2prc,1241,10045,503.375,503.375,440,424,0,forward
ca_caverns2prc,1242,11033,503.421,503.421,462,451,0,forward
ca_caverns2prc,1243,10339.2,503.522,503.522,465,444,0,forward
ca_caverns2prc,1244,9891.6,503.563,503.563,458,453,0,forward
ca_caverns2prc,1245,9326.2,500.936,500.936,462,451,0,forward
ca_caverns2prc,1246,10096.2,503.463,503.463,455,431,0,forward
ca_caverns2prc,1247,12639.2,502.492,502.492,459,457,0,forward
ca_caverns2prc,1248,10675.6,502.25,502.25,460,442,0,forward
ca_caverns2prc,1249,9152.2,500.108,500.108,462,453,0,forward
ca_caverns2prc,1250,9658.6,507.463,507.463,459,452,0,forward
ca_caverns2prc,1251,10334.6,505.617,505.617,441,430,0,forward
ca_caverns2prc,1252,10709.6,507.664,507.664,465,445,0,forward
ca_caverns2prc,1253,11090,505.049,505.049,457,441,0,forward
ca_caverns2prc,1254,11170.4,504.593,504.593,464,457,0,forward
ca_caverns2prc,1255,11572,507.333,507.333,451,443,0,forward
ca_caverns2prc,1256,10739,504.492,504.492,461,439,0,forward
ca_caverns2prc,1257,9921,505.676,505.676,451,437,0,forward
ca_caverns2prc,1258,11286,506.09,506.09,451,432,0,forward
ca_caverns2prc,1259,11102.6,505.534,505.534,455,436,0,forward
ca_caverns2prc,1260,11793,508.978,508.978,463,453,0,forward
ca_caverns2prc,1261,11025.8,510.161,510.161,453,438,0,forward
ca_caverns2prc,1262,11223.6,511.777,511.777,460,445,0,forward
ca_caverns2prc,1263,9817.2,510.22,510.22,463,454,0,forward
ca_caverns2prc,1264,11283.2,510.149,510.149,465,444,0,forward
ca_caverns2prc,1265,10156.6,509.061,509.061,449,440,0,forward
ca_caverns2prc,1266,11119.6,509.777,509.777,458,437,0,forward
ca_caverns2prc,1267,10733,510.421,510.421,469,447,0,forward
ca_caverns2prc,1268,11571.2,509.96,509.96,447,438,0,forward
ca_caverns2prc,1269,10729.2,510.22,510.22,463,440,0,forward
ca_caverns2prc,1270,11183.4,513.463,513.463,465,449,0,forward
ca_caverns2prc,1271,10885.6,512.463,512.463,464,445,0,forward
ca_caverns2prc,1272,11169.2,515.362,515.362,464,442,0,forward
ca_caverns2prc,1273,11653.4,512.149,512.149,467,454,0,forward
ca_caverns2prc,1274,14213.8,513.789,513.789,450,437,0,forward
ca_caverns2prc,1275,11524.6,513.22,513.22,466,454,0,forward
ca_caverns2prc,1276,10570.2,515.09,515.09,460,450,0,forward
ca_caverns2prc,1277,13008.8,515.049,515.049,467,454,0,forward
ca_caverns2prc,1278,11320.4,512.647,512.647,453,438,0,forward
ca_caverns2prc,1279,11350.8,515.806,515.806,469,451,0,forward
ca_caverns2prc,1280,11255.8,518.12,518.12,468,453,0,forward
ca_caverns2prc,1281,11236,519.563,519.563,474,423,0,forward
ca_caverns2prc,1282,10896.8,516.434,516.434,463,453,0,forward
ca_caverns2prc,1283,11193.6,516.534,516.534,466,451,0,forward
ca_caverns2prc,1284,11052.8,516.262,516.262,462,433,0,forward
ca_caverns2prc,1285,11960.6,518.446,518.446,453,438,0,forward
ca_caverns2prc,1286,11228.6,518.12,518.12,468,449,0,forward
ca_caverns2prc,1287,12723.8,519.333,519.333,463,453,0,forward
ca_caverns2prc,1288,10999.8,516.475,516.475,456,435,0,forward
ca_caverns2prc,1289,11330.4,519.291,519.291,470,445,0,forward
ca_caverns2prc,1290,10926.6,523.12,523.12,473,442,0,forward
ca_caverns2prc,1291,11213.4,523.262,523.262,469,451,0,forward
ca_caverns2prc,1292,11710.2,523.463,523.463,475,463,0,forward
ca_caverns2prc,1293,11133.8,523.777,523.777,472,450,0,forward
ca_caverns2prc,1294,10312.6,522.203,522.203,458,454,0,forward
ca_caverns2prc,1295,10915.2,521.505,521.505,466,460,0,forward
ca_caverns2prc,1296,11932.4,523.919,523.919,468,453,0,forward
ca_caverns2prc,1297,11206.6,520.191,520.191,468,444,0,forward
ca_caverns2prc,1298,11098.8,520.806,520.806,474,458,0,forward
ca_caverns2prc,1299,10908.4,521.22,521.22,474,466,0,forward
ca_caverns2prc,1300,10685.6,526.676,526.676,472,461,0,forward
ca_caverns2prc,1301,10755.4,526.375,526.375,463,453,0,forward
ca_caverns2prc,1302,11360,527.948,527.948,477,453,0,forward
ca_caverns2prc,1303,11902,525.262,525.262,471,466,0,forward
ca_caverns2prc,1304,12015.6,525.291,525.291,476,458,0,forward
ca_caverns2prc,1305,12046.4,525.96,525.96,463,444,0,forward
ca_caverns2prc,1306,11689,526.333,526.333,470,445,0,forward
ca_caverns2prc,1307,11123,526.132,526.132,464,443,0,forward
ca_caverns2prc,1308,11575,526.605,526.605,474,454,0,forward
ca_caverns2prc,1309,11324.2,525.978,525.978,480,477,0,forward
ca_caverns2prc,1310,11329.6,528.605,528.605,476,453,0,forward
ca_caverns2prc,1311,10406.4,529.576,529.576,472,471,0,forward
ca_caverns2prc,1312,11195.6,531.706,531.706,482,462,0,forward
ca_caverns2prc,1313,11727.6,529.948,529.948,479,473,0,forward
ca_caverns2prc,1314,11429.6,531.291,531.291,482,478,0,forward
ca_caverns2prc,1315,11119.6,529.262,529.262,475,466,0,forward
ca_caverns2prc,1316,11026.6,528.617,528.617,464,452,0,forward
ca_caverns2prc,1317,11382.4,530.049,530.049,482,473,0,forward
ca_caverns2prc,1318,12115.8,529.534,529.534,479,463,0,forward
ca_caverns2prc,1319,10248.2,528.688,528.688,462,455,0,forward
ca_caverns2prc,1320,11790,534.434,534.434,481,456,0,forward
ca_caverns2prc,1321,11598,535.191,535.191,483,465,0,forward
ca_caverns2prc,1322,10957.4,532.191,532.191,480,473,0,forward
ca_caverns2prc,1323,11814.8,535.546,535.546,473,465,0,forward
ca_caverns2prc,1324,11281.2,534.505,534.505,479,477,0,forward
ca_caverns2prc,1325,12192.4,533.948,533.948,483,462,0,forward
ca_caverns2prc,1326,10684,535.617,535.617,471,459,0,forward
ca_caverns2prc,1327,11564.2,535.291,535.291,486,472,0,forward
ca_caverns2prc,1328,11424.2,534.032,534.032,469,459,0,forward
ca_caverns2prc,1329,11572.4,535.534,535.534,485,467,0,forward
ca_caverns2prc,1330,10806.8,538.96,538.96,476,471,0,forward
ca_caverns2prc,1331,11467.8,536.676,536.676,482,475,0,forward
ca_caverns2prc,1332,12044,538.049,538.049,490,468,0,forward
ca_caverns2prc,1333,12024,536.676,536.676,482,462,0,forward
ca_caverns2prc,1334,11618,536.463,536.463,488,476,0,forward
ca_caverns2prc,1335,12153.4,536.931,536.931,469,457,0,forward
ca_caverns2prc,1336,11595,538.291,538.291,489,453,0,forward
ca_caverns2prc,1337,11466.2,537.434,537.434,484,463,0,forward
ca_caverns2prc,1338,11332.4,536.362,536.362,485,469,0,forward
ca_caverns2prc,1339,11624,536.463,536.463,488,460,0,forward
ca_caverns2prc,1340,12362.8,543.848,543.848,490,467,0,forward
ca_caverns2prc,1341,11597.8,542.806,542.806,496,488,0,forward
ca_caverns2prc,1342,12058,542.262,542.262,488,465,0,forward
ca_caverns2prc,1343,11490,541.049,541.049,493,482,0,forward
ca_caverns2prc,1344,11324,542.718,542.718,481,465,0,forward
ca_caverns2prc,1345,12474,542.777,542.777,491,488,0,forward
ca_caverns2prc,1346,12307.6,543.919,543.919,488,475,0,forward
ca_caverns2prc,1347,10503.4,543.534,543.534,493,485,0,forward
ca_caverns2prc,1348,12440,541.032,541.032,476,452,0,forward
ca_caverns2prc,1349,11973,542.931,542.931,475,468,0,forward
ca_caverns2prc,1350,12934.2,545.291,545.291,496,478,0,forward
ca_caverns2prc,1351,14269,545.274,545.274,479,471,0,forward
ca_caverns2prc,1352,11680.2,545.416,545.416,475,463,0,forward
ca_caverns2prc,1353,11716.4,544.191,544.191,492,472,0,forward
ca_caverns2prc,1354,10422.6,544.605,544.605,492,486,0,forward
ca_caverns2prc,1355,14929.2,547.635,547.635,500,482,0,forward
ca_caverns2prc,1356,12229.2,545.12,545.12,495,477,0,forward
ca_caverns2prc,1357,10933,545.919,545.919,490,487,0,forward
ca_caverns2prc,1358,10841.2,544.174,544.174,475,464,0,forward
ca_caverns2prc,1359,12228.8,547.463,547.463,499,492,0,forward
ca_caverns2prc,1360,12115.2,548.818,548.818,490,470,0,forward
ca_caverns2prc,1361,12152.8,550.049,550.049,502,494,0,forward
ca_caverns2prc,1362,11799.8,549.191,549.191,497,474,0,forward
ca_caverns2prc,1363,11889.8,548.99,548.99,491,474,0,forward
ca_caverns2prc,1364,10832,550.99,550.99,493,491,0,forward
ca_caverns2prc,1365,12432.4,550.416,550.416,480,468,0,forward
ca_caverns2prc,1366,12961.4,549.818,549.818,491,473,0,forward
ca_caverns2prc,1367,12155.2,549.706,549.706,500,486,0,forward
ca_caverns2prc,1368,10827.8,551.161,551.161,494,487,0,forward
ca_caverns2prc,1369,11069.8,550.99,550.99,493,482,0,forward
ca_caverns2prc,1370,12602.8,554.463,554.463,506,499,0,forward
ca_caverns2prc,1371,11746.2,552.362,552.362,501,478,0,forward
ca_caverns2prc,1372,11518,553.103,553.103,486,471,0,forward
ca_caverns2prc,1373,12506,554.635,554.635,507,503,0,forward
ca_caverns2prc,1374,14381.8,552.191,552.191,500,488,0,forward
ca_caverns2prc,1375,11311.8,552.233,552.233,493,482,0,forward
ca_caverns2prc,1376,14901.2,555.647,555.647,496,492,0,forward
ca_caverns2prc,1377,11377.2,552.416,552.416,482,467,0,forward
ca_caverns2prc,1378,12056.4,554.777,554.777,503,483,0,forward
ca_caverns2prc,1379,12273.8,553.505,553.505,498,478,0,forward
ca_caverns2prc,1380,10535,557.676,557.676,503,491,0,forward
ca_caverns2prc,1381,11195.4,558.919,558.919,503,481,0,forward
ca_caverns2prc,1382,12179.2,559.392,559.392,513,484,0,forward
ca_caverns2prc,1383,12331,557.517,557.517,490,465,0,forward
ca_caverns2prc,1384,12496.2,557.948,557.948,507,490,0,forward
ca_caverns2prc,1385,10962.8,558.262,558.262,504,492,0,forward
ca_caverns2prc,1386,10826.2,559.061,559.061,499,491,0,forward
ca_caverns2prc,1387,12376.6,559.12,559.12,509,504,0,forward
ca_caverns2prc,1388,12986.6,559.233,559.233,500,489,0,forward
ca_caverns2prc,1389,12335.6,559.233,559.233,500,484,0,forward
ca_caverns2prc,1390,12156.4,562.534,562.534,512,495,0,forward
ca_caverns2prc,1391,12435.6,561.818,561.818,503,498,0,forward
ca_caverns2prc,1392,14844.6,562.877,562.877,514,505,0,forward
ca_caverns2prc,1393,12749.4,563.659,563.659,492,472,0,forward
ca_caverns2prc,1394,12562.6,560.12,560.12,510,500,0,forward
ca_caverns2prc,1395,11952.8,563.948,563.948,513,495,0,forward
ca_caverns2prc,1396,11172.4,560.576,560.576,503,496,0,forward
ca_caverns2prc,1397,13037.8,563.718,563.718,502,479,0,forward
ca_caverns2prc,1398,12392.6,560.12,560.12,510,494,0,forward
ca_caverns2prc,1399,12216,560.132,560.132,498,484,0,forward
ca_caverns2prc,1400,12859,566.161,566.161,509,488,0,forward
ca_caverns2prc,1401,12658.2,565.706,565.706,516,509,0,forward
ca_caverns2prc,1402,11814.2,567.777,567.777,516,511,0,forward
ca_caverns2prc,1403,11797.2,566.919,566.919,511,491,0,forward
ca_caverns2prc,1404,12187.4,565.919,565.919,510,486,0,forward
ca_caverns2prc,1405,12157.2,564.86,564.86,499,488,0,forward
ca_caverns2prc,1406,12023.6,564.877,564.877,516,506,0,forward
ca_caverns2prc,1407,12778.6,566.747,566.747,510,497,0,forward
ca_caverns2prc,1408,12346.6,567.831,567.831,497,484,0,forward
ca_caverns2prc,1409,12167.6,564.12,564.12,514,500,0,forward
ca_caverns2prc,1410,12017.2,568.877,568.877,520,478,0,forward
ca_caverns2prc,1411,11990,569.747,569.747,513,501,0,forward
ca_caverns2prc,1412,12831,571.362,571.362,520,498,0,forward
ca_caverns2prc,1413,12222.6,568.475,568.475,508,497,0,forward
ca_caverns2prc,1414,12720.4,568.362,568.362,517,502,0,forward
ca_caverns2prc,1415,12765,571.789,571.789,508,488,0,forward
ca_caverns2prc,1416,11917.6,571.049,571.049,523,475,0,forward
ca_caverns2prc,1417,11963,570.22,570.22,523,503,0,forward
ca_caverns2prc,1418,12481.4,568.475,568.475,508,487,0,forward
ca_caverns2prc,1419,10941,570.061,570.061,510,500,0,forward
ca_caverns2prc,1420,12505.4,572.191,572.191,520,518,0,forward
ca_caverns2prc,1421,12291.8,575.617,575.617,511,499,0,forward
ca_caverns2prc,1422,11580.2,573.233,573.233,514,502,0,forward
ca_caverns2prc,1423,12833,574.291,574.291,525,500,0,forward
ca_caverns2prc,1424,12684.2,575.789,575.789,512,491,0,forward
ca_caverns2prc,1425,12081.8,573.806,573.806,527,499,0,forward
ca_caverns2prc,1426,12789.6,573.688,573.688,507,485,0,forward
ca_caverns2prc,1427,12029.8,574.061,574.061,514,495,0,forward
ca_caverns2prc,1428,12821.2,575.747,575.747,519,505,0,forward
ca_caverns2prc,1429,12279.2,572.605,572.605,520,469,0,forward
ca_caverns2prc,1430,12049.6,577.818,577.818,519,511,0,forward
ca_caverns2prc,1431,13004.4,577.877,577.877,529,522,0,forward
ca_caverns2prc,1432,12425.6,577.605,577.605,525,506,0,forward
ca_caverns2prc,1433,11429,576.475,576.475,516,503,0,forward
ca_caverns2prc,1434,12980.6,578.706,578.706,529,506,0,forward
ca_caverns2prc,1435,11946.2,578.706,578.706,529,517,0,forward
ca_caverns2prc,1436,12954,577.806,577.806,531,528,0,forward
ca_caverns2prc,1437,12467.4,578.387,578.387,503,485,0,forward
ca_caverns2prc,1438,13199,576.718,576.718,515,502,0,forward
ca_caverns2prc,1439,13410.2,578.233,578.233,519,498,0,forward
ca_caverns2prc,1440,12841.4,583.759,583.759,515,505,0,forward
ca_caverns2prc,1441,12952.4,583.463,583.463,535,531,0,forward
ca_caverns2prc,1442,12631.2,580.931,580.931,513,498,0,forward
ca_caverns2prc,1443,11436.6,582.688,582.688,516,509,0,forward
ca_caverns2prc,1444,12185,580.191,580.191,528,503,0,forward
ca_caverns2prc,1445,12928.4,581.747,581.747,525,512,0,forward
ca_caverns2prc,1446,12568.8,583.049,583.049,535,519,0,forward
ca_caverns2prc,1447,12260.4,581.605,581.605,529,503,0,forward
ca_caverns2prc,1448,12481.8,580.291,580.291,531,522,0,forward
ca_caverns2prc,1449,12713.6,580.132,580.132,518,504,0,forward
ca_caverns2prc,1450,12507,587.049,587.049,539,533,0,forward
ca_caverns2prc,1451,12974.2,585.617,585.617,521,503,0,forward
ca_caverns2prc,1452,12881.6,586.706,586.706,537,524,0,forward
ca_caverns2prc,1453,13013.6,586.032,586.032,521,496,0,forward
ca_caverns2prc,1454,12690.8,586.291,586.291,537,525,0,forward
ca_caverns2prc,1455,13089.8,585.848,585.848,532,516,0,forward
ca_caverns2prc,1456,14102.8,587.919,587.919,532,507,0,forward
ca_caverns2prc,1457,12135.8,586.174,586.174,517,508,0,forward
ca_caverns2prc,1458,12436.2,587.848,587.848,534,514,0,forward
ca_caverns2prc,1459,13028.8,585.103,585.103,518,504,0,forward
ca_caverns2prc,1460,12920,590.96,590.96,528,518,0,forward
ca_caverns2prc,1461,12619.6,589.831,589.831,519,509,0,forward
ca_caverns2prc,1462,12867.6,590.103,590.103,523,513,0,forward
ca_caverns2prc,1463,11526.8,591.274,591.274,525,523,0,forward
ca_caverns2prc,1464,13212,588.375,588.375,525,516,0,forward
ca_caverns2prc,1465,12585.8,589.132,589.132,527,505,0,forward
ca_caverns2prc,1466,12501.2,589.174,589.174,520,506,0,forward
ca_caverns2prc,1467,12460,591.002,591.002,521,515,0,forward
ca_caverns2prc,1468,11869.2,590.517,590.517,523,513,0,forward
ca_caverns2prc,1469,13031,590.86,590.86,525,512,0,forward
ca_caverns2prc,1470,13184.8,594.12,594.12,544,534,0,forward
ca_caverns2prc,1471,12350.2,595.049,595.049,547,521,0,forward
ca_caverns2prc,1472,12180.4,594.019,594.019,541,527,0,forward
ca_caverns2prc,1473,12272.2,592.262,592.262,538,512,0,forward
ca_caverns2prc,1474,12804.2,593.333,593.333,537,515,0,forward
ca_caverns2prc,1475,12607,594.375,594.375,531,509,0,forward
ca_caverns2prc,1476,12818.8,594.002,594.002,524,513,0,forward
ca_caverns2prc,1477,12528,594.061,594.061,534,514,0,forward
ca_caverns2prc,1478,12858.4,594.635,594.635,547,538,0,forward
ca_caverns2prc,1479,12344,593.877,593.877,545,522,0,forward
ca_caverns2prc,1480,11848.2,596.446,596.446,531,518,0,forward
ca_caverns2prc,1481,12478.6,599.99,599.99,542,515,0,forward
ca_caverns2prc,1482,13189.6,599.96,599.96,537,515,0,forward
ca_caverns2prc,1483,12821.4,597.191,597.191,545,519,0,forward
ca_caverns2prc,1484,12711.6,596.576,596.576,539,512,0,forward
ca_caverns2prc,1485,12606.8,599.174,599.174,530,518,0,forward
ca_caverns2prc,1486,13142.6,598.375,598.375,535,516,0,forward
ca_caverns2prc,1487,13009.8,597.99,597.99,540,493,0,forward
ca_caverns2prc,1488,13319.2,597.86,597.86,532,520,0,forward
ca_caverns2prc,1489,13276.8,599.747,599.747,543,523,0,forward
ca_caverns2prc,1490,13105.4,601.86,601.86,536,524,0,forward
ca_caverns2prc,1491,12827.8,602.818,602.818,544,539,0,forward
ca_caverns2prc,1492,13471,602.831,602.831,532,517,0,forward
ca_caverns2prc,1493,12679.4,601.99,601.99,544,498,0,forward
ca_caverns2prc,1494,13061.2,600.416,600.416,530,506,0,forward
ca_caverns2prc,1495,13585.2,603.517,603.517,536,529,0,forward
ca_caverns2prc,1496,12756.8,603.061,603.061,543,505,0,forward
ca_caverns2prc,1497,12632.6,601.103,601.103,534,529,0,forward
ca_caverns2prc,1498,13034.2,602.132,602.132,540,506,0,forward
ca_caverns2prc,1499,12855.8,600.446,600.446,535,509,0,forward
ca_caverns2prc,1500,12339.8,604.233,604.233,545,500,0,forward
ca_caverns2prc,1501,12887.6,607.475,607.475,547,526,0,forward
ca_caverns2prc,1502,13223.6,604.517,604.517,537,513,0,forward
ca_caverns2prc,1503,12580.6,605.86,605.86,540,527,0,forward
ca_caverns2prc,1504,13472.4,606.203,606.203,542,525,0,forward
ca_caverns2prc,1505,12769.2,605.517,605.517,538,531,0,forward
ca_caverns2prc,1506,12718.6,605.747,605.747,549,524,0,forward
ca_caverns2prc,1507,13101,607.517,607.517,540,524,0,forward
ca_caverns2prc,1508,12948.2,607.517,607.517,540,528,0,forward
ca_caverns2prc,1509,11703.4,605.103,605.103,538,525,0,forward
ca_caverns2prc,1510,13581,608.161,608.161,551,549,0,forward
ca_caverns2prc,1511,13180.8,609.103,609.103,542,519,0,forward
ca_caverns2prc,1512,13100.2,610.203,610.203,546,528,0,forward
ca_caverns2prc,1513,13142,611.747,611.747,555,540,0,forward
ca_caverns2prc,1514,12591.2,609.061,609.061,549,544,0,forward
ca_caverns2prc,1515,12894.8,608.718,608.718,547,528,0,forward
ca_caverns2prc,1516,14986,609.889,609.889,549,520,0,forward
ca_caverns2prc,1517,12478.8,608.203,608.203,544,522,0,forward
ca_caverns2prc,1518,13041.8,611.203,611.203,547,525,0,forward
ca_caverns2prc,1519,12964.2,611.174,611.174,542,537,0,forward
ca_caverns2prc,1520,13089.6,613.061,613.061,553,548,0,forward
ca_caverns2prc,1521,13179.8,613.889,613.889,553,545,0,forward
ca_caverns2prc,1522,13274.6,612.688,612.688,546,523,0,forward
ca_caverns2prc,1523,13004.4,614.416,614.416,544,535,0,forward
ca_caverns2prc,1524,12876.2,614.345,614.345,546,531,0,forward
ca_caverns2prc,1525,13790,613.759,613.759,545,539,0,forward
ca_caverns2prc,1526,12826.4,615.233,615.233,556,545,0,forward
ca_caverns2prc,1527,12855.2,613.345,613.345,545,541,0,forward
ca_caverns2prc,1528,13058.6,614.203,614.203,550,515,0,forward
ca_caverns2prc,1529,12818.2,614.617,614.617,550,541,0,forward
ca_caverns2prc,1530,13310.4,618.103,618.103,551,535,0,forward
ca_caverns2prc,1531,13743.4,618.659,618.659,547,538,0,forward
ca_caverns2prc,1532,13249,618.375,618.375,555,535,0,forward
ca_caverns2prc,1533,12835.6,619.647,619.647,560,558,0,forward
ca_caverns2prc,1534,12737.6,618.233,618.233,559,540,0,forward
ca_caverns2prc,1535,12542,619.475,619.475,559,556,0,forward
ca_caverns2prc,1536,12567.4,618.889,618.889,558,536,0,forward
ca_caverns2prc,1537,12378,619.475,619.475,559,548,0,forward
ca_caverns2prc,1538,13529,618.617,618.617,554,532,0,forward
ca_caverns2prc,1539,12899.8,618.818,618.818,560,543,0,forward
ca_caverns2prc,1540,12791.2,620.759,620.759,552,535,0,forward
ca_caverns2prc,1541,12903.2,622.931,622.931,555,540,0,forward
ca_caverns2prc,1542,13518.6,622.718,622.718,561,540,0,forward
ca_caverns2prc,1543,13172.8,622.475,622.475,562,538,0,forward
ca_caverns2prc,1544,12677.2,622.818,622.818,564,551,0,forward
ca_caverns2prc,1545,12680.8,622.446,622.446,557,535,0,forward
ca_caverns2prc,1546,12516.2,621.475,621.475,561,551,0,forward
ca_caverns2prc,1547,13280.8,622.517,622.517,555,517,0,forward
ca_caverns2prc,1548,12865,622.132,622.132,560,537,0,forward
ca_caverns2prc,1549,13252.4,621.404,621.404,563,545,0,forward
ca_caverns2prc,1550,13073,625.061,625.061,565,546,0,forward
ca_caverns2prc,1551,12549.8,625.233,625.233,566,556,0,forward
ca_caverns2prc,1552,13364.8,626.688,626.688,560,517,0,forward
ca_caverns2prc,1553,12902.2,624.96,624.96,562,540,0,forward
ca_caverns2prc,1554,12388.2,624.86,624.86,559,513,0,forward
ca_caverns2prc,1555,13191.6,627.546,627.546,565,514,0,forward
ca_caverns2prc,1556,13386,625.475,625.475,565,560,0,forward
ca_caverns2prc,1557,12862.8,627.061,627.061,567,546,0,forward
ca_caverns2prc,1558,13181.2,624.617,624.617,560,539,0,forward
ca_caverns2prc,1559,13259.6,624.617,624.617,560,534,0,forward
