map,scenid,tcost,distance,expect,steps,access,r,itype
ca_caverns2prc,0,433,11.6569,6.24264,10,0,16,forward
ca_caverns2prc,1,441.4,17.3137,6,14,1,16,forward
ca_caverns2prc,2,392.6,16.7279,6.24264,13,0,16,forward
ca_caverns2prc,3,663.8,18.3137,4.82843,15,10,16,forward
ca_caverns2prc,4,695,22.1421,6.82843,18,5,16,forward
ca_caverns2prc,5,673.8,25.6569,4.41421,24,11,16,forward
ca_caverns2prc,6,349.8,20.3848,6.24264,15,0,16,forward
ca_caverns2prc,7,462.8,22.5563,5.82843,18,3,16,forward
ca_caverns2prc,8,824.6,22.8284,7.82843,22,27,16,forward
ca_caverns2prc,9,388.6,11,6,11,0,16,forward
ca_caverns2prc,10,791.6,30.0416,11.0711,23,4,16,forward
ca_caverns2prc,11,310.6,13.3137,8,10,1,16,forward
ca_caverns2prc,12,477.4,9.41421,8.41421,9,7,16,forward
ca_caverns2prc,13,480,33.6274,8.24264,27,1,16,forward
ca_caverns2prc,14,801.4,22.1421,8.48528,18,14,16,forward
ca_caverns2prc,15,339.4,15.4853,8.48528,13,0,16,forward
ca_caverns2prc,16,289,16.3137,9.48528,13,0,16,forward
ca_caverns2prc,17,607.8,21.1421,8.82843,17,8,16,forward
ca_caverns2prc,18,622.6,29.0711,9.07107,27,4,16,forward
ca_caverns2prc,19,307,20.7279,9.82843,17,0,16,forward
ca_caverns2prc,20,582.8,21.8995,14.8995,19,9,16,forward
ca_caverns2prc,21,570,30.0416,13.4853,23,4,16,forward
ca_caverns2prc,22,296.8,16.0711,13.7279,14,0,16,forward
ca_caverns2prc,23,632,26.8284,13.8284,26,2,16,forward
ca_caverns2prc,24,564.6,16.6569,12.2426,15,8,16,forward
ca_caverns2prc,25,340,19.9706,13.6569,15,0,16,forward
ca_caverns2prc,26,434.6,17.7279,13.7279,14,1,16,forward
ca_caverns2prc,27,567.8,21.4853,14.8284,19,9,16,forward
ca_caverns2prc,28,587.4,19.7279,15.4853,16,6,16,forward
ca_caverns2prc,29,282,12.6569,12.6569,11,0,16,forward
ca_caverns2prc,30,806.8,33.8701,19.5563,26,6,16,forward
ca_caverns2prc,31,594.4,35.1421,16.8995,31,4,16,forward
ca_caverns2prc,32,557.4,17.8284,16.8284,17,15,16,forward
ca_caverns2prc,33,409.2,27.3137,16,24,0,16,forward
ca_caverns2prc,34,335.4,20.5563,16.4142,16,1,16,forward
ca_caverns2prc,35,1070,43.0416,19.4853,36,14,16,forward
ca_caverns2prc,36,598.4,31.6569,18,30,0,16,forward
ca_caverns2prc,37,509.8,38.0416,19.4853,31,0,16,forward
ca_caverns2prc,38,643.6,19.2426,17.4853,18,10,16,forward
ca_caverns2prc,39,387.2,30.2132,17.4853,24,1,16,forward
ca_caverns2prc,40,965.4,41.7279,23.2426,38,19,16,forward
ca_caverns2prc,41,648.8,29.8995,21.5563,27,12,16,forward
ca_caverns2prc,42,1380.4,47.7279,20.0711,44,37,16,forward
ca_caverns2prc,43,675,36.799,20.799,31,4,16,forward
ca_caverns2prc,44,364.4,23.4142,23.4142,23,0,16,forward
ca_caverns2prc,45,957.4,31.7279,20.6569,28,29,16,forward
ca_caverns2prc,46,453,25.0711,21.3137,23,0,16,forward
ca_caverns2prc,47,630.8,32.7279,22.7279,29,2,16,forward
ca_caverns2prc,48,481.8,26.4853,21.799,24,3,16,forward
ca_caverns2prc,49,475,24.8284,20.4853,24,1,16,forward
ca_caverns2prc,50,635.6,37.4853,27.2426,35,4,16,forward
ca_caverns2prc,51,649.6,28.6569,27.4853,27,17,16,forward
ca_caverns2prc,52,455,27.2132,27.2132,21,0,16,forward
ca_caverns2prc,53,596,30.2132,24.5563,24,3,16,forward
ca_caverns2prc,54,511,27.1421,25.3848,23,3,16,forward
ca_caverns2prc,55,1162.4,41.1421,25.4853,37,31,16,forward
ca_caverns2prc,56,573,27.3848,27.3848,22,5,16,forward
ca_caverns2prc,57,959.6,29.8284,26.4142,29,22,16,forward
ca_caverns2prc,58,739.2,40.5269,26.4558,31,8,16,forward
ca_caverns2prc,59,672.4,26.5563,24.8995,22,9,16,forward
ca_caverns2prc,60,787.4,28.7279,28.1421,25,17,16,forward
ca_caverns2prc,61,871.4,43.1421,31.8284,39,25,16,forward
ca_caverns2prc,62,1081.2,39.3848,30.1421,34,28,16,forward
ca_caverns2prc,63,554.8,40.6985,28.2132,32,2,16,forward
ca_caverns2prc,64,515.6,36.799,31.8284,31,1,16,forward
ca_caverns2prc,65,626.4,38.0711,29.8284,36,9,16,forward
ca_caverns2prc,66,1008.4,34.2132,30.3137,28,16,16,forward
ca_caverns2prc,67,379.4,28.7279,28.7279,25,0,16,forward
ca_caverns2prc,68,672.8,30.3848,30.3848,25,12,16,forward
ca_caverns2prc,69,616.4,34.6985,31.3848,26,1,16,forward
ca_caverns2prc,70,1190.6,47.5269,35.5269,38,18,16,forward
ca_caverns2prc,71,626.6,34.7279,33.7279,31,9,16,forward
ca_caverns2prc,72,1167.2,47.0711,34.0711,45,30,16,forward
ca_caverns2prc,73,1497,54.4558,35.4558,47,34,16,forward
ca_caverns2prc,74,607.4,41.5563,34.8701,37,4,16,forward
ca_caverns2prc,75,1008.8,48.9411,35.6274,39,21,16,forward
ca_caverns2prc,76,560,37.0711,33.4142,35,0,16,forward
ca_caverns2prc,77,1194.4,57.1838,32.5563,46,24,16,forward
ca_caverns2prc,78,748.6,34.1421,34.1421,30,6,16,forward
ca_caverns2prc,79,846,36.4558,35.8701,29,16,16,forward
ca_caverns2prc,80,883.6,37.6569,37.0711,36,22,16,forward
ca_caverns2prc,81,927.2,41.6274,39.1421,35,23,16,forward
ca_caverns2prc,82,973.4,36.6569,36.6569,35,25,16,forward
ca_caverns2prc,83,909.4,44.8995,39.8995,42,19,16,forward
ca_caverns2prc,84,1013.2,42.6985,39.3848,34,18,16,forward
ca_caverns2prc,85,1114.4,40.2426,37.6569,39,30,16,forward
ca_caverns2prc,86,739.4,40.6274,38.1421,34,12,16,forward
ca_caverns2prc,87,867.8,37.3848,37.3848,32,19,16,forward
ca_caverns2prc,88,725.8,39.2426,39.2426,38,5,16,forward
ca_caverns2prc,89,1427.4,57.1838,38.2132,46,35,16,forward
ca_caverns2prc,90,1247.6,54.7279,42.1421,51,33,16,forward
ca_caverns2prc,91,682.2,40.9706,40.3848,36,3,16,forward
ca_caverns2prc,92,998.6,44.3137,42.5563,41,33,16,forward
ca_caverns2prc,93,1038.6,44.1421,42.1421,40,25,16,forward
ca_caverns2prc,94,1046.4,52.5563,41.2426,48,40,16,forward
ca_caverns2prc,95,1027.8,40.9706,40.3848,36,29,16,forward
ca_caverns2prc,96,957.4,48.2132,40.3553,42,11,16,forward
ca_caverns2prc,97,1453.6,56.3848,42.8995,51,37,16,forward
ca_caverns2prc,98,967.2,40.1421,40.1421,36,23,16,forward
ca_caverns2prc,99,599.6,42.3553,42.3553,32,2,16,forward
ca_caverns2prc,100,1645.8,75.6274,45.5563,69,48,16,forward
ca_caverns2prc,101,1017.2,47.0416,47.0416,40,18,16,forward
ca_caverns2prc,102,1154.4,55.5563,46.8995,51,37,16,forward
ca_caverns2prc,103,833.8,47.8406,44.0122,35,13,16,forward
ca_caverns2prc,104,689.4,44.5563,44.5563,40,6,16,forward
ca_caverns2prc,105,1146.2,51.4558,47.9411,44,33,16,forward
ca_caverns2prc,106,1162.6,47.6274,44.799,41,34,16,forward
ca_caverns2prc,107,1072.2,48.5563,45.0416,44,22,16,forward
ca_caverns2prc,108,1153.8,53.1421,47.7279,49,36,16,forward
ca_caverns2prc,109,760.6,56.2548,46.9411,43,1,16,forward
ca_caverns2prc,110,1295.6,51.6274,49.6274,45,28,16,forward
ca_caverns2prc,111,950.4,53.3137,48.2426,50,34,16,forward
ca_caverns2prc,112,998,53.4558,50.1421,46,21,16,forward
ca_caverns2prc,113,956.2,52.3137,50.3137,49,37,16,forward
ca_caverns2prc,114,1115.6,62.3553,50.4558,52,34,16,forward
ca_caverns2prc,115,1311.2,53.8995,50.8284,51,36,16,forward
ca_caverns2prc,116,1615,56.2132,50.5563,50,39,16,forward
ca_caverns2prc,117,1132.2,50.2132,48.2132,44,38,16,forward
ca_caverns2prc,118,1058.8,53.9706,49.7279,49,33,16,forward
ca_caverns2prc,119,1157.4,54.2426,50.2426,53,40,16,forward
ca_caverns2prc,120,1354.4,56.4264,55.2548,44,32,16,forward
ca_caverns2prc,121,1199.4,66.6274,55.6274,60,46,16,forward
ca_caverns2prc,122,1342.6,57.5563,55.799,53,37,16,forward
ca_caverns2prc,123,1605.2,65.1127,53.0416,56,57,16,forward
ca_caverns2prc,124,1222.6,56.4558,54.799,49,34,16,forward
ca_caverns2prc,125,751.4,53.4853,53.4853,51,0,16,forward
ca_caverns2prc,126,706.8,52.8995,52.8995,50,0,16,forward
ca_caverns2prc,127,1427.2,68.2548,54.1838,55,34,16,forward
ca_caverns2prc,128,1032.6,61.8284,53.1421,61,24,16,forward
ca_caverns2prc,129,1443.6,61.7696,52.6985,51,37,16,forward
ca_caverns2prc,130,1496,57.4558,56.8701,50,46,16,forward
ca_caverns2prc,131,1140.6,61.669,58.0122,48,29,16,forward
ca_caverns2prc,132,1502.2,62.3137,57.7279,59,50,16,forward
ca_caverns2prc,133,1437.4,71.8995,58.8995,69,32,16,forward
ca_caverns2prc,134,1720.4,76.4558,56.6274,69,60,16,forward
ca_caverns2prc,135,1669,80.7696,57.9706,70,49,16,forward
ca_caverns2prc,136,1390,61.0416,58.6985,54,44,16,forward
ca_caverns2prc,137,1211,58.799,58.799,53,34,16,forward
ca_caverns2prc,138,1167,56.4558,56.4558,49,41,16,forward
ca_caverns2prc,139,1492.8,68.3137,59.6274,65,46,16,forward
ca_caverns2prc,140,1534.8,70.6985,60.2132,62,45,16,forward
ca_caverns2prc,141,1130,68.1127,60.3848,59,46,16,forward
ca_caverns2prc,142,1196.6,65.2132,63.5563,59,42,16,forward
ca_caverns2prc,143,1707,67.8701,63.9706,60,51,16,forward
ca_caverns2prc,144,1595.6,72.4264,61.7696,60,52,16,forward
ca_caverns2prc,145,1290.4,60.0833,60.0833,46,24,16,forward
ca_caverns2prc,146,1026.4,64.3553,62.598,54,35,16,forward
ca_caverns2prc,147,2191.4,79.1127,63.6985,70,65,16,forward
ca_caverns2prc,148,1616,72.4558,61.6274,65,54,16,forward
ca_caverns2prc,149,1609.2,66.0416,63.2132,59,50,16,forward
ca_caverns2prc,150,1751.2,77.1838,64.4558,66,60,16,forward
ca_caverns2prc,151,2115.6,86.5269,66.8701,77,55,16,forward
ca_caverns2prc,152,1200.6,65.799,65.799,60,44,16,forward
ca_caverns2prc,153,1433.8,68.0711,66.6569,66,58,16,forward
ca_caverns2prc,154,1674.2,73.1127,66.4558,64,42,16,forward
ca_caverns2prc,155,1415.8,67.6274,67.0416,61,48,16,forward
ca_caverns2prc,156,1881.4,73.1838,65.1838,62,53,16,forward
ca_caverns2prc,157,1554.2,74.2843,67.3848,66,48,16,forward
ca_caverns2prc,158,1488.6,79.0122,67.6985,67,52,16,forward
ca_caverns2prc,159,1325.8,67.0711,65.8995,65,49,16,forward
ca_caverns2prc,160,1665,79.6985,69.8701,71,62,16,forward
ca_caverns2prc,161,1146,71.8701,68.5563,64,46,16,forward
ca_caverns2prc,162,2118.2,88.5563,70.8995,84,58,16,forward
ca_caverns2prc,163,1381.2,71.0416,68.1127,64,39,16,forward
ca_caverns2prc,164,1519.8,78.669,68.669,65,33,16,forward
ca_caverns2prc,165,1759.8,99.1543,71.6985,83,60,16,forward
ca_caverns2prc,166,1651.8,74.9706,71.799,70,53,16,forward
ca_caverns2prc,167,1409.2,74.3553,68.6985,64,48,16,forward
ca_caverns2prc,168,1727.2,72.4853,71.8995,70,66,16,forward
ca_caverns2prc,169,1584,76.397,68.7401,59,43,16,forward
ca_caverns2prc,170,1648.4,86.2843,74.598,78,61,16,forward
ca_caverns2prc,171,1773.8,73.3848,73.3848,68,54,16,forward
ca_caverns2prc,172,1542.4,86.2548,73.4264,73,39,16,forward
ca_caverns2prc,173,1628.6,87.6274,73.1421,81,63,16,forward
ca_caverns2prc,174,1618.4,76.5269,74.1127,67,64,16,forward
ca_caverns2prc,175,1677.2,75.799,75.799,70,59,16,forward
ca_caverns2prc,176,1746.4,77.1421,75.3848,73,57,16,forward
ca_caverns2prc,177,1922,97.9117,75.2843,83,66,16,forward
ca_caverns2prc,178,1401.6,74.9706,73.2132,70,57,16,forward
ca_caverns2prc,179,1365.8,82.9411,73.0122,73,58,16,forward
ca_caverns2prc,180,1656.8,77.6274,77.6274,71,51,16,forward
ca_caverns2prc,181,2187,95.468,76.0833,76,55,16,forward
ca_caverns2prc,182,1902,84.9706,78.2843,80,56,16,forward
ca_caverns2prc,183,1700.2,94.0122,76.2548,82,55,16,forward
ca_caverns2prc,184,1640.8,77.5563,76.9706,73,61,16,forward
ca_caverns2prc,185,1716.6,83.4558,77.6569,76,58,16,forward
ca_caverns2prc,186,1231,79.0416,77.3848,72,51,16,forward
ca_caverns2prc,187,1632,81.8701,79.0416,74,63,16,forward
ca_caverns2prc,188,1817.4,79.2548,79.2548,66,52,16,forward
ca_caverns2prc,189,1625.4,86.1127,76.9411,77,56,16,forward
ca_caverns2prc,190,1530.4,81.8406,81.8406,69,57,16,forward
ca_caverns2prc,191,1350.4,81.7696,81.1838,71,49,16,forward
ca_caverns2prc,192,1741.2,89.9706,82.4558,85,61,16,forward
ca_caverns2prc,193,1605.2,86.4264,82.1838,74,61,16,forward
ca_caverns2prc,194,1744.6,87.1838,82.4558,76,66,16,forward
ca_caverns2prc,195,1829.2,89.8995,81.2426,87,78,16,forward
ca_caverns2prc,196,2066.4,80.2132,80.2132,74,66,16,forward
ca_caverns2prc,197,1507.4,86.5269,80.2843,77,63,16,forward
ca_caverns2prc,198,2002.4,93.5269,80.0416,84,74,16,forward
ca_caverns2prc,199,1545.4,87.4558,82.7696,80,65,16,forward
ca_caverns2prc,200,1667.4,91.4264,86.4264,79,74,16,forward
ca_caverns2prc,201,1595.2,99.0122,84.9411,87,79,16,forward
ca_caverns2prc,202,1705.4,85.6985,85.1127,77,69,16,forward
ca_caverns2prc,203,1795.2,91.6985,85.6985,83,63,16,forward
ca_caverns2prc,204,1734,88.9411,85.5269,79,63,16,forward
ca_caverns2prc,205,1860.4,85.1838,85.1838,74,50,16,forward
ca_caverns2prc,206,1853,84.8406,84.8406,72,53,16,forward
ca_caverns2prc,207,2128.4,91.1838,85.4264,80,69,16,forward
ca_caverns2prc,208,1774.8,90.8701,87.5563,83,66,16,forward
ca_caverns2prc,209,1992.2,102.669,84.9411,89,70,16,forward
ca_caverns2prc,210,2156.8,102.113,89.8701,93,96,16,forward
ca_caverns2prc,211,2353.6,110.225,91.2548,92,73,16,forward
ca_caverns2prc,212,2067.4,88.5563,88.5563,84,78,16,forward
ca_caverns2prc,213,1745.2,92.5269,91.6985,83,71,16,forward
ca_caverns2prc,214,1895.4,94.8406,88.8406,82,64,16,forward
ca_caverns2prc,215,1765.4,98.9117,88.598,84,63,16,forward
ca_caverns2prc,216,1998.8,91.669,91.669,78,49,16,forward
ca_caverns2prc,217,1587.2,91.0122,91.0122,79,56,16,forward
ca_caverns2prc,218,2325,92.9706,91.3137,88,79,16,forward
ca_caverns2prc,219,1846,90.5269,90.5269,81,76,16,forward
ca_caverns2prc,220,2067,108.184,92.3553,97,69,16,forward
ca_caverns2prc,221,2222.4,100.355,93.7696,90,75,16,forward
ca_caverns2prc,222,2172,97.4558,94.6274,90,83,16,forward
ca_caverns2prc,223,1708.6,96.0122,95.4264,84,65,16,forward
ca_caverns2prc,224,1987.2,96.6985,94.3553,88,71,16,forward
ca_caverns2prc,225,2066.2,99.6985,94.6274,91,81,16,forward
ca_caverns2prc,226,1886.4,96.4264,94.7696,84,66,16,forward
ca_caverns2prc,227,2400.4,110.456,95.3848,103,103,16,forward
ca_caverns2prc,228,2259.2,103.598,93.0833,92,74,16,forward
ca_caverns2prc,229,2156.4,99.8701,93.0416,92,82,16,forward
ca_caverns2prc,230,1888,98.598,97.598,87,71,16,forward
ca_caverns2prc,231,2038.2,98.1838,97.598,87,82,16,forward
ca_caverns2prc,232,2203.8,102.698,99.8701,94,88,16,forward
ca_caverns2prc,233,2190.4,113.225,97.0833,95,75,16,forward
ca_caverns2prc,234,1916.6,96.5563,96.5563,92,85,16,forward
ca_caverns2prc,235,2258.8,113.841,97.1127,101,85,16,forward
ca_caverns2prc,236,2532.4,107.385,96.3848,102,106,16,forward
ca_caverns2prc,237,2083.8,111.426,99.669,99,74,16,forward
ca_caverns2prc,238,2096,108.811,97.2548,91,77,16,forward
ca_caverns2prc,239,1829.2,113.882,98.3259,94,74,16,forward
ca_caverns2prc,240,1992,105.87,100.213,98,81,16,forward
ca_caverns2prc,241,1977.8,102.426,102.426,90,76,16,forward
ca_caverns2prc,242,2180.4,101.627,101.627,95,86,16,forward
ca_caverns2prc,243,2285.6,107.556,101.728,103,95,16,forward
ca_caverns2prc,244,1683.2,101.497,100.912,87,60,16,forward
ca_caverns2prc,245,2388.8,110.385,103.385,105,75,16,forward
ca_caverns2prc,246,2279.4,107.284,102.284,99,92,16,forward
ca_caverns2prc,247,2045.6,103.669,103.669,90,70,16,forward
ca_caverns2prc,248,1789,102.184,100.426,91,76,16,forward
ca_caverns2prc,249,2276,107.841,101.184,95,83,16,forward
ca_caverns2prc,250,1759.6,106.971,106.385,102,54,16,forward
ca_caverns2prc,251,2122.2,109.657,104.657,108,73,16,forward
ca_caverns2prc,252,2783.8,109.456,107.456,102,91,16,forward
ca_caverns2prc,253,2096,112.326,107.497,97,81,16,forward
ca_caverns2prc,254,2216,113.213,104.728,107,94,16,forward
ca_caverns2prc,255,2361.4,112.042,105.456,105,94,16,forward
ca_caverns2prc,256,2134.4,104.527,104.527,95,83,16,forward
ca_caverns2prc,257,2562.4,104.912,104.912,90,74,16,forward
ca_caverns2prc,258,2323.2,119.385,107.728,114,97,16,forward
ca_caverns2prc,259,2341.8,118.113,107.284,109,97,16,forward
ca_caverns2prc,260,2400.8,111.255,110.669,98,80,16,forward
ca_caverns2prc,261,3172.2,123.255,111.598,110,102,16,forward
ca_caverns2prc,262,2448.2,121.497,109.255,107,89,16,forward
ca_caverns2prc,263,2356.4,118.799,109.556,113,103,16,forward
ca_caverns2prc,264,2591.8,130.497,109.527,116,91,16,forward
ca_caverns2prc,265,2674.2,132.426,108.184,120,118,16,forward
ca_caverns2prc,266,2299.6,113.042,108.213,106,96,16,forward
ca_caverns2prc,267,2263.4,114.255,111.012,101,96,16,forward
ca_caverns2prc,268,2336.6,113.912,109.77,99,88,16,forward
ca_caverns2prc,269,2287.8,127.711,110.74,107,84,16,forward
ca_caverns2prc,270,2747.6,136.083,113.113,122,107,16,forward
ca_caverns2prc,271,2157.6,114.154,112.497,98,84,16,forward
ca_caverns2prc,272,2361.8,127.941,112.627,118,104,16,forward
ca_caverns2prc,273,2248,115.426,114.841,103,85,16,forward
ca_caverns2prc,274,2537.2,115.971,115.971,111,103,16,forward
ca_caverns2prc,275,2243.8,118.397,115.397,101,84,16,forward
ca_caverns2prc,276,3016.8,115.083,115.083,101,84,16,forward
ca_caverns2prc,277,2388.6,130.184,112.77,119,90,16,forward
ca_caverns2prc,278,2379.6,116.468,115.882,97,72,16,forward
ca_caverns2prc,279,2368.4,116.355,113.87,106,94,16,forward
ca_caverns2prc,280,3779.4,137.054,119.912,118,103,16,forward
ca_caverns2prc,281,2319.6,121.527,118.456,112,98,16,forward
ca_caverns2prc,282,2338.6,117.74,117.74,102,89,16,forward
ca_caverns2prc,283,2788,133.698,117.698,125,104,16,forward
ca_caverns2prc,284,2219.2,117.841,116.184,105,92,16,forward
ca_caverns2prc,285,3248.2,131.669,118.669,118,112,16,forward
ca_caverns2prc,286,2264.8,117.799,117.799,112,103,16,forward
ca_caverns2prc,287,2479.6,124.326,118.012,109,100,16,forward
ca_caverns2prc,288,2754,128.698,117.698,120,113,16,forward
ca_caverns2prc,289,2070.4,132.669,117.113,119,99,16,forward
ca_caverns2prc,290,2408.6,120.64,120.054,102,82,16,forward
ca_caverns2prc,291,2550.8,126.385,123.627,121,115,16,forward
ca_caverns2prc,292,2228.2,122.77,121.113,112,91,16,forward
ca_caverns2prc,293,2487.8,138.255,122.527,125,115,16,forward
ca_caverns2prc,294,2543.4,124.243,123.071,123,110,16,forward
ca_caverns2prc,295,2796.6,130.225,122.711,112,94,16,forward
ca_caverns2prc,296,2837.2,120.941,120.941,111,93,16,forward
ca_caverns2prc,297,2510.6,128.355,120.284,118,110,16,forward
ca_caverns2prc,298,2810.6,121.426,121.426,109,99,16,forward
ca_caverns2prc,299,2669.2,139.184,122.698,128,114,16,forward
ca_caverns2prc,300,2701,134.184,126.012,123,111,16,forward
ca_caverns2prc,301,2619,127.012,125.841,115,98,16,forward
ca_caverns2prc,302,2288.2,129.042,127.042,122,106,16,forward
ca_caverns2prc,303,2613.2,137.326,124.669,122,96,16,forward
ca_caverns2prc,304,2604.8,146.681,127.296,121,98,16,forward
ca_caverns2prc,305,2196,126.497,124.74,112,81,16,forward
ca_caverns2prc,306,2275.4,127.698,127.698,119,90,16,forward
ca_caverns2prc,307,2970,149.983,127.012,133,108,16,forward
ca_caverns2prc,308,2673.2,126.385,124.627,121,104,16,forward
ca_caverns2prc,309,2841.4,126.284,125.698,118,108,16,forward
ca_caverns2prc,310,2469.6,133.941,130.527,124,115,16,forward
ca_caverns2prc,311,2295,131.669,128.154,118,95,16,forward
ca_caverns2prc,312,2697,151.953,131.983,130,113,16,forward
ca_caverns2prc,313,2767.4,129.284,129.284,121,109,16,forward
ca_caverns2prc,314,2577.2,132.77,131.598,122,111,16,forward
ca_caverns2prc,315,2516.8,129.799,129.799,124,119,16,forward
ca_caverns2prc,316,2562.2,128.113,128.113,119,109,16,forward
ca_caverns2prc,317,2580.8,128.711,128.711,108,87,16,forward
ca_caverns2prc,318,2685,132.083,128.711,118,96,16,forward
ca_caverns2prc,319,2656.6,129.74,128.912,114,92,16,forward
ca_caverns2prc,320,2743.2,134.569,134.569,118,103,16,forward
ca_caverns2prc,321,2806.4,134.527,132.284,125,119,16,forward
ca_caverns2prc,322,2485.4,143.539,133.882,122,101,16,forward
ca_caverns2prc,323,3087.8,156.497,132.698,142,117,16,forward
ca_caverns2prc,324,2502.8,137.083,135.326,123,106,16,forward
ca_caverns2prc,325,2282.2,132.368,132.368,110,99,16,forward
ca_caverns2prc,326,2957.8,143.598,132.184,132,119,16,forward
ca_caverns2prc,327,2903.2,154.669,132.284,141,125,16,forward
ca_caverns2prc,328,2494.4,132.598,132.598,121,104,16,forward
ca_caverns2prc,329,2802.2,145.882,134.882,126,115,16,forward
ca_caverns2prc,330,2670.6,143.527,137.971,134,105,16,forward
ca_caverns2prc,331,2579.8,139.497,137.154,125,106,16,forward
ca_caverns2prc,332,2820,140.782,137.267,118,92,16,forward
ca_caverns2prc,333,2946.6,138.811,137.397,121,105,16,forward
ca_caverns2prc,334,3181,147.983,139.983,131,121,16,forward
ca_caverns2prc,335,2727.2,137.61,136.61,114,98,16,forward
ca_caverns2prc,336,2766.4,146.326,139.255,131,118,16,forward
ca_caverns2prc,337,2744.2,150.924,136.782,124,101,16,forward
ca_caverns2prc,338,2799.8,145.042,136.556,138,120,16,forward
ca_caverns2prc,339,2886.2,146.054,138.74,127,114,16,forward
ca_caverns2prc,340,3121.6,144.355,143.77,134,113,16,forward
ca_caverns2prc,341,3287.8,154.912,140.669,140,134,16,forward
ca_caverns2prc,342,3712.6,145.326,142.255,130,121,16,forward
ca_caverns2prc,343,2924,150.355,141.184,140,120,16,forward
ca_caverns2prc,344,2789.8,143.669,140.841,130,123,16,forward
ca_caverns2prc,345,2980.4,150.326,141.841,135,117,16,forward
ca_caverns2prc,346,3181.6,147.598,142.77,136,125,16,forward
ca_caverns2prc,347,3145.6,158.87,143.385,151,134,16,forward
ca_caverns2prc,348,2727.4,144.255,143.669,131,119,16,forward
ca_caverns2prc,349,2527.8,144.042,143.042,137,127,16,forward
ca_caverns2prc,350,3152.8,152.054,144.397,133,129,16,forward
ca_caverns2prc,351,3483.4,170.569,145.941,154,128,16,forward
ca_caverns2prc,352,2745.2,149.083,146.669,135,126,16,forward
ca_caverns2prc,353,3163,155.598,146.284,144,133,16,forward
ca_caverns2prc,354,2773.6,162.841,146.113,150,133,16,forward
ca_caverns2prc,355,2933.8,145.012,145.012,133,123,16,forward
ca_caverns2prc,356,3050.4,150.497,147.569,136,106,16,forward
ca_caverns2prc,357,2832,149.841,146.77,137,127,16,forward
ca_caverns2prc,358,3163.2,152.355,145.77,142,128,16,forward
ca_caverns2prc,359,3234.2,147.154,147.154,131,128,16,forward
ca_caverns2prc,360,3640.8,152.054,151.468,133,116,16,forward
ca_caverns2prc,361,3614,170.284,149.799,162,140,16,forward
ca_caverns2prc,362,3288.8,149.355,148.77,139,125,16,forward
ca_caverns2prc,363,3616.6,166.083,151.598,152,147,16,forward
ca_caverns2prc,364,3136.4,150.196,150.196,127,109,16,forward
ca_caverns2prc,365,3141.4,150.811,150.811,133,114,16,forward
ca_caverns2prc,366,3016.8,160.083,150.184,146,122,16,forward
ca_caverns2prc,367,2884.6,153.083,150.154,139,128,16,forward
ca_caverns2prc,368,3375.4,148.497,148.497,134,115,16,forward
ca_caverns2prc,369,2749,160.368,149.368,138,112,16,forward
ca_caverns2prc,370,3131.8,159.255,154.569,146,126,16,forward
ca_caverns2prc,371,2739,152.125,152.125,131,118,16,forward
ca_caverns2prc,372,3104.4,161.456,155.799,154,139,16,forward
ca_caverns2prc,373,3107.8,162.012,153.527,150,135,16,forward
ca_caverns2prc,374,3392.2,153.426,153.426,141,132,16,forward
ca_caverns2prc,375,3437,156.196,155.61,133,108,16,forward
ca_caverns2prc,376,3528.2,167.527,155.527,158,139,16,forward
ca_caverns2prc,377,2681.8,152.882,152.882,133,102,16,forward
ca_caverns2prc,378,3298.8,165.296,155.255,145,126,16,forward
ca_caverns2prc,379,2933.2,152.397,152.397,135,118,16,forward
ca_caverns2prc,380,3787.2,163.61,156.539,140,122,16,forward
ca_caverns2prc,381,3744,158.569,158.569,142,139,16,forward
ca_caverns2prc,382,3398.4,166.941,158.941,157,132,16,forward
ca_caverns2prc,383,3279.6,163.012,157.012,151,149,16,forward
ca_caverns2prc,384,3246.4,159.054,156.054,140,125,16,forward
ca_caverns2prc,385,3203.4,159.426,158.598,147,132,16,forward
ca_caverns2prc,386,2661.8,164.326,158.255,149,135,16,forward
ca_caverns2prc,387,2907,159.882,156.569,140,125,16,forward
ca_caverns2prc,388,3386.8,171.255,158.669,158,140,16,forward
ca_caverns2prc,389,2812.4,160.811,159.64,143,117,16,forward
ca_caverns2prc,390,3305.6,172.113,162.456,163,137,16,forward
ca_caverns2prc,391,3452.4,161.811,161.225,144,130,16,forward
ca_caverns2prc,392,3516,163.87,161.627,156,145,16,forward
ca_caverns2prc,393,3284.8,175.882,160.054,156,128,16,forward
ca_caverns2prc,394,3282.2,171.426,161.598,159,147,16,forward
ca_caverns2prc,395,3521,179.983,160.983,163,143,16,forward
ca_caverns2prc,396,4018.8,182.238,160.681,152,121,16,forward
ca_caverns2prc,397,3846.8,175.711,161.225,155,131,16,forward
ca_caverns2prc,398,3406,161.184,161.184,150,139,16,forward
ca_caverns2prc,399,3640.6,161.368,161.368,139,125,16,forward
ca_caverns2prc,400,3545.6,181.267,167.782,156,135,16,forward
ca_caverns2prc,401,3387.4,174.255,167.497,161,157,16,forward
ca_caverns2prc,402,3105.8,172.853,166.853,148,136,16,forward
ca_caverns2prc,403,3892.4,189.752,166.539,162,130,16,forward
ca_caverns2prc,404,3346.6,169.983,166.326,153,138,16,forward
ca_caverns2prc,405,3564.8,177.882,167.983,158,146,16,forward
ca_caverns2prc,406,3056.2,166.024,166.024,142,112,16,forward
ca_caverns2prc,407,3284.4,177.296,164.811,157,135,16,forward
ca_caverns2prc,408,3524.8,166.326,166.326,151,143,16,forward
ca_caverns2prc,409,4256,186.569,166.255,170,161,16,forward
ca_caverns2prc,410,3595.8,192.811,170.669,175,155,16,forward
ca_caverns2prc,411,3929.6,175.225,171.569,157,144,16,forward
ca_caverns2prc,412,3492,169.042,169.042,162,157,16,forward
ca_caverns2prc,413,3486.8,179.841,170.841,167,153,16,forward
ca_caverns2prc,414,3620,171.368,170.782,149,132,16,forward
ca_caverns2prc,415,3648.4,197.811,171.598,180,165,16,forward
ca_caverns2prc,416,3607,168.284,168.284,160,151,16,forward
ca_caverns2prc,417,3799.8,185.125,168.882,164,163,16,forward
ca_caverns2prc,418,3534,168.539,168.539,147,131,16,forward
ca_caverns2prc,419,3474,173.012,170.527,161,149,16,forward
ca_caverns2prc,420,3454.6,176.539,175.953,155,131,16,forward
ca_caverns2prc,421,3670,180.882,175.054,161,152,16,forward
ca_caverns2prc,422,3796.8,187.983,173.326,171,134,16,forward
ca_caverns2prc,423,3371.4,181.426,174.598,169,158,16,forward
ca_caverns2prc,424,3874,176.912,173.397,162,137,16,forward
ca_caverns2prc,425,3583.8,188.468,175.74,169,146,16,forward
ca_caverns2prc,426,3283.4,176.669,175.841,163,151,16,forward
ca_caverns2prc,427,3193,181.995,172.924,153,142,16,forward
ca_caverns2prc,428,4321.2,177.882,172.64,158,150,16,forward
ca_caverns2prc,429,3313,188.154,175.669,172,158,16,forward
ca_caverns2prc,430,3883.2,193.338,176.368,166,145,16,forward
ca_caverns2prc,431,3372.2,177.296,176.711,157,129,16,forward
ca_caverns2prc,432,3667,192.113,177.213,183,166,16,forward
ca_caverns2prc,433,3368.8,177.669,177.669,164,153,16,forward
ca_caverns2prc,434,3833.8,182.853,179.539,158,143,16,forward
ca_caverns2prc,435,3968.2,182.983,179.569,166,159,16,forward
ca_caverns2prc,436,3536.2,192.51,178.368,166,141,16,forward
ca_caverns2prc,437,3465,179.669,179.083,166,143,16,forward
ca_caverns2prc,438,3656,181.61,178.196,158,141,16,forward
ca_caverns2prc,439,3626,178.782,178.782,156,139,16,forward
ca_caverns2prc,440,3754,191.456,183.456,184,149,16,forward
ca_caverns2prc,441,3631.2,193.326,180.083,178,169,16,forward
ca_caverns2prc,442,3752.4,189.983,182.77,173,154,16,forward
ca_caverns2prc,443,4722.4,190.024,181.439,166,154,16,forward
ca_caverns2prc,444,3348.4,189.497,181.497,175,159,16,forward
ca_caverns2prc,445,3610,187.77,180.698,177,160,16,forward
ca_caverns2prc,446,3567.2,186.083,181.012,172,158,16,forward
ca_caverns2prc,447,3959,188.225,183.397,170,159,16,forward
ca_caverns2prc,448,3342,183.983,183.983,167,160,16,forward
ca_caverns2prc,449,3903.6,189.598,183.74,178,153,16,forward
ca_caverns2prc,450,4256,192.811,184.154,175,165,16,forward
ca_caverns2prc,451,4091.2,192.468,187.64,173,164,16,forward
ca_caverns2prc,452,3875.6,202.569,184.154,186,172,16,forward
ca_caverns2prc,453,3483.6,185.811,185.811,168,134,16,forward
ca_caverns2prc,454,3874.8,209.238,187.439,179,147,16,forward
ca_caverns2prc,455,3988.4,192.113,187.113,183,167,16,forward
ca_caverns2prc,456,3800.4,200.083,185.355,186,169,16,forward
ca_caverns2prc,457,3784.4,198.912,186.912,184,160,16,forward
ca_caverns2prc,458,3808.4,191.225,185.225,173,160,16,forward
ca_caverns2prc,459,3685.4,187.539,187.539,166,163,16,forward
ca_caverns2prc,460,3209.2,192.225,190.468,174,149,16,forward
ca_caverns2prc,461,3932.8,214.326,191.355,199,167,16,forward
ca_caverns2prc,462,4008.2,202.894,188.167,171,140,16,forward
ca_caverns2prc,463,4184.4,190.184,190.184,179,168,16,forward
ca_caverns2prc,464,3383.2,191.497,190.083,177,172,16,forward
ca_caverns2prc,465,4248.8,193.841,189.426,181,175,16,forward
ca_caverns2prc,466,3651.6,192.497,189.497,178,179,16,forward
ca_caverns2prc,467,4052.2,200.296,188.468,180,173,16,forward
ca_caverns2prc,468,3178,193.912,188.669,179,168,16,forward
ca_caverns2prc,469,3690.6,193.581,191.581,165,151,16,forward
ca_caverns2prc,470,4650.8,196.711,195.539,176,158,16,forward
ca_caverns2prc,471,4110.8,201.439,193.953,177,154,16,forward
ca_caverns2prc,472,3943.4,201.154,193.497,185,174,16,forward
ca_caverns2prc,473,3876.6,192.355,192.355,182,166,16,forward
ca_caverns2prc,474,4645.2,194.912,193.255,180,160,16,forward
ca_caverns2prc,475,3928.4,202.267,192.51,177,156,16,forward
ca_caverns2prc,476,3581.8,194.681,194.681,169,139,16,forward
ca_caverns2prc,477,3968.4,207.953,192.125,186,173,16,forward
ca_caverns2prc,478,3882,208.024,194.711,184,161,16,forward
ca_caverns2prc,479,4010.2,203.64,195.225,185,172,16,forward
ca_caverns2prc,480,4232.8,200.497,196.497,186,178,16,forward
ca_caverns2prc,481,3809.8,205.569,199.74,189,182,16,forward
ca_caverns2prc,482,3955.2,198.497,196.74,184,178,16,forward
ca_caverns2prc,483,3824,203.569,199.569,187,176,16,forward
ca_caverns2prc,484,4204.4,201.024,198.539,177,169,16,forward
ca_caverns2prc,485,4284,196.61,196.61,173,167,16,forward
ca_caverns2prc,486,4232.6,213.083,198.426,199,183,16,forward
ca_caverns2prc,487,3628.4,202.326,198.083,187,170,16,forward
ca_caverns2prc,488,4265.4,212.723,196.581,180,148,16,forward
ca_caverns2prc,489,4304.6,206.912,199.912,192,183,16,forward
ca_caverns2prc,490,4267.6,210.167,200.681,182,159,16,forward
ca_caverns2prc,491,4272.2,203.066,200.238,172,153,16,forward
ca_caverns2prc,492,4088.4,203.284,200.799,195,177,16,forward
ca_caverns2prc,493,4865.8,203.024,201.368,179,158,16,forward
ca_caverns2prc,494,4290.4,218.368,203.024,196,180,16,forward
ca_caverns2prc,495,3590.8,203.296,202.711,183,158,16,forward
ca_caverns2prc,496,4153.2,221.811,200.497,204,185,16,forward
ca_caverns2prc,497,4120,222.196,203.811,199,177,16,forward
ca_caverns2prc,498,9303.6,203.983,203.983,187,184,16,forward
ca_caverns2prc,499,4096,207.497,203.154,193,182,16,forward
ca_caverns2prc,500,4362,207.61,207.61,184,174,16,forward
ca_caverns2prc,501,4530.8,220.983,207.326,204,194,16,forward
ca_caverns2prc,502,4005.6,207.326,205.326,192,176,16,forward
ca_caverns2prc,503,6242.8,209.983,207.154,193,187,16,forward
ca_caverns2prc,504,3968.8,210.225,205.983,192,187,16,forward
ca_caverns2prc,505,3713.8,228.054,205.083,209,192,16,forward
ca_caverns2prc,506,3829.8,217.125,207.811,196,180,16,forward
ca_caverns2prc,507,3678.6,220.368,206.225,198,181,16,forward
ca_caverns2prc,508,3899.8,225.924,204.368,199,180,16,forward
ca_caverns2prc,509,4089.4,211.054,205.882,192,185,16,forward
ca_caverns2prc,510,4150,209.439,208.853,185,160,16,forward
ca_caverns2prc,511,4475.8,218.539,209.296,197,185,16,forward
ca_caverns2prc,512,4290.2,218.154,211.669,202,189,16,forward
ca_caverns2prc,513,4384,217.711,208.882,197,185,16,forward
ca_caverns2prc,514,4075,227.782,208.225,205,179,16,forward
ca_caverns2prc,515,4037.8,210.125,208.125,189,174,16,forward
ca_caverns2prc,516,4519.4,212.054,209.054,193,183,16,forward
ca_caverns2prc,517,3707,217.983,208.083,201,186,16,forward
ca_caverns2prc,518,4465.6,210.296,208.64,190,164,16,forward
ca_caverns2prc,519,4083.2,215.368,210.225,193,183,16,forward
ca_caverns2prc,520,4513.4,215.267,214.681,190,185,16,forward
ca_caverns2prc,521,4099.8,220.983,215.569,204,193,16,forward
ca_caverns2prc,522,4749.6,227.267,213.024,202,192,16,forward
ca_caverns2prc,523,4394.2,224.953,214.468,203,182,16,forward
ca_caverns2prc,524,4265.6,214.355,212.184,204,192,16,forward
ca_caverns2prc,525,4429,218.012,213.083,206,187,16,forward
ca_caverns2prc,526,4618.6,220.426,214.426,208,207,16,forward
ca_caverns2prc,527,3978.6,216.953,214.024,195,183,16,forward
ca_caverns2prc,528,4481.6,217.669,212.669,204,175,16,forward
ca_caverns2prc,529,4354.2,214.326,212.569,199,172,16,forward
ca_caverns2prc,530,4524.2,240.309,216.51,208,190,16,forward
ca_caverns2prc,531,4123.6,226.225,218.811,208,196,16,forward
ca_caverns2prc,532,4539,221.184,218.841,210,192,16,forward
ca_caverns2prc,533,4737.6,240.154,219.912,224,223,16,forward
ca_caverns2prc,534,4291.6,219.882,219.882,200,184,16,forward
ca_caverns2prc,535,4107,234.811,218.669,217,200,16,forward
ca_caverns2prc,536,4569.6,217.225,216.397,199,186,16,forward
ca_caverns2prc,537,4780.4,241.539,218.912,220,185,16,forward
ca_caverns2prc,538,4256.6,218.054,216.054,199,170,16,forward
ca_caverns2prc,539,4369.4,222.397,219.912,205,193,16,forward
ca_caverns2prc,540,4770.2,240.296,221.054,220,213,16,forward
ca_caverns2prc,541,4095.4,231.853,222.196,207,198,16,forward
ca_caverns2prc,542,4407,229.439,222.196,205,197,16,forward
ca_caverns2prc,543,4102.6,229.64,223.811,211,201,16,forward
ca_caverns2prc,544,4602.8,235.468,221.326,216,191,16,forward
ca_caverns2prc,545,4190.8,220.326,220.326,205,202,16,forward
ca_caverns2prc,546,4088.6,223.882,223.882,204,173,16,forward
ca_caverns2prc,547,4550.8,233.995,221.167,205,188,16,forward
ca_caverns2prc,548,4062.6,224.87,223.213,217,200,16,forward
ca_caverns2prc,549,4316.8,235.74,223.255,220,195,16,forward
ca_caverns2prc,550,4718.6,233.439,225.439,209,190,16,forward
ca_caverns2prc,551,4925,244.581,226.095,216,200,16,forward
ca_caverns2prc,552,4148.6,236.338,225.267,209,196,16,forward
ca_caverns2prc,553,4480.8,225.167,225.167,197,183,16,forward
ca_caverns2prc,554,4199.4,236.267,224.225,211,182,16,forward
ca_caverns2prc,555,4249.4,241.569,225.326,225,189,16,forward
ca_caverns2prc,556,4348.6,235.054,227.74,216,203,16,forward
ca_caverns2prc,557,5169.6,238.823,224.338,209,215,16,forward
ca_caverns2prc,558,4622.4,228.853,226.853,204,192,16,forward
ca_caverns2prc,559,4359.4,227.811,227.225,210,189,16,forward
ca_caverns2prc,560,4860,253.48,230.51,222,204,16,forward
ca_caverns2prc,561,4469,232.953,231.539,211,189,16,forward
ca_caverns2prc,562,4465.2,235.61,231.953,212,199,16,forward
ca_caverns2prc,563,4139,228.64,228.64,210,198,16,forward
ca_caverns2prc,564,4769.8,231.296,231.296,211,210,16,forward
ca_caverns2prc,565,4878.2,255.811,230.355,238,211,16,forward
ca_caverns2prc,566,4216.4,232.397,231.569,215,201,16,forward
ca_caverns2prc,567,4286,253.024,230.054,229,206,16,forward
ca_caverns2prc,568,4655.8,228.497,228.497,214,198,16,forward
ca_caverns2prc,569,4282.6,232.012,228.698,220,196,16,forward
ca_caverns2prc,570,4348.2,236.983,234.74,220,194,16,forward
ca_caverns2prc,571,4652.6,237.983,232.983,221,213,16,forward
ca_caverns2prc,572,5006.8,249.953,235.711,228,201,16,forward
ca_caverns2prc,573,4570,241.853,235.125,217,200,16,forward
ca_caverns2prc,574,4858.4,236.397,235.811,219,200,16,forward
ca_caverns2prc,575,4848.6,233.569,233.569,217,208,16,forward
ca_caverns2prc,576,4839.2,246.61,234.468,223,208,16,forward
ca_caverns2prc,577,4690.6,253.711,235.397,233,212,16,forward
ca_caverns2prc,578,5144.4,234.551,232.551,201,187,16,forward
ca_caverns2prc,579,4263.4,237.095,235.681,211,199,16,forward
ca_caverns2prc,580,4144.4,240.983,236.74,224,197,16,forward
ca_caverns2prc,581,4743.4,243.267,237.995,218,192,16,forward
ca_caverns2prc,582,4223.2,251.51,237.368,225,207,16,forward
ca_caverns2prc,583,4304.8,246.439,238.024,222,207,16,forward
ca_caverns2prc,584,5969.4,251.267,238.267,226,214,16,forward
ca_caverns2prc,585,4390.8,245.48,238.267,214,194,16,forward
ca_caverns2prc,586,4465.4,239.581,239.581,211,197,16,forward
ca_caverns2prc,587,4820.2,241.042,236.042,234,223,16,forward
ca_caverns2prc,588,5053.4,254.196,237.539,231,212,16,forward
ca_caverns2prc,589,4826,252.083,237.77,238,220,16,forward
ca_caverns2prc,590,4917.4,242.024,242.024,218,199,16,forward
ca_caverns2prc,591,4968,250.468,242.225,231,225,16,forward
ca_caverns2prc,592,4922.4,241.125,241.125,220,201,16,forward
ca_caverns2prc,593,4521.6,245.095,241.782,219,201,16,forward
ca_caverns2prc,594,4519,260.167,241.439,232,215,16,forward
ca_caverns2prc,595,4777.2,256.397,240.569,239,214,16,forward
ca_caverns2prc,596,4329.8,245.711,240.154,225,214,16,forward
ca_caverns2prc,597,5255,242.095,242.095,216,196,16,forward
ca_caverns2prc,598,4666.8,248.598,243.598,237,220,16,forward
ca_caverns2prc,599,4987.8,241.995,240.823,213,190,16,forward
ca_caverns2prc,600,4601.8,244.238,244.238,214,198,16,forward
ca_caverns2prc,601,5144.2,253.652,247.995,223,209,16,forward
ca_caverns2prc,602,4829.4,251.095,246.853,225,204,16,forward
ca_caverns2prc,603,4517,251.48,246.51,220,200,16,forward
ca_caverns2prc,604,5279.2,246.095,246.095,220,205,16,forward
ca_caverns2prc,605,4718.8,258.823,245.924,229,225,16,forward
ca_caverns2prc,606,5287.8,259.669,245.012,246,235,16,forward
ca_caverns2prc,607,4760.6,247.238,247.238,217,192,16,forward
ca_caverns2prc,608,5498.8,257.368,247.853,235,214,16,forward
ca_caverns2prc,609,4873.2,260.296,245.397,240,230,16,forward
ca_caverns2prc,610,4979.4,256.681,251.409,231,206,16,forward
ca_caverns2prc,611,4580.2,251.338,250.752,224,206,16,forward
ca_caverns2prc,612,4653.4,257.368,251.853,235,212,16,forward
ca_caverns2prc,613,5353,250.882,249.225,231,204,16,forward
ca_caverns2prc,614,5136.4,253.539,251.539,232,226,16,forward
ca_caverns2prc,615,4566.2,271.894,249.267,240,211,16,forward
ca_caverns2prc,616,5259.2,254.894,251.966,223,204,16,forward
ca_caverns2prc,617,5117.8,253.752,250.823,226,204,16,forward
ca_caverns2prc,618,5201,251.581,249.095,223,211,16,forward
ca_caverns2prc,619,4243.2,257.267,250.196,232,203,16,forward
ca_caverns2prc,620,5532.6,265.711,255.296,245,231,16,forward
ca_caverns2prc,621,5571.4,276.451,255.966,240,223,16,forward
ca_caverns2prc,622,5267,264.397,255.882,247,229,16,forward
ca_caverns2prc,623,5212,258.48,255.309,227,218,16,forward
ca_caverns2prc,624,4900.2,261.51,255.853,235,219,16,forward
ca_caverns2prc,625,4922.4,255.924,255.338,229,210,16,forward
ca_caverns2prc,626,6037.6,263.267,253.439,238,232,16,forward
ca_caverns2prc,627,5498.6,269.711,252.225,249,232,16,forward
ca_caverns2prc,628,5142.4,263.125,255.64,242,233,16,forward
ca_caverns2prc,629,5084,255.681,252.167,230,220,16,forward
ca_caverns2prc,630,4634.4,257.823,257.823,228,204,16,forward
ca_caverns2prc,631,5451,267.296,258.054,247,241,16,forward
ca_caverns2prc,632,5424.2,260.468,259.296,241,220,16,forward
ca_caverns2prc,633,5396,261.309,256.309,229,211,16,forward
ca_caverns2prc,634,4889.6,263.782,257.782,241,240,16,forward
ca_caverns2prc,635,4786.8,263.267,256.51,238,211,16,forward
ca_caverns2prc,636,4846.2,260.995,259.823,232,219,16,forward
ca_caverns2prc,637,4328.2,269.581,256.51,241,222,16,forward
ca_caverns2prc,638,4429,265.238,258.167,235,222,16,forward
ca_caverns2prc,639,5348.2,257.912,257.912,243,234,16,forward
ca_caverns2prc,640,5037.4,262.154,262.154,246,222,16,forward
ca_caverns2prc,641,5193,262.983,260.64,246,222,16,forward
ca_caverns2prc,642,5028.2,268.368,260.711,246,233,16,forward
ca_caverns2prc,643,5032.6,265.924,262.752,239,222,16,forward
ca_caverns2prc,644,5695.6,276.51,263.439,250,239,16,forward
ca_caverns2prc,645,5165.8,272.823,263.752,243,229,16,forward
ca_caverns2prc,646,5223.4,275.51,261.51,249,233,16,forward
ca_caverns2prc,647,5304,268.681,260.267,243,230,16,forward
ca_caverns2prc,648,4747,267.439,260.953,243,220,16,forward
ca_caverns2prc,649,5147.8,263.995,263.995,235,231,16,forward
ca_caverns2prc,650,4824.2,266.196,264.782,243,238,16,forward
ca_caverns2prc,651,5465.2,280.238,267.752,250,244,16,forward
ca_caverns2prc,652,5643.2,294.066,265.439,263,235,16,forward
ca_caverns2prc,653,4819.8,280.823,264.681,251,237,16,forward
ca_caverns2prc,654,5656.4,267.681,267.681,242,232,16,forward
ca_caverns2prc,655,5366.6,292.054,267.083,273,250,16,forward
ca_caverns2prc,656,5388,273.439,267.539,249,232,16,forward
ca_caverns2prc,657,5718.4,270.853,264.853,246,235,16,forward
ca_caverns2prc,658,5002.8,275.882,265.054,256,222,16,forward
ca_caverns2prc,659,5287.6,265.267,265.267,240,237,16,forward
ca_caverns2prc,660,6188.8,283.108,269.279,245,233,16,forward
ca_caverns2prc,661,5603.2,272.882,271.711,253,248,16,forward
ca_caverns2prc,662,5137,269.983,269.983,253,250,16,forward
ca_caverns2prc,663,5087.8,270.007,268.007,229,209,16,forward
ca_caverns2prc,664,5888.2,284.208,270.066,249,226,16,forward
ca_caverns2prc,665,5204,280.995,268.61,252,224,16,forward
ca_caverns2prc,666,5636.8,270.154,270.154,254,243,16,forward
ca_caverns2prc,667,5460.2,281.995,270.338,253,244,16,forward
ca_caverns2prc,668,5075.4,288.451,269.066,252,233,16,forward
ca_caverns2prc,669,4896.8,270.953,270.953,249,243,16,forward
ca_caverns2prc,670,5257.6,298.439,274.397,274,241,16,forward
ca_caverns2prc,671,5513,274.953,274.125,253,237,16,forward
ca_caverns2prc,672,5256.6,294.61,273.397,271,242,16,forward
ca_caverns2prc,673,5361.8,273.196,273.196,250,238,16,forward
ca_caverns2prc,674,5295.2,291.439,272.711,267,234,16,forward
ca_caverns2prc,675,5054.8,278.953,273.539,257,246,16,forward
ca_caverns2prc,676,5742.8,298.995,274.61,270,243,16,forward
ca_caverns2prc,677,5612.4,287.752,272.681,260,241,16,forward
ca_caverns2prc,678,5075.4,274.853,274.267,250,242,16,forward
ca_caverns2prc,679,5698.4,284.238,274.409,254,244,16,forward
ca_caverns2prc,680,5366.6,279.811,279.225,262,253,16,forward
ca_caverns2prc,681,5987.2,279.439,276.125,255,240,16,forward
ca_caverns2prc,682,4924,278.953,278.125,257,239,16,forward
ca_caverns2prc,683,5495.4,291.811,276.811,274,239,16,forward
ca_caverns2prc,684,6394.6,296.51,276.61,270,265,16,forward
ca_caverns2prc,685,5217.4,280.51,276.61,254,242,16,forward
ca_caverns2prc,686,5106,291.652,276.167,261,239,16,forward
ca_caverns2prc,687,5669.6,292.095,279.853,266,244,16,forward
ca_caverns2prc,688,5539,277.551,276.723,244,225,16,forward
ca_caverns2prc,689,5133.8,297.338,276.024,270,242,16,forward
ca_caverns2prc,690,5458.8,280.48,280.48,249,235,16,forward
ca_caverns2prc,691,5511.2,283.74,282.912,268,253,16,forward
ca_caverns2prc,692,5732.2,284.853,283.196,260,239,16,forward
ca_caverns2prc,693,5058.8,282.853,282.853,258,245,16,forward
ca_caverns2prc,694,5461.6,286.439,283.125,262,244,16,forward
ca_caverns2prc,695,5373.8,281.154,281.154,265,262,16,forward
ca_caverns2prc,696,6048,306.723,283.167,274,262,16,forward
ca_caverns2prc,697,5642.2,281.238,280.409,251,228,16,forward
ca_caverns2prc,698,5669,285.409,280.723,256,236,16,forward
ca_caverns2prc,699,5310.6,284.51,283.681,258,246,16,forward
ca_caverns2prc,700,5918.2,292.267,286.267,267,259,16,forward
ca_caverns2prc,701,5895.2,284.167,284.167,256,240,16,forward
ca_caverns2prc,702,5276.6,292.581,284.51,264,258,16,forward
ca_caverns2prc,703,5277.2,288.439,284.539,264,249,16,forward
ca_caverns2prc,704,5865.4,288.894,287.723,257,253,16,forward
ca_caverns2prc,705,5492.2,291.48,284.066,260,244,16,forward
ca_caverns2prc,706,5689.2,291.811,284.326,274,261,16,forward
ca_caverns2prc,707,5899.4,290.681,287.095,265,243,16,forward
ca_caverns2prc,708,5750.2,307.853,286.539,283,255,16,forward
ca_caverns2prc,709,5497,290.409,284.338,261,247,16,forward
ca_caverns2prc,710,5295,297.338,291.681,270,251,16,forward
ca_caverns2prc,711,5431.4,303.681,289.681,278,261,16,forward
ca_caverns2prc,712,5903.4,289.296,288.125,269,259,16,forward
ca_caverns2prc,713,5822.8,289.711,289.711,269,267,16,forward
ca_caverns2prc,714,5552,291.811,288.569,274,266,16,forward
ca_caverns2prc,715,5534.4,296.853,290.539,272,252,16,forward
ca_caverns2prc,716,6022,301.652,288.823,271,251,16,forward
ca_caverns2prc,717,5215,307.61,291.468,284,253,16,forward
ca_caverns2prc,718,5455.2,292.569,288.569,276,261,16,forward
ca_caverns2prc,719,5819,298.338,289.924,271,259,16,forward
ca_caverns2prc,720,5387.2,296.267,294.61,271,259,16,forward
ca_caverns2prc,721,6491.4,297.652,292.723,267,241,16,forward
ca_caverns2prc,722,5813.4,297.309,294.823,265,253,16,forward
ca_caverns2prc,723,6149.2,296.024,294.368,272,253,16,forward
ca_caverns2prc,724,5830,297.38,293.551,263,245,16,forward
ca_caverns2prc,725,5367,300.468,293.983,281,271,16,forward
ca_caverns2prc,726,6349.2,314.723,294.752,282,258,16,forward
ca_caverns2prc,727,6169,309.48,294.409,278,259,16,forward
ca_caverns2prc,728,5897.2,295.468,294.468,276,260,16,forward
ca_caverns2prc,729,5086.4,298.38,294.551,264,252,16,forward
ca_caverns2prc,730,5789.6,301.167,299.409,273,252,16,forward
ca_caverns2prc,731,5838,315.066,297.095,284,269,16,forward
ca_caverns2prc,732,6081.8,298.024,296.267,274,260,16,forward
ca_caverns2prc,733,6109.6,296.167,296.167,268,244,16,forward
ca_caverns2prc,734,5689.6,302.309,298.066,270,253,16,forward
ca_caverns2prc,735,6175.4,305.35,296.451,266,246,16,forward
ca_caverns2prc,736,6024.2,302.723,299.894,270,252,16,forward
ca_caverns2prc,737,6212.2,307.397,299.054,290,270,16,forward
ca_caverns2prc,738,5782,299.108,298.522,261,231,16,forward
ca_caverns2prc,739,6456.6,325.764,299.037,286,261,16,forward
ca_caverns2prc,740,6063.6,303.279,301.622,266,240,16,forward
ca_caverns2prc,741,5576,310.924,301.853,284,279,16,forward
ca_caverns2prc,742,5849,307.409,303.752,278,264,16,forward
ca_caverns2prc,743,5355.4,306.196,303.539,283,279,16,forward
ca_caverns2prc,744,6246.2,304.338,301.752,277,270,16,forward
ca_caverns2prc,745,6185.6,314.652,303.924,284,270,16,forward
ca_caverns2prc,746,5748.6,326.664,303.865,284,258,16,forward
ca_caverns2prc,747,5240.2,314.551,303.238,281,266,16,forward
ca_caverns2prc,748,6038.2,310.622,300.966,275,260,16,forward
ca_caverns2prc,749,5549.8,310.882,303.569,291,281,16,forward
ca_caverns2prc,750,5493,310.309,306.167,278,262,16,forward
ca_caverns2prc,751,5533.8,317.693,306.723,280,264,16,forward
ca_caverns2prc,752,5844.4,322.995,307.681,294,262,16,forward
ca_caverns2prc,753,5212.6,307.167,305.167,279,268,16,forward
ca_caverns2prc,754,5858.8,305.936,304.279,267,242,16,forward
ca_caverns2prc,755,6873.6,322.581,305.338,294,295,16,forward
ca_caverns2prc,756,6235.4,314.539,306.125,293,285,16,forward
ca_caverns2prc,757,6184,306.167,305.167,278,272,16,forward
ca_caverns2prc,758,5823.2,306.652,305.238,276,268,16,forward
ca_caverns2prc,759,5802,322.439,304.196,298,261,16,forward
ca_caverns2prc,760,6399.2,312.936,309.764,274,254,16,forward
ca_caverns2prc,761,6105.4,317.108,310.037,279,256,16,forward
ca_caverns2prc,762,6099,308.208,308.208,273,260,16,forward
ca_caverns2prc,763,5341,318.38,310.38,284,271,16,forward
ca_caverns2prc,764,5283,316.179,310.936,276,259,16,forward
ca_caverns2prc,765,6043.2,319.581,310.409,291,269,16,forward
ca_caverns2prc,766,5257.4,315.35,311.936,276,266,16,forward
ca_caverns2prc,767,6037.4,317.238,311.581,287,275,16,forward
ca_caverns2prc,768,5436.4,334.38,311.652,300,280,16,forward
ca_caverns2prc,769,5551.6,320.309,311.066,288,288,16,forward
ca_caverns2prc,770,6293,314.936,312.936,276,258,16,forward
ca_caverns2prc,771,6724.8,323.569,313.569,307,295,16,forward
ca_caverns2prc,772,7052,313.539,313.539,292,277,16,forward
ca_caverns2prc,773,5638.4,334.208,314.551,299,283,16,forward
ca_caverns2prc,774,6279.2,320.853,315.61,296,289,16,forward
ca_caverns2prc,775,5721.8,319.296,313.468,299,290,16,forward
ca_caverns2prc,776,6189.6,315.167,314.581,287,275,16,forward
ca_caverns2prc,777,6072.8,313.179,313.179,273,245,16,forward
ca_caverns2prc,778,5307,315.421,315.421,274,258,16,forward
ca_caverns2prc,779,6669.6,312.723,312.137,280,255,16,forward
ca_caverns2prc,780,6347.8,327.024,318.024,303,308,16,forward
ca_caverns2prc,781,6255.6,322.267,317.095,297,287,16,forward
ca_caverns2prc,782,5690.6,331.622,317.48,296,278,16,forward
ca_caverns2prc,783,6595.4,324.64,318.154,306,290,16,forward
ca_caverns2prc,784,6446,345.037,319.823,309,292,16,forward
ca_caverns2prc,785,6271.6,321.338,319.581,294,273,16,forward
ca_caverns2prc,786,6273.8,317.995,316.823,289,267,16,forward
ca_caverns2prc,787,6265.4,317.782,317.782,295,287,16,forward
ca_caverns2prc,788,6415.2,324.037,316.279,288,280,16,forward
ca_caverns2prc,789,6481.4,317.238,316.409,287,281,16,forward
ca_caverns2prc,790,6037.8,325.593,321.451,285,269,16,forward
ca_caverns2prc,791,6728.8,329.882,323.882,310,296,16,forward
ca_caverns2prc,792,7186.8,340.48,322.823,309,292,16,forward
ca_caverns2prc,793,6728.6,322.966,322.966,289,269,16,forward
ca_caverns2prc,794,6584.4,324.137,322.723,291,272,16,forward
ca_caverns2prc,795,6202.4,334.995,320.095,306,289,16,forward
ca_caverns2prc,796,6855.2,325.309,321.794,293,280,16,forward
ca_caverns2prc,797,6178.8,329.995,321.238,301,286,16,forward
ca_caverns2prc,798,6703.2,335.48,322.48,304,287,16,forward
ca_caverns2prc,799,6706,335.167,320.196,307,293,16,forward
ca_caverns2prc,800,6337,326.208,326.208,291,277,16,forward
ca_caverns2prc,801,5944.6,327.451,324.137,291,271,16,forward
ca_caverns2prc,802,6513.4,346.723,327.238,314,303,16,forward
ca_caverns2prc,803,6468,324.196,324.196,301,283,16,forward
ca_caverns2prc,804,5968.2,345.137,325.752,312,296,16,forward
ca_caverns2prc,805,6263.4,327.208,327.208,292,280,16,forward
ca_caverns2prc,806,6053,339.439,327.439,315,296,16,forward
ca_caverns2prc,807,6108.4,324.492,324.492,281,261,16,forward
ca_caverns2prc,808,6375.4,326.368,326.368,304,297,16,forward
ca_caverns2prc,809,6520.4,334.581,324.652,306,287,16,forward
ca_caverns2prc,810,6509,328.208,328.208,293,288,16,forward
ca_caverns2prc,811,6859.2,342.865,330.622,306,297,16,forward
ca_caverns2prc,812,6806.8,346.38,328.551,312,313,16,forward
ca_caverns2prc,813,6193.6,329.907,329.321,286,270,16,forward
ca_caverns2prc,814,6833.6,347.693,329.551,310,292,16,forward
ca_caverns2prc,815,6869.4,347.693,329.309,310,283,16,forward
ca_caverns2prc,816,6366,331.693,331.693,294,276,16,forward
ca_caverns2prc,817,5930.8,338.966,331.066,305,290,16,forward
ca_caverns2prc,818,6127.2,334.924,328.681,308,296,16,forward
ca_caverns2prc,819,6055.2,344.794,328.794,310,296,16,forward
ca_caverns2prc,820,6829,336.794,334.309,302,292,16,forward
ca_caverns2prc,821,7128.2,341.794,335.35,307,282,16,forward
ca_caverns2prc,822,6763.2,335.368,334.368,313,299,16,forward
ca_caverns2prc,823,6487.8,335.451,335.451,299,284,16,forward
ca_caverns2prc,824,6285.6,332.622,332.622,297,290,16,forward
ca_caverns2prc,825,6555.4,339.723,333.137,307,289,16,forward
ca_caverns2prc,826,6626.6,340.196,334.125,317,309,16,forward
ca_caverns2prc,827,6327,336.865,334.622,300,289,16,forward
ca_caverns2prc,828,5981.2,351.451,333.309,315,297,16,forward
ca_caverns2prc,829,7191.4,334.007,334.007,293,274,16,forward
ca_caverns2prc,830,6856.6,340.137,338.48,307,287,16,forward
ca_caverns2prc,831,6245,339.35,336.522,300,289,16,forward
ca_caverns2prc,832,6898.2,347.421,337.522,306,287,16,forward
ca_caverns2prc,833,6796.4,344.296,336.296,324,328,16,forward
ca_caverns2prc,834,6597.4,351.338,338.095,324,305,16,forward
ca_caverns2prc,835,6897.2,355.409,338.581,326,296,16,forward
ca_caverns2prc,836,6576.4,347.966,339.309,314,302,16,forward
ca_caverns2prc,837,5798.6,359.593,337.622,319,302,16,forward
ca_caverns2prc,838,7185,336.664,336.078,294,264,16,forward
ca_caverns2prc,839,6961,339.693,336.865,302,296,16,forward
ca_caverns2prc,840,6164.6,353.865,343.865,317,311,16,forward
ca_caverns2prc,841,6237,342.681,342.681,317,303,16,forward
ca_caverns2prc,842,6920.2,360.622,343.309,325,305,16,forward
ca_caverns2prc,843,6826.6,346.953,342.953,325,309,16,forward
ca_caverns2prc,844,6256,358.421,343.108,317,305,16,forward
ca_caverns2prc,845,6574,342.894,342.894,311,276,16,forward
ca_caverns2prc,846,6695,350.865,341.279,314,303,16,forward
ca_caverns2prc,847,5920.6,343.794,343.794,309,274,16,forward
ca_caverns2prc,848,6612.4,350.451,342.451,314,316,16,forward
ca_caverns2prc,849,6285.6,341.652,340.823,311,299,16,forward
ca_caverns2prc,850,6168.4,350.137,344.137,317,304,16,forward
ca_caverns2prc,851,6101.6,352.38,345.309,318,305,16,forward
ca_caverns2prc,852,6663.8,361.451,345.622,325,312,16,forward
ca_caverns2prc,853,6741.8,354.622,346.764,319,292,16,forward
ca_caverns2prc,854,6853,353.338,345.095,326,310,16,forward
ca_caverns2prc,855,6229.4,354.078,344.865,311,296,16,forward
ca_caverns2prc,856,6444.6,347.681,347.681,322,317,16,forward
ca_caverns2prc,857,6781.6,345.693,344.522,308,287,16,forward
ca_caverns2prc,858,5888.4,348.137,345.309,315,305,16,forward
ca_caverns2prc,859,7164.4,364.007,344.764,323,310,16,forward
ca_caverns2prc,860,6375.2,361.409,351.924,332,327,16,forward
ca_caverns2prc,861,6188,364.693,351.38,327,315,16,forward
ca_caverns2prc,862,6883,354.007,348.936,313,299,16,forward
ca_caverns2prc,863,6988,351.894,351.894,320,302,16,forward
ca_caverns2prc,864,6155.2,371.865,349.38,335,322,16,forward
ca_caverns2prc,865,6912.4,355.007,350.764,314,294,16,forward
ca_caverns2prc,866,5883,367.007,348.865,326,311,16,forward
ca_caverns2prc,867,6563.6,368.936,350.451,330,318,16,forward
ca_caverns2prc,868,6482.4,353.066,349.995,322,302,16,forward
ca_caverns2prc,869,6198.6,362.421,351.764,321,302,16,forward
ca_caverns2prc,870,7058.4,359.664,354.007,317,299,16,forward
ca_caverns2prc,871,7192.2,374.037,355.723,338,320,16,forward
ca_caverns2prc,872,7388,360.095,354.095,334,318,16,forward
ca_caverns2prc,873,7809.8,383.451,355.995,347,320,16,forward
ca_caverns2prc,874,6849,355.752,355.167,328,318,16,forward
ca_caverns2prc,875,6809,371.409,352.267,342,313,16,forward
ca_caverns2prc,876,6768,356.823,353.309,327,303,16,forward
ca_caverns2prc,877,6345,361.581,354.267,333,320,16,forward
ca_caverns2prc,878,6734.8,360.794,352.208,326,307,16,forward
ca_caverns2prc,879,6195.6,353.995,353.995,325,316,16,forward
ca_caverns2prc,880,6303,360.622,359.451,325,314,16,forward
ca_caverns2prc,881,7244,359.61,359.61,336,324,16,forward
ca_caverns2prc,882,6759.2,362.693,359.38,325,308,16,forward
ca_caverns2prc,883,7410,360.309,358.309,328,322,16,forward
ca_caverns2prc,884,7415,379.48,356.652,348,330,16,forward
ca_caverns2prc,885,6349.4,365.208,356.137,330,319,16,forward
ca_caverns2prc,886,7105.4,358.693,357.522,321,304,16,forward
ca_caverns2prc,887,6585.4,383.22,358.179,336,313,16,forward
ca_caverns2prc,888,6637.8,357.451,356.622,321,308,16,forward
ca_caverns2prc,889,6623.8,365.279,357.622,328,302,16,forward
ca_caverns2prc,890,6565,380.35,362.35,341,325,16,forward
ca_caverns2prc,891,7258.6,361.551,361.551,328,317,16,forward
ca_caverns2prc,892,5905,363.664,362.664,321,302,16,forward
ca_caverns2prc,893,7156.4,373.421,360.108,332,315,16,forward
ca_caverns2prc,894,6549.8,363.451,362.279,327,312,16,forward
ca_caverns2prc,895,7032.4,368.25,362.593,326,307,16,forward
ca_caverns2prc,896,7019.8,364.894,362.894,333,282,16,forward
ca_caverns2prc,897,7837.2,369.409,361.995,340,325,16,forward
ca_caverns2prc,898,7145.2,368.492,363.421,325,306,16,forward
ca_caverns2prc,899,7282.4,369.723,363.48,337,318,16,forward
ca_caverns2prc,900,6868.6,372.853,365.368,348,339,16,forward
ca_caverns2prc,901,7489,379.007,365.693,338,324,16,forward
ca_caverns2prc,902,6959.4,379.693,365.551,342,325,16,forward
ca_caverns2prc,903,6643.6,368.752,365.238,341,331,16,forward
ca_caverns2prc,904,6877.6,374.309,365.752,342,320,16,forward
ca_caverns2prc,905,7071.8,383.279,367.966,346,327,16,forward
ca_caverns2prc,906,7335.8,372.593,367.078,332,310,16,forward
ca_caverns2prc,907,7248,373.279,365.279,336,320,16,forward
ca_caverns2prc,908,7083,383.25,365.936,341,324,16,forward
ca_caverns2prc,909,6189.6,368.693,365.865,331,321,16,forward
ca_caverns2prc,910,7256.4,386.492,368.35,343,325,16,forward
ca_caverns2prc,911,6863.2,380.208,371.865,345,325,16,forward
ca_caverns2prc,912,7529.6,373.894,368.652,342,333,16,forward
ca_caverns2prc,913,7296.2,375.137,368.066,342,324,16,forward
ca_caverns2prc,914,7370.6,381.108,370.279,343,338,16,forward
ca_caverns2prc,915,7307.4,383.622,370.794,348,329,16,forward
ca_caverns2prc,916,7418,373.764,369.764,334,328,16,forward
ca_caverns2prc,917,6786.6,375.309,369.894,343,331,16,forward
ca_caverns2prc,918,6707.8,378.693,368.037,341,315,16,forward
ca_caverns2prc,919,7532.8,377.108,369.35,339,331,16,forward
ca_caverns2prc,920,6792.6,384.179,372.622,344,330,16,forward
ca_caverns2prc,921,7014.4,373.38,373.38,339,329,16,forward
ca_caverns2prc,922,6530.8,375.179,373.179,335,327,16,forward
ca_caverns2prc,923,7035.8,380.208,374.551,345,325,16,forward
ca_caverns2prc,924,6628.4,383.652,373.167,353,322,16,forward
ca_caverns2prc,925,7331.6,379.723,373.823,347,322,16,forward
ca_caverns2prc,926,7513.4,380.421,375.421,339,326,16,forward
ca_caverns2prc,927,7058.4,387.037,374.309,351,324,16,forward
ca_caverns2prc,928,7386,394.421,372.936,353,341,16,forward
ca_caverns2prc,929,7315.6,388.35,375.693,349,346,16,forward
ca_caverns2prc,930,7778.8,389.137,376.995,356,341,16,forward
ca_caverns2prc,931,6727.2,384.681,376.196,359,346,16,forward
ca_caverns2prc,932,6712.2,382.421,378.179,341,336,16,forward
ca_caverns2prc,933,7246.6,395.38,379.723,361,326,16,forward
ca_caverns2prc,934,7357.8,392.321,378.664,348,346,16,forward
ca_caverns2prc,935,6670.8,382.167,377.024,354,345,16,forward
ca_caverns2prc,936,7064,376.865,376.865,340,313,16,forward
ca_caverns2prc,937,7148.6,380.108,376.208,342,330,16,forward
ca_caverns2prc,938,6747,382.995,376.752,354,346,16,forward
ca_caverns2prc,939,12742.2,381.309,378.309,349,341,16,forward
ca_caverns2prc,940,7066.4,393.279,383.794,356,346,16,forward
ca_caverns2prc,941,7789.2,387.723,382.652,355,339,16,forward
ca_caverns2prc,942,7821.6,382.35,382.35,343,341,16,forward
ca_caverns2prc,943,6898.2,382.208,382.208,347,315,16,forward
ca_caverns2prc,944,7604,392.894,381.966,361,335,16,forward
ca_caverns2prc,945,6536.2,397.978,380.007,352,322,16,forward
ca_caverns2prc,946,7925,389.936,380.693,351,339,16,forward
ca_caverns2prc,947,6841.2,402.007,380.794,361,329,16,forward
ca_caverns2prc,948,7483.8,389.179,382.421,349,331,16,forward
ca_caverns2prc,949,7795.8,386.409,383.48,357,332,16,forward
ca_caverns2prc,950,6845.6,391.279,385.966,354,342,16,forward
ca_caverns2prc,951,6560.8,401.492,384.522,358,342,16,forward
ca_caverns2prc,952,7609.6,395.279,387.865,358,341,16,forward
ca_caverns2prc,953,7634.2,388.735,385.421,344,325,16,forward
ca_caverns2prc,954,6853.6,402.936,385.794,364,335,16,forward
ca_caverns2prc,955,7056.6,391.095,385.196,365,352,16,forward
ca_caverns2prc,956,7358.2,397.309,386.652,365,353,16,forward
ca_caverns2prc,957,7460.4,388.693,385.693,351,345,16,forward
ca_caverns2prc,958,7856.4,387.563,387.563,342,335,16,forward
ca_caverns2prc,959,7288.8,392.622,386.38,357,342,16,forward
ca_caverns2prc,960,7754.4,393.723,389.894,361,341,16,forward
ca_caverns2prc,961,7711.4,405.38,391.38,371,342,16,forward
ca_caverns2prc,962,7645.4,389.321,389.321,345,341,16,forward
ca_caverns2prc,963,7268.6,389.208,389.208,354,323,16,forward
ca_caverns2prc,964,7524,392.563,389.049,347,334,16,forward
ca_caverns2prc,965,6870.8,395.279,389.38,358,346,16,forward
ca_caverns2prc,966,7203,390.693,390.693,353,318,16,forward
ca_caverns2prc,967,6706.4,399.978,390.978,354,341,16,forward
ca_caverns2prc,968,6464,400.907,389.593,357,342,16,forward
ca_caverns2prc,969,6542.4,395.806,388.149,349,336,16,forward
ca_caverns2prc,970,6583.2,412.321,395.35,368,352,16,forward
ca_caverns2prc,971,7548.4,398.693,392.622,361,351,16,forward
ca_caverns2prc,972,8101.4,393.066,393.066,362,355,16,forward
ca_caverns2prc,973,7049.6,402.522,392.522,364,350,16,forward
ca_caverns2prc,974,7710,400.48,394.823,369,349,16,forward
ca_caverns2prc,975,7810.8,392.652,392.066,362,359,16,forward
ca_caverns2prc,976,7177.6,409.865,395.966,373,341,16,forward
ca_caverns2prc,977,6863.8,409.007,393.35,368,340,16,forward
ca_caverns2prc,978,7715,399.593,394.907,359,334,16,forward
ca_caverns2prc,979,7418.2,400.421,392.806,359,330,16,forward
ca_caverns2prc,980,7087.2,417.35,397.208,378,349,16,forward
ca_caverns2prc,981,7866.2,410.309,397.652,378,365,16,forward
ca_caverns2prc,982,7795.6,413.693,397.794,376,371,16,forward
ca_caverns2prc,983,7223.2,398.723,397.309,366,355,16,forward
ca_caverns2prc,984,6826.8,398.137,397.551,365,355,16,forward
ca_caverns2prc,985,8032.6,409.752,396.095,382,388,16,forward
ca_caverns2prc,986,7604.8,398.936,398.936,360,329,16,forward
ca_caverns2prc,987,7585.2,401.693,397.794,364,351,16,forward
ca_caverns2prc,988,8000,399.551,399.551,366,363,16,forward
ca_caverns2prc,989,7169.8,399.907,397.078,356,347,16,forward
ca_caverns2prc,990,8220,411.25,402.007,369,355,16,forward
ca_caverns2prc,991,8093.8,411.208,402.966,376,357,16,forward
ca_caverns2prc,992,7404.4,420.563,403.735,375,360,16,forward
ca_caverns2prc,993,7979,413.563,403.321,368,344,16,forward
ca_caverns2prc,994,7826.4,401.12,400.291,351,338,16,forward
ca_caverns2prc,995,6894,430.848,401.563,377,349,16,forward
ca_caverns2prc,996,7914,408.723,403.723,376,361,16,forward
ca_caverns2prc,997,7878,426.321,402.522,382,357,16,forward
ca_caverns2prc,998,7920.6,403.622,403.622,368,356,16,forward
ca_caverns2prc,999,8069,422.622,402.966,387,369,16,forward
ca_caverns2prc,1000,7606.6,421.463,406.392,373,372,16,forward
ca_caverns2prc,1001,7610.8,407.279,406.279,370,349,16,forward
ca_caverns2prc,1002,8388.8,405.037,404.451,369,364,16,forward
ca_caverns2prc,1003,6730.2,423.706,407.22,374,359,16,forward
ca_caverns2prc,1004,8751,404.463,404.463,356,328,16,forward
ca_caverns2prc,1005,8309.8,408.723,406.723,376,369,16,forward
ca_caverns2prc,1006,7931.6,405.25,404.078,363,357,16,forward
ca_caverns2prc,1007,7997.6,420.978,404.836,375,359,16,forward
ca_caverns2prc,1008,7697.6,417.865,406.208,381,376,16,forward
ca_caverns2prc,1009,7690.4,408.149,405.078,363,355,16,forward
ca_caverns2prc,1010,7675.6,411.593,411.593,371,346,16,forward
ca_caverns2prc,1011,7243.2,410.38,409.551,376,358,16,forward
ca_caverns2prc,1012,7377.8,411.664,411.664,369,360,16,forward
ca_caverns2prc,1013,7942.2,422.664,411.563,380,364,16,forward
ca_caverns2prc,1014,7265,424.522,411.794,386,354,16,forward
ca_caverns2prc,1015,7332.8,418.451,411.137,382,369,16,forward
ca_caverns2prc,1016,7783.8,414.392,410.492,368,355,16,forward
ca_caverns2prc,1017,7520.6,411.622,411.622,376,373,16,forward
ca_caverns2prc,1018,7358.4,422.35,411.865,383,356,16,forward
ca_caverns2prc,1019,7665.8,409.037,409.037,373,361,16,forward
ca_caverns2prc,1020,8218.2,419.007,412.664,378,357,16,forward
ca_caverns2prc,1021,7974.6,414.066,414.066,383,374,16,forward
ca_caverns2prc,1022,7863.8,417.806,413.078,371,349,16,forward
ca_caverns2prc,1023,7636.8,441.534,415.907,391,359,16,forward
ca_caverns2prc,1024,7554.8,414.463,414.463,366,337,16,forward
ca_caverns2prc,1025,7498.8,417.108,414.622,379,368,16,forward
ca_caverns2prc,1026,7429.2,430.007,412.693,389,361,16,forward
ca_caverns2prc,1027,7478.2,413.492,413.492,370,342,16,forward
ca_caverns2prc,1028,7712.4,415.764,415.179,376,353,16,forward
ca_caverns2prc,1029,7432.4,428.22,413.735,381,367,16,forward
ca_caverns2prc,1030,8093.6,428.049,416.291,380,355,16,forward
ca_caverns2prc,1031,8423,431.38,416.38,397,362,16,forward
ca_caverns2prc,1032,9134,427.948,419.12,377,356,16,forward
ca_caverns2prc,1033,7097.4,424.978,416.978,379,350,16,forward
ca_caverns2prc,1034,8400.6,437.593,419.522,397,386,16,forward
ca_caverns2prc,1035,8634.8,429.978,416.836,384,370,16,forward
ca_caverns2prc,1036,8162.4,421.865,419.037,385,374,16,forward
ca_caverns2prc,1037,8009.4,423.362,416.291,372,351,16,forward
ca_caverns2prc,1038,7548.2,419.291,419.291,370,341,16,forward
ca_caverns2prc,1039,8663.4,426.764,418.693,387,376,16,forward
ca_caverns2prc,1040,8351.4,432.836,420.007,391,372,16,forward
ca_caverns2prc,1041,7607.2,426.806,420.806,380,352,16,forward
ca_caverns2prc,1042,8318.2,442.706,422.22,393,376,16,forward
ca_caverns2prc,1043,7994,421.907,421.078,378,366,16,forward
ca_caverns2prc,1044,7897.8,421.664,421.078,379,358,16,forward
ca_caverns2prc,1045,8389.6,429.865,421.179,393,367,16,forward
ca_caverns2prc,1046,7289.8,425.22,422.22,378,370,16,forward
ca_caverns2prc,1047,8362.4,432.865,420.622,396,397,16,forward
ca_caverns2prc,1048,8589.2,424.421,423.836,383,377,16,forward
ca_caverns2prc,1049,8394.8,421.208,421.208,386,381,16,forward
ca_caverns2prc,1050,8164.4,428.434,427.262,375,360,16,forward
ca_caverns2prc,1051,8744.2,448.777,425.392,397,376,16,forward
ca_caverns2prc,1052,8074.6,428.049,427.463,380,352,16,forward
ca_caverns2prc,1053,8682,435.551,425.723,402,393,16,forward
ca_caverns2prc,1054,7858.8,440.948,424.563,390,369,16,forward
ca_caverns2prc,1055,8212.4,424.35,424.35,385,382,16,forward
ca_caverns2prc,1056,8899.4,439.836,427.836,398,379,16,forward
ca_caverns2prc,1057,8291.2,438.362,425.049,387,374,16,forward
ca_caverns2prc,1058,7570.6,446.948,427.291,396,386,16,forward
ca_caverns2prc,1059,8203.2,437.836,425.179,396,375,16,forward
ca_caverns2prc,1060,8121.6,431.664,430.007,389,383,16,forward
ca_caverns2prc,1061,8389.4,435.735,431.635,391,366,16,forward
ca_caverns2prc,1062,8454.8,440.25,428.35,398,385,16,forward
ca_caverns2prc,1063,8035.4,429.806,429.806,383,355,16,forward
ca_caverns2prc,1064,8726.2,442.451,428.451,406,371,16,forward
ca_caverns2prc,1065,8256.2,445.622,431.966,410,392,16,forward
ca_caverns2prc,1066,8544.4,430.948,429.777,380,360,16,forward
ca_caverns2prc,1067,8619.8,434.037,431.208,398,386,16,forward
ca_caverns2prc,1068,8801.4,454.09,430.706,399,379,16,forward
ca_caverns2prc,1069,7938.2,430.22,429.635,383,371,16,forward
ca_caverns2prc,1070,8127.8,434.108,434.108,396,363,16,forward
ca_caverns2prc,1071,8573,438.723,433.894,406,396,16,forward
ca_caverns2prc,1072,8109,440.38,435.551,406,376,16,forward
ca_caverns2prc,1073,8174,438.291,434.291,389,363,16,forward
ca_caverns2prc,1074,7948.8,452.563,433.735,407,395,16,forward
ca_caverns2prc,1075,8129.8,442.25,433.451,400,378,16,forward
ca_caverns2prc,1076,8420.4,433.309,433.309,401,398,16,forward
ca_caverns2prc,1077,8829.4,438.108,434.693,400,387,16,forward
ca_caverns2prc,1078,8184,432.522,432.522,394,359,16,forward
ca_caverns2prc,1079,8536.8,434.635,434.635,387,375,16,forward
ca_caverns2prc,1080,8066.6,437.735,436.563,393,373,16,forward
ca_caverns2prc,1081,7904.8,442.279,438.622,405,396,16,forward
ca_caverns2prc,1082,8344.2,442.149,439.078,397,369,16,forward
ca_caverns2prc,1083,7758.8,447.12,437.12,397,383,16,forward
ca_caverns2prc,1084,8402.4,439.622,436.137,404,395,16,forward
ca_caverns2prc,1085,8804.2,464.191,437.534,412,397,16,forward
ca_caverns2prc,1086,8210.4,436.948,436.948,386,357,16,forward
ca_caverns2prc,1087,8146,448.622,439.794,413,403,16,forward
ca_caverns2prc,1088,8265.8,442.978,437.563,397,374,16,forward
ca_caverns2prc,1089,8228,438.149,436.978,393,376,16,forward
ca_caverns2prc,1090,8367,442.865,442.865,406,390,16,forward
ca_caverns2prc,1091,8619.2,450.948,442.505,400,370,16,forward
ca_caverns2prc,1092,8138,442.978,442.978,397,378,16,forward
ca_caverns2prc,1093,8223,450.291,443.291,401,392,16,forward
ca_caverns2prc,1094,7537.6,453.706,443.806,404,390,16,forward
ca_caverns2prc,1095,8188,449.948,442.09,399,372,16,forward
ca_caverns2prc,1096,8866.4,460.451,443.451,424,405,16,forward
ca_caverns2prc,1097,8040.4,442.593,440.108,402,390,16,forward
ca_caverns2prc,1098,8749.6,456.877,443.463,408,382,16,forward
ca_caverns2prc,1099,7840.2,451.179,441.522,411,400,16,forward
ca_caverns2prc,1100,8339.6,446.451,445.037,410,398,16,forward
ca_caverns2prc,1101,7811.6,464.434,446.22,411,388,16,forward
ca_caverns2prc,1102,7893.6,447.764,446.936,408,403,16,forward
ca_caverns2prc,1103,8856.2,467.848,447.291,414,392,16,forward
ca_caverns2prc,1104,8708.6,445.208,445.208,410,399,16,forward
ca_caverns2prc,1105,8212.6,447.35,447.35,408,394,16,forward
ca_caverns2prc,1106,7461.4,445.635,445.635,398,395,16,forward
ca_caverns2prc,1107,8758.2,462.764,447.936,423,371,16,forward
ca_caverns2prc,1108,9040.4,458.907,445.321,415,392,16,forward
ca_caverns2prc,1109,9021.4,459.078,447.25,416,394,16,forward
ca_caverns2prc,1110,8814.2,453.764,451.279,414,385,16,forward
ca_caverns2prc,1111,9075.4,459.647,449.161,400,383,16,forward
ca_caverns2prc,1112,8045.6,457.576,449.747,400,381,16,forward
ca_caverns2prc,1113,7430.2,454.262,449.434,400,380,16,forward
ca_caverns2prc,1114,7526.6,470.475,449.676,410,388,16,forward
ca_caverns2prc,1115,8100.6,464.291,450.392,415,412,16,forward
ca_caverns2prc,1116,7961.6,453.362,450.362,402,378,16,forward
ca_caverns2prc,1117,9114.4,458.966,451.622,425,405,16,forward
ca_caverns2prc,1118,8705,453.907,448.907,410,385,16,forward
ca_caverns2prc,1119,8666,448.806,448.806,402,381,16,forward
ca_caverns2prc,1120,8472.4,459.451,455.208,423,413,16,forward
ca_caverns2prc,1121,8820.8,459.534,453.12,409,399,16,forward
ca_caverns2prc,1122,8982.8,465.723,454.894,433,422,16,forward
ca_caverns2prc,1123,9247.4,468.09,455.676,413,404,16,forward
ca_caverns2prc,1124,8498.8,462.037,455.037,426,429,16,forward
ca_caverns2prc,1125,8549,462.936,452.451,424,410,16,forward
ca_caverns2prc,1126,8303,458.279,454.764,421,411,16,forward
ca_caverns2prc,1127,7775,455.362,452.362,404,393,16,forward
ca_caverns2prc,1128,8779.8,463.007,452.522,422,405,16,forward
ca_caverns2prc,1129,8042.2,452.108,452.108,414,410,16,forward
ca_caverns2prc,1130,8498,460.593,456.693,420,407,16,forward
ca_caverns2prc,1131,9470.4,471.404,457.919,413,408,16,forward
ca_caverns2prc,1132,9014.6,457.321,456.735,413,383,16,forward
ca_caverns2prc,1133,8774,462.049,456.877,414,405,16,forward
ca_caverns2prc,1134,8057,464.806,459.392,418,411,16,forward
ca_caverns2prc,1135,7840.4,457.291,457.291,408,396,16,forward
ca_caverns2prc,1136,9151.2,471.948,459.463,421,397,16,forward
ca_caverns2prc,1137,9360,464.007,458.492,423,399,16,forward
ca_caverns2prc,1138,8257,462.836,457.421,421,412,16,forward
ca_caverns2prc,1139,8352.4,463.208,458.037,428,417,16,forward
ca_caverns2prc,1140,8832.6,462.019,461.191,409,397,16,forward
ca_caverns2prc,1141,9251.2,478.25,463.764,436,420,16,forward
ca_caverns2prc,1142,8181,466.019,460.12,413,400,16,forward
ca_caverns2prc,1143,8785,473.777,462.262,422,399,16,forward
ca_caverns2prc,1144,8101.2,466.907,462.664,423,410,16,forward
ca_caverns2prc,1145,8841.8,478.848,460.706,425,399,16,forward
ca_caverns2prc,1146,8506.6,463.12,462.291,413,397,16,forward
ca_caverns2prc,1147,8892.4,461.747,461.747,405,385,16,forward
ca_caverns2prc,1148,9149,472.966,463.894,439,424,16,forward
ca_caverns2prc,1149,8691.4,465.794,461.794,431,420,16,forward
ca_caverns2prc,1150,9000.6,467.848,467.019,414,386,16,forward
ca_caverns2prc,1151,9095.8,469.38,464.551,435,424,16,forward
ca_caverns2prc,1152,9052,468.25,465.421,426,403,16,forward
ca_caverns2prc,1153,8199,476.919,466.019,421,401,16,forward
ca_caverns2prc,1154,8680.2,472.706,467.635,423,413,16,forward
ca_caverns2prc,1155,9592,467.492,464.179,424,405,16,forward
ca_caverns2prc,1156,8585.4,471.362,467.12,420,411,16,forward
ca_caverns2prc,1157,9245,477.35,464.593,438,424,16,forward
ca_caverns2prc,1158,9100.2,467.061,467.061,407,388,16,forward
ca_caverns2prc,1159,9337,485.25,466.764,443,434,16,forward
ca_caverns2prc,1160,8118.8,472.291,470.291,423,413,16,forward
ca_caverns2prc,1161,8636.8,475.848,468.392,422,391,16,forward
ca_caverns2prc,1162,9425.8,486.676,471.676,432,424,16,forward
ca_caverns2prc,1163,9412.4,492.889,468.262,432,409,16,forward
ca_caverns2prc,1164,9679.4,472.593,469.664,432,408,16,forward
ca_caverns2prc,1165,9388.2,475.693,470.037,438,422,16,forward
ca_caverns2prc,1166,9089.2,470.049,469.22,422,405,16,forward
ca_caverns2prc,1167,8922.8,473.304,469.647,412,392,16,forward
ca_caverns2prc,1168,9305.8,477.421,470.421,436,422,16,forward
ca_caverns2prc,1169,9431.6,486.019,469.362,433,423,16,forward
ca_caverns2prc,1170,9164,480.208,475.966,445,432,16,forward
ca_caverns2prc,1171,8801.2,472.919,472.919,417,387,16,forward
ca_caverns2prc,1172,8612.8,483.534,474.291,433,433,16,forward
ca_caverns2prc,1173,8547.8,474.362,472.706,423,393,16,forward
ca_caverns2prc,1174,9310.6,478.362,474.706,427,407,16,forward
ca_caverns2prc,1175,9464,481.693,474.622,444,427,16,forward
ca_caverns2prc,1176,9170.2,494.818,472.605,436,416,16,forward
ca_caverns2prc,1177,8701.2,472.534,472.534,422,395,16,forward
ca_caverns2prc,1178,8293.6,482.706,473.291,433,422,16,forward
ca_caverns2prc,1179,8824,476.191,475.605,424,392,16,forward
ca_caverns2prc,1180,8529,476.676,476.676,422,390,16,forward
ca_caverns2prc,1181,9095,486.777,477.534,435,427,16,forward
ca_caverns2prc,1182,9236,497.99,477.434,440,418,16,forward
ca_caverns2prc,1183,9476.8,485.108,477.693,447,433,16,forward
ca_caverns2prc,1184,9865.8,488.25,479.078,446,426,16,forward
ca_caverns2prc,1185,9280.6,492.735,477.25,448,394,16,forward
ca_caverns2prc,1186,9412.4,479.463,477.22,431,422,16,forward
ca_caverns2prc,1187,9405.6,476.806,476.806,430,419,16,forward
ca_caverns2prc,1188,9020.6,477.007,477.007,436,414,16,forward
ca_caverns2prc,1189,8698,483.321,478.836,439,424,16,forward
ca_caverns2prc,1190,8383.6,488.463,483.635,440,429,16,forward
ca_caverns2prc,1191,8669.2,486.593,482.492,446,436,16,forward
ca_caverns2prc,1192,8732.2,482.978,482.978,437,426,16,forward
ca_caverns2prc,1193,8527.4,486.321,483.836,442,409,16,forward
ca_caverns2prc,1194,9065.8,486.563,481.735,441,389,16,forward
ca_caverns2prc,1195,9745.4,490.078,483.664,447,436,16,forward
ca_caverns2prc,1196,8616.2,480.563,480.563,435,408,16,forward
ca_caverns2prc,1197,9478.6,497.563,483.563,452,434,16,forward
ca_caverns2prc,1198,9535.8,483.22,482.635,436,427,16,forward
ca_caverns2prc,1199,8747,498.434,483.706,445,433,16,forward
ca_caverns2prc,1200,9515.6,488.534,484.877,438,423,16,forward
ca_caverns2prc,1201,8974.2,490.605,484.948,438,419,16,forward
ca_caverns2prc,1202,8942,491.291,486.22,442,427,16,forward
ca_caverns2prc,1203,9293.4,486.693,486.693,449,437,16,forward
ca_caverns2prc,1204,8272.6,485.321,485.321,441,432,16,forward
ca_caverns2prc,1205,8703.6,491.007,487.108,450,436,16,forward
ca_caverns2prc,1206,8313.6,494.262,484.605,440,429,16,forward
ca_caverns2prc,1207,8883,487.948,487.948,437,415,16,forward
ca_caverns2prc,1208,8494.8,510.375,485.747,447,420,16,forward
ca_caverns2prc,1209,8655.4,512.747,487.919,456,437,16,forward
ca_caverns2prc,1210,9232.6,493.718,490.061,432,410,16,forward
ca_caverns2prc,1211,9524.6,495.149,489.492,450,434,16,forward
ca_caverns2prc,1212,8849.8,493.664,488.593,451,436,16,forward
ca_caverns2prc,1213,8288.6,503.019,490.291,450,434,16,forward
ca_caverns2prc,1214,9596.6,497.392,491.534,451,423,16,forward
ca_caverns2prc,1215,8524.8,502.333,491.191,446,431,16,forward
ca_caverns2prc,1216,8836,490.191,490.191,438,404,16,forward
ca_caverns2prc,1217,9341.2,488.806,488.22,442,425,16,forward
ca_caverns2prc,1218,9296.6,495.161,488.534,438,407,16,forward
ca_caverns2prc,1219,8479.6,491.25,490.421,449,439,16,forward
ca_caverns2prc,1220,10148,512.505,493.262,457,444,16,forward
ca_caverns2prc,1221,9072.2,494.576,492.576,437,414,16,forward
ca_caverns2prc,1222,9159.2,495.877,492.806,447,437,16,forward
ca_caverns2prc,1223,8391.2,493.978,493.978,448,434,16,forward
ca_caverns2prc,1224,9415.4,492.919,492.09,437,427,16,forward
ca_caverns2prc,1225,9112.8,492.848,492.019,439,414,16,forward
ca_caverns2prc,1226,8227.2,496.434,492.434,443,433,16,forward
ca_caverns2prc,1227,9645.6,493.463,492.877,445,420,16,forward
ca_caverns2prc,1228,8940.4,493.877,493.291,445,420,16,forward
ca_caverns2prc,1229,9592,515.718,493.576,454,435,16,forward
ca_caverns2prc,1230,9729,506.664,498.078,464,444,16,forward
ca_caverns2prc,1231,8509,505.647,496.233,446,435,16,forward
ca_caverns2prc,1232,9203.4,496.09,496.09,441,430,16,forward
ca_caverns2prc,1233,8309.2,513.99,497.434,456,433,16,forward
ca_caverns2prc,1234,8875.6,501.421,497.321,460,450,16,forward
ca_caverns2prc,1235,9736.2,501.546,497.475,439,426,16,forward
ca_caverns2prc,1236,8879.4,511.936,498.764,473,455,16,forward
ca_caverns2prc,1237,8872.2,501.078,497.179,458,443,16,forward
ca_caverns2prc,1238,9021.2,498.12,497.534,448,421,16,forward
ca_caverns2prc,1239,9839.8,510.291,496.049,461,447,16,forward
ca_caverns2prc,1240,10012.4,511.463,501.635,463,448,16,forward
ca_caverns2prc,1241,8897.6,508.375,503.375,445,426,16,forward
ca_caverns2prc,1242,9742.2,503.421,503.421,462,450,16,forward
ca_caverns2prc,1243,9431.4,507.421,503.522,466,450,16,forward
ca_caverns2prc,1244,8814.6,506.392,503.563,460,453,16,forward
ca_caverns2prc,1245,8384,501.764,500.936,462,450,16,forward
ca_caverns2prc,1246,8997.8,504.049,503.463,456,426,16,forward
ca_caverns2prc,1247,10385.8,502.492,502.492,459,455,16,forward
ca_caverns2prc,1248,9549.2,507.321,502.25,463,449,16,forward
ca_caverns2prc,1249,8408.6,505.836,500.108,464,453,16,forward
ca_caverns2prc,1250,8545.2,508.291,507.463,459,451,16,forward
ca_caverns2prc,1251,9204.6,514.617,505.617,450,433,16,forward
ca_caverns2prc,1252,9554.6,511.563,507.664,466,450,16,forward
ca_caverns2prc,1253,9891.8,518.049,505.049,470,452,16,forward
ca_caverns2prc,1254,9980.2,507.179,504.593,467,460,16,forward
ca_caverns2prc,1255,10060.8,512.99,507.333,455,442,16,forward
ca_caverns2prc,1256,9543.2,504.492,504.492,461,426,16,forward
ca_caverns2prc,1257,9156,530.161,505.676,473,459,16,forward
ca_caverns2prc,1258,9618.4,506.676,506.09,452,423,16,forward
ca_caverns2prc,1259,9502,506.362,505.534,455,439,16,forward
ca_caverns2prc,1260,9825.6,508.978,508.978,463,452,16,forward
ca_caverns2prc,1261,9441.2,510.161,510.161,453,429,16,forward
ca_caverns2prc,1262,9681,519.191,511.777,467,447,16,forward
ca_caverns2prc,1263,10087.2,523.877,510.22,475,459,16,forward
ca_caverns2prc,1264,9891.6,510.149,510.149,465,441,16,forward
ca_caverns2prc,1265,10158.2,520.375,509.061,457,437,16,forward
ca_caverns2prc,1266,9436.2,509.777,509.777,458,429,16,forward
ca_caverns2prc,1267,9736.4,511.25,510.421,469,439,16,forward
ca_caverns2prc,1268,10106.8,520.617,509.96,456,440,16,forward
ca_caverns2prc,1269,9646.6,510.22,510.22,463,428,16,forward
ca_caverns2prc,1270,9810.8,518.291,513.463,469,449,16,forward
ca_caverns2prc,1271,9461.2,513.291,512.463,464,444,16,forward
ca_caverns2prc,1272,9411.8,515.362,515.362,464,440,16,forward
ca_caverns2prc,1273,9752.2,512.149,512.149,467,447,16,forward
ca_caverns2prc,1274,9057.2,529.931,513.789,462,438,16,forward
ca_caverns2prc,1275,9649.4,513.806,513.22,467,458,16,forward
ca_caverns2prc,1276,9744,527.848,515.09,474,469,16,forward
ca_caverns2prc,1277,9881.4,521.706,515.049,472,456,16,forward
ca_caverns2prc,1278,9805.8,512.647,512.647,453,426,16,forward
ca_caverns2prc,1279,9821.4,515.806,515.806,469,438,16,forward
ca_caverns2prc,1280,9481.6,518.12,518.12,468,441,16,forward
ca_caverns2prc,1281,10275.4,541.563,519.563,496,478,16,forward
ca_caverns2prc,1282,9606.6,530.019,516.434,477,460,16,forward
ca_caverns2prc,1283,9539.4,520.676,516.534,466,433,16,forward
ca_caverns2prc,1284,9424.6,516.262,516.262,462,431,16,forward
ca_caverns2prc,1285,9456.4,532.103,518.446,465,462,16,forward
ca_caverns2prc,1286,9492.6,518.948,518.12,468,444,16,forward
ca_caverns2prc,1287,9335,534.99,519.333,477,472,16,forward
ca_caverns2prc,1288,9629.6,518.718,516.475,457,434,16,forward
ca_caverns2prc,1289,10006.8,522.362,519.291,471,461,16,forward
ca_caverns2prc,1290,9717,526.12,523.12,476,441,16,forward
ca_caverns2prc,1291,9607.6,523.262,523.262,469,437,16,forward
ca_caverns2prc,1292,10109.8,539.948,523.463,489,479,16,forward
ca_caverns2prc,1293,9740.6,534.12,523.777,484,459,16,forward
ca_caverns2prc,1294,10521.6,544.174,522.203,475,460,16,forward
ca_caverns2prc,1295,9794.2,527.262,521.505,473,463,16,forward
ca_caverns2prc,1296,9972.4,523.919,523.919,468,435,16,forward
ca_caverns2prc,1297,9426,521.019,520.191,468,437,16,forward
ca_caverns2prc,1298,9728.8,532.291,520.806,483,445,16,forward
ca_caverns2prc,1299,9790,525.12,521.22,475,465,16,forward
ca_caverns2prc,1300,10317.6,539.161,526.676,482,465,16,forward
ca_caverns2prc,1301,9407.8,529.203,526.375,465,453,16,forward
ca_caverns2prc,1302,9697,539.434,527.948,486,432,16,forward
ca_caverns2prc,1303,10167,535.262,525.262,481,462,16,forward
ca_caverns2prc,1304,10360.6,525.291,525.291,476,446,16,forward
ca_caverns2prc,1305,10272.6,529.032,525.96,464,435,16,forward
ca_caverns2prc,1306,10041.2,526.333,526.333,470,442,16,forward
ca_caverns2prc,1307,9622,526.718,526.132,465,441,16,forward
ca_caverns2prc,1308,9664.4,526.605,526.605,474,442,16,forward
ca_caverns2prc,1309,10167.6,537.635,525.978,490,477,16,forward
ca_caverns2prc,1310,9823.4,529.191,528.605,477,453,16,forward
ca_caverns2prc,1311,9365,537.818,529.576,479,472,16,forward
ca_caverns2prc,1312,9902,538.534,531.706,488,474,16,forward
ca_caverns2prc,1313,10171.4,535.12,529.948,485,476,16,forward
ca_caverns2prc,1314,10222.4,535.534,531.291,485,476,16,forward
ca_caverns2prc,1315,9643.8,532.09,529.262,477,465,16,forward
ca_caverns2prc,1316,9749.2,538.517,528.617,471,457,16,forward
ca_caverns2prc,1317,10126.2,541.534,530.049,491,474,16,forward
ca_caverns2prc,1318,11001.4,529.534,529.534,479,453,16,forward
ca_caverns2prc,1319,10841.8,551.345,528.688,483,468,16,forward
ca_caverns2prc,1320,10351.8,538.333,534.434,482,468,16,forward
ca_caverns2prc,1321,10276,535.191,535.191,483,454,16,forward
ca_caverns2prc,1322,9905.6,534.434,532.191,481,461,16,forward
ca_caverns2prc,1323,8955.8,547.86,535.546,482,468,16,forward
ca_caverns2prc,1324,9798,534.505,534.505,479,477,16,forward
ca_caverns2prc,1325,10565.4,537.848,533.948,484,469,16,forward
ca_caverns2prc,1326,9334.4,546.759,535.617,478,463,16,forward
ca_caverns2prc,1327,10106.6,540.362,535.291,489,470,16,forward
ca_caverns2prc,1328,10079.4,541.203,534.032,477,452,16,forward
ca_caverns2prc,1329,9867.8,537.191,535.534,485,456,16,forward
ca_caverns2prc,1330,9272.6,559.931,538.96,492,475,16,forward
ca_caverns2prc,1331,9854.2,536.676,536.676,482,470,16,forward
ca_caverns2prc,1332,10463.6,541.948,538.049,491,476,16,forward
ca_caverns2prc,1333,10000.2,536.676,536.676,482,447,16,forward
ca_caverns2prc,1334,9914.2,541.534,536.463,491,474,16,forward
ca_caverns2prc,1335,9583,563.387,536.931,488,461,16,forward
ca_caverns2prc,1336,10463.8,552.291,538.291,503,452,16,forward
ca_caverns2prc,1337,9975,538.019,537.434,485,461,16,forward
ca_caverns2prc,1338,10098.2,536.362,536.362,485,467,16,forward
ca_caverns2prc,1339,10549.6,551.706,536.463,502,494,16,forward
ca_caverns2prc,1340,10868.6,544.434,543.848,491,461,16,forward
ca_caverns2prc,1341,10265.8,550.22,542.806,503,486,16,forward
ca_caverns2prc,1342,10755.2,545.333,542.262,489,466,16,forward
ca_caverns2prc,1343,10276.8,546.706,541.049,497,479,16,forward
ca_caverns2prc,1344,10672.8,551.789,542.718,488,484,16,forward
ca_caverns2prc,1345,9958,544.534,542.777,494,488,16,forward
ca_caverns2prc,1346,10873.8,546.747,543.919,490,471,16,forward
ca_caverns2prc,1347,9412.2,549.262,543.534,495,486,16,forward
ca_caverns2prc,1348,10639.8,541.617,541.032,477,447,16,forward
ca_caverns2prc,1349,10292.4,546.588,542.931,477,454,16,forward
ca_caverns2prc,1350,10786.4,550.563,545.291,505,479,16,forward
ca_caverns2prc,1351,10680.2,550.103,545.274,483,472,16,forward
ca_caverns2prc,1352,10061.6,548.245,545.416,477,461,16,forward
ca_caverns2prc,1353,10377,545.605,544.191,493,464,16,forward
ca_caverns2prc,1354,9183.6,549.505,544.605,494,488,16,forward
ca_caverns2prc,1355,10680.8,550.463,547.635,502,481,16,forward
ca_caverns2prc,1356,10557.4,548.635,545.12,501,474,16,forward
ca_caverns2prc,1357,9995.4,553.99,545.919,496,494,16,forward
ca_caverns2prc,1358,9397.4,544.174,544.174,475,466,16,forward
ca_caverns2prc,1359,10686.8,553.463,547.463,505,507,16,forward
ca_caverns2prc,1360,10406.4,548.818,548.818,490,474,16,forward
ca_caverns2prc,1361,10341.2,560.12,550.049,510,503,16,forward
ca_caverns2prc,1362,10688,562.848,549.191,509,472,16,forward
ca_caverns2prc,1363,10268,548.99,548.99,491,467,16,forward
ca_caverns2prc,1364,9597,552.404,550.99,494,491,16,forward
ca_caverns2prc,1365,10779.8,551.588,550.416,482,464,16,forward
ca_caverns2prc,1366,10971.4,549.818,549.818,491,462,16,forward
ca_caverns2prc,1367,10648.8,562.12,549.706,512,501,16,forward
ca_caverns2prc,1368,9833.4,555.262,551.161,501,491,16,forward
ca_caverns2prc,1369,10000.8,553.818,550.99,495,482,16,forward
ca_caverns2prc,1370,10738,559.12,554.463,509,500,16,forward
ca_caverns2prc,1371,10619.6,566.019,552.362,513,476,16,forward
ca_caverns2prc,1372,10184.6,557.103,553.103,490,479,16,forward
ca_caverns2prc,1373,10594,567.12,554.635,517,503,16,forward
ca_caverns2prc,1374,10211.4,558.09,552.191,503,490,16,forward
ca_caverns2prc,1375,10147.6,553.404,552.233,495,482,16,forward
ca_caverns2prc,1376,10859.4,568.475,555.647,508,489,16,forward
ca_caverns2prc,1377,10129,570.387,552.416,495,471,16,forward
ca_caverns2prc,1378,10650.6,554.777,554.777,503,486,16,forward
ca_caverns2prc,1379,10810.2,554.09,553.505,499,473,16,forward
ca_caverns2prc,1380,9262.4,557.676,557.676,503,484,16,forward
ca_caverns2prc,1381,9909.6,559.505,558.919,504,474,16,forward
ca_caverns2prc,1382,11192.4,573.635,559.392,526,517,16,forward
ca_caverns2prc,1383,10989.8,561.759,557.517,493,481,16,forward
ca_caverns2prc,1384,10844.8,566.12,557.948,516,499,16,forward
ca_caverns2prc,1385,9920.8,560.747,558.262,504,493,16,forward
ca_caverns2prc,1386,9656.2,563.647,559.061,504,493,16,forward
ca_caverns2prc,1387,10864.4,573.605,559.12,521,505,16,forward
ca_caverns2prc,1388,10993,562.889,559.233,502,487,16,forward
ca_caverns2prc,1389,11085.2,577.889,559.233,517,496,16,forward
ca_caverns2prc,1390,11311.2,570.534,562.534,520,498,16,forward
ca_caverns2prc,1391,11183.8,564.647,561.818,505,499,16,forward
ca_caverns2prc,1392,10654,566.706,562.877,517,505,16,forward
ca_caverns2prc,1393,10920.8,567.316,563.659,494,474,16,forward
ca_caverns2prc,1394,10751.2,562.362,560.12,511,502,16,forward
ca_caverns2prc,1395,10279.6,567.262,563.948,513,478,16,forward
ca_caverns2prc,1396,9925.2,560.576,560.576,503,487,16,forward
ca_caverns2prc,1397,10919.4,564.304,563.718,503,471,16,forward
ca_caverns2prc,1398,10457.8,563.434,560.12,510,478,16,forward
ca_caverns2prc,1399,10470.6,577.203,560.132,513,501,16,forward
ca_caverns2prc,1400,11585.8,574.505,566.161,519,494,16,forward
ca_caverns2prc,1401,10980.8,565.706,565.706,516,506,16,forward
ca_caverns2prc,1402,10913.2,581.777,567.777,530,516,16,forward
ca_caverns2prc,1403,10434.6,568.09,566.919,513,490,16,forward
ca_caverns2prc,1404,11030,566.505,565.919,511,486,16,forward
ca_caverns2prc,1405,10688.6,572.032,564.86,507,482,16,forward
ca_caverns2prc,1406,10982,572.877,564.877,524,509,16,forward
ca_caverns2prc,1407,11506.4,585.233,566.747,526,488,16,forward
ca_caverns2prc,1408,11487.2,573.487,567.831,501,484,16,forward
ca_caverns2prc,1409,10474.8,569.191,564.12,517,498,16,forward
ca_caverns2prc,1410,10860.4,576.877,568.877,528,477,16,forward
ca_caverns2prc,1411,10874.8,577.061,569.747,517,504,16,forward
ca_caverns2prc,1412,11383.2,578.191,571.362,526,504,16,forward
ca_caverns2prc,1413,11032.6,571.304,568.475,510,498,16,forward
ca_caverns2prc,1414,10795.2,571.676,568.362,517,498,16,forward
ca_caverns2prc,1415,10872.4,572.375,571.789,509,484,16,forward
ca_caverns2prc,1416,10661.2,573.049,571.049,525,474,16,forward
ca_caverns2prc,1417,10737.6,574.12,570.22,524,511,16,forward
ca_caverns2prc,1418,10596.2,568.475,568.475,508,479,16,forward
ca_caverns2prc,1419,10201.2,574.161,570.061,517,507,16,forward
ca_caverns2prc,1420,11177.6,586.676,572.191,532,518,16,forward
ca_caverns2prc,1421,11649,586.103,575.617,519,502,16,forward
ca_caverns2prc,1422,10448.6,573.233,573.233,514,502,16,forward
ca_caverns2prc,1423,11323.8,579.262,574.291,525,493,16,forward
ca_caverns2prc,1424,10914.8,578.032,575.789,513,490,16,forward
ca_caverns2prc,1425,11387.2,589.049,573.806,541,533,16,forward
ca_caverns2prc,1426,11265.6,574.688,573.688,508,488,16,forward
ca_caverns2prc,1427,10992,589.061,574.061,529,494,16,forward
ca_caverns2prc,1428,11406.2,591.233,575.747,532,494,16,forward
ca_caverns2prc,1429,11275.4,595.434,572.605,542,524,16,forward
ca_caverns2prc,1430,10749,584.718,577.818,523,511,16,forward
ca_caverns2prc,1431,11366.6,577.877,577.877,529,522,16,forward
ca_caverns2prc,1432,10577.2,580.09,577.605,525,491,16,forward
ca_caverns2prc,1433,10325.8,576.475,576.475,516,502,16,forward
ca_caverns2prc,1434,11318,582.605,578.706,530,512,16,forward
ca_caverns2prc,1435,10763.6,582.948,578.706,532,517,16,forward
ca_caverns2prc,1436,11352.8,590.291,577.806,541,526,16,forward
ca_caverns2prc,1437,10608.4,579.801,578.387,504,486,16,forward
ca_caverns2prc,1438,11605.6,578.718,576.718,517,498,16,forward
ca_caverns2prc,1439,11638.8,584.889,578.233,524,501,16,forward
ca_caverns2prc,1440,11244.6,591.588,583.759,522,508,16,forward
ca_caverns2prc,1441,11457.6,594.12,583.463,544,531,16,forward
ca_caverns2prc,1442,11035.6,583.759,580.931,515,497,16,forward
ca_caverns2prc,1443,11199,601.517,582.688,534,516,16,forward
ca_caverns2prc,1444,10723,580.191,580.191,528,499,16,forward
ca_caverns2prc,1445,11187.8,581.747,581.747,525,511,16,forward
ca_caverns2prc,1446,10882.4,585.291,583.049,536,527,16,forward
ca_caverns2prc,1447,10568,581.605,581.605,529,497,16,forward
ca_caverns2prc,1448,10747.4,581.12,580.291,531,521,16,forward
ca_caverns2prc,1449,11332.8,582.132,580.132,520,500,16,forward
ca_caverns2prc,1450,11160.2,593.877,587.049,545,533,16,forward
ca_caverns2prc,1451,11314,587.032,585.617,522,503,16,forward
ca_caverns2prc,1452,11241.2,588.362,586.706,537,522,16,forward
ca_caverns2prc,1453,11271.4,586.617,586.032,522,492,16,forward
ca_caverns2prc,1454,10972.2,587.948,586.291,537,523,16,forward
ca_caverns2prc,1455,10639.4,585.848,585.848,532,502,16,forward
ca_caverns2prc,1456,10779.2,588.505,587.919,533,510,16,forward
ca_caverns2prc,1457,10340.2,587.588,586.174,518,510,16,forward
ca_caverns2prc,1458,10577.8,587.848,587.848,534,500,16,forward
ca_caverns2prc,1459,11039.2,587.103,585.103,520,500,16,forward
ca_caverns2prc,1460,11238.2,601.446,590.96,536,514,16,forward
ca_caverns2prc,1461,11359.8,605.487,589.831,533,528,16,forward
ca_caverns2prc,1462,11159,594.931,590.103,527,503,16,forward
ca_caverns2prc,1463,11421,615.002,591.274,545,527,16,forward
ca_caverns2prc,1464,11720.4,600.86,588.375,535,513,16,forward
ca_caverns2prc,1465,11146.8,594.375,589.132,531,515,16,forward
ca_caverns2prc,1466,10478.6,611.316,589.174,538,526,16,forward
ca_caverns2prc,1467,10512.2,597.245,591.002,526,517,16,forward
ca_caverns2prc,1468,10350,595.517,590.517,528,515,16,forward
ca_caverns2prc,1469,11533.2,597.86,590.86,532,513,16,forward
ca_caverns2prc,1470,11651,601.191,594.12,549,531,16,forward
ca_caverns2prc,1471,11194.8,601.291,595.049,552,536,16,forward
ca_caverns2prc,1472,10902.6,595.434,594.019,542,527,16,forward
ca_caverns2prc,1473,10665.2,592.262,592.262,538,499,16,forward
ca_caverns2prc,1474,10991,593.333,593.333,537,513,16,forward
ca_caverns2prc,1475,11599.8,608.203,594.375,544,522,16,forward
ca_caverns2prc,1476,11324.4,595.174,594.002,526,513,16,forward
ca_caverns2prc,1477,11078.4,594.061,594.061,534,513,16,forward
ca_caverns2prc,1478,11427.2,600.049,594.635,552,536,16,forward
ca_caverns2prc,1479,10894.8,598.019,593.877,545,515,16,forward
ca_caverns2prc,1480,11600.4,604.931,596.446,537,519,16,forward
ca_caverns2prc,1481,11066.4,599.99,599.99,542,515,16,forward
ca_caverns2prc,1482,11247.4,600.546,599.96,538,510,16,forward
ca_caverns2prc,1483,10969.8,600.505,597.191,545,511,16,forward
ca_caverns2prc,1484,11105.8,602.233,596.576,543,489,16,forward
ca_caverns2prc,1485,11010.2,608.174,599.174,539,524,16,forward
ca_caverns2prc,1486,11530.4,599.375,598.375,536,515,16,forward
ca_caverns2prc,1487,11313.2,602.818,597.99,544,492,16,forward
ca_caverns2prc,1488,11449.4,602.345,597.86,534,514,16,forward
ca_caverns2prc,1489,11225.4,599.747,599.747,543,509,16,forward
ca_caverns2prc,1490,11254.2,605.517,601.86,538,522,16,forward
ca_caverns2prc,1491,11692.8,617.304,602.818,556,540,16,forward
ca_caverns2prc,1492,11574.6,607.316,602.831,534,514,16,forward
ca_caverns2prc,1493,11434,607.818,601.99,549,519,16,forward
ca_caverns2prc,1494,11503,604.073,600.416,532,512,16,forward
ca_caverns2prc,1495,11667,603.517,603.517,536,516,16,forward
ca_caverns2prc,1496,11480.8,616.889,603.061,556,504,16,forward
ca_caverns2prc,1497,11797.6,616.416,601.103,546,526,16,forward
ca_caverns2prc,1498,11503,603.546,602.132,541,505,16,forward
ca_caverns2prc,1499,11355,612.103,600.446,545,521,16,forward
ca_caverns2prc,1500,11045.4,611.889,604.233,551,498,16,forward
ca_caverns2prc,1501,11517,611.233,607.475,552,529,16,forward
ca_caverns2prc,1502,11464.2,608.588,604.517,539,526,16,forward
ca_caverns2prc,1503,11377.6,624.345,605.86,556,518,16,forward
ca_caverns2prc,1504,11857,611.203,606.203,547,526,16,forward
ca_caverns2prc,1505,11766.8,614.588,605.517,545,526,16,forward
ca_caverns2prc,1506,11249.4,606.333,605.747,550,524,16,forward
ca_caverns2prc,1507,11599,612.345,607.517,544,524,16,forward
ca_caverns2prc,1508,11252.2,608.688,607.517,542,525,16,forward
ca_caverns2prc,1509,11100.8,610.759,605.103,542,526,16,forward
ca_caverns2prc,1510,11943.2,623.061,608.161,563,548,16,forward
ca_caverns2prc,1511,11570.2,609.931,609.103,542,523,16,forward
ca_caverns2prc,1512,11408.6,614.203,610.203,550,529,16,forward
ca_caverns2prc,1513,11324.4,611.747,611.747,555,530,16,forward
ca_caverns2prc,1514,11491.4,623.061,609.061,563,549,16,forward
ca_caverns2prc,1515,11291,609.304,608.718,548,524,16,forward
ca_caverns2prc,1516,11665.4,624.546,609.889,562,551,16,forward
ca_caverns2prc,1517,11336,613.617,608.203,549,523,16,forward
ca_caverns2prc,1518,11486.4,614.032,611.203,549,525,16,forward
ca_caverns2prc,1519,11498,616.588,611.174,547,538,16,forward
ca_caverns2prc,1520,11947.6,620.061,613.061,560,549,16,forward
ca_caverns2prc,1521,11997.4,621.718,613.889,560,545,16,forward
ca_caverns2prc,1522,12027.4,626.345,612.688,558,521,16,forward
ca_caverns2prc,1523,11309.2,618.659,614.416,547,534,16,forward
ca_caverns2prc,1524,11492,614.931,614.345,547,531,16,forward
ca_caverns2prc,1525,11869.4,613.759,613.759,545,527,16,forward
ca_caverns2prc,1526,11682.8,622.304,615.233,561,542,16,forward
ca_caverns2prc,1527,12110.4,616.416,613.345,546,539,16,forward
ca_caverns2prc,1528,12181.6,631.86,614.203,566,513,16,forward
ca_caverns2prc,1529,11506.6,624.032,614.617,559,532,16,forward
ca_caverns2prc,1530,11678.2,621.759,618.103,553,532,16,forward
ca_caverns2prc,1531,11972.6,618.659,618.659,547,530,16,forward
ca_caverns2prc,1532,11682.8,625.789,618.375,562,538,16,forward
ca_caverns2prc,1533,11756.4,634.546,619.647,572,557,16,forward
ca_caverns2prc,1534,11569.6,620.818,618.233,562,543,16,forward
ca_caverns2prc,1535,11650,628.889,619.475,568,557,16,forward
ca_caverns2prc,1536,11247.6,618.889,618.889,558,525,16,forward
ca_caverns2prc,1537,11469.6,627.96,619.475,565,548,16,forward
ca_caverns2prc,1538,12465.6,630.617,618.617,566,537,16,forward
ca_caverns2prc,1539,11382.2,618.818,618.818,560,531,16,forward
ca_caverns2prc,1540,11836.2,626.759,620.759,558,537,16,forward
ca_caverns2prc,1541,11619,624.931,622.931,557,538,16,forward
ca_caverns2prc,1542,11689.6,622.718,622.718,561,530,16,forward
ca_caverns2prc,1543,11859.8,628.546,622.475,566,540,16,forward
ca_caverns2prc,1544,11713.2,629.304,622.818,568,552,16,forward
ca_caverns2prc,1545,11696.4,630.789,622.446,567,541,16,forward
ca_caverns2prc,1546,11444,625.718,621.475,564,551,16,forward
ca_caverns2prc,1547,12171.6,636.345,622.517,568,516,16,forward
ca_caverns2prc,1548,11586.8,622.718,622.132,561,537,16,forward
ca_caverns2prc,1549,11722.2,621.404,621.404,563,534,16,forward
ca_caverns2prc,1550,11721,627.475,625.061,567,546,16,forward
ca_caverns2prc,1551,11513.2,629.475,625.233,569,556,16,forward
ca_caverns2prc,1552,12213.2,636.345,626.688,568,515,16,forward
ca_caverns2prc,1553,11566.8,625.546,624.96,563,536,16,forward
ca_caverns2prc,1554,11601,630.688,624.86,564,534,16,forward
ca_caverns2prc,1555,12432.6,649.203,627.546,585,568,16,forward
ca_caverns2prc,1556,12330.2,633.304,625.475,572,560,16,forward
ca_caverns2prc,1557,11627.8,628.818,627.061,570,549,16,forward
ca_caverns2prc,1558,11668.6,624.617,624.617,560,539,16,forward
ca_caverns2prc,1559,11793,630.86,624.617,565,543,16,forward
