map,scenid,tcost,distance,expect,steps,access,r,itype
dr_slavers,0,1651.4,5.65685,5.65685,4,4,0,backward
dr_slavers,1,942.2,5.41421,5.41421,5,1,0,backward
dr_slavers,2,1598,7.41421,7.41421,7,4,0,backward
dr_slavers,3,859.4,4.82843,4.82843,4,1,0,backward
dr_slavers,4,782.6,5.41421,5.41421,5,1,0,backward
dr_slavers,5,771.4,5.41421,5.41421,5,1,0,backward
dr_slavers,6,708.4,4,4,4,1,0,backward
dr_slavers,7,1099.8,6.41421,6.41421,6,2,0,backward
dr_slavers,8,847.4,5.82843,5.82843,5,1,0,backward
dr_slavers,9,667.2,6,6,6,1,0,backward
dr_slavers,10,1053.8,11.8995,11.8995,9,1,0,backward
dr_slavers,11,1030.8,9.82843,9.82843,9,1,0,backward
dr_slavers,12,1288,8.82843,8.82843,8,3,0,backward
dr_slavers,13,1279.8,11.8284,11.8284,11,1,0,backward
dr_slavers,14,1510.2,10.6569,10.6569,9,3,0,backward
dr_slavers,15,1109.4,11.4853,11.4853,9,1,0,backward
dr_slavers,16,835.6,8.41421,8.41421,8,1,0,backward
dr_slavers,17,950.6,9.41421,9.41421,9,1,0,backward
dr_slavers,18,723.4,8.41421,8.41421,8,1,0,backward
dr_slavers,19,1015.6,8.82843,8.82843,8,1,0,backward
dr_slavers,20,1363.4,12.4142,12.4142,12,3,0,backward
dr_slavers,21,1702.2,13.8995,13.8995,11,3,0,backward
dr_slavers,22,1189.2,13.4853,13.4853,11,1,0,backward
dr_slavers,23,1176.4,12.4142,12.4142,12,1,0,backward
dr_slavers,24,1095.8,12.8995,12.8995,10,1,0,backward
dr_slavers,25,1947.4,15.8284,15.8284,15,4,0,backward
dr_slavers,26,1530.8,15.0711,15.0711,13,5,0,backward
dr_slavers,27,1265.6,12.6569,12.6569,11,1,0,backward
dr_slavers,28,1595.2,12.3137,12.3137,9,2,0,backward
dr_slavers,29,1264,12.3137,12.3137,9,4,0,backward
dr_slavers,30,2211.2,19.1421,19.1421,15,6,0,backward
dr_slavers,31,1441.6,16.6569,16.6569,15,1,0,backward
dr_slavers,32,2381.2,19.5563,19.5563,15,7,0,backward
dr_slavers,33,1787.4,18.7279,18.7279,15,3,0,backward
dr_slavers,34,1304.2,19.5563,19.5563,15,1,0,backward
dr_slavers,35,1269,19.4142,19.4142,19,1,0,backward
dr_slavers,36,1991,17.8284,17.8284,17,4,0,backward
dr_slavers,37,2167.6,18.4142,18.4142,18,7,0,backward
dr_slavers,38,1670.8,17.1421,17.1421,13,3,0,backward
dr_slavers,39,1895,17.9706,17.9706,13,5,0,backward
dr_slavers,40,2027,20.799,20.799,15,5,0,backward
dr_slavers,41,1556.4,20.8995,20.8995,18,1,0,backward
dr_slavers,42,2584,22.1421,22.1421,18,7,0,backward
dr_slavers,43,1814,23.2132,23.2132,17,4,0,backward
dr_slavers,44,2563.2,23.3137,23.3137,20,7,0,backward
dr_slavers,45,1739,23.4142,23.4142,23,1,0,backward
dr_slavers,46,1881.8,21.8284,21.8284,21,1,0,backward
dr_slavers,47,1608.4,23.4853,23.4853,21,3,0,backward
dr_slavers,48,2972.6,23.1421,23.1421,19,9,0,backward
dr_slavers,49,2227.8,23.7279,23.7279,20,6,0,backward
dr_slavers,50,2732.6,27.4142,27.4142,27,7,0,backward
dr_slavers,51,2006,27.4853,27.4853,25,2,0,backward
dr_slavers,52,2186.4,26.4853,26.4853,24,6,0,backward
dr_slavers,53,2546.4,25.2132,25.2132,19,8,0,backward
dr_slavers,54,2585.4,27.1421,27.1421,23,9,0,backward
dr_slavers,55,2290.8,26.8995,26.8995,24,4,0,backward
dr_slavers,56,2085.2,27.2426,27.2426,26,6,0,backward
dr_slavers,57,1916,26.9706,26.9706,22,1,0,backward
dr_slavers,58,1805.4,27.4853,27.4853,25,3,0,backward
dr_slavers,59,1616.8,26.9706,26.9706,22,2,0,backward
dr_slavers,60,1853.4,28.8284,28.8284,28,1,0,backward
dr_slavers,61,2409,28.5563,28.5563,24,6,0,backward
dr_slavers,62,1712.2,31.3137,31.3137,28,1,0,backward
dr_slavers,63,2258,31.8995,31.8995,29,6,0,backward
dr_slavers,64,3458.4,29.0711,29.0711,27,12,0,backward
dr_slavers,65,2547.4,31.6274,31.6274,25,4,0,backward
dr_slavers,66,1799.6,28.4853,28.4853,26,3,0,backward
dr_slavers,67,2163.8,30.4142,30.4142,30,7,0,backward
dr_slavers,68,2389,30.7279,30.7279,27,6,0,backward
dr_slavers,69,1899.8,31.2426,31.2426,30,1,0,backward
dr_slavers,70,2343.2,35.8284,35.8284,35,6,0,backward
dr_slavers,71,3314.6,34.6274,34.6274,28,12,0,backward
dr_slavers,72,3469.8,33.4853,33.4853,31,17,0,backward
dr_slavers,73,2675,33.8284,33.8284,33,10,0,backward
dr_slavers,74,1927.4,32.4142,32.4142,32,1,0,backward
dr_slavers,75,1945.8,34.4558,34.4558,27,4,0,backward
dr_slavers,76,2373.4,32.8284,32.8284,32,5,0,backward
dr_slavers,77,2571.8,32.0416,32.0416,25,7,0,backward
dr_slavers,78,2698.4,32.8701,32.8701,25,10,0,backward
dr_slavers,79,2236.8,33.8995,33.8995,31,1,0,backward
dr_slavers,80,2481.4,38.4853,38.4853,36,6,0,backward
dr_slavers,81,3750.4,38.9706,38.9706,34,14,0,backward
dr_slavers,82,2663.8,37.3553,37.3553,27,5,0,backward
dr_slavers,83,3690.2,38.2426,38.2426,37,12,0,backward
dr_slavers,84,3360.4,37.8284,37.8284,37,3,0,backward
dr_slavers,85,3010.6,39.6274,39.6274,33,5,0,backward
dr_slavers,86,4194.2,39.0416,39.0416,32,16,0,backward
dr_slavers,87,3065.2,38.7279,38.7279,35,6,0,backward
dr_slavers,88,2154.2,36.5563,36.5563,32,2,0,backward
dr_slavers,89,3070.4,37.0711,37.0711,35,5,0,backward
dr_slavers,90,3229.2,41.2132,41.2132,35,10,0,backward
dr_slavers,91,2708.2,43.3137,43.3137,40,3,0,backward
dr_slavers,92,3551.4,42.8701,42.8701,35,11,0,backward
dr_slavers,93,4335.4,42.1421,42.1421,38,17,0,backward
dr_slavers,94,2684.6,42.4853,42.4853,40,1,0,backward
dr_slavers,95,2812.2,42.3137,42.3137,39,5,0,backward
dr_slavers,96,2600,40.7279,40.7279,37,5,0,backward
dr_slavers,97,2996,41.1127,41.1127,32,5,0,backward
dr_slavers,98,3229,41.3137,41.3137,38,3,0,backward
dr_slavers,99,2949.8,43.0416,43.0416,36,3,0,backward
dr_slavers,100,2574,45.7279,45.7279,42,4,0,backward
dr_slavers,101,2272.8,45.4853,45.4853,43,6,0,backward
dr_slavers,102,3339.2,45.1127,45.1127,36,14,0,backward
dr_slavers,103,3213.2,44.799,44.799,39,10,0,backward
dr_slavers,104,4135.6,46.3137,46.3137,43,17,0,backward
dr_slavers,105,3730.6,47.1838,47.1838,36,11,0,backward
dr_slavers,106,3954.4,46.8701,46.8701,39,17,0,backward
dr_slavers,107,3048.8,45.6569,45.6569,44,3,0,backward
dr_slavers,108,3021.2,45.3137,45.3137,42,1,0,backward
dr_slavers,109,2951.2,47.2548,47.2548,34,4,0,backward
dr_slavers,110,3934,51.6569,51.6569,50,4,0,backward
dr_slavers,111,1448.6,50.4142,50.4142,50,1,0,backward
dr_slavers,112,2798.8,48.7696,48.7696,38,5,0,backward
dr_slavers,113,2679.2,51.3137,51.3137,48,7,0,backward
dr_slavers,114,1465.6,50.4853,50.4853,48,4,0,backward
dr_slavers,115,3529.4,49.1421,49.1421,45,6,0,backward
dr_slavers,116,2480,50.5563,50.5563,46,7,0,backward
dr_slavers,117,3215.4,49.7279,49.7279,46,3,0,backward
dr_slavers,118,2598.6,50.7696,50.7696,40,6,0,backward
dr_slavers,119,2620,51.8995,51.8995,49,4,0,backward
dr_slavers,120,3217.8,52.8995,52.8995,50,11,0,backward
dr_slavers,121,3290.6,53.1421,53.1421,49,12,0,backward
dr_slavers,122,3867,52.2132,52.2132,46,21,0,backward
dr_slavers,123,4319.6,54.8284,54.8284,54,11,0,backward
dr_slavers,124,2934.4,52.8701,52.8701,45,5,0,backward
dr_slavers,125,3449.4,54.4558,54.4558,47,5,0,backward
dr_slavers,126,3979.8,55.7279,55.7279,52,3,0,backward
dr_slavers,127,3547.6,53.4975,53.4975,39,10,0,backward
dr_slavers,128,2899.2,55.3848,55.3848,50,10,0,backward
dr_slavers,129,3602.8,53.5563,53.5563,49,7,0,backward
dr_slavers,130,4370,59.8701,59.8701,52,15,0,backward
dr_slavers,131,6374.4,59.8995,59.8995,57,19,0,backward
dr_slavers,132,3378.2,56.7279,56.7279,53,4,0,backward
dr_slavers,133,4063,58.1127,58.1127,49,13,0,backward
dr_slavers,134,1494.6,56.4142,56.4142,56,2,0,backward
dr_slavers,135,4107.2,59.3553,59.3553,49,19,0,backward
dr_slavers,136,3033.8,58.0711,58.0711,56,8,0,backward
dr_slavers,137,4092.2,57.5269,57.5269,48,17,0,backward
dr_slavers,138,4956.8,59.9117,59.9117,45,19,0,backward
dr_slavers,139,4532,56.9117,56.9117,42,14,0,backward
dr_slavers,140,3856.2,61,61,61,17,0,backward
dr_slavers,141,4026,61.0711,61.0711,59,8,0,backward
dr_slavers,142,3450.6,60.3137,60.3137,57,9,0,backward
dr_slavers,143,3372,60.7696,60.7696,50,15,0,backward
dr_slavers,144,3389.2,63.8995,63.8995,61,14,0,backward
dr_slavers,145,3216.6,63.7279,63.7279,60,10,0,backward
dr_slavers,146,2914,63.2843,63.2843,55,8,0,backward
dr_slavers,147,2626.8,62.3137,62.3137,59,8,0,backward
dr_slavers,148,3794.8,62.7279,62.7279,59,7,0,backward
dr_slavers,149,3901.4,61.3137,61.3137,58,20,0,backward
dr_slavers,150,3479,64.0416,64.0416,57,7,0,backward
dr_slavers,151,4039.4,66.7696,66.7696,56,13,0,backward
dr_slavers,152,6522.4,67.4853,67.4853,65,22,0,backward
dr_slavers,153,3338.8,64.2132,64.2132,58,11,0,backward
dr_slavers,154,3725.2,67.6569,67.6569,66,2,0,backward
dr_slavers,155,4095.6,65.8284,65.8284,65,8,0,backward
dr_slavers,156,2962.8,64.8995,64.8995,62,11,0,backward
dr_slavers,157,3541,66.0416,66.0416,59,11,0,backward
dr_slavers,158,5000.2,66.0711,66.0711,64,21,0,backward
dr_slavers,159,4007.2,65.9411,65.9411,56,7,0,backward
dr_slavers,160,4865.2,69.0416,69.0416,62,20,0,backward
dr_slavers,161,2919.8,68.6569,68.6569,67,8,0,backward
dr_slavers,162,4233.8,69.4853,69.4853,67,17,0,backward
dr_slavers,163,3830.8,70.4853,70.4853,68,3,0,backward
dr_slavers,164,2840.2,68.3848,68.3848,63,9,0,backward
dr_slavers,165,6405.8,71.0711,71.0711,69,20,0,backward
dr_slavers,166,4674.4,69.2548,69.2548,56,13,0,backward
dr_slavers,167,3468,69.7279,69.7279,66,12,0,backward
dr_slavers,168,4294.4,71.5563,71.5563,67,7,0,backward
dr_slavers,169,3170.8,69.7279,69.7279,66,10,0,backward
dr_slavers,170,2355.2,72.4853,72.4853,70,7,0,backward
dr_slavers,171,4258.8,75.6569,75.6569,74,16,0,backward
dr_slavers,172,3844.6,72.2426,72.2426,71,13,0,backward
dr_slavers,173,4160.8,75.0711,75.0711,73,21,0,backward
dr_slavers,174,3111,74.1421,74.1421,70,13,0,backward
dr_slavers,175,3867.8,74.1838,74.1838,63,10,0,backward
dr_slavers,176,3642.8,72.8284,72.8284,72,14,0,backward
dr_slavers,177,4265.4,74.2843,74.2843,66,15,0,backward
dr_slavers,178,3427.2,74.0711,74.0711,72,10,0,backward
dr_slavers,179,4964.8,75.799,75.799,70,8,0,backward
dr_slavers,180,4561,79.4853,79.4853,77,16,0,backward
dr_slavers,181,4700.8,76.0416,76.0416,69,9,0,backward
dr_slavers,182,4470.6,79.8995,79.8995,77,10,0,backward
dr_slavers,183,3160.6,77.9706,77.9706,73,12,0,backward
dr_slavers,184,3845.4,76.0416,76.0416,69,7,0,backward
dr_slavers,185,4752.6,79.1421,79.1421,75,21,0,backward
dr_slavers,186,3523.8,77.0711,77.0711,75,5,0,backward
dr_slavers,187,4496.2,78.8995,78.8995,76,16,0,backward
dr_slavers,188,2598.2,78.6569,78.6569,77,5,0,backward
dr_slavers,189,4275.4,79.3137,79.3137,76,5,0,backward
dr_slavers,190,5078.8,83.7279,83.7279,80,11,0,backward
dr_slavers,191,3975.6,82.6569,82.6569,81,14,0,backward
dr_slavers,192,4071.2,82.8701,82.8701,75,11,0,backward
dr_slavers,193,5604.6,81.4142,81.4142,81,26,0,backward
dr_slavers,194,5378.6,83.1127,83.1127,74,10,0,backward
dr_slavers,195,4815.4,80.5563,80.5563,76,17,0,backward
dr_slavers,196,3605.8,83.6274,83.6274,77,5,0,backward
dr_slavers,197,4033.4,80.9706,80.9706,76,13,0,backward
dr_slavers,198,4715.8,80.2426,80.2426,79,15,0,backward
dr_slavers,199,5927.2,80.2132,80.2132,74,30,0,backward
dr_slavers,200,3672.2,86.9411,86.9411,77,13,0,backward
dr_slavers,201,3862,86.0711,86.0711,84,14,0,backward
dr_slavers,202,4344.8,85.0833,85.0833,71,14,0,backward
dr_slavers,203,5156.2,87.9706,87.9706,83,8,0,backward
dr_slavers,204,4051.4,85.3137,85.3137,82,7,0,backward
dr_slavers,205,4876.8,86.3553,86.3553,76,20,0,backward
dr_slavers,206,5503.8,85.799,85.799,80,28,0,backward
dr_slavers,207,3684.8,86.2132,86.2132,80,15,0,backward
dr_slavers,208,4708.6,85.799,85.799,80,22,0,backward
dr_slavers,209,4728,85.6274,85.6274,79,12,0,backward
dr_slavers,210,5399,88.4853,88.4853,86,26,0,backward
dr_slavers,211,3246.6,88.799,88.799,83,5,0,backward
dr_slavers,212,5079.2,88.8995,88.8995,86,23,0,backward
dr_slavers,213,4571.6,90.8995,90.8995,88,20,0,backward
dr_slavers,214,3834.4,91.6274,91.6274,85,9,0,backward
dr_slavers,215,3378,88.9706,88.9706,84,12,0,backward
dr_slavers,216,5737.8,88.8284,88.8284,88,17,0,backward
dr_slavers,217,4230.4,89.799,89.799,84,6,0,backward
dr_slavers,218,3424.2,88.2132,88.2132,82,10,0,backward
dr_slavers,219,5011,89.9706,89.9706,85,7,0,backward
dr_slavers,220,5766.8,95.3553,95.3553,85,14,0,backward
dr_slavers,221,5932,95.5563,95.5563,91,25,0,backward
dr_slavers,222,4309,94.9706,94.9706,90,12,0,backward
dr_slavers,223,4973.8,94.9411,94.9411,85,26,0,backward
dr_slavers,224,4331,95.799,95.799,90,16,0,backward
dr_slavers,225,3951.2,94.3553,94.3553,84,15,0,backward
dr_slavers,226,3740.4,95.1838,95.1838,84,14,0,backward
dr_slavers,227,4771.6,94.6985,94.6985,86,24,0,backward
dr_slavers,228,5135.4,92.3553,92.3553,82,17,0,backward
dr_slavers,229,5631,93.5563,93.5563,89,19,0,backward
dr_slavers,230,4210.2,99.5269,99.5269,90,14,0,backward
dr_slavers,231,4707.2,96.6274,96.6274,90,20,0,backward
dr_slavers,232,5303,98.4558,98.4558,91,7,0,backward
dr_slavers,233,4354.4,98.6274,98.6274,92,11,0,backward
dr_slavers,234,5264.8,99.6274,99.6274,93,30,0,backward
dr_slavers,235,5191.8,98.7279,98.7279,95,16,0,backward
dr_slavers,236,5741.4,96.0416,96.0416,89,6,0,backward
dr_slavers,237,5032.8,96.3848,96.3848,91,4,0,backward
dr_slavers,238,5285.4,98.8995,98.8995,96,29,0,backward
dr_slavers,239,5873.8,98.1421,98.1421,94,32,0,backward
dr_slavers,240,5679.4,102.627,102.627,96,8,0,backward
dr_slavers,241,6063.6,101.213,101.213,95,27,0,backward
dr_slavers,242,3984.6,103.284,103.284,95,11,0,backward
dr_slavers,243,4940.6,103.385,103.385,98,14,0,backward
dr_slavers,244,4857.6,100.385,100.385,95,13,0,backward
dr_slavers,245,5414.6,101.899,101.899,99,31,0,backward
dr_slavers,246,4050,102.87,102.87,95,17,0,backward
dr_slavers,247,4986,103.87,103.87,96,29,0,backward
dr_slavers,248,6852.4,101.154,101.154,85,32,0,backward
dr_slavers,249,4646.6,100.728,100.728,97,15,0,backward
dr_slavers,250,2893.2,107.385,107.385,102,3,0,backward
dr_slavers,251,4946.2,106.77,106.77,96,19,0,backward
dr_slavers,252,3533.6,104.527,104.527,95,10,0,backward
dr_slavers,253,4799.8,105.941,105.941,96,15,0,backward
dr_slavers,254,6023.2,107.698,107.698,99,13,0,backward
dr_slavers,255,6466.4,105.698,105.698,97,30,0,backward
dr_slavers,256,6230.2,107.284,107.284,99,10,0,backward
dr_slavers,257,6353.2,106.113,106.113,97,40,0,backward
dr_slavers,258,6106.2,104.941,104.941,95,27,0,backward
dr_slavers,259,2880.2,107.485,107.485,105,7,0,backward
dr_slavers,260,5635.8,110.142,110.142,106,21,0,backward
dr_slavers,261,6766.4,109.497,109.497,95,29,0,backward
dr_slavers,262,7297.6,110.627,110.627,104,38,0,backward
dr_slavers,263,6484.8,108.87,108.87,101,33,0,backward
dr_slavers,264,3400.8,110.012,110.012,98,11,0,backward
dr_slavers,265,6236.6,110.698,110.698,102,10,0,backward
dr_slavers,266,5356.4,108.698,108.698,100,31,0,backward
dr_slavers,267,5039,108.113,108.113,99,25,0,backward
dr_slavers,268,4239,109.213,109.213,103,12,0,backward
dr_slavers,269,3875.2,110.184,110.184,99,13,0,backward
dr_slavers,270,5119.2,115.456,115.456,108,12,0,backward
dr_slavers,271,7150.8,115.012,115.012,103,36,0,backward
dr_slavers,272,5941.4,114.87,114.87,107,15,0,backward
dr_slavers,273,3397,113.87,113.87,106,6,0,backward
dr_slavers,274,2926,115.314,115.314,112,7,0,backward
dr_slavers,275,4151.2,113.485,113.485,111,17,0,backward
dr_slavers,276,6925.8,115.941,115.941,106,37,0,backward
dr_slavers,277,5048.2,114.77,114.77,104,21,0,backward
dr_slavers,278,6262.6,115.941,115.941,106,11,0,backward
dr_slavers,279,4330.6,112.669,112.669,99,9,0,backward
dr_slavers,280,6115.2,116.426,116.426,104,23,0,backward
dr_slavers,281,7247,119.728,119.728,116,36,0,backward
dr_slavers,282,5106.6,118.385,118.385,113,19,0,backward
dr_slavers,283,8507.6,117.828,117.828,117,47,0,backward
dr_slavers,284,5921.4,118.142,118.142,114,25,0,backward
dr_slavers,285,3320.4,118.657,118.657,117,6,0,backward
dr_slavers,286,7226.4,117.314,117.314,114,41,0,backward
dr_slavers,287,7050.6,117.912,117.912,103,16,0,backward
dr_slavers,288,3689.2,118.213,118.213,112,12,0,backward
dr_slavers,289,7693.2,116.314,116.314,113,43,0,backward
dr_slavers,290,6199.2,121.941,121.941,112,32,0,backward
dr_slavers,291,7382.6,120.87,120.87,113,40,0,backward
dr_slavers,292,4811.8,121.385,121.385,116,17,0,backward
dr_slavers,293,5874.8,121.142,121.142,117,35,0,backward
dr_slavers,294,4909.8,123.87,123.87,116,22,0,backward
dr_slavers,295,4981.4,120.598,120.598,109,21,0,backward
dr_slavers,296,6980.2,121.698,121.698,113,44,0,backward
dr_slavers,297,6075.6,123.728,123.728,120,32,0,backward
dr_slavers,298,5679.4,120.627,120.627,114,15,0,backward
dr_slavers,299,5444.4,120.811,120.811,103,15,0,backward
dr_slavers,300,7219,124.485,124.485,122,32,0,backward
dr_slavers,301,5595.2,127.841,127.841,115,26,0,backward
dr_slavers,302,6790,125.113,125.113,116,41,0,backward
dr_slavers,303,5212.2,126.627,126.627,120,22,0,backward
dr_slavers,304,6518.2,127.042,127.042,120,44,0,backward
dr_slavers,305,7011.8,126.012,126.012,114,28,0,backward
dr_slavers,306,7704.4,126.941,126.941,117,37,0,backward
dr_slavers,307,5621.4,125.054,125.054,106,21,0,backward
dr_slavers,308,5465.6,126.627,126.627,120,24,0,backward
dr_slavers,309,7493.4,125.385,125.385,120,40,0,backward
dr_slavers,310,6769,131.456,131.456,124,16,0,backward
dr_slavers,311,5267.2,131.87,131.87,124,15,0,backward
dr_slavers,312,5815.2,129.326,129.326,114,25,0,backward
dr_slavers,313,7684.8,129.184,129.184,118,48,0,backward
dr_slavers,314,5182.4,128.669,128.669,115,22,0,backward
dr_slavers,315,7551.4,129.799,129.799,124,30,0,backward
dr_slavers,316,7647,129.971,129.971,125,47,0,backward
dr_slavers,317,8434.4,130.326,130.326,115,31,0,backward
dr_slavers,318,5329.6,131.77,131.77,121,27,0,backward
dr_slavers,319,6373,131.255,131.255,118,28,0,backward
dr_slavers,320,5139,135.426,135.426,123,20,0,backward
dr_slavers,321,5321.6,134.912,134.912,120,15,0,backward
dr_slavers,322,4879.8,135.971,135.971,131,22,0,backward
dr_slavers,323,8042,134.899,134.899,132,32,0,backward
dr_slavers,324,4455.4,133.87,133.87,126,17,0,backward
dr_slavers,325,8917.4,133.113,133.113,124,42,0,backward
dr_slavers,326,5703.6,134.899,134.899,132,13,0,backward
dr_slavers,327,8193.4,135.184,135.184,124,51,0,backward
dr_slavers,328,4779.4,132.456,132.456,125,16,0,backward
dr_slavers,329,8725.6,135.456,135.456,128,39,0,backward
dr_slavers,330,7084.8,139.012,139.012,127,16,0,backward
dr_slavers,331,5673,137.497,137.497,123,25,0,backward
dr_slavers,332,7393.2,137.184,137.184,126,34,0,backward
dr_slavers,333,10575.8,139.071,139.071,137,8,0,backward
dr_slavers,334,8810,137.841,137.841,125,43,0,backward
dr_slavers,335,6419.4,137.042,137.042,130,27,0,backward
dr_slavers,336,5069.6,136.154,136.154,120,27,0,backward
dr_slavers,337,7222.6,136.811,136.811,119,41,0,backward
dr_slavers,338,5773.4,138.355,138.355,128,27,0,backward
dr_slavers,339,7226.4,137.971,137.971,133,38,0,backward
dr_slavers,340,6764.2,141.841,141.841,129,28,0,backward
dr_slavers,341,7429.6,143.054,143.054,124,28,0,backward
dr_slavers,342,6719,142.154,142.154,126,33,0,backward
dr_slavers,343,7320.6,143.426,143.426,131,43,0,backward
dr_slavers,344,6126.6,142.698,142.698,134,29,0,backward
dr_slavers,345,8432,140.527,140.527,131,45,0,backward
dr_slavers,346,7468.6,143.485,143.485,141,1,0,backward
dr_slavers,347,8475.8,141.042,141.042,134,56,0,backward
dr_slavers,348,5289.6,140.899,140.899,138,26,0,backward
dr_slavers,349,5966,143.284,143.284,135,9,0,backward
dr_slavers,350,8048.2,145.012,145.012,133,30,0,backward
dr_slavers,351,6894,145.971,145.971,141,13,0,backward
dr_slavers,352,7448.8,145.485,145.485,143,8,0,backward
dr_slavers,353,5517.8,144.012,144.012,132,18,0,backward
dr_slavers,354,7223.4,144.556,144.556,140,5,0,backward
dr_slavers,355,7634.6,146.113,146.113,137,28,0,backward
dr_slavers,356,5929.2,144.326,144.326,129,32,0,backward
dr_slavers,357,5681.6,144.627,144.627,138,19,0,backward
dr_slavers,358,6126.8,145.569,145.569,129,20,0,backward
dr_slavers,359,4471.4,146.527,146.527,137,16,0,backward
dr_slavers,360,6434,150.74,150.74,135,27,0,backward
dr_slavers,361,7525.8,150.728,150.728,147,25,0,backward
dr_slavers,362,4877.2,148.184,148.184,137,17,0,backward
dr_slavers,363,13139.2,151.326,151.326,136,58,0,backward
dr_slavers,364,7975,150.74,150.74,135,50,0,backward
dr_slavers,365,6197.6,149.368,149.368,127,37,0,backward
dr_slavers,366,5388.8,148.184,148.184,137,24,0,backward
dr_slavers,367,7547.8,150.397,150.397,133,24,0,backward
dr_slavers,368,8393.6,149.87,149.87,142,27,0,backward
dr_slavers,369,5255.6,148.184,148.184,137,22,0,backward
dr_slavers,370,7707.6,155.083,155.083,141,26,0,backward
dr_slavers,371,8166.4,155.627,155.627,149,50,0,backward
dr_slavers,372,4257.4,154.941,154.941,145,17,0,backward
dr_slavers,373,6536.2,153.083,153.083,139,23,0,backward
dr_slavers,374,6870,152.213,152.213,146,35,0,backward
dr_slavers,375,8582.4,154.184,154.184,143,49,0,backward
dr_slavers,376,5027,155.598,155.598,144,22,0,backward
dr_slavers,377,6387.4,152.083,152.083,138,21,0,backward
dr_slavers,378,5675.2,154.669,154.669,141,22,0,backward
dr_slavers,379,6470.4,155.012,155.012,143,27,0,backward
dr_slavers,380,7002.8,156.598,156.598,145,37,0,backward
dr_slavers,381,10952.4,157.385,157.385,152,54,0,backward
dr_slavers,382,7797.4,156.012,156.012,144,47,0,backward
dr_slavers,383,4536,157.154,157.154,141,18,0,backward
dr_slavers,384,5658.8,158.184,158.184,147,25,0,backward
dr_slavers,385,8006.6,159.941,159.941,150,53,0,backward
dr_slavers,386,6703.4,156.326,156.326,141,34,0,backward
dr_slavers,387,5881.4,157.669,157.669,144,24,0,backward
dr_slavers,388,8047.4,159.983,159.983,143,26,0,backward
dr_slavers,389,5725,157.87,157.87,150,21,0,backward
dr_slavers,390,7386.8,161.983,161.983,145,32,0,backward
dr_slavers,391,5916.2,163.841,163.841,151,23,0,backward
dr_slavers,392,4978.8,163.385,163.385,158,23,0,backward
dr_slavers,393,9222.4,163.669,163.669,150,52,0,backward
dr_slavers,394,5814.8,161.042,161.042,154,10,0,backward
dr_slavers,395,5552.2,163.326,163.326,148,25,0,backward
dr_slavers,396,12355,160.083,160.083,146,33,0,backward
dr_slavers,397,7173.6,163.77,163.77,153,18,0,backward
dr_slavers,398,7792.8,160.196,160.196,137,36,0,backward
dr_slavers,399,7620.2,162.669,162.669,149,43,0,backward
dr_slavers,400,6405.8,167.669,167.669,154,34,0,backward
dr_slavers,401,7163.6,166.627,166.627,160,21,0,backward
dr_slavers,402,6893.4,167.527,167.527,158,31,0,backward
dr_slavers,403,5714.6,166.882,166.882,147,23,0,backward
dr_slavers,404,6788.4,167.024,167.024,143,34,0,backward
dr_slavers,405,5864,164.811,164.811,147,22,0,backward
dr_slavers,406,5337.6,166.698,166.698,158,18,0,backward
dr_slavers,407,5996.8,166.326,166.326,151,27,0,backward
dr_slavers,408,8480.8,165.728,165.728,162,28,0,backward
dr_slavers,409,6840.4,167.054,167.054,148,23,0,backward
dr_slavers,410,7570.8,170.841,170.841,158,32,0,backward
dr_slavers,411,7727,171.841,171.841,159,43,0,backward
dr_slavers,412,8435.2,170.012,170.012,158,45,0,backward
dr_slavers,413,6567.6,169.941,169.941,160,24,0,backward
dr_slavers,414,4699,171.456,171.456,164,20,0,backward
dr_slavers,415,7387,170.042,170.042,163,36,0,backward
dr_slavers,416,9745.6,170.426,170.426,158,42,0,backward
dr_slavers,417,6929,169.196,169.196,146,28,0,backward
dr_slavers,418,7210,170.627,170.627,164,17,0,backward
dr_slavers,419,6764.8,171.77,171.77,161,42,0,backward
dr_slavers,420,6167.2,175.397,175.397,158,21,0,backward
dr_slavers,421,9135.6,175.255,175.255,162,41,0,backward
dr_slavers,422,8204.4,172.095,172.095,146,43,0,backward
dr_slavers,423,6048.8,172.012,172.012,160,27,0,backward
dr_slavers,424,9499.6,174.255,174.255,161,45,0,backward
dr_slavers,425,6233.4,175.485,175.485,173,32,0,backward
dr_slavers,426,10047.8,175.77,175.77,165,64,0,backward
dr_slavers,427,10308.4,172.213,172.213,166,52,0,backward
dr_slavers,428,6147.2,173.154,173.154,157,26,0,backward
dr_slavers,429,9275.2,174.527,174.527,165,40,0,backward
dr_slavers,430,7442.6,176.385,176.385,171,28,0,backward
dr_slavers,431,6796,176.912,176.912,162,31,0,backward
dr_slavers,432,7569.4,178.184,178.184,167,41,0,backward
dr_slavers,433,7210,179.355,179.355,169,27,0,backward
dr_slavers,434,5620.2,177.154,177.154,161,24,0,backward
dr_slavers,435,8719.4,179.598,179.598,168,54,0,backward
dr_slavers,436,6772.4,179.426,179.426,167,43,0,backward
dr_slavers,437,8923.8,179.054,179.054,160,44,0,backward
dr_slavers,438,7545,176.64,176.64,158,36,0,backward
dr_slavers,439,10935,177.669,177.669,164,59,0,backward
dr_slavers,440,8616.6,182.51,182.51,156,40,0,backward
dr_slavers,441,9382.6,180.113,180.113,171,24,0,backward
dr_slavers,442,9384.4,183.87,183.87,176,51,0,backward
dr_slavers,443,6776.6,180.941,180.941,171,38,0,backward
dr_slavers,444,8843,180.213,180.213,174,40,0,backward
dr_slavers,445,5732.6,181.841,181.841,169,24,0,backward
dr_slavers,446,9629.2,182.468,182.468,163,52,0,backward
dr_slavers,447,6888.8,183.669,183.669,170,37,0,backward
dr_slavers,448,9279.2,183.314,183.314,180,14,0,backward
dr_slavers,449,5771.6,183.598,183.598,172,27,0,backward
dr_slavers,450,8609,186.627,186.627,180,60,0,backward
dr_slavers,451,5039.4,186.184,186.184,175,22,0,backward
dr_slavers,452,7538.4,184.811,184.811,167,35,0,backward
dr_slavers,453,8577,184.953,184.953,163,45,0,backward
dr_slavers,454,9322,186.569,186.569,170,43,0,backward
dr_slavers,455,8690,187.485,187.485,185,12,0,backward
dr_slavers,456,5126.4,184.497,184.497,170,21,0,backward
dr_slavers,457,10240.2,185.74,185.74,170,62,0,backward
dr_slavers,458,12497.8,187.527,187.527,178,78,0,backward
dr_slavers,459,9135,185.77,185.77,175,43,0,backward
dr_slavers,460,7792.8,189.012,189.012,177,27,0,backward
dr_slavers,461,8034.2,188.61,188.61,165,45,0,backward
dr_slavers,462,9288.8,190.113,190.113,181,58,0,backward
dr_slavers,463,9109,188.314,188.314,185,15,0,backward
dr_slavers,464,8419.2,189.941,189.941,180,58,0,backward
dr_slavers,465,8398.6,191.184,191.184,180,34,0,backward
dr_slavers,466,8828,189.255,189.255,176,26,0,backward
dr_slavers,467,4463.8,188.113,188.113,179,15,0,backward
dr_slavers,468,9381.2,188.326,188.326,173,54,0,backward
dr_slavers,469,8540.6,189.426,189.426,177,40,0,backward
dr_slavers,470,9662.4,192.698,192.698,184,56,0,backward
dr_slavers,471,8792,193.154,193.154,177,58,0,backward
dr_slavers,472,5419.4,193.527,193.527,184,16,0,backward
dr_slavers,473,8897.2,195.627,195.627,189,63,0,backward
dr_slavers,474,7256.8,192.74,192.74,177,34,0,backward
dr_slavers,475,8880.8,194.054,194.054,175,54,0,backward
dr_slavers,476,9649.2,195.811,195.811,178,58,0,backward
dr_slavers,477,5540.4,194.87,194.87,187,25,0,backward
dr_slavers,478,10199.8,195.426,195.426,183,51,0,backward
dr_slavers,479,8810.4,194.882,194.882,175,37,0,backward
dr_slavers,480,8432.8,196.184,196.184,185,38,0,backward
dr_slavers,481,10844.6,199.284,199.284,191,45,0,backward
dr_slavers,482,8827.2,197.154,197.154,181,47,0,backward
dr_slavers,483,6663,198.74,198.74,183,32,0,backward
dr_slavers,484,7177.8,199.569,199.569,183,38,0,backward
dr_slavers,485,7426.2,199.87,199.87,192,43,0,backward
dr_slavers,486,7617.4,196.74,196.74,181,29,0,backward
dr_slavers,487,6884.8,199.468,199.468,180,35,0,backward
dr_slavers,488,8144.2,198.255,198.255,185,40,0,backward
dr_slavers,489,8168.4,199.426,199.426,187,47,0,backward
dr_slavers,490,12218.6,203.113,203.113,194,75,0,backward
dr_slavers,491,10362,200.799,200.799,195,22,0,backward
dr_slavers,492,6485.2,200.054,200.054,181,31,0,backward
dr_slavers,493,7086.2,200.296,200.296,180,26,0,backward
dr_slavers,494,7503.2,200.184,200.184,189,41,0,backward
dr_slavers,495,7728,203.841,203.841,191,22,0,backward
dr_slavers,496,9659.4,203.368,203.368,181,40,0,backward
dr_slavers,497,10468.4,202.255,202.255,189,52,0,backward
dr_slavers,498,9070.4,200.255,200.255,187,44,0,backward
dr_slavers,499,10372.6,203.782,203.782,181,54,0,backward
dr_slavers,500,7628,204.225,204.225,186,36,0,backward
dr_slavers,501,8852.2,205.255,205.255,192,57,0,backward
dr_slavers,502,8404.6,205.811,205.811,188,44,0,backward
dr_slavers,503,5252.8,207.556,207.556,203,18,0,backward
dr_slavers,504,9722.8,205.569,205.569,189,60,0,backward
dr_slavers,505,7897.6,206.841,206.841,194,47,0,backward
dr_slavers,506,6868,207.213,207.213,201,27,0,backward
dr_slavers,507,9728.2,207.527,207.527,198,63,0,backward
dr_slavers,508,5949.4,205.841,205.841,193,20,0,backward
dr_slavers,509,10453.4,205.456,205.456,198,34,0,backward
dr_slavers,510,7600.2,208.296,208.296,188,42,0,backward
dr_slavers,511,9900.8,209.983,209.983,193,61,0,backward
dr_slavers,512,10527.4,208.899,208.899,206,39,0,backward
dr_slavers,513,10151,211.77,211.77,201,67,0,backward
dr_slavers,514,11975.6,211.083,211.083,197,79,0,backward
dr_slavers,515,8203.8,211.255,211.255,198,23,0,backward
dr_slavers,516,7600.6,208.77,208.77,198,36,0,backward
dr_slavers,517,8065.2,211.527,211.527,202,49,0,backward
dr_slavers,518,10044,211.012,211.012,199,46,0,backward
dr_slavers,519,5779.8,210.012,210.012,198,25,0,backward
dr_slavers,520,7282.2,215.497,215.497,201,33,0,backward
dr_slavers,521,6083.4,214.355,214.355,204,26,0,backward
dr_slavers,522,6943.2,213.983,213.983,197,31,0,backward
dr_slavers,523,8574.8,213.912,213.912,199,44,0,backward
dr_slavers,524,9281.6,212.213,212.213,206,39,0,backward
dr_slavers,525,8598,212.497,212.497,198,49,0,backward
dr_slavers,526,7459.2,213.456,213.456,206,40,0,backward
dr_slavers,527,10769,215.841,215.841,203,26,0,backward
dr_slavers,528,7251.4,215.225,215.225,197,32,0,backward
dr_slavers,529,7580,212.255,212.255,199,22,0,backward
dr_slavers,530,6586.4,217.326,217.326,202,25,0,backward
dr_slavers,531,10358.8,216.326,216.326,201,62,0,backward
dr_slavers,532,8684.8,217.841,217.841,205,28,0,backward
dr_slavers,533,7079.8,216.841,216.841,204,33,0,backward
dr_slavers,534,7707.6,219.296,219.296,199,40,0,backward
dr_slavers,535,9920,216.74,216.74,201,44,0,backward
dr_slavers,536,11562,217.426,217.426,205,70,0,backward
dr_slavers,537,9743.4,219.841,219.841,207,51,0,backward
dr_slavers,538,11154.4,216.255,216.255,203,47,0,backward
dr_slavers,539,8682.2,217.569,217.569,201,44,0,backward
dr_slavers,540,9512.4,220.698,220.698,212,45,0,backward
dr_slavers,541,9587,220.782,220.782,198,53,0,backward
dr_slavers,542,8844.6,221.77,221.77,211,18,0,backward
dr_slavers,543,6204.2,221.012,221.012,209,27,0,backward
dr_slavers,544,6025.6,223.669,223.669,210,23,0,backward
dr_slavers,545,6748.8,220.326,220.326,205,37,0,backward
dr_slavers,546,10420,220.77,220.77,210,57,0,backward
dr_slavers,547,6533.4,222.669,222.669,209,30,0,backward
dr_slavers,548,5140.2,223.627,223.627,217,16,0,backward
dr_slavers,549,7695.8,222.184,222.184,211,38,0,backward
dr_slavers,550,9010.6,224.142,224.142,220,51,0,backward
dr_slavers,551,7633.6,227.296,227.296,207,37,0,backward
dr_slavers,552,8365.8,224.841,224.841,212,48,0,backward
dr_slavers,553,10032.4,227.971,227.971,223,41,0,backward
dr_slavers,554,8675.6,224.054,224.054,205,45,0,backward
dr_slavers,555,8726,227.77,227.77,217,54,0,backward
dr_slavers,556,8883.4,227.255,227.255,214,52,0,backward
dr_slavers,557,12653.4,226.569,226.569,210,73,0,backward
dr_slavers,558,7157.8,224.497,224.497,210,26,0,backward
dr_slavers,559,6785.6,225.184,225.184,214,26,0,backward
dr_slavers,560,9723.6,231.368,231.368,209,44,0,backward
dr_slavers,561,12983.8,230.882,230.882,211,68,0,backward
dr_slavers,562,12970.2,228.64,228.64,210,78,0,backward
dr_slavers,563,7217.8,230.213,230.213,224,36,0,backward
dr_slavers,564,9768.6,231.054,231.054,212,59,0,backward
dr_slavers,565,7609,228.397,228.397,211,27,0,backward
dr_slavers,566,6920.2,229.669,229.669,216,28,0,backward
dr_slavers,567,7489.2,230.154,230.154,214,37,0,backward
dr_slavers,568,12606,230.841,230.841,218,84,0,backward
dr_slavers,569,7420.6,229.912,229.912,215,30,0,backward
dr_slavers,570,9792.4,234.941,234.941,225,41,0,backward
dr_slavers,571,9720.4,234.912,234.912,220,65,0,backward
dr_slavers,572,10174,235.326,235.326,220,49,0,backward
dr_slavers,573,9699,234.296,234.296,214,56,0,backward
dr_slavers,574,9748,232.497,232.497,218,61,0,backward
dr_slavers,575,7686.6,232.64,232.64,214,38,0,backward
dr_slavers,576,6146.8,233.255,233.255,220,27,0,backward
dr_slavers,577,11005.8,233.983,233.983,217,64,0,backward
dr_slavers,578,11316.4,233.941,233.941,224,81,0,backward
dr_slavers,579,11519.8,232.983,232.983,216,72,0,backward
dr_slavers,580,9188.8,239.054,239.054,220,61,0,backward
dr_slavers,581,13301.4,239.882,239.882,220,82,0,backward
dr_slavers,582,8467.2,238.426,238.426,226,49,0,backward
dr_slavers,583,10779.8,239.397,239.397,222,68,0,backward
dr_slavers,584,7800.4,237.598,237.598,226,32,0,backward
dr_slavers,585,6711,237.598,237.598,226,21,0,backward
dr_slavers,586,7663.8,239.527,239.527,230,32,0,backward
dr_slavers,587,13817.2,236.426,236.426,224,84,0,backward
dr_slavers,588,9544,238.167,238.167,210,51,0,backward
dr_slavers,589,11829.2,238.083,238.083,224,68,0,backward
dr_slavers,590,12376.6,242.953,242.953,221,82,0,backward
dr_slavers,591,7085.8,242.669,242.669,229,30,0,backward
dr_slavers,592,10158.6,241.368,241.368,219,66,0,backward
dr_slavers,593,9072.2,240.196,240.196,217,54,0,backward
dr_slavers,594,7376,242.64,242.64,224,29,0,backward
dr_slavers,595,9771,241.439,241.439,217,58,0,backward
dr_slavers,596,10021.8,243.953,243.953,222,67,0,backward
dr_slavers,597,10212.2,240.113,240.113,231,59,0,backward
dr_slavers,598,8023.4,243.77,243.77,233,39,0,backward
dr_slavers,599,9549,241.74,241.74,226,53,0,backward
dr_slavers,600,8421.8,244.882,244.882,225,47,0,backward
dr_slavers,601,13139.6,245.811,245.811,228,54,0,backward
dr_slavers,602,9355.6,246.497,246.497,232,52,0,backward
dr_slavers,603,10535.2,246.569,246.569,230,37,0,backward
dr_slavers,604,8957,246.853,246.853,222,49,0,backward
dr_slavers,605,10141.2,245.024,245.024,221,65,0,backward
dr_slavers,606,9454.6,247.539,247.539,226,59,0,backward
dr_slavers,607,11446.4,247.184,247.184,236,65,0,backward
dr_slavers,608,9680.4,244.912,244.912,230,50,0,backward
dr_slavers,609,10920.4,244.113,244.113,235,19,0,backward
dr_slavers,610,9027.4,248.054,248.054,229,50,0,backward
dr_slavers,611,8874,251.054,251.054,232,46,0,backward
dr_slavers,612,7823.8,251.355,251.355,241,38,0,backward
dr_slavers,613,12038.6,249.711,249.711,229,69,0,backward
dr_slavers,614,13254.4,249.983,249.983,233,93,0,backward
dr_slavers,615,10299,251.024,251.024,227,37,0,backward
dr_slavers,616,10303.6,251.338,251.338,224,68,0,backward
dr_slavers,617,8720.8,248.355,248.355,238,54,0,backward
dr_slavers,618,8065.4,250.669,250.669,237,40,0,backward
dr_slavers,619,9877.4,249.184,249.184,238,57,0,backward
dr_slavers,620,12081.4,253.782,253.782,231,66,0,backward
dr_slavers,621,11041,254.61,254.61,231,47,0,backward
dr_slavers,622,11630,253.368,253.368,231,78,0,backward
dr_slavers,623,9976.8,252.711,252.711,232,67,0,backward
dr_slavers,624,11299,252.196,252.196,229,55,0,backward
dr_slavers,625,9142,253.468,253.468,234,55,0,backward
dr_slavers,626,7222.6,255.669,255.669,242,38,0,backward
dr_slavers,627,8370.4,255.426,255.426,243,51,0,backward
dr_slavers,628,10606.6,255.711,255.711,235,67,0,backward
dr_slavers,629,8496,254.468,254.468,235,48,0,backward
dr_slavers,630,9530.6,258.61,258.61,235,58,0,backward
dr_slavers,631,10499.4,259.64,259.64,241,67,0,backward
dr_slavers,632,9263,258.296,258.296,238,56,0,backward
dr_slavers,633,10403.8,256.154,256.154,240,74,0,backward
dr_slavers,634,6820.6,257.569,257.569,241,32,0,backward
dr_slavers,635,12639.8,258.569,258.569,242,81,0,backward
dr_slavers,636,7059.8,256.569,256.569,240,38,0,backward
dr_slavers,637,7843.4,258.083,258.083,244,28,0,backward
dr_slavers,638,10426,258.924,258.924,232,58,0,backward
dr_slavers,639,10921.6,257.782,257.782,235,78,0,backward
dr_slavers,640,10082.2,263.953,263.953,242,66,0,backward
dr_slavers,641,6833.6,261.983,261.983,245,35,0,backward
dr_slavers,642,10378.6,262.782,262.782,240,52,0,backward
dr_slavers,643,11334.8,260.326,260.326,245,83,0,backward
dr_slavers,644,10661,263.012,263.012,251,68,0,backward
dr_slavers,645,8657,260.882,260.882,241,47,0,backward
dr_slavers,646,12182.2,262.882,262.882,243,55,0,backward
dr_slavers,647,12153.2,262.296,262.296,242,77,0,backward
dr_slavers,648,7615.4,262.698,262.698,254,31,0,backward
dr_slavers,649,5858.2,263.083,263.083,249,22,0,backward
dr_slavers,650,6781.2,267.841,267.841,255,31,0,backward
dr_slavers,651,9829,265.51,265.51,239,58,0,backward
dr_slavers,652,9427.4,264.083,264.083,250,59,0,backward
dr_slavers,653,9087,264.912,264.912,250,47,0,backward
dr_slavers,654,8210.6,267.238,267.238,237,45,0,backward
dr_slavers,655,8759,264.368,264.368,242,49,0,backward
dr_slavers,656,6972,266.64,266.64,248,33,0,backward
dr_slavers,657,9888.2,264.527,264.527,255,27,0,backward
dr_slavers,658,9353.8,266.711,266.711,246,48,0,backward
dr_slavers,659,10757.2,267.581,267.581,239,64,0,backward
dr_slavers,660,7198,268.64,268.64,250,41,0,backward
dr_slavers,661,11425.6,270.711,270.711,250,77,0,backward
dr_slavers,662,7243.8,268.154,268.154,252,36,0,backward
dr_slavers,663,12667.6,269.941,269.941,260,67,0,backward
dr_slavers,664,9088.2,269.598,269.598,258,48,0,backward
dr_slavers,665,8028,269.397,269.397,252,33,0,backward
dr_slavers,666,10297.2,271.012,271.012,259,65,0,backward
dr_slavers,667,7363.2,270.083,270.083,256,42,0,backward
dr_slavers,668,11614.4,270.196,270.196,247,72,0,backward
dr_slavers,669,11053.6,269.669,269.669,256,67,0,backward
dr_slavers,670,9161.2,272.439,272.439,248,55,0,backward
dr_slavers,671,9104,275.598,275.598,264,58,0,backward
dr_slavers,672,8638,272.439,272.439,248,50,0,backward
dr_slavers,673,13591.4,274.154,274.154,258,89,0,backward
dr_slavers,674,11741.6,273.569,273.569,257,82,0,backward
dr_slavers,675,7813.4,273.953,273.953,252,42,0,backward
dr_slavers,676,6295.8,273.841,273.841,261,26,0,backward
dr_slavers,677,10431,272.054,272.054,253,71,0,backward
dr_slavers,678,10473.6,272.711,272.711,252,66,0,backward
dr_slavers,679,10803,274.711,274.711,254,57,0,backward
dr_slavers,680,11607.8,276.782,276.782,254,46,0,backward
dr_slavers,681,10905,276.752,276.752,249,69,0,backward
dr_slavers,682,6990.2,276.284,276.284,268,29,0,backward
dr_slavers,683,9962.6,279.225,279.225,261,62,0,backward
dr_slavers,684,11561.8,279.083,279.083,265,66,0,backward
dr_slavers,685,13198,278.711,278.711,258,65,0,backward
dr_slavers,686,7987,278.397,278.397,261,39,0,backward
dr_slavers,687,10320.2,276.77,276.77,266,67,0,backward
dr_slavers,688,11334.6,276.083,276.083,262,71,0,backward
dr_slavers,689,14069.2,276.569,276.569,260,98,0,backward
dr_slavers,690,13546,280.296,280.296,260,74,0,backward
dr_slavers,691,9218.4,281.711,281.711,261,53,0,backward
dr_slavers,692,13124.8,281.368,281.368,259,66,0,backward
dr_slavers,693,9170.6,282.196,282.196,259,50,0,backward
dr_slavers,694,8678.8,281.125,281.125,260,51,0,backward
dr_slavers,695,8720.4,283.569,283.569,267,35,0,backward
dr_slavers,696,10807.2,283.125,283.125,262,68,0,backward
dr_slavers,697,10707.2,281.125,281.125,260,61,0,backward
dr_slavers,698,6463.6,282.154,282.154,266,32,0,backward
dr_slavers,699,10601.6,283.953,283.953,262,65,0,backward
dr_slavers,700,7949.6,284.539,284.539,263,39,0,backward
dr_slavers,701,9806.6,285.953,285.953,264,39,0,backward
dr_slavers,702,9644.2,286.782,286.782,264,36,0,backward
dr_slavers,703,8117,287.095,287.095,261,43,0,backward
dr_slavers,704,8370.6,287.225,287.225,269,39,0,backward
dr_slavers,705,11366,285.196,285.196,262,62,0,backward
dr_slavers,706,8376.6,286.711,286.711,266,51,0,backward
dr_slavers,707,7224.2,286.983,286.983,270,35,0,backward
dr_slavers,708,10480,286.468,286.468,267,70,0,backward
dr_slavers,709,7261.2,285.125,285.125,264,35,0,backward
dr_slavers,710,9136.8,289.941,289.941,280,52,0,backward
dr_slavers,711,9331.4,288.154,288.154,272,58,0,backward
dr_slavers,712,11521.8,290.154,290.154,274,58,0,backward
dr_slavers,713,7071.8,290.74,290.74,275,34,0,backward
dr_slavers,714,10518.8,289.125,289.125,268,58,0,backward
dr_slavers,715,9002.2,291.409,291.409,262,50,0,backward
dr_slavers,716,13309.6,290.439,290.439,266,81,0,backward
dr_slavers,717,8730.4,290.77,290.77,280,34,0,backward
dr_slavers,718,7834.8,289.397,289.397,272,42,0,backward
dr_slavers,719,12357,290.953,290.953,269,81,0,backward
dr_slavers,720,11339.2,292.539,292.539,271,67,0,backward
dr_slavers,721,9441,292.167,292.167,264,57,0,backward
dr_slavers,722,9028.2,293.426,293.426,281,52,0,backward
dr_slavers,723,9751.6,292.853,292.853,268,55,0,backward
dr_slavers,724,7472.8,295.841,295.841,283,31,0,backward
dr_slavers,725,8326.8,295.054,295.054,276,43,0,backward
dr_slavers,726,9473.6,293.397,293.397,276,55,0,backward
dr_slavers,727,8329.8,295.154,295.154,279,54,0,backward
dr_slavers,728,11379.6,292.024,292.024,268,64,0,backward
dr_slavers,729,15042.6,295.711,295.711,275,93,0,backward
dr_slavers,730,8620,297.681,297.681,272,40,0,backward
dr_slavers,731,13564.2,297.61,297.61,274,90,0,backward
dr_slavers,732,8771.6,299.711,299.711,279,52,0,backward
dr_slavers,733,14145.8,296.296,296.296,276,95,0,backward
dr_slavers,734,10929.6,298.711,298.711,278,85,0,backward
dr_slavers,735,12228.4,296.439,296.439,272,70,0,backward
dr_slavers,736,8700.6,297.64,297.64,279,44,0,backward
dr_slavers,737,11656.8,297.681,297.681,272,77,0,backward
dr_slavers,738,8340.4,297.61,297.61,274,41,0,backward
dr_slavers,739,9948.4,297.054,297.054,278,44,0,backward
dr_slavers,740,14845.8,301.681,301.681,276,93,0,backward
dr_slavers,741,12684.8,301.953,301.953,280,58,0,backward
dr_slavers,742,9646.4,302.61,302.61,279,54,0,backward
dr_slavers,743,9235.4,300.51,300.51,274,60,0,backward
dr_slavers,744,11326,300.539,300.539,279,85,0,backward
dr_slavers,745,9200.8,302.853,302.853,278,60,0,backward
dr_slavers,746,11832.6,303.539,303.539,282,57,0,backward
dr_slavers,747,9301.4,303.64,303.64,285,52,0,backward
dr_slavers,748,10713.4,300.711,300.711,280,77,0,backward
dr_slavers,749,8432.2,302.095,302.095,276,53,0,backward
dr_slavers,750,11733.2,304.912,304.912,290,59,0,backward
dr_slavers,751,13608.2,305.64,305.64,287,50,0,backward
dr_slavers,752,9894.6,304.64,304.64,286,59,0,backward
dr_slavers,753,13523,304.539,304.539,283,96,0,backward
dr_slavers,754,9693.4,304.782,304.782,282,51,0,backward
dr_slavers,755,11088.6,305.61,305.61,282,62,0,backward
dr_slavers,756,10005.6,304.439,304.439,280,61,0,backward
dr_slavers,757,15152.4,307.711,307.711,287,102,0,backward
dr_slavers,758,11679.4,306.581,306.581,278,71,0,backward
dr_slavers,759,12367.2,304.61,304.61,281,90,0,backward
dr_slavers,760,12388.2,311.539,311.539,290,69,0,backward
dr_slavers,761,9310,310.61,310.61,287,57,0,backward
dr_slavers,762,7284.6,309.74,309.74,294,31,0,backward
dr_slavers,763,10131,311.924,311.924,285,51,0,backward
dr_slavers,764,8663.8,311.267,311.267,286,55,0,backward
dr_slavers,765,10981.4,310.296,310.296,290,63,0,backward
dr_slavers,766,11029.8,310.782,310.782,288,58,0,backward
dr_slavers,767,8631,311.095,311.095,285,54,0,backward
dr_slavers,768,9716.2,309.095,309.095,283,50,0,backward
dr_slavers,769,8686.4,310.296,310.296,290,44,0,backward
dr_slavers,770,9337.4,315.426,315.426,303,63,0,backward
dr_slavers,771,11847.8,312.497,312.497,298,72,0,backward
dr_slavers,772,9657.6,313.894,313.894,282,61,0,backward
dr_slavers,773,12507,314.426,314.426,302,76,0,backward
dr_slavers,774,14282.6,313.953,313.953,292,94,0,backward
dr_slavers,775,11412.8,314.468,314.468,295,58,0,backward
dr_slavers,776,9566.2,315.569,315.569,299,64,0,backward
dr_slavers,777,15054.2,315.368,315.368,293,101,0,backward
dr_slavers,778,9144,314.581,314.581,286,42,0,backward
dr_slavers,779,11553.8,315.539,315.539,294,66,0,backward
dr_slavers,780,11437.8,317.125,317.125,296,78,0,backward
dr_slavers,781,11701.2,318.012,318.012,306,70,0,backward
dr_slavers,782,10412.4,318.409,318.409,289,64,0,backward
dr_slavers,783,13856.6,317.853,317.853,293,69,0,backward
dr_slavers,784,11558.2,319.681,319.681,294,82,0,backward
dr_slavers,785,9679,317.083,317.083,303,53,0,backward
dr_slavers,786,9346.2,318.652,318.652,288,60,0,backward
dr_slavers,787,10433.6,318.823,318.823,289,74,0,backward
dr_slavers,788,10599.4,317.439,317.439,293,75,0,backward
dr_slavers,789,9067,319.338,319.338,292,54,0,backward
dr_slavers,790,11502.4,323.669,323.669,310,64,0,backward
dr_slavers,791,9732.6,323.167,323.167,295,62,0,backward
dr_slavers,792,10836,320.551,320.551,287,62,0,backward
dr_slavers,793,10109.6,320.652,320.652,290,62,0,backward
dr_slavers,794,9525.8,323.468,323.468,304,46,0,backward
dr_slavers,795,9405.2,322.652,322.652,292,56,0,backward
dr_slavers,796,8860.4,323.581,323.581,295,61,0,backward
dr_slavers,797,7726.4,323.095,323.095,297,53,0,backward
dr_slavers,798,7848.4,323.497,323.497,309,36,0,backward
dr_slavers,799,10839.8,321.468,321.468,302,77,0,backward
dr_slavers,800,9109.2,326.924,326.924,300,57,0,backward
dr_slavers,801,15922.4,327.853,327.853,303,105,0,backward
dr_slavers,802,9981.4,326.38,326.38,292,63,0,backward
dr_slavers,803,10841.4,326.693,326.693,289,61,0,backward
dr_slavers,804,14376.6,325.439,325.439,301,99,0,backward
dr_slavers,805,13509.6,325.669,325.669,312,64,0,backward
dr_slavers,806,10673.4,326.267,326.267,301,72,0,backward
dr_slavers,807,14329.6,325.095,325.095,299,99,0,backward
dr_slavers,808,9181.2,327.095,327.095,301,65,0,backward
dr_slavers,809,12128.4,324.468,324.468,305,93,0,backward
dr_slavers,810,10273,328.267,328.267,303,80,0,backward
dr_slavers,811,11497.2,330.439,330.439,306,82,0,backward
dr_slavers,812,8877,331.823,331.823,302,60,0,backward
dr_slavers,813,11636.4,329.024,329.024,305,55,0,backward
dr_slavers,814,12907,328.61,328.61,305,94,0,backward
dr_slavers,815,13826.8,330.338,330.338,303,93,0,backward
dr_slavers,816,13736.6,328.296,328.296,308,89,0,backward
dr_slavers,817,8603,328.752,328.752,301,59,0,backward
dr_slavers,818,9069.4,329.681,329.681,304,62,0,backward
dr_slavers,819,10733.6,329.681,329.681,304,83,0,backward
dr_slavers,820,10196.6,332.238,332.238,302,65,0,backward
dr_slavers,821,11074.4,332.681,332.681,307,56,0,backward
dr_slavers,822,9336.6,334.167,334.167,306,60,0,backward
dr_slavers,823,10486.8,335.066,335.066,304,78,0,backward
dr_slavers,824,15537,335.338,335.338,308,102,0,backward
dr_slavers,825,9545.4,332.723,332.723,300,62,0,backward
dr_slavers,826,10710,332.853,332.853,308,57,0,backward
dr_slavers,827,13599,332.681,332.681,307,93,0,backward
dr_slavers,828,12744.8,332.426,332.426,320,56,0,backward
dr_slavers,829,10245.4,335.066,335.066,304,66,0,backward
dr_slavers,830,9864.8,339.066,339.066,308,69,0,backward
dr_slavers,831,10433.6,339.64,339.64,321,67,0,backward
dr_slavers,832,9634.6,339.154,339.154,323,61,0,backward
dr_slavers,833,12114.4,339.054,339.054,320,92,0,backward
dr_slavers,834,15180.8,338.196,338.196,315,105,0,backward
dr_slavers,835,9241.8,337.894,337.894,306,61,0,backward
dr_slavers,836,12154.6,336.154,336.154,320,79,0,backward
dr_slavers,837,13409.6,336.368,336.368,314,91,0,backward
dr_slavers,838,9205.2,338.581,338.581,310,61,0,backward
dr_slavers,839,9421.6,336.409,336.409,307,62,0,backward
dr_slavers,840,9641.2,342.238,342.238,312,68,0,backward
dr_slavers,841,9362.8,341.309,341.309,309,67,0,backward
dr_slavers,842,9821.8,340.154,340.154,324,60,0,backward
dr_slavers,843,14656.4,342.894,342.894,311,100,0,backward
dr_slavers,844,11177,341.497,341.497,327,71,0,backward
dr_slavers,845,11048.6,341.995,341.995,313,69,0,backward
dr_slavers,846,11514.6,343.681,343.681,318,87,0,backward
dr_slavers,847,12642.6,342.61,342.61,319,97,0,backward
dr_slavers,848,9288.8,343.48,343.48,312,67,0,backward
dr_slavers,849,9841.8,342.208,342.208,307,68,0,backward
dr_slavers,850,11301.6,344.924,344.924,318,90,0,backward
dr_slavers,851,11476.4,344.782,344.782,322,93,0,backward
dr_slavers,852,9951.6,347.48,347.48,316,74,0,backward
dr_slavers,853,14019.6,347.652,347.652,317,96,0,backward
dr_slavers,854,12839.8,345.154,345.154,329,67,0,backward
dr_slavers,855,15385.6,347.167,347.167,319,104,0,backward
dr_slavers,856,13005.6,347.154,347.154,331,61,0,backward
dr_slavers,857,13711.8,346.338,346.338,319,89,0,backward
dr_slavers,858,13795.4,347.338,347.338,320,94,0,backward
dr_slavers,859,11287.2,345.137,345.137,312,66,0,backward
dr_slavers,860,10759.8,350.894,350.894,319,71,0,backward
dr_slavers,861,10314.8,349.38,349.38,315,72,0,backward
dr_slavers,862,9660.2,348.865,348.865,312,70,0,backward
dr_slavers,863,8924.6,351.995,351.995,323,63,0,backward
dr_slavers,864,9302.8,349.238,349.238,319,63,0,backward
dr_slavers,865,12733.8,351.439,351.439,327,91,0,backward
dr_slavers,866,11972,349.196,349.196,326,90,0,backward
dr_slavers,867,9212,350.723,350.723,318,64,0,backward
dr_slavers,868,15296.2,349.338,349.338,322,103,0,backward
dr_slavers,869,10584.2,349.51,349.51,323,83,0,backward
dr_slavers,870,15373,354.581,354.581,326,116,0,backward
dr_slavers,871,9000,352.752,352.752,325,58,0,backward
dr_slavers,872,15887.2,355.368,355.368,333,113,0,backward
dr_slavers,873,9905,355.823,355.823,326,64,0,backward
dr_slavers,874,14792.4,353.539,353.539,332,108,0,backward
dr_slavers,875,14113,353.51,353.51,327,100,0,backward
dr_slavers,876,11859.8,354.581,354.581,326,90,0,backward
dr_slavers,877,10475.4,354.095,354.095,328,81,0,backward
dr_slavers,878,11154,355.154,355.154,339,63,0,backward
dr_slavers,879,9734,355.865,355.865,319,69,0,backward
dr_slavers,880,9341.6,358.681,358.681,333,74,0,backward
dr_slavers,881,11727.4,358.681,358.681,333,94,0,backward
dr_slavers,882,10616.6,357.936,357.936,319,66,0,backward
dr_slavers,883,13508.2,359.167,359.167,331,92,0,backward
dr_slavers,884,9238.8,358.238,358.238,328,65,0,backward
dr_slavers,885,10299.2,356.35,356.35,317,71,0,backward
dr_slavers,886,14461.6,358.681,358.681,333,105,0,backward
dr_slavers,887,10049,358.995,358.995,330,67,0,backward
dr_slavers,888,9815,358.066,358.066,327,69,0,backward
dr_slavers,889,10770.2,357.865,357.865,321,78,0,backward
dr_slavers,890,15000.6,361.267,361.267,336,110,0,backward
dr_slavers,891,10047.2,362.865,362.865,326,63,0,backward
dr_slavers,892,10118.8,363.137,363.137,330,75,0,backward
dr_slavers,893,9738.6,361.451,361.451,325,65,0,backward
dr_slavers,894,10026.4,360.38,360.38,326,66,0,backward
dr_slavers,895,12726.2,362.368,362.368,340,100,0,backward
dr_slavers,896,10397.8,362.723,362.723,330,69,0,backward
dr_slavers,897,11679.4,361.811,361.811,344,62,0,backward
dr_slavers,898,11997,363.61,363.61,340,93,0,backward
dr_slavers,899,11453.2,362.238,362.238,332,62,0,backward
dr_slavers,900,12400.2,365.48,365.48,334,94,0,backward
dr_slavers,901,14859.2,366.024,366.024,342,107,0,backward
dr_slavers,902,11882.8,364.409,364.409,335,94,0,backward
dr_slavers,903,10957,366.652,366.652,336,91,0,backward
dr_slavers,904,10834.6,367.167,367.167,339,74,0,backward
dr_slavers,905,9865.2,367.894,367.894,336,62,0,backward
dr_slavers,906,11652.8,364.823,364.823,335,92,0,backward
dr_slavers,907,11703.8,366.61,366.61,343,96,0,backward
dr_slavers,908,12023.8,367.61,367.61,344,102,0,backward
dr_slavers,909,11037.8,367.007,367.007,326,69,0,backward
dr_slavers,910,15934,368.924,368.924,342,111,0,backward
dr_slavers,911,10255.6,370.037,370.037,334,65,0,backward
dr_slavers,912,10535.4,371.208,371.208,336,68,0,backward
dr_slavers,913,15093,369.853,369.853,345,111,0,backward
dr_slavers,914,9955.6,370.309,370.309,338,66,0,backward
dr_slavers,915,11799.8,371.167,371.167,343,99,0,backward
dr_slavers,916,11021,368.238,368.238,338,90,0,backward
dr_slavers,917,10360.6,369.066,369.066,338,67,0,backward
dr_slavers,918,9496.8,370.137,370.137,337,66,0,backward
dr_slavers,919,9291.2,370.794,370.794,336,70,0,backward
dr_slavers,920,10414,373.108,373.108,335,66,0,backward
dr_slavers,921,10396.2,375.894,375.894,344,69,0,backward
dr_slavers,922,12881,372.368,372.368,350,66,0,backward
dr_slavers,923,11624.2,373.137,373.137,340,91,0,backward
dr_slavers,924,15996.2,372.238,372.238,342,108,0,backward
dr_slavers,925,10376,373.037,373.037,337,67,0,backward
dr_slavers,926,11771.8,375.995,375.995,347,92,0,backward
dr_slavers,927,9879,373.865,373.865,337,64,0,backward
dr_slavers,928,11910.6,374.995,374.995,346,97,0,backward
dr_slavers,929,11626.8,373.238,373.238,343,96,0,backward
dr_slavers,930,10086.4,379.309,379.309,347,69,0,backward
dr_slavers,931,12463.4,378.196,378.196,355,72,0,backward
dr_slavers,932,10302.8,379.865,379.865,343,69,0,backward
dr_slavers,933,10129.8,376.35,376.35,337,67,0,backward
dr_slavers,934,10767,377.208,377.208,342,82,0,backward
dr_slavers,935,9734,379.522,379.522,341,74,0,backward
dr_slavers,936,12651.4,376.208,376.208,341,70,0,backward
dr_slavers,937,9098.2,377.279,377.279,340,72,0,backward
dr_slavers,938,10347.4,377.995,377.995,349,97,0,backward
dr_slavers,939,10318.6,378.652,378.652,348,98,0,backward
dr_slavers,940,12898.4,381.066,381.066,350,98,0,backward
dr_slavers,941,13783,380.095,380.095,354,111,0,backward
dr_slavers,942,9277,383.279,383.279,346,73,0,backward
dr_slavers,943,8461.4,380.622,380.622,345,69,0,backward
dr_slavers,944,9162,382.622,382.622,347,68,0,backward
dr_slavers,945,10224.2,382.48,382.48,351,94,0,backward
dr_slavers,946,10037,380.581,380.581,352,99,0,backward
dr_slavers,947,10624.6,382.51,382.51,356,102,0,backward
dr_slavers,948,10102.8,381.823,381.823,352,96,0,backward
dr_slavers,949,8984.4,382.522,382.522,344,72,0,backward
