map,scenid,tcost,distance,expect,steps,access,r,itype
dr_slavers,0,1112.2,15.6569,5.65685,14,15,16,forward
dr_slavers,1,430,6.82843,5.41421,6,3,16,forward
dr_slavers,2,559.2,9.41421,7.41421,9,6,16,forward
dr_slavers,3,246,8.82843,4.82843,8,0,16,forward
dr_slavers,4,422.6,15.0711,5.41421,13,0,16,forward
dr_slavers,5,318.8,13.8995,5.41421,11,0,16,forward
dr_slavers,6,347.2,18.1421,4,14,0,16,forward
dr_slavers,7,730.4,12.4142,6.41421,12,18,16,forward
dr_slavers,8,1132.4,23.0711,5.82843,21,22,16,forward
dr_slavers,9,954.4,18.4853,6,16,19,16,forward
dr_slavers,10,492.2,19.5563,11.8995,15,5,16,forward
dr_slavers,11,292.8,15.7279,9.82843,12,0,16,forward
dr_slavers,12,439.4,13.0711,8.82843,11,5,16,forward
dr_slavers,13,547.6,20.8284,11.8284,20,0,16,forward
dr_slavers,14,466.6,25.7279,10.6569,22,0,16,forward
dr_slavers,15,747.2,25.7279,11.4853,22,5,16,forward
dr_slavers,16,1082.2,20.8284,8.41421,20,29,16,forward
dr_slavers,17,256.8,9.41421,9.41421,9,0,16,forward
dr_slavers,18,209.6,12.6569,8.41421,11,0,16,forward
dr_slavers,19,473.4,24.1421,8.82843,20,2,16,forward
dr_slavers,20,726.6,15.4142,12.4142,15,11,16,forward
dr_slavers,21,434.6,29.3137,13.8995,26,0,16,forward
dr_slavers,22,534.8,18.4142,13.4853,18,3,16,forward
dr_slavers,23,474,12.4142,12.4142,12,4,16,forward
dr_slavers,24,875.4,30.7279,12.8995,27,5,16,forward
dr_slavers,25,797.4,19.4853,15.8284,17,9,16,forward
dr_slavers,26,931.8,25.9706,15.0711,21,10,16,forward
dr_slavers,27,737.8,26.1421,12.6569,22,13,16,forward
dr_slavers,28,462,13.4853,12.3137,11,1,16,forward
dr_slavers,29,944.8,30.8995,12.3137,28,8,16,forward
dr_slavers,30,1876.6,29.799,19.1421,24,26,16,forward
dr_slavers,31,585.8,37.3848,16.6569,32,0,16,forward
dr_slavers,32,856.6,21.8995,19.5563,19,8,16,forward
dr_slavers,33,479.2,21.5563,18.7279,17,1,16,forward
dr_slavers,34,397.4,20.7279,19.5563,17,0,16,forward
dr_slavers,35,441.8,23.5563,19.4142,19,2,16,forward
dr_slavers,36,439.2,17.8284,17.8284,17,0,16,forward
dr_slavers,37,476,18.4142,18.4142,18,1,16,forward
dr_slavers,38,418.4,21.3848,17.1421,16,0,16,forward
dr_slavers,39,645.2,27.4853,17.9706,25,2,16,forward
dr_slavers,40,705,36.5269,20.799,27,2,16,forward
dr_slavers,41,757.2,22.8995,20.8995,20,12,16,forward
dr_slavers,42,1230,35.8995,22.1421,33,15,16,forward
dr_slavers,43,787.6,35.6569,23.2132,34,4,16,forward
dr_slavers,44,1276.2,31.0711,23.3137,29,17,16,forward
dr_slavers,45,1123,42.3848,23.4142,37,18,16,forward
dr_slavers,46,637.2,37.3848,21.8284,32,0,16,forward
dr_slavers,47,1509.8,47.7279,23.4853,44,41,16,forward
dr_slavers,48,863.4,28.799,23.1421,23,6,16,forward
dr_slavers,49,591.4,29.5563,23.7279,25,2,16,forward
dr_slavers,50,1224.2,37.3137,27.4142,34,14,16,forward
dr_slavers,51,679.4,30.799,27.4853,25,2,16,forward
dr_slavers,52,1453,34.9706,26.4853,30,21,16,forward
dr_slavers,53,936.6,27.5563,25.2132,23,9,16,forward
dr_slavers,54,1107.8,34.6985,27.1421,26,16,16,forward
dr_slavers,55,658.8,26.8995,26.8995,24,8,16,forward
dr_slavers,56,817.4,28.8995,27.2426,26,15,16,forward
dr_slavers,57,660.2,32.2426,26.9706,31,2,16,forward
dr_slavers,58,887.8,32.4558,27.4853,25,13,16,forward
dr_slavers,59,735.4,31.3137,26.9706,28,8,16,forward
dr_slavers,60,1480,37.8284,28.8284,37,38,16,forward
dr_slavers,61,1244.4,36.5563,28.5563,32,17,16,forward
dr_slavers,62,832.2,34.3848,31.3137,29,12,16,forward
dr_slavers,63,1376,43.7279,31.8995,40,40,16,forward
dr_slavers,64,1401,36.8995,29.0711,34,26,16,forward
dr_slavers,65,934.4,37.3848,31.6274,32,5,16,forward
dr_slavers,66,1433.8,39.6569,28.4853,38,29,16,forward
dr_slavers,67,794.4,32.0711,30.4142,30,21,16,forward
dr_slavers,68,1656,43.799,30.7279,38,31,16,forward
dr_slavers,69,1176.6,39.0711,31.2426,37,16,16,forward
dr_slavers,70,1274.6,35.8284,35.8284,35,34,16,forward
dr_slavers,71,962.4,39.9411,34.6274,30,14,16,forward
dr_slavers,72,1237.8,46.799,33.4853,41,24,16,forward
dr_slavers,73,1538.4,50.799,33.8284,45,25,16,forward
dr_slavers,74,3788.6,56.2132,32.4142,50,11,16,forward
dr_slavers,75,1032.4,37.3848,34.4558,32,11,16,forward
dr_slavers,76,1019.2,42.4853,32.8284,40,12,16,forward
dr_slavers,77,1061.2,36.3848,32.0416,31,17,16,forward
dr_slavers,78,974.8,34.6274,32.8701,28,17,16,forward
dr_slavers,79,760.2,33.8995,33.8995,31,6,16,forward
dr_slavers,80,1587.6,56.3137,38.4853,53,51,16,forward
dr_slavers,81,838,40.7279,38.9706,37,5,16,forward
dr_slavers,82,720.6,43.6985,37.3553,35,0,16,forward
dr_slavers,83,1357.6,40.2426,38.2426,39,31,16,forward
dr_slavers,84,1561.2,37.8284,37.8284,37,21,16,forward
dr_slavers,85,1385,40.799,39.6274,35,22,16,forward
dr_slavers,86,1633,59.0122,39.0416,47,23,16,forward
dr_slavers,87,1380.4,44.8995,38.7279,42,32,16,forward
dr_slavers,88,1387.2,39.7279,36.5563,36,28,16,forward
dr_slavers,89,1717.6,52.7279,37.0711,49,35,16,forward
dr_slavers,90,1112.2,42.6274,41.2132,36,28,16,forward
dr_slavers,91,1824.2,50.9706,43.3137,46,43,16,forward
dr_slavers,92,1872.8,45.799,42.8701,40,36,16,forward
dr_slavers,93,1701.2,56.4853,42.1421,54,36,16,forward
dr_slavers,94,948.6,46.4853,42.4853,44,2,16,forward
dr_slavers,95,1267.4,42.3137,42.3137,39,32,16,forward
dr_slavers,96,1080.2,40.7279,40.7279,37,21,16,forward
dr_slavers,97,1056.6,41.6985,41.1127,33,10,16,forward
dr_slavers,98,1536.8,41.3137,41.3137,38,26,16,forward
dr_slavers,99,715.4,47.1838,43.0416,36,0,16,forward
dr_slavers,100,1595.2,56.3137,45.7279,53,36,16,forward
dr_slavers,101,2272.2,63.9706,45.4853,59,48,16,forward
dr_slavers,102,1428.6,50.1838,45.1127,39,22,16,forward
dr_slavers,103,1504.4,50.5563,44.799,46,29,16,forward
dr_slavers,104,1643.8,51.9706,46.3137,47,40,16,forward
dr_slavers,105,896.8,51.1838,47.1838,40,2,16,forward
dr_slavers,106,1374.6,69.669,46.8701,56,21,16,forward
dr_slavers,107,1346,53.0711,45.6569,51,5,16,forward
dr_slavers,108,1429.4,58.8701,45.3137,51,19,16,forward
dr_slavers,109,710.4,47.2548,47.2548,34,4,16,forward
dr_slavers,110,1891.4,56.4853,51.6569,54,44,16,forward
dr_slavers,111,1452.2,74.4558,50.4142,67,21,16,forward
dr_slavers,112,1676.4,63.7696,48.7696,53,20,16,forward
dr_slavers,113,1786.2,54.1421,51.3137,50,38,16,forward
dr_slavers,114,1769.8,56.3848,50.4853,51,39,16,forward
dr_slavers,115,2750.6,65.1421,49.1421,61,72,16,forward
dr_slavers,116,1746.6,54.3848,50.5563,49,35,16,forward
dr_slavers,117,1912.6,63.5563,49.7279,59,51,16,forward
dr_slavers,118,875.4,62.5685,50.7696,46,1,16,forward
dr_slavers,119,1945.4,62.2843,51.8995,54,46,16,forward
dr_slavers,120,1471.6,54.5563,52.8995,50,35,16,forward
dr_slavers,121,2092.4,71.6274,53.1421,65,67,16,forward
dr_slavers,122,1442,53.8701,52.2132,46,35,16,forward
dr_slavers,123,3190.2,69.8284,54.8284,69,78,16,forward
dr_slavers,124,1195.8,54.8701,52.8701,47,14,16,forward
dr_slavers,125,1169.6,55.2843,54.4558,47,16,16,forward
dr_slavers,126,2025,58.5563,55.7279,54,38,16,forward
dr_slavers,127,1025.4,69.4975,53.4975,55,4,16,forward
dr_slavers,128,1829.8,60.6274,55.3848,54,45,16,forward
dr_slavers,129,1982.4,63.2132,53.5563,57,43,16,forward
dr_slavers,130,2429.8,75.4558,59.8701,68,60,16,forward
dr_slavers,131,3016.4,75.8995,59.8995,73,81,16,forward
dr_slavers,132,1784.6,67.4853,56.7279,65,49,16,forward
dr_slavers,133,2047.6,75.4264,58.1127,63,37,16,forward
dr_slavers,134,1786.6,70.2132,56.4142,64,34,16,forward
dr_slavers,135,1081.2,60.7696,59.3553,50,21,16,forward
dr_slavers,136,2329,70.8995,58.0711,68,60,16,forward
dr_slavers,137,2128.2,65.9411,57.5269,56,43,16,forward
dr_slavers,138,2039.6,71.5685,59.9117,55,39,16,forward
dr_slavers,139,1861.6,60.7401,56.9117,45,27,16,forward
dr_slavers,140,2173.4,70.2426,61,69,62,16,forward
dr_slavers,141,1827.8,64.3848,61.0711,59,49,16,forward
dr_slavers,142,1686,66.6569,60.3137,65,21,16,forward
dr_slavers,143,1606.4,61.598,60.7696,50,37,16,forward
dr_slavers,144,1567.4,73.0711,63.8995,71,39,16,forward
dr_slavers,145,1840.8,65.1421,63.7279,61,53,16,forward
dr_slavers,146,1556.8,63.2843,63.2843,55,31,16,forward
dr_slavers,147,1845.6,64.3137,62.3137,61,46,16,forward
dr_slavers,148,1837.4,63.7279,62.7279,60,49,16,forward
dr_slavers,149,2215.6,86.6274,61.3137,80,54,16,forward
dr_slavers,150,2123.4,73.9411,64.0416,64,40,16,forward
dr_slavers,151,2755.6,86.2548,66.7696,73,60,16,forward
dr_slavers,152,2040,69.1421,67.4853,65,39,16,forward
dr_slavers,153,2180.8,77.5269,64.2132,68,41,16,forward
dr_slavers,154,2152.4,77.6569,67.6569,76,55,16,forward
dr_slavers,155,2339.6,71.0711,65.8284,69,63,16,forward
dr_slavers,156,1632.4,68.3137,64.8995,65,51,16,forward
dr_slavers,157,1532.8,77.5269,66.0416,68,30,16,forward
dr_slavers,158,2194.6,70.5563,66.0711,66,63,16,forward
dr_slavers,159,2317,74.9411,65.9411,65,53,16,forward
dr_slavers,160,2379.2,72.0416,69.0416,65,59,16,forward
dr_slavers,161,2059,70.8995,68.6569,68,60,16,forward
dr_slavers,162,2021.4,83.9706,69.4853,79,51,16,forward
dr_slavers,163,2192,90.2843,70.4853,82,54,16,forward
dr_slavers,164,2250.2,70.3848,68.3848,65,61,16,forward
dr_slavers,165,2901.6,89.3137,71.0711,86,87,16,forward
dr_slavers,166,1978.8,72.2548,69.2548,59,28,16,forward
dr_slavers,167,2991.6,79.1421,69.7279,75,81,16,forward
dr_slavers,168,2537,88.5563,71.5563,84,69,16,forward
dr_slavers,169,1811.6,69.7279,69.7279,66,55,16,forward
dr_slavers,170,2243.4,96.5269,72.4853,87,62,16,forward
dr_slavers,171,3134,91.0711,75.6569,89,98,16,forward
dr_slavers,172,2793.4,86.9706,72.2426,82,63,16,forward
dr_slavers,173,2603.6,89.3137,75.0711,86,86,16,forward
dr_slavers,174,2951.4,92.9706,74.1421,88,88,16,forward
dr_slavers,175,2297.2,79.4264,74.1838,67,54,16,forward
dr_slavers,176,1485,74.4853,72.8284,72,46,16,forward
dr_slavers,177,2235.8,80.8701,74.2843,73,62,16,forward
dr_slavers,178,2600.2,98.8701,74.0711,91,58,16,forward
dr_slavers,179,2501.2,77.2132,75.799,71,66,16,forward
dr_slavers,180,2752,97.6274,79.4853,91,80,16,forward
dr_slavers,181,2017.8,77.6985,76.0416,69,47,16,forward
dr_slavers,182,2615.2,86.5563,79.8995,82,74,16,forward
dr_slavers,183,2345,86.9706,77.9706,82,72,16,forward
dr_slavers,184,3007.4,89.9411,76.0416,80,77,16,forward
dr_slavers,185,2309.2,82.4558,79.1421,75,56,16,forward
dr_slavers,186,2571,79.8995,77.0711,77,65,16,forward
dr_slavers,187,2461.2,98.799,78.8995,93,74,16,forward
dr_slavers,188,2267.6,78.6569,78.6569,77,60,16,forward
dr_slavers,189,2125.4,79.3137,79.3137,76,69,16,forward
dr_slavers,190,2301.4,85.3848,83.7279,80,70,16,forward
dr_slavers,191,2891.4,98.6569,82.6569,97,91,16,forward
dr_slavers,192,3075.6,93.1838,82.8701,82,71,16,forward
dr_slavers,193,2167.8,101.799,81.4142,96,67,16,forward
dr_slavers,194,2852.8,91.1127,83.1127,82,77,16,forward
dr_slavers,195,1909.6,86.3137,80.5563,83,70,16,forward
dr_slavers,196,2818.6,87.7279,83.6274,84,71,16,forward
dr_slavers,197,2716.8,80.9706,80.9706,76,66,16,forward
dr_slavers,198,3043.4,88.2426,80.2426,87,91,16,forward
dr_slavers,199,2167,89.9411,80.2132,80,64,16,forward
dr_slavers,200,2409.6,92.2548,86.9411,79,67,16,forward
dr_slavers,201,2308.8,86.0711,86.0711,84,70,16,forward
dr_slavers,202,2322.4,89.3259,85.0833,74,61,16,forward
dr_slavers,203,2718.4,88.799,87.9706,83,71,16,forward
dr_slavers,204,2886.4,88.1421,85.3137,84,72,16,forward
dr_slavers,205,2832.2,90.598,86.3553,79,69,16,forward
dr_slavers,206,2786.6,100.941,85.799,91,75,16,forward
dr_slavers,207,2059.6,87.0416,86.2132,80,71,16,forward
dr_slavers,208,2578.8,87.4558,85.799,80,72,16,forward
dr_slavers,209,2520.4,90.6985,85.6274,82,63,16,forward
dr_slavers,210,2858,100.971,88.4853,96,92,16,forward
dr_slavers,211,2463.2,88.799,88.799,83,61,16,forward
dr_slavers,212,2074.8,88.8995,88.8995,86,76,16,forward
dr_slavers,213,3099.8,90.8995,90.8995,88,88,16,forward
dr_slavers,214,2928.8,105.284,91.6274,97,68,16,forward
dr_slavers,215,2687.6,114.426,88.9706,102,79,16,forward
dr_slavers,216,3218.4,100.314,88.8284,97,92,16,forward
dr_slavers,217,2444.2,89.799,89.799,84,60,16,forward
dr_slavers,218,2948.6,100.527,88.2132,91,69,16,forward
dr_slavers,219,1933.2,90.799,89.9706,85,46,16,forward
dr_slavers,220,3399.6,105.355,95.3553,95,79,16,forward
dr_slavers,221,3624.6,103.698,95.5563,95,84,16,forward
dr_slavers,222,2919,113.355,94.9706,103,86,16,forward
dr_slavers,223,2563.8,117.74,94.9411,102,67,16,forward
dr_slavers,224,2905.8,97.2132,95.799,91,83,16,forward
dr_slavers,225,3224.8,106.355,94.3553,96,82,16,forward
dr_slavers,226,2711.4,111.184,95.1838,100,84,16,forward
dr_slavers,227,3092.8,111.012,94.6985,99,100,16,forward
dr_slavers,228,3143.2,110.355,92.3553,100,85,16,forward
dr_slavers,229,2979.8,96.6274,93.5563,90,79,16,forward
dr_slavers,230,2945.4,109.941,99.5269,100,100,16,forward
dr_slavers,231,3080.2,110.77,96.6274,100,88,16,forward
dr_slavers,232,2648.4,100.941,98.4558,91,68,16,forward
dr_slavers,233,2930.8,99.6274,98.6274,93,91,16,forward
dr_slavers,234,3101.8,103.142,99.6274,99,92,16,forward
dr_slavers,235,2678.6,98.7279,98.7279,95,90,16,forward
dr_slavers,236,3565,96.0416,96.0416,89,81,16,forward
dr_slavers,237,3204.6,108.042,96.3848,101,91,16,forward
dr_slavers,238,2527.4,99.4853,98.8995,97,88,16,forward
dr_slavers,239,2867.6,106.971,98.1421,102,90,16,forward
dr_slavers,240,3083,102.627,102.627,96,86,16,forward
dr_slavers,241,2996,106.213,101.213,100,94,16,forward
dr_slavers,242,2779.2,104.87,103.284,97,82,16,forward
dr_slavers,243,3309.6,106.213,103.385,100,91,16,forward
dr_slavers,244,2815.2,107.87,100.385,100,89,16,forward
dr_slavers,245,3166.4,103.071,101.899,101,91,16,forward
dr_slavers,246,2944.6,102.87,102.87,95,75,16,forward
dr_slavers,247,3301.6,106.284,103.87,98,92,16,forward
dr_slavers,248,2869.6,106.811,101.154,89,70,16,forward
dr_slavers,249,3379.2,104.728,100.728,101,95,16,forward
dr_slavers,250,3500.4,114.012,107.385,102,87,16,forward
dr_slavers,251,3309.2,118.426,106.77,106,103,16,forward
dr_slavers,252,2468.4,109.527,104.527,100,75,16,forward
dr_slavers,253,3946.2,118.941,105.941,109,97,16,forward
dr_slavers,254,3659.6,113.627,107.698,107,96,16,forward
dr_slavers,255,3661.6,121.598,105.698,110,109,16,forward
dr_slavers,256,3520.4,115.527,107.284,106,92,16,forward
dr_slavers,257,3608.2,118.184,106.113,107,98,16,forward
dr_slavers,258,3225,114.77,104.941,104,92,16,forward
dr_slavers,259,3530.2,108.314,107.485,105,84,16,forward
dr_slavers,260,3514,129.527,110.142,120,110,16,forward
dr_slavers,261,2536.6,111.255,109.497,98,80,16,forward
dr_slavers,262,2946.6,115.113,110.627,106,95,16,forward
dr_slavers,263,3073.6,115.213,108.87,109,100,16,forward
dr_slavers,264,3570.2,118.841,110.012,106,88,16,forward
dr_slavers,265,3780.4,123.527,110.698,114,101,16,forward
dr_slavers,266,3150.4,117.184,108.698,106,95,16,forward
dr_slavers,267,3347.8,118.941,108.113,109,99,16,forward
dr_slavers,268,3044.2,110.87,109.213,103,84,16,forward
dr_slavers,269,2917.2,127.698,110.184,119,73,16,forward
dr_slavers,270,4024.2,130.284,115.456,122,105,16,forward
dr_slavers,271,3780.4,128.184,115.012,117,108,16,forward
dr_slavers,272,3236,118.698,114.87,110,101,16,forward
dr_slavers,273,2967.2,113.87,113.87,106,73,16,forward
dr_slavers,274,3686.6,116.485,115.314,114,108,16,forward
dr_slavers,275,3268.8,113.485,113.485,111,105,16,forward
dr_slavers,276,3443.2,125.841,115.941,113,93,16,forward
dr_slavers,277,2961,120.569,114.77,104,81,16,forward
dr_slavers,278,3829.6,138.912,115.941,124,108,16,forward
dr_slavers,279,3005,121.497,112.669,107,86,16,forward
dr_slavers,280,2638.6,123.456,116.426,116,89,16,forward
dr_slavers,281,3435.4,136.213,119.728,130,104,16,forward
dr_slavers,282,3780.8,133.113,118.385,124,109,16,forward
dr_slavers,283,3391.4,133.385,117.828,128,98,16,forward
dr_slavers,284,2977,118.142,118.142,114,104,16,forward
dr_slavers,285,4250.2,136.314,118.657,133,121,16,forward
dr_slavers,286,3206,117.314,117.314,114,98,16,forward
dr_slavers,287,3866.8,123.326,117.912,108,99,16,forward
dr_slavers,288,2870.4,123.184,118.213,112,81,16,forward
dr_slavers,289,3193.4,124.142,116.314,120,100,16,forward
dr_slavers,290,3298.2,134.083,121.941,120,101,16,forward
dr_slavers,291,2884,143.497,120.87,129,92,16,forward
dr_slavers,292,2842.4,135.527,121.385,126,107,16,forward
dr_slavers,293,3014.4,122.799,121.142,117,99,16,forward
dr_slavers,294,2594.4,132.355,123.87,122,105,16,forward
dr_slavers,295,3882.4,122.255,120.598,109,99,16,forward
dr_slavers,296,3064.4,126.698,121.698,118,91,16,forward
dr_slavers,297,4249.8,136.698,123.728,128,110,16,forward
dr_slavers,298,3380.8,120.627,120.627,114,106,16,forward
dr_slavers,299,3563.2,120.811,120.811,103,89,16,forward
dr_slavers,300,3356,127.314,124.485,124,95,16,forward
dr_slavers,301,3807.6,139.74,127.841,124,109,16,forward
dr_slavers,302,3381.8,125.113,125.113,116,84,16,forward
dr_slavers,303,3710.8,134.284,126.627,126,114,16,forward
dr_slavers,304,3765.6,145.77,127.042,135,122,16,forward
dr_slavers,305,3887.2,127.426,126.012,115,104,16,forward
dr_slavers,306,4052,143.941,126.941,134,119,16,forward
dr_slavers,307,3402,132.569,125.054,116,91,16,forward
dr_slavers,308,4059.4,127.627,126.627,121,116,16,forward
dr_slavers,309,3850.6,135.87,125.385,128,112,16,forward
dr_slavers,310,3967.8,148.456,131.456,141,126,16,forward
dr_slavers,311,4796.4,150.042,131.87,143,124,16,forward
dr_slavers,312,4038.2,137.77,129.326,127,107,16,forward
dr_slavers,313,3757,136.012,129.184,124,111,16,forward
dr_slavers,314,4200.2,144.669,128.669,131,126,16,forward
dr_slavers,315,3651.6,129.799,129.799,124,119,16,forward
dr_slavers,316,3737.2,159.426,129.971,147,109,16,forward
dr_slavers,317,3544.4,130.326,130.326,115,91,16,forward
dr_slavers,318,3514.6,136.74,131.77,121,106,16,forward
dr_slavers,319,3842.6,141.497,131.255,127,128,16,forward
dr_slavers,320,4034.6,149.184,135.426,138,121,16,forward
dr_slavers,321,3545.2,147.983,134.912,131,97,16,forward
dr_slavers,322,4346,142.971,135.971,138,120,16,forward
dr_slavers,323,4113.4,144.556,134.899,140,126,16,forward
dr_slavers,324,2928.4,135.527,133.87,126,95,16,forward
dr_slavers,325,3597.4,145.841,133.113,133,105,16,forward
dr_slavers,326,3827.8,142.799,134.899,137,98,16,forward
dr_slavers,327,4167,140.841,135.184,128,105,16,forward
dr_slavers,328,3913.8,148.012,132.456,136,107,16,forward
dr_slavers,329,4321.2,137.87,135.456,130,128,16,forward
dr_slavers,330,4154.6,144.012,139.012,132,108,16,forward
dr_slavers,331,3913.8,152.669,137.497,139,118,16,forward
dr_slavers,332,3515,140.255,137.184,127,115,16,forward
dr_slavers,333,4737.8,148.071,139.071,146,142,16,forward
dr_slavers,334,4572.2,161.225,137.841,143,124,16,forward
dr_slavers,335,4040.4,139.042,137.042,132,128,16,forward
dr_slavers,336,3763.6,141.326,136.154,126,102,16,forward
dr_slavers,337,3578.6,143.225,136.811,125,109,16,forward
dr_slavers,338,3436.8,138.355,138.355,128,115,16,forward
dr_slavers,339,3626,140.456,137.971,133,124,16,forward
dr_slavers,340,3733,156.841,141.841,144,130,16,forward
dr_slavers,341,4253.6,145.882,143.054,126,112,16,forward
dr_slavers,342,4466.6,150.255,142.154,137,130,16,forward
dr_slavers,343,3690.8,144.841,143.426,132,115,16,forward
dr_slavers,344,3672.4,155.355,142.698,145,133,16,forward
dr_slavers,345,4312.2,146.184,140.527,135,128,16,forward
dr_slavers,346,5139.2,148.799,143.485,143,129,16,forward
dr_slavers,347,3718.6,141.042,141.042,134,107,16,forward
dr_slavers,348,4774.6,155.728,140.899,152,152,16,forward
dr_slavers,349,4342.4,150.456,143.284,143,127,16,forward
dr_slavers,350,3936.8,145.012,145.012,133,114,16,forward
dr_slavers,351,4511.8,163.456,145.971,156,154,16,forward
dr_slavers,352,4006.2,145.485,145.485,143,132,16,forward
dr_slavers,353,3605.4,148.113,144.012,139,125,16,forward
dr_slavers,354,4372.6,154.456,144.556,147,130,16,forward
dr_slavers,355,3980.2,154.355,146.113,144,129,16,forward
dr_slavers,356,3946,146.326,144.326,131,103,16,forward
dr_slavers,357,4463,155.456,144.627,148,145,16,forward
dr_slavers,358,5086.6,153.569,145.569,137,144,16,forward
dr_slavers,359,4201,149.012,146.527,137,115,16,forward
dr_slavers,360,5093.2,168.054,150.74,149,145,16,forward
dr_slavers,361,4565,163.698,150.728,155,146,16,forward
dr_slavers,362,3647.6,148.184,148.184,137,121,16,forward
dr_slavers,363,3891,151.912,151.326,137,105,16,forward
dr_slavers,364,4168.4,156.983,150.74,140,117,16,forward
dr_slavers,365,4383.2,168.368,149.368,146,128,16,forward
dr_slavers,366,4289.6,165.154,148.184,149,132,16,forward
dr_slavers,367,4123.6,150.397,150.397,133,110,16,forward
dr_slavers,368,4822.2,169.669,149.87,156,131,16,forward
dr_slavers,369,3218.4,160.912,148.184,146,120,16,forward
dr_slavers,370,4506.4,157.426,155.083,145,135,16,forward
dr_slavers,371,4312.2,156.456,155.627,149,116,16,forward
dr_slavers,372,3559.2,157.527,154.941,148,105,16,forward
dr_slavers,373,3758.8,154.74,153.083,139,120,16,forward
dr_slavers,374,4650.4,156.456,152.213,149,137,16,forward
dr_slavers,375,4075,154.184,154.184,143,125,16,forward
dr_slavers,376,3612.6,170.912,155.598,156,126,16,forward
dr_slavers,377,4801.2,153.497,152.083,139,130,16,forward
dr_slavers,378,4151.2,154.669,154.669,141,115,16,forward
dr_slavers,379,4047.8,158.912,155.012,144,127,16,forward
dr_slavers,380,3684,156.598,156.598,145,125,16,forward
dr_slavers,381,4953.8,176.355,157.385,166,139,16,forward
dr_slavers,382,3914,171.326,156.012,156,125,16,forward
dr_slavers,383,4133.6,176.74,157.154,161,122,16,forward
dr_slavers,384,4014,158.77,158.184,148,143,16,forward
dr_slavers,385,5425.8,172.77,159.941,162,162,16,forward
dr_slavers,386,4358.2,156.326,156.326,141,120,16,forward
dr_slavers,387,4637,164.054,157.669,145,122,16,forward
dr_slavers,388,4501.6,161.154,159.983,145,127,16,forward
dr_slavers,389,4594.6,166.355,157.87,156,132,16,forward
dr_slavers,390,5150.8,171.154,161.983,155,130,16,forward
dr_slavers,391,4682,163.841,163.841,151,138,16,forward
dr_slavers,392,4620.4,163.385,163.385,158,152,16,forward
dr_slavers,393,4209.4,166.983,163.669,150,124,16,forward
dr_slavers,394,5299.4,161.042,161.042,154,140,16,forward
dr_slavers,395,3865.2,174.497,163.326,160,120,16,forward
dr_slavers,396,5354.8,172.083,160.083,158,153,16,forward
dr_slavers,397,4403.6,165.77,163.77,155,145,16,forward
dr_slavers,398,4659.6,174.196,160.196,151,147,16,forward
dr_slavers,399,4990.4,168.426,162.669,156,146,16,forward
dr_slavers,400,5104,169.083,167.669,155,144,16,forward
dr_slavers,401,5092.4,181.397,166.627,164,138,16,forward
dr_slavers,402,5177,177.184,167.527,166,153,16,forward
dr_slavers,403,5121.4,168.64,166.882,150,121,16,forward
dr_slavers,404,4463.2,173.024,167.024,149,125,16,forward
dr_slavers,405,4403,164.811,164.811,147,133,16,forward
dr_slavers,406,4234.4,166.698,166.698,158,126,16,forward
dr_slavers,407,4352,166.912,166.326,152,141,16,forward
dr_slavers,408,5717.6,190.941,165.728,181,174,16,forward
dr_slavers,409,4723.6,167.054,167.054,148,129,16,forward
dr_slavers,410,5001.4,189.811,170.841,172,158,16,forward
dr_slavers,411,4807,175.355,171.841,165,139,16,forward
dr_slavers,412,4729.8,170.012,170.012,158,141,16,forward
dr_slavers,413,4490.2,180.527,169.941,171,127,16,forward
dr_slavers,414,3804.8,179.497,171.456,165,124,16,forward
dr_slavers,415,4178.2,172.527,170.042,163,151,16,forward
dr_slavers,416,5250.2,171.012,170.426,159,150,16,forward
dr_slavers,417,5239,176.853,169.196,152,138,16,forward
dr_slavers,418,4708,188.598,170.627,177,153,16,forward
dr_slavers,419,4442.4,179.225,171.77,161,145,16,forward
dr_slavers,420,5058.8,176.225,175.397,158,136,16,forward
dr_slavers,421,4994.8,186.255,175.255,173,170,16,forward
dr_slavers,422,5696.2,196.113,172.095,187,169,16,forward
dr_slavers,423,4838,186.497,172.012,172,151,16,forward
dr_slavers,424,6198.8,186.497,174.255,172,177,16,forward
dr_slavers,425,4836,181.87,175.485,174,160,16,forward
dr_slavers,426,5668,190.77,175.77,180,174,16,forward
dr_slavers,427,4955.2,174.213,172.213,168,158,16,forward
dr_slavers,428,4860,173.154,173.154,157,146,16,forward
dr_slavers,429,3958.4,174.527,174.527,165,150,16,forward
dr_slavers,430,5269.8,191.698,176.385,183,161,16,forward
dr_slavers,431,5053,188.912,176.912,174,173,16,forward
dr_slavers,432,5125,178.184,178.184,167,155,16,forward
dr_slavers,433,5404.4,193.054,179.355,174,164,16,forward
dr_slavers,434,4565.8,177.983,177.154,161,132,16,forward
dr_slavers,435,6106.6,195.255,179.598,182,177,16,forward
dr_slavers,436,4346.2,187.468,179.426,168,150,16,forward
dr_slavers,437,5030.2,194.912,179.054,180,155,16,forward
dr_slavers,438,4483.2,176.64,176.64,158,137,16,forward
dr_slavers,439,5511.4,182.497,177.669,168,154,16,forward
dr_slavers,440,4765.4,188.368,182.51,166,136,16,forward
dr_slavers,441,4790.6,180.113,180.113,171,157,16,forward
dr_slavers,442,5405.4,198.012,183.87,186,160,16,forward
dr_slavers,443,4750.6,180.941,180.941,171,152,16,forward
dr_slavers,444,5588,180.213,180.213,174,168,16,forward
dr_slavers,445,4913,184.184,181.841,173,165,16,forward
dr_slavers,446,5535.2,185.983,182.468,169,155,16,forward
dr_slavers,447,4860.2,195.154,183.669,179,166,16,forward
dr_slavers,448,5137.8,189.113,183.314,180,157,16,forward
dr_slavers,449,4903.6,186.426,183.598,174,165,16,forward
dr_slavers,450,5247.4,207.012,186.627,195,172,16,forward
dr_slavers,451,6277.4,206.083,186.184,192,173,16,forward
dr_slavers,452,4599.6,189.64,184.811,171,155,16,forward
dr_slavers,453,5089,202.083,184.953,188,180,16,forward
dr_slavers,454,9837.2,203.054,186.569,184,163,16,forward
dr_slavers,455,5410.6,200.213,187.485,194,177,16,forward
dr_slavers,456,5044,188.598,184.497,177,165,16,forward
dr_slavers,457,5937.2,196.912,185.74,182,171,16,forward
dr_slavers,458,8016.8,188.527,187.527,179,172,16,forward
dr_slavers,459,5563.2,212.782,185.77,190,170,16,forward
dr_slavers,460,6177,200.255,189.012,187,185,16,forward
dr_slavers,461,5295,205.497,188.61,191,183,16,forward
dr_slavers,462,5544,196.012,190.113,184,168,16,forward
dr_slavers,463,6052.4,205.142,188.314,201,205,16,forward
dr_slavers,464,5566.2,202.598,189.941,191,189,16,forward
dr_slavers,465,5875.4,220.054,191.184,201,180,16,forward
dr_slavers,466,5557.2,196.569,189.255,180,165,16,forward
dr_slavers,467,5434.8,194.113,188.113,185,177,16,forward
dr_slavers,468,5435,205.397,188.326,188,172,16,forward
dr_slavers,469,5259.6,192.255,189.426,179,172,16,forward
dr_slavers,470,5374.2,199.527,192.698,190,181,16,forward
dr_slavers,471,5864.2,198.983,193.154,182,167,16,forward
dr_slavers,472,5847.8,193.527,193.527,184,168,16,forward
dr_slavers,473,6103.4,213.184,195.627,202,191,16,forward
dr_slavers,474,5562.8,209.882,192.74,190,171,16,forward
dr_slavers,475,6515,198.941,194.054,189,178,16,forward
dr_slavers,476,6085.6,203.569,195.811,187,176,16,forward
dr_slavers,477,5529,194.87,194.87,187,186,16,forward
dr_slavers,478,4935.6,195.426,195.426,183,171,16,forward
dr_slavers,479,5478.4,207.61,194.882,184,162,16,forward
dr_slavers,480,5575.2,205.841,196.184,193,182,16,forward
dr_slavers,481,5551,218.74,199.284,203,181,16,forward
dr_slavers,482,5606.6,207.882,197.154,188,165,16,forward
dr_slavers,483,4879.6,198.74,198.74,183,170,16,forward
dr_slavers,484,5419.8,218.539,199.569,197,181,16,forward
dr_slavers,485,5157.8,201.527,199.87,192,164,16,forward
dr_slavers,486,5768.6,206.74,196.74,191,174,16,forward
dr_slavers,487,5600,201.225,199.468,183,173,16,forward
dr_slavers,488,5281.8,200.598,198.255,189,176,16,forward
dr_slavers,489,5456,199.426,199.426,187,168,16,forward
dr_slavers,490,5392,203.113,203.113,194,193,16,forward
dr_slavers,491,6483.2,212.456,200.799,205,199,16,forward
dr_slavers,492,5349.4,202.983,200.054,186,175,16,forward
dr_slavers,493,5394.8,200.296,200.296,180,159,16,forward
dr_slavers,494,4846.2,200.184,200.184,189,170,16,forward
dr_slavers,495,5591,211.983,203.841,195,174,16,forward
dr_slavers,496,5793.6,221.752,203.368,194,173,16,forward
dr_slavers,497,5544.2,202.255,202.255,189,178,16,forward
dr_slavers,498,4637.4,200.255,200.255,187,158,16,forward
dr_slavers,499,6907.8,216.61,203.782,193,197,16,forward
dr_slavers,500,5743,212.225,204.225,194,197,16,forward
dr_slavers,501,5646.8,209.255,205.255,196,183,16,forward
dr_slavers,502,5929.4,213.468,205.811,194,175,16,forward
dr_slavers,503,6065.4,210.627,207.556,204,193,16,forward
dr_slavers,504,5943.8,209.811,205.569,192,179,16,forward
dr_slavers,505,5499.6,211.083,206.841,197,185,16,forward
dr_slavers,506,6706.6,210.042,207.213,203,194,16,forward
dr_slavers,507,5991.8,223.355,207.527,213,212,16,forward
dr_slavers,508,6570.8,219.497,205.841,205,185,16,forward
dr_slavers,509,6119.2,208.77,205.456,198,189,16,forward
dr_slavers,510,6652.8,226.196,208.296,203,206,16,forward
dr_slavers,511,5913,213.397,209.983,196,184,16,forward
dr_slavers,512,5791,214.556,208.899,210,196,16,forward
dr_slavers,513,5920.8,222.154,211.77,206,195,16,forward
dr_slavers,514,6110.2,223.811,211.083,206,202,16,forward
dr_slavers,515,5986,214.569,211.255,198,177,16,forward
dr_slavers,516,5531.6,213.841,208.77,201,194,16,forward
dr_slavers,517,5679.8,232.497,211.527,218,201,16,forward
dr_slavers,518,6681.4,233.64,211.012,215,210,16,forward
dr_slavers,519,5819.8,222.841,210.012,210,201,16,forward
dr_slavers,520,6412.8,225.497,215.497,211,206,16,forward
dr_slavers,521,6806.2,229.77,214.355,219,230,16,forward
dr_slavers,522,6014.4,224.397,213.983,207,207,16,forward
dr_slavers,523,5894.2,232.569,213.912,216,213,16,forward
dr_slavers,524,6667.2,214.213,212.213,208,196,16,forward
dr_slavers,525,6053.4,215.811,212.497,198,172,16,forward
dr_slavers,526,5940.8,234.669,213.456,221,198,16,forward
dr_slavers,527,6230.2,224.042,215.841,217,189,16,forward
dr_slavers,528,5700,219.811,215.225,202,198,16,forward
dr_slavers,529,6734.8,215.912,212.255,201,190,16,forward
dr_slavers,530,6929,242.296,217.326,222,202,16,forward
dr_slavers,531,6484.6,220.083,216.326,206,198,16,forward
dr_slavers,532,6057.8,230.326,217.841,215,189,16,forward
dr_slavers,533,6151,226.255,216.841,213,212,16,forward
dr_slavers,534,6512.8,242.267,219.296,217,211,16,forward
dr_slavers,535,6149.8,216.74,216.74,201,187,16,forward
dr_slavers,536,5589.2,221.669,217.426,208,198,16,forward
dr_slavers,537,6518.2,238.983,219.841,222,205,16,forward
dr_slavers,538,6028.8,220.497,216.255,206,195,16,forward
dr_slavers,539,5628,227.882,217.569,208,195,16,forward
dr_slavers,540,5820.6,228.598,220.698,217,205,16,forward
dr_slavers,541,5819.2,225.711,220.782,205,183,16,forward
dr_slavers,542,5480.8,221.77,221.77,211,195,16,forward
dr_slavers,543,6472.8,232.912,221.012,218,200,16,forward
dr_slavers,544,5455.4,224.669,223.669,211,205,16,forward
dr_slavers,545,6266.4,230.326,220.326,215,222,16,forward
dr_slavers,546,6883.4,223.255,220.77,210,193,16,forward
dr_slavers,547,5847,233.74,222.669,218,207,16,forward
dr_slavers,548,6389.8,226.113,223.627,217,195,16,forward
dr_slavers,549,6591.4,225.012,222.184,213,199,16,forward
dr_slavers,550,6616,232.385,224.142,227,212,16,forward
dr_slavers,551,6740.8,235.497,227.296,221,207,16,forward
dr_slavers,552,6074.2,224.841,224.841,212,198,16,forward
dr_slavers,553,6320.6,237.385,227.971,232,217,16,forward
dr_slavers,554,6643.4,226.054,224.054,207,194,16,forward
dr_slavers,555,6531.2,236.255,227.77,223,192,16,forward
dr_slavers,556,5468.6,230.083,227.255,216,206,16,forward
dr_slavers,557,6160.2,227.154,226.569,211,192,16,forward
dr_slavers,558,6421,230.154,224.497,214,196,16,forward
dr_slavers,559,5955,232.841,225.184,220,205,16,forward
dr_slavers,560,6724.6,248.024,231.368,224,205,16,forward
dr_slavers,561,6816.6,250.196,230.882,227,221,16,forward
dr_slavers,562,6635.6,236.054,228.64,217,206,16,forward
dr_slavers,563,6835,231.627,230.213,225,220,16,forward
dr_slavers,564,6201,232.225,231.054,214,198,16,forward
dr_slavers,565,6003,234.74,228.397,219,175,16,forward
dr_slavers,566,5701.6,230.255,229.669,217,212,16,forward
dr_slavers,567,5496.2,230.154,230.154,214,194,16,forward
dr_slavers,568,6663.2,241.74,230.841,226,215,16,forward
dr_slavers,569,6826.2,231.912,229.912,217,213,16,forward
dr_slavers,570,6574,234.941,234.941,225,203,16,forward
dr_slavers,571,6084.8,240.711,234.912,220,193,16,forward
dr_slavers,572,6468.8,237.326,235.326,222,213,16,forward
dr_slavers,573,6426.4,236.64,234.296,218,204,16,forward
dr_slavers,574,5733.2,232.497,232.497,218,191,16,forward
dr_slavers,575,6801.8,240.196,232.64,217,207,16,forward
dr_slavers,576,6141.4,241.255,233.255,228,202,16,forward
dr_slavers,577,6730.6,235.983,233.983,219,215,16,forward
dr_slavers,578,5829,233.941,233.941,224,206,16,forward
dr_slavers,579,6363.6,238.296,232.983,218,200,16,forward
dr_slavers,580,6248.2,239.054,239.054,220,188,16,forward
dr_slavers,581,6312.2,245.125,239.882,224,214,16,forward
dr_slavers,582,5886.6,240.912,238.426,226,220,16,forward
dr_slavers,583,6085.6,245.054,239.397,226,218,16,forward
dr_slavers,584,7457.2,251.74,237.598,236,220,16,forward
dr_slavers,585,6837.8,246.698,237.598,238,223,16,forward
dr_slavers,586,6904.4,245.385,239.527,240,216,16,forward
dr_slavers,587,6641.4,236.426,236.426,224,211,16,forward
dr_slavers,588,5932.8,245.581,238.167,217,206,16,forward
dr_slavers,589,7150,257.154,238.083,241,249,16,forward
dr_slavers,590,6878,254.439,242.953,230,230,16,forward
dr_slavers,591,7765,268.64,242.669,250,231,16,forward
dr_slavers,592,6029.8,244.882,241.368,225,199,16,forward
dr_slavers,593,5753.4,240.196,240.196,217,208,16,forward
dr_slavers,594,6785.8,252.539,242.64,231,212,16,forward
dr_slavers,595,6205.4,246.711,241.439,226,198,16,forward
dr_slavers,596,5856.2,246.782,243.953,224,208,16,forward
dr_slavers,597,6865.8,248.184,240.113,237,228,16,forward
dr_slavers,598,6167.4,245.77,243.77,235,228,16,forward
dr_slavers,599,5857,250.397,241.74,233,218,16,forward
dr_slavers,600,8117,251.326,244.882,236,226,16,forward
dr_slavers,601,6787.8,267.61,245.811,244,217,16,forward
dr_slavers,602,6585.4,257.811,246.497,240,192,16,forward
dr_slavers,603,7095.6,258.468,246.569,239,224,16,forward
dr_slavers,604,6359,251.539,246.853,230,201,16,forward
dr_slavers,605,5594.8,245.61,245.024,222,199,16,forward
dr_slavers,606,7783.4,268.569,247.539,252,246,16,forward
dr_slavers,607,7172,254.012,247.184,242,238,16,forward
dr_slavers,608,6435.4,258.711,244.912,238,223,16,forward
dr_slavers,609,6704.4,244.113,244.113,235,219,16,forward
dr_slavers,610,6733.4,249.711,248.054,229,190,16,forward
dr_slavers,611,7335.8,261.439,251.054,237,226,16,forward
dr_slavers,612,7313.6,252.184,251.355,241,232,16,forward
dr_slavers,613,6687.6,267.853,249.711,243,225,16,forward
dr_slavers,614,7567.6,261.296,249.983,241,232,16,forward
dr_slavers,615,7144.2,256.296,251.024,236,208,16,forward
dr_slavers,616,6410.8,258.995,251.338,230,203,16,forward
dr_slavers,617,7758.2,262.355,248.355,252,253,16,forward
dr_slavers,618,7347.8,261.012,250.669,249,237,16,forward
dr_slavers,619,7110.4,255.811,249.184,238,197,16,forward
dr_slavers,620,7340.2,270.095,253.782,244,230,16,forward
dr_slavers,621,6353,254.61,254.61,231,226,16,forward
dr_slavers,622,7814.8,265.61,253.368,242,247,16,forward
dr_slavers,623,6818.8,257.711,252.711,237,234,16,forward
dr_slavers,624,7644.4,256.681,252.196,231,214,16,forward
dr_slavers,625,6795.2,253.468,253.468,234,220,16,forward
dr_slavers,626,7384,260.669,255.669,247,217,16,forward
dr_slavers,627,7686.4,273.912,255.426,259,258,16,forward
dr_slavers,628,7097.4,257.368,255.711,235,221,16,forward
dr_slavers,629,6470.8,261.782,254.468,239,224,16,forward
dr_slavers,630,7492.4,274.267,258.61,249,247,16,forward
dr_slavers,631,6946.6,263.882,259.64,244,229,16,forward
dr_slavers,632,6721.6,260.64,258.296,242,231,16,forward
dr_slavers,633,6718.4,259.225,256.154,241,231,16,forward
dr_slavers,634,6385.6,260.054,257.569,241,234,16,forward
dr_slavers,635,7001.6,265.539,258.569,244,223,16,forward
dr_slavers,636,7072.4,258.569,256.569,242,235,16,forward
dr_slavers,637,6984.8,262.811,258.083,245,228,16,forward
dr_slavers,638,7151.8,260.681,258.924,235,225,16,forward
dr_slavers,639,6749.4,258.61,257.782,235,217,16,forward
dr_slavers,640,7201.4,270.61,263.953,247,220,16,forward
dr_slavers,641,7801.6,278.811,261.983,261,271,16,forward
dr_slavers,642,6945.8,262.782,262.782,240,205,16,forward
dr_slavers,643,7202.4,264.225,260.326,246,237,16,forward
dr_slavers,644,8377,263.012,263.012,251,237,16,forward
dr_slavers,645,6973.2,271.267,260.882,246,235,16,forward
dr_slavers,646,8108,278.196,262.882,255,236,16,forward
dr_slavers,647,7739.8,271.61,262.296,248,228,16,forward
dr_slavers,648,8348.4,272.698,262.698,264,254,16,forward
dr_slavers,649,6940.6,266.397,263.083,249,210,16,forward
dr_slavers,650,7236.6,275.841,267.841,263,266,16,forward
dr_slavers,651,7076,266.095,265.51,240,223,16,forward
dr_slavers,652,7831.8,268.184,264.083,257,246,16,forward
dr_slavers,653,7284,264.912,264.912,250,230,16,forward
dr_slavers,654,7195.4,267.238,267.238,237,223,16,forward
dr_slavers,655,6203.2,265.196,264.368,242,226,16,forward
dr_slavers,656,6557.6,269.125,266.64,248,234,16,forward
dr_slavers,657,7303.4,265.941,264.527,256,240,16,forward
dr_slavers,658,7491.6,273.74,266.711,258,240,16,forward
dr_slavers,659,7338.8,282.652,267.581,252,230,16,forward
dr_slavers,660,7779,291.711,268.64,271,268,16,forward
dr_slavers,661,7743,272.468,270.711,253,244,16,forward
dr_slavers,662,7107,279.811,268.154,262,262,16,forward
dr_slavers,663,8476.8,290.326,269.941,275,262,16,forward
dr_slavers,664,7558.6,275.983,269.598,259,241,16,forward
dr_slavers,665,7883.6,274.953,269.397,253,240,16,forward
dr_slavers,666,7852.8,285.154,271.012,269,254,16,forward
dr_slavers,667,7270.2,288.468,270.083,269,259,16,forward
dr_slavers,668,6944,292.167,270.196,264,240,16,forward
dr_slavers,669,7571.8,278.154,269.669,262,249,16,forward
dr_slavers,670,7873.2,281.267,272.439,256,258,16,forward
dr_slavers,671,7714.4,278.527,275.598,269,258,16,forward
dr_slavers,672,6881,272.439,272.439,248,221,16,forward
dr_slavers,673,8125,287.225,274.154,269,263,16,forward
dr_slavers,674,7079.6,276.397,273.569,259,254,16,forward
dr_slavers,675,8047.8,294.024,273.953,270,260,16,forward
dr_slavers,676,7197.4,283.983,273.841,267,225,16,forward
dr_slavers,677,7292.6,275.468,272.054,256,244,16,forward
dr_slavers,678,7359,275.054,272.711,256,247,16,forward
dr_slavers,679,7913.6,276.711,274.711,256,245,16,forward
dr_slavers,680,8219.8,281.024,276.782,257,245,16,forward
dr_slavers,681,7132.8,278.51,276.752,252,227,16,forward
dr_slavers,682,7538.6,281.698,276.284,273,264,16,forward
dr_slavers,683,7950.2,286.125,279.225,265,253,16,forward
dr_slavers,684,7880.8,289.083,279.083,275,261,16,forward
dr_slavers,685,8629.6,287.368,278.711,265,248,16,forward
dr_slavers,686,7900.4,299.61,278.397,276,266,16,forward
dr_slavers,687,7944.8,290.426,276.77,278,278,16,forward
dr_slavers,688,7985,282.74,276.083,267,255,16,forward
dr_slavers,689,8195.6,285.054,276.569,266,245,16,forward
dr_slavers,690,8484.8,294.296,280.296,274,252,16,forward
dr_slavers,691,8346.8,289.326,281.711,274,256,16,forward
dr_slavers,692,8410.6,294.681,281.368,269,248,16,forward
dr_slavers,693,7915.6,285.711,282.196,265,245,16,forward
dr_slavers,694,6968,281.125,281.125,260,237,16,forward
dr_slavers,695,7287.6,285.569,283.569,269,259,16,forward
dr_slavers,696,7746.8,285.711,283.125,265,260,16,forward
dr_slavers,697,8212.2,289.853,281.125,265,248,16,forward
dr_slavers,698,6744.6,284.64,282.154,266,228,16,forward
dr_slavers,699,7063.2,291.267,283.953,266,250,16,forward
dr_slavers,700,7772.8,284.539,284.539,263,254,16,forward
dr_slavers,701,7008.2,287.125,285.953,266,242,16,forward
dr_slavers,702,7348.8,298.439,286.782,274,265,16,forward
dr_slavers,703,7437.6,287.095,287.095,261,248,16,forward
dr_slavers,704,7242.6,294.983,287.225,278,233,16,forward
dr_slavers,705,7673,286.61,285.196,263,253,16,forward
dr_slavers,706,7848.6,308.368,286.711,286,266,16,forward
dr_slavers,707,7883,292.64,286.983,274,268,16,forward
dr_slavers,708,8171.8,294.125,286.468,273,265,16,forward
dr_slavers,709,7907,304.924,285.125,278,257,16,forward
dr_slavers,710,8194,291.941,289.941,282,270,16,forward
dr_slavers,711,6767.6,288.154,288.154,272,258,16,forward
dr_slavers,712,8058.4,304.468,290.154,285,272,16,forward
dr_slavers,713,7727.2,291.569,290.74,275,236,16,forward
dr_slavers,714,7705.8,297.51,289.125,271,232,16,forward
dr_slavers,715,8116,291.409,291.409,262,244,16,forward
dr_slavers,716,7837.8,300.095,290.439,274,245,16,forward
dr_slavers,717,8601.4,305.77,290.77,295,278,16,forward
dr_slavers,718,8613,297.64,289.397,279,271,16,forward
dr_slavers,719,8207.2,296.51,290.953,270,259,16,forward
dr_slavers,720,7910.8,293.711,292.539,273,265,16,forward
dr_slavers,721,8502.2,308.823,292.167,279,271,16,forward
dr_slavers,722,8710.4,294.598,293.426,283,275,16,forward
dr_slavers,723,7994.4,316.652,292.853,286,273,16,forward
dr_slavers,724,7094.4,304.225,295.841,286,248,16,forward
dr_slavers,725,6240,304.225,295.054,286,240,16,forward
dr_slavers,726,7772.2,295.74,293.397,280,262,16,forward
dr_slavers,727,9121.4,299.841,295.154,287,278,16,forward
dr_slavers,728,8206.8,292.024,292.024,268,257,16,forward
dr_slavers,729,8548.6,323.823,295.711,294,261,16,forward
dr_slavers,730,8095.6,300.267,297.681,275,258,16,forward
dr_slavers,731,8860.6,317.095,297.61,291,282,16,forward
dr_slavers,732,8527.8,327.024,299.711,303,283,16,forward
dr_slavers,733,8649.8,305.782,296.296,283,277,16,forward
dr_slavers,734,7102.4,298.711,298.711,278,270,16,forward
dr_slavers,735,8131.4,296.439,296.439,272,251,16,forward
dr_slavers,736,8217.8,300.125,297.64,279,267,16,forward
dr_slavers,737,9251.8,317.167,297.681,289,280,16,forward
dr_slavers,738,8015.6,304.64,297.61,286,255,16,forward
dr_slavers,739,7436.4,297.054,297.054,278,257,16,forward
dr_slavers,740,8313.6,307.681,301.681,282,274,16,forward
dr_slavers,741,8913.4,309.51,301.953,283,262,16,forward
dr_slavers,742,8701.6,328.066,302.61,297,277,16,forward
dr_slavers,743,7081.8,310.267,300.51,285,266,16,forward
dr_slavers,744,9310.6,310.012,300.539,298,288,16,forward
dr_slavers,745,7843.4,305.338,302.853,278,266,16,forward
dr_slavers,746,8402,309.054,303.539,290,275,16,forward
dr_slavers,747,8116.4,307.782,303.64,285,265,16,forward
dr_slavers,748,8618.6,302.711,300.711,282,272,16,forward
dr_slavers,749,7299.8,309.995,302.095,281,264,16,forward
dr_slavers,750,8788.6,309.012,304.912,297,285,16,forward
dr_slavers,751,8784.8,305.64,305.64,287,279,16,forward
dr_slavers,752,8443.2,319.953,304.64,298,281,16,forward
dr_slavers,753,8571.8,319.539,304.539,298,286,16,forward
dr_slavers,754,7472.2,309.51,304.782,283,268,16,forward
dr_slavers,755,8559.6,305.61,305.61,282,272,16,forward
dr_slavers,756,8335.8,332.066,304.439,301,280,16,forward
dr_slavers,757,8751.8,319.196,307.711,296,286,16,forward
dr_slavers,758,8132.8,311.267,306.581,286,268,16,forward
dr_slavers,759,8185.6,318.61,304.61,295,301,16,forward
dr_slavers,760,8302.6,312.267,311.539,287,261,16,forward
dr_slavers,761,7852,318.267,310.61,293,277,16,forward
dr_slavers,762,7039,310.569,309.74,294,255,16,forward
dr_slavers,763,7750,314.752,311.924,287,266,16,forward
dr_slavers,764,7091.6,320.095,311.267,294,275,16,forward
dr_slavers,765,9938.6,325.468,310.296,306,307,16,forward
dr_slavers,766,8689.2,318.581,310.782,290,250,16,forward
dr_slavers,767,7670.8,325.238,311.095,295,280,16,forward
dr_slavers,768,7469.6,311.095,309.095,285,275,16,forward
dr_slavers,769,8610.6,312.296,310.296,292,281,16,forward
dr_slavers,770,8938.4,317.77,315.426,307,297,16,forward
dr_slavers,771,8773.4,326.811,312.497,309,298,16,forward
dr_slavers,772,8094.8,322.823,313.894,293,273,16,forward
dr_slavers,773,9134,325.154,314.426,309,297,16,forward
dr_slavers,774,8862.4,327.439,313.953,303,300,16,forward
dr_slavers,775,9884.8,340.61,314.468,317,311,16,forward
dr_slavers,776,8570.6,315.569,315.569,299,281,16,forward
dr_slavers,777,9356.8,331.196,315.368,308,308,16,forward
dr_slavers,778,8984.8,323.51,314.581,297,270,16,forward
dr_slavers,779,8640,317.782,315.539,295,284,16,forward
dr_slavers,780,8431.8,319.125,317.125,298,289,16,forward
dr_slavers,781,9601.6,335.255,318.012,322,321,16,forward
dr_slavers,782,8212,333.966,318.409,300,280,16,forward
dr_slavers,783,8669.6,318.439,317.853,294,266,16,forward
dr_slavers,784,8328.6,319.681,319.681,294,287,16,forward
dr_slavers,785,8959.8,319.912,317.083,305,288,16,forward
dr_slavers,786,9176,327.238,318.652,297,286,16,forward
dr_slavers,787,7765.4,325.267,318.823,300,282,16,forward
dr_slavers,788,9324.6,328.912,317.439,314,304,16,forward
dr_slavers,789,8122.8,323.48,319.338,292,276,16,forward
dr_slavers,790,9335.8,332.497,323.669,318,305,16,forward
dr_slavers,791,7995.4,333.652,323.167,303,292,16,forward
dr_slavers,792,7581.8,320.551,320.551,287,261,16,forward
dr_slavers,793,7019.6,330.652,320.652,300,290,16,forward
dr_slavers,794,9750.4,328.468,323.468,309,299,16,forward
dr_slavers,795,8208.4,342.652,322.652,312,314,16,forward
dr_slavers,796,8328,330.409,323.581,301,289,16,forward
dr_slavers,797,7528.6,330.095,323.095,304,288,16,forward
dr_slavers,798,8742.6,326.569,323.497,310,269,16,forward
dr_slavers,799,8545.8,323.468,321.468,304,298,16,forward
dr_slavers,800,8286.4,353.137,326.924,320,311,16,forward
dr_slavers,801,8484.6,345.024,327.853,321,305,16,forward
dr_slavers,802,7372.4,340.522,326.38,302,282,16,forward
dr_slavers,803,7861,330.208,326.693,295,270,16,forward
dr_slavers,804,8927.2,343.095,325.439,317,310,16,forward
dr_slavers,805,10203.8,341.811,325.669,324,309,16,forward
dr_slavers,806,8514.6,330.924,326.267,304,283,16,forward
dr_slavers,807,8532.8,349.723,325.095,317,299,16,forward
dr_slavers,808,10421.8,334.167,327.095,306,291,16,forward
dr_slavers,809,7927.2,327.782,324.468,305,285,16,forward
dr_slavers,810,7696.2,330.024,328.267,306,298,16,forward
dr_slavers,811,7970.2,343.167,330.439,315,308,16,forward
dr_slavers,812,8447.6,338.066,331.823,307,290,16,forward
dr_slavers,813,9839.4,329.024,329.024,305,292,16,forward
dr_slavers,814,8926,340.267,328.61,315,300,16,forward
dr_slavers,815,8149.8,343.066,330.338,312,292,16,forward
dr_slavers,816,8170.2,347.51,328.296,321,302,16,forward
dr_slavers,817,8752.2,352.551,328.752,319,299,16,forward
dr_slavers,818,7321.2,331.095,329.681,305,295,16,forward
dr_slavers,819,8300.8,337.439,329.681,313,302,16,forward
dr_slavers,820,7828.4,341.066,332.238,310,291,16,forward
dr_slavers,821,7530,346.167,332.681,318,314,16,forward
dr_slavers,822,7449.8,343.409,334.167,314,311,16,forward
dr_slavers,823,7360.4,340.338,335.066,313,295,16,forward
dr_slavers,824,8402.2,347.338,335.338,320,310,16,forward
dr_slavers,825,7387.4,334.48,332.723,303,284,16,forward
dr_slavers,826,7376.2,346.338,332.853,319,316,16,forward
dr_slavers,827,8168,338.681,332.681,313,313,16,forward
dr_slavers,828,9742.4,346.426,332.426,334,338,16,forward
dr_slavers,829,8094.2,343.894,335.066,312,293,16,forward
dr_slavers,830,8157.2,347.894,339.066,316,304,16,forward
dr_slavers,831,9308,344.326,339.64,329,315,16,forward
dr_slavers,832,8309.8,341.497,339.154,327,317,16,forward
dr_slavers,833,9020,348.912,339.054,334,324,16,forward
dr_slavers,834,9486.8,360.338,338.196,333,319,16,forward
dr_slavers,835,8141.6,343.894,337.894,312,293,16,forward
dr_slavers,836,9020.6,336.154,336.154,320,306,16,forward
dr_slavers,837,8503.8,341.368,336.368,319,302,16,forward
dr_slavers,838,8698,353.066,338.581,322,308,16,forward
dr_slavers,839,8267.2,343.238,336.409,313,301,16,forward
dr_slavers,840,7550,352.238,342.238,322,302,16,forward
dr_slavers,841,7635.4,344.823,341.309,315,298,16,forward
dr_slavers,842,9446.8,345.083,340.154,331,313,16,forward
dr_slavers,843,9395.4,359.551,342.894,326,318,16,forward
dr_slavers,844,9608,359.497,341.497,345,348,16,forward
dr_slavers,845,8447.8,341.995,341.995,313,299,16,forward
dr_slavers,846,8567.6,355.238,343.681,325,314,16,forward
dr_slavers,847,8174.4,350.267,342.61,325,308,16,forward
dr_slavers,848,7766,343.48,343.48,312,296,16,forward
dr_slavers,849,7544.8,347.48,342.208,316,290,16,forward
dr_slavers,850,8456.4,350.782,344.924,328,319,16,forward
dr_slavers,851,9420.4,349.669,344.782,336,322,16,forward
dr_slavers,852,8470.2,351.622,347.48,316,296,16,forward
dr_slavers,853,8913.6,364.794,347.652,330,311,16,forward
dr_slavers,854,10449.8,361.539,345.154,340,324,16,forward
dr_slavers,855,9546.4,357.066,347.167,326,314,16,forward
dr_slavers,856,9727.8,354.811,347.154,337,327,16,forward
dr_slavers,857,8827.4,354.995,346.338,326,310,16,forward
dr_slavers,858,8413.4,361.652,347.338,331,309,16,forward
dr_slavers,859,8725.2,363.451,345.137,327,324,16,forward
dr_slavers,860,7707.6,356.208,350.894,321,301,16,forward
dr_slavers,861,8190.2,365.38,349.38,331,320,16,forward
dr_slavers,862,7460.6,354.723,348.865,322,297,16,forward
dr_slavers,863,8023.2,351.995,351.995,323,314,16,forward
dr_slavers,864,7499.8,360.238,349.238,330,310,16,forward
dr_slavers,865,8263.6,368.409,351.439,339,313,16,forward
dr_slavers,866,8032.2,350.953,349.196,329,318,16,forward
dr_slavers,867,8204.8,350.723,350.723,318,310,16,forward
dr_slavers,868,9333.8,373.966,349.338,340,323,16,forward
dr_slavers,869,8209.4,361.823,349.51,332,321,16,forward
dr_slavers,870,8341.2,355.581,354.581,327,315,16,forward
dr_slavers,871,8138.4,368.309,352.752,336,310,16,forward
dr_slavers,872,9267,373.167,355.368,345,327,16,forward
dr_slavers,873,8313.6,357.823,355.823,328,316,16,forward
dr_slavers,874,9159,379.338,353.539,352,334,16,forward
dr_slavers,875,8759.2,372.51,353.51,346,330,16,forward
dr_slavers,876,8038,358.681,354.581,333,323,16,forward
dr_slavers,877,8336.4,359.267,354.095,334,324,16,forward
dr_slavers,878,10006,357.983,355.154,341,330,16,forward
dr_slavers,879,8614.6,359.38,355.865,325,302,16,forward
dr_slavers,880,8403.8,365.167,358.681,337,324,16,forward
dr_slavers,881,8764,359.024,358.681,335,325,16,forward
dr_slavers,882,9220.8,381.35,357.936,342,331,16,forward
dr_slavers,883,8560.8,374.723,359.167,342,317,16,forward
dr_slavers,884,7978,359.238,358.238,329,314,16,forward
dr_slavers,885,7672.4,361.037,356.35,325,298,16,forward
dr_slavers,886,8445.4,364.338,358.681,337,316,16,forward
dr_slavers,887,8030.4,373.137,358.995,340,315,16,forward
dr_slavers,888,7736.2,370.723,358.066,338,320,16,forward
dr_slavers,889,7527,357.865,357.865,321,295,16,forward
dr_slavers,890,9239,373.167,361.267,345,326,16,forward
dr_slavers,891,8360,368.037,362.865,332,330,16,forward
dr_slavers,892,7645,363.723,363.137,331,310,16,forward
dr_slavers,893,7498.8,366.451,361.451,330,329,16,forward
dr_slavers,894,7763.6,362.137,360.38,329,307,16,forward
dr_slavers,895,8586.4,365.681,362.368,340,318,16,forward
dr_slavers,896,8247.6,376.208,362.723,341,320,16,forward
dr_slavers,897,9946.6,366.497,361.811,352,339,16,forward
dr_slavers,898,8750.4,366.497,363.61,352,337,16,forward
dr_slavers,899,9509.2,363.652,362.238,333,319,16,forward
dr_slavers,900,9447,371.338,365.48,344,329,16,forward
dr_slavers,901,8612,376.024,366.024,352,339,16,forward
dr_slavers,902,7936.6,364.409,364.409,335,317,16,forward
dr_slavers,903,8403.6,372.51,366.652,346,333,16,forward
dr_slavers,904,8526.6,367.167,367.167,339,322,16,forward
dr_slavers,905,7860.2,377.794,367.894,343,320,16,forward
dr_slavers,906,9707,366.581,364.823,338,326,16,forward
dr_slavers,907,10457.4,368.326,366.61,353,345,16,forward
dr_slavers,908,9198.8,367.61,367.61,344,334,16,forward
dr_slavers,909,9815.4,381.836,367.007,340,334,16,forward
dr_slavers,910,9235.8,386.409,368.924,357,335,16,forward
dr_slavers,911,8325.2,379.037,370.037,343,324,16,forward
dr_slavers,912,8619.6,380.279,371.208,343,325,16,forward
dr_slavers,913,9273.8,391.338,369.853,364,342,16,forward
dr_slavers,914,8303,373.48,370.309,342,323,16,forward
dr_slavers,915,8716.2,374.48,371.167,343,324,16,forward
dr_slavers,916,8590.6,375.853,368.238,351,341,16,forward
dr_slavers,917,8798.4,383.794,369.066,349,328,16,forward
dr_slavers,918,8103,374.48,370.137,343,322,16,forward
dr_slavers,919,8059.4,370.794,370.794,336,308,16,forward
dr_slavers,920,7895.6,386.108,373.108,348,329,16,forward
dr_slavers,921,7994.6,383.551,375.894,350,330,16,forward
dr_slavers,922,9095,386.681,372.368,361,339,16,forward
dr_slavers,923,8003.2,373.137,373.137,340,323,16,forward
dr_slavers,924,8239.6,382.894,372.238,351,331,16,forward
dr_slavers,925,8874.4,389.179,373.037,349,328,16,forward
dr_slavers,926,8235.8,375.995,375.995,347,336,16,forward
dr_slavers,927,8280.8,382.522,373.865,344,324,16,forward
dr_slavers,928,8306.6,376.752,374.995,349,333,16,forward
dr_slavers,929,8605.8,380.853,373.238,356,341,16,forward
dr_slavers,930,8558.6,390.966,379.309,357,337,16,forward
dr_slavers,931,10624.2,382.882,378.196,363,348,16,forward
dr_slavers,932,9047,381.622,379.865,346,317,16,forward
dr_slavers,933,8755.6,392.492,376.35,349,328,16,forward
dr_slavers,934,8133,384.037,377.208,348,316,16,forward
dr_slavers,935,8480,391.622,379.522,356,322,16,forward
dr_slavers,936,7761,383.208,376.208,348,330,16,forward
dr_slavers,937,8367.4,378.279,377.279,341,326,16,forward
dr_slavers,938,8856.4,383.309,377.995,351,330,16,forward
dr_slavers,939,8565.6,381.966,378.652,348,332,16,forward
dr_slavers,940,8378.6,382.238,381.066,352,335,16,forward
dr_slavers,941,8839.8,392.823,380.095,363,338,16,forward
dr_slavers,942,8526.6,400.208,383.279,365,334,16,forward
dr_slavers,943,8352.6,380.622,380.622,345,315,16,forward
dr_slavers,944,7773.6,394.108,382.622,356,335,16,forward
dr_slavers,945,8352.8,382.48,382.48,351,330,16,forward
dr_slavers,946,8492,385.551,380.581,352,330,16,forward
dr_slavers,947,8704,382.51,382.51,356,340,16,forward
dr_slavers,948,8821,389.439,381.823,365,350,16,forward
dr_slavers,949,8653.8,387.208,382.522,352,319,16,forward
