map,scenid,tcost,distance,expect,steps,access,r,itype
ht_mansion2,0,367,6.41421,6.41421,6,0,0,forward
ht_mansion2,1,221.4,5.65685,5.65685,4,0,0,forward
ht_mansion2,2,240.2,6.24264,6.24264,5,0,0,forward
ht_mansion2,3,137.8,4.41421,4.41421,4,0,0,forward
ht_mansion2,4,263.8,7,7,7,0,0,forward
ht_mansion2,5,221.6,6.65685,6.65685,5,0,0,forward
ht_mansion2,6,156.2,5.24264,5.24264,4,0,0,forward
ht_mansion2,7,147,4.82843,4.82843,4,0,0,forward
ht_mansion2,8,520.6,7.41421,7.41421,7,5,0,forward
ht_mansion2,9,230.2,6.82843,6.82843,6,0,0,forward
ht_mansion2,10,336.8,10.4142,10.4142,10,1,0,forward
ht_mansion2,11,486.2,11.4853,11.4853,9,1,0,forward
ht_mansion2,12,203.6,9.24264,9.24264,8,0,0,forward
ht_mansion2,13,766,10.2426,10.2426,9,6,0,forward
ht_mansion2,14,141,8.41421,8.41421,8,0,0,forward
ht_mansion2,15,651,11,11,11,4,0,forward
ht_mansion2,16,251,8.41421,8.41421,8,0,0,forward
ht_mansion2,17,198.2,8.41421,8.41421,8,0,0,forward
ht_mansion2,18,197,8.48528,8.48528,6,0,0,forward
ht_mansion2,19,298.4,8.82843,8.82843,8,0,0,forward
ht_mansion2,20,431.2,12,12,12,2,0,forward
ht_mansion2,21,656.6,14.0711,14.0711,12,8,0,forward
ht_mansion2,22,599.2,14.0711,14.0711,12,5,0,forward
ht_mansion2,23,855.8,15.8995,15.8995,13,6,0,forward
ht_mansion2,24,296,14.0711,14.0711,12,0,0,forward
ht_mansion2,25,146.2,13.3137,13.3137,10,0,0,forward
ht_mansion2,26,770.4,15.7279,15.7279,12,5,0,forward
ht_mansion2,27,314.2,14.0711,14.0711,12,1,0,forward
ht_mansion2,28,649,14.8284,14.8284,14,11,0,forward
ht_mansion2,29,552.4,12.8284,12.8284,12,8,0,forward
ht_mansion2,30,1044.4,19.2426,19.2426,18,16,0,forward
ht_mansion2,31,813.8,16.7279,16.7279,13,6,0,forward
ht_mansion2,32,923.2,17.6569,17.6569,16,12,0,forward
ht_mansion2,33,396.2,16.5563,16.5563,12,2,0,forward
ht_mansion2,34,687.6,17.0711,17.0711,15,4,0,forward
ht_mansion2,35,1217.4,17.0711,17.0711,15,13,0,forward
ht_mansion2,36,736.8,17,17,17,6,0,forward
ht_mansion2,37,726.8,18.4142,18.4142,18,8,0,forward
ht_mansion2,38,1027,19.8995,19.8995,17,14,0,forward
ht_mansion2,39,921,16.8995,16.8995,14,9,0,forward
ht_mansion2,40,834.6,23.6274,23.6274,17,8,0,forward
ht_mansion2,41,800.6,22.2426,22.2426,21,11,0,forward
ht_mansion2,42,859.8,22.8995,22.8995,20,10,0,forward
ht_mansion2,43,1019.4,20.2426,20.2426,19,15,0,forward
ht_mansion2,44,495.8,21.1421,21.1421,17,0,0,forward
ht_mansion2,45,748.6,20,20,20,5,0,forward
ht_mansion2,46,1127.8,21.8284,21.8284,21,19,0,forward
ht_mansion2,47,832.8,22.7279,22.7279,19,7,0,forward
ht_mansion2,48,970.8,22.8284,22.8284,22,16,0,forward
ht_mansion2,49,1085.2,22.7279,22.7279,19,9,0,forward
ht_mansion2,50,929,25.4142,25.4142,25,17,0,forward
ht_mansion2,51,1162.6,27.8995,27.8995,25,20,0,forward
ht_mansion2,52,849.8,26.799,26.799,21,13,0,forward
ht_mansion2,53,772,24.6569,24.6569,23,19,0,forward
ht_mansion2,54,882.8,25.3848,25.3848,20,13,0,forward
ht_mansion2,55,854.2,26.6274,26.6274,20,9,0,forward
ht_mansion2,56,641,24.6274,24.6274,18,5,0,forward
ht_mansion2,57,1205.2,25.8284,25.8284,25,22,0,forward
ht_mansion2,58,984.4,25.9706,25.9706,21,12,0,forward
ht_mansion2,59,1030.2,25.6569,25.6569,24,18,0,forward
ht_mansion2,60,792.2,29.9706,29.9706,25,7,0,forward
ht_mansion2,61,800.2,28.5563,28.5563,24,15,0,forward
ht_mansion2,62,1415.2,29.3137,29.3137,26,22,0,forward
ht_mansion2,63,1821.2,30.4853,30.4853,28,23,0,forward
ht_mansion2,64,1405,30.6569,30.6569,29,24,0,forward
ht_mansion2,65,965.8,29.2426,29.2426,28,13,0,forward
ht_mansion2,66,975.6,29.3137,29.3137,26,17,0,forward
ht_mansion2,67,971.8,29.6569,29.6569,28,22,0,forward
ht_mansion2,68,1287.8,31.0711,31.0711,29,18,0,forward
ht_mansion2,69,784.4,31.4853,31.4853,29,23,0,forward
ht_mansion2,70,1243.2,32.9706,32.9706,28,22,0,forward
ht_mansion2,71,1025.4,33.3137,33.3137,30,27,0,forward
ht_mansion2,72,996,32.3137,32.3137,29,26,0,forward
ht_mansion2,73,1050.8,32.1421,32.1421,28,14,0,forward
ht_mansion2,74,1453.6,32.9706,32.9706,28,16,0,forward
ht_mansion2,75,1612.2,35.4853,35.4853,33,29,0,forward
ht_mansion2,76,1531.6,33.7279,33.7279,30,28,0,forward
ht_mansion2,77,1386.8,34.9706,34.9706,30,27,0,forward
ht_mansion2,78,1237.6,33.3137,33.3137,30,21,0,forward
ht_mansion2,79,1065.2,33.0416,33.0416,26,21,0,forward
ht_mansion2,80,1378.2,38.0711,38.0711,36,32,0,forward
ht_mansion2,81,1003.2,36,36,36,25,0,forward
ht_mansion2,82,1434,39.6274,39.6274,33,20,0,forward
ht_mansion2,83,1234.8,39.3848,39.3848,34,31,0,forward
ht_mansion2,84,2008,37.8995,37.8995,35,31,0,forward
ht_mansion2,85,1037.4,39.2843,39.2843,31,17,0,forward
ht_mansion2,86,1096.8,36.7279,36.7279,33,15,0,forward
ht_mansion2,87,1101,38.5563,38.5563,34,31,0,forward
ht_mansion2,88,961.2,36.3137,36.3137,33,11,0,forward
ht_mansion2,89,1495.2,37.1421,37.1421,33,26,0,forward
ht_mansion2,90,1901.8,41.4853,41.4853,39,33,0,forward
ht_mansion2,91,1160.4,42.7279,42.7279,39,30,0,forward
ht_mansion2,92,1175.4,42.4853,42.4853,40,35,0,forward
ht_mansion2,93,1059.2,42.3137,42.3137,39,28,0,forward
ht_mansion2,94,1274.4,40.3848,40.3848,35,31,0,forward
ht_mansion2,95,1451.2,41.1421,41.1421,37,31,0,forward
ht_mansion2,96,1321.6,41.8995,41.8995,39,33,0,forward
ht_mansion2,97,1853.6,43.0711,43.0711,41,40,0,forward
ht_mansion2,98,1483.2,43.0416,43.0416,36,32,0,forward
ht_mansion2,99,1968.4,42.8701,42.8701,35,28,0,forward
ht_mansion2,100,1140.4,45.5563,45.5563,41,38,0,forward
ht_mansion2,101,1674.2,46.8701,46.8701,39,30,0,forward
ht_mansion2,102,1384.6,46.3848,46.3848,41,37,0,forward
ht_mansion2,103,1770.8,45.6569,45.6569,44,42,0,forward
ht_mansion2,104,1514.6,47.8701,47.8701,40,35,0,forward
ht_mansion2,105,1459.6,47.3137,47.3137,44,37,0,forward
ht_mansion2,106,1504,44.1421,44.1421,40,34,0,forward
ht_mansion2,107,1953.4,46.0711,46.0711,44,37,0,forward
ht_mansion2,108,1110.4,44.1421,44.1421,40,36,0,forward
ht_mansion2,109,1046,46.2132,46.2132,40,38,0,forward
ht_mansion2,110,1372.8,51.1421,51.1421,47,30,0,forward
ht_mansion2,111,1570.8,49.3848,49.3848,44,40,0,forward
ht_mansion2,112,1799.2,51.6274,51.6274,45,36,0,forward
ht_mansion2,113,1680.6,49.799,49.799,44,37,0,forward
ht_mansion2,114,1405.4,48.8995,48.8995,46,31,0,forward
ht_mansion2,115,1630.8,51.7279,51.7279,48,38,0,forward
ht_mansion2,116,1981.4,51.7279,51.7279,48,43,0,forward
ht_mansion2,117,1342.2,48.9706,48.9706,44,38,0,forward
ht_mansion2,118,1167.4,48.0711,48.0711,46,42,0,forward
ht_mansion2,119,1278.8,49.4142,49.4142,49,46,0,forward
ht_mansion2,120,1569.2,55.2843,55.2843,47,38,0,forward
ht_mansion2,121,2349,55.2843,55.2843,47,45,0,forward
ht_mansion2,122,2043.4,53.1421,53.1421,49,43,0,forward
ht_mansion2,123,1905.8,53.8701,53.8701,46,45,0,forward
ht_mansion2,124,1773,54.5563,54.5563,50,42,0,forward
ht_mansion2,125,1923.8,55.2132,55.2132,49,48,0,forward
ht_mansion2,126,1650.6,54.6985,54.6985,46,38,0,forward
ht_mansion2,127,2375.6,54.2132,54.2132,48,44,0,forward
ht_mansion2,128,1946.8,53.3553,53.3553,43,38,0,forward
ht_mansion2,129,1743.6,52.7279,52.7279,49,45,0,forward
ht_mansion2,130,1516.8,57.2132,57.2132,51,45,0,forward
ht_mansion2,131,1902.4,58.799,58.799,53,44,0,forward
ht_mansion2,132,2016.2,56.7696,56.7696,46,37,0,forward
ht_mansion2,133,1416.6,56.2426,56.2426,55,51,0,forward
ht_mansion2,134,1457.2,56.5269,56.5269,47,37,0,forward
ht_mansion2,135,2041.6,57.7279,57.7279,54,46,0,forward
ht_mansion2,136,1782.4,58.1421,58.1421,54,46,0,forward
ht_mansion2,137,1927.6,57.8701,57.8701,50,47,0,forward
ht_mansion2,138,2241.6,59.1127,59.1127,50,48,0,forward
ht_mansion2,139,2218.8,58.598,58.598,47,37,0,forward
ht_mansion2,140,2484.4,61.3848,61.3848,56,48,0,forward
ht_mansion2,141,2122,62.3137,62.3137,59,50,0,forward
ht_mansion2,142,2896.4,61.3848,61.3848,56,51,0,forward
ht_mansion2,143,1797,61.6985,61.6985,53,46,0,forward
ht_mansion2,144,1339.6,63.1127,63.1127,54,47,0,forward
ht_mansion2,145,2620,60.2426,60.2426,59,54,0,forward
ht_mansion2,146,2426,60.9706,60.9706,56,55,0,forward
ht_mansion2,147,1743,62.8701,62.8701,55,52,0,forward
ht_mansion2,148,2147,60.5563,60.5563,56,54,0,forward
ht_mansion2,149,1703.2,61.8995,61.8995,59,56,0,forward
ht_mansion2,150,2066,66.3848,66.3848,61,57,0,forward
ht_mansion2,151,2089,65.4558,65.4558,58,51,0,forward
ht_mansion2,152,1389,67.2132,67.2132,61,56,0,forward
ht_mansion2,153,1523.2,64.4558,64.4558,57,42,0,forward
ht_mansion2,154,2266.6,67.8701,67.8701,60,57,0,forward
ht_mansion2,155,2371,64.8701,64.8701,57,49,0,forward
ht_mansion2,156,1549.6,67.2132,67.2132,61,51,0,forward
ht_mansion2,157,1796.2,65.3137,65.3137,62,59,0,forward
ht_mansion2,158,2245.6,67,67,67,57,0,forward
ht_mansion2,159,2036.8,66.799,66.799,61,57,0,forward
ht_mansion2,160,2249.8,70.3137,70.3137,67,60,0,forward
ht_mansion2,161,2655,70.2132,70.2132,64,58,0,forward
ht_mansion2,162,2369,68.5269,68.5269,59,50,0,forward
ht_mansion2,163,2255.6,70.0711,70.0711,68,59,0,forward
ht_mansion2,164,1679.8,68.9706,68.9706,64,58,0,forward
ht_mansion2,165,2830.2,68.1421,68.1421,64,60,0,forward
ht_mansion2,166,2983,68.1127,68.1127,59,55,0,forward
ht_mansion2,167,1879.4,68.1127,68.1127,59,47,0,forward
ht_mansion2,168,2044.4,68.6274,68.6274,62,54,0,forward
ht_mansion2,169,1470.4,70.3553,70.3553,60,57,0,forward
ht_mansion2,170,2236.4,74.6985,74.6985,66,54,0,forward
ht_mansion2,171,1914,74.8995,74.8995,72,69,0,forward
ht_mansion2,172,2667.2,75.3848,75.3848,70,66,0,forward
ht_mansion2,173,2304.2,75.4853,75.4853,73,61,0,forward
ht_mansion2,174,3474.4,75.3848,75.3848,70,60,0,forward
ht_mansion2,175,2303.4,75.3553,75.3553,65,57,0,forward
ht_mansion2,176,3023.8,75.8995,75.8995,73,67,0,forward
ht_mansion2,177,1994,75.7279,75.7279,72,63,0,forward
ht_mansion2,178,1690.2,72.3848,72.3848,67,60,0,forward
ht_mansion2,179,2788.4,72.2132,72.2132,66,63,0,forward
ht_mansion2,180,2322,78.3848,78.3848,73,68,0,forward
ht_mansion2,181,2407.4,78.2132,78.2132,72,67,0,forward
ht_mansion2,182,2647,78.0416,78.0416,71,68,0,forward
ht_mansion2,183,1871.6,77.5269,77.5269,68,59,0,forward
ht_mansion2,184,2054.8,77.8701,77.8701,70,64,0,forward
ht_mansion2,185,3258,78.1838,78.1838,67,61,0,forward
ht_mansion2,186,1918.8,78.5269,78.5269,69,65,0,forward
ht_mansion2,187,2430.2,76.3848,76.3848,71,67,0,forward
ht_mansion2,188,2914.4,79.9706,79.9706,75,74,0,forward
ht_mansion2,189,2153.6,76.5563,76.5563,72,68,0,forward
ht_mansion2,190,1938,83.3137,83.3137,80,76,0,forward
ht_mansion2,191,2671.2,81.1127,81.1127,72,64,0,forward
ht_mansion2,192,3329,81.4558,81.4558,74,72,0,forward
ht_mansion2,193,2674.6,82.2132,82.2132,76,64,0,forward
ht_mansion2,194,2888,83.669,83.669,70,60,0,forward
ht_mansion2,195,2461.4,81.1838,81.1838,70,62,0,forward
ht_mansion2,196,2636.8,82.7279,82.7279,79,75,0,forward
ht_mansion2,197,2610.6,81.3137,81.3137,78,63,0,forward
ht_mansion2,198,2114.2,83.6274,83.6274,77,75,0,forward
ht_mansion2,199,1551.2,80.3848,80.3848,75,67,0,forward
ht_mansion2,200,3576.4,87.3553,87.3553,77,70,0,forward
ht_mansion2,201,2403.8,85.0416,85.0416,78,72,0,forward
ht_mansion2,202,3273.4,84.9706,84.9706,80,75,0,forward
ht_mansion2,203,2675,84.799,84.799,79,77,0,forward
ht_mansion2,204,2903,85.0416,85.0416,78,73,0,forward
ht_mansion2,205,2458.2,87.6274,87.6274,81,74,0,forward
ht_mansion2,206,3298.6,86.4853,86.4853,84,80,0,forward
ht_mansion2,207,2638.2,87.6985,87.6985,79,75,0,forward
ht_mansion2,208,2687.2,86.3137,86.3137,83,81,0,forward
ht_mansion2,209,3087,85.5563,85.5563,81,78,0,forward
ht_mansion2,210,2579.4,90.8995,90.8995,88,72,0,forward
ht_mansion2,211,3003.6,88.5269,88.5269,79,73,0,forward
ht_mansion2,212,3050.2,89.6274,89.6274,83,77,0,forward
ht_mansion2,213,2306.4,90.8406,90.8406,78,67,0,forward
ht_mansion2,214,2649.8,90.6274,90.6274,84,79,0,forward
ht_mansion2,215,2549.2,88.7696,88.7696,78,74,0,forward
ht_mansion2,216,2226.2,89.4558,89.4558,82,73,0,forward
ht_mansion2,217,3116.4,88.799,88.799,83,76,0,forward
ht_mansion2,218,3431.2,90.0416,90.0416,83,75,0,forward
ht_mansion2,219,3340.2,90.669,90.669,77,71,0,forward
ht_mansion2,220,2757,93.2843,93.2843,85,77,0,forward
ht_mansion2,221,2586.4,94.5269,94.5269,85,80,0,forward
ht_mansion2,222,2310.8,92.8406,92.8406,80,68,0,forward
ht_mansion2,223,2648,92.7279,92.7279,89,82,0,forward
ht_mansion2,224,2338.8,95.5269,95.5269,86,71,0,forward
ht_mansion2,225,2409.6,93.2548,93.2548,80,76,0,forward
ht_mansion2,226,2552.2,93.3137,93.3137,90,83,0,forward
ht_mansion2,227,2468.4,94.2132,94.2132,88,84,0,forward
ht_mansion2,228,3293.2,94.8406,94.8406,82,75,0,forward
ht_mansion2,229,2703.2,94.2548,94.2548,81,77,0,forward
ht_mansion2,230,3777.8,99.1127,99.1127,90,80,0,forward
ht_mansion2,231,2361.2,96.8701,96.8701,89,83,0,forward
ht_mansion2,232,3125.6,96.9411,96.9411,87,78,0,forward
ht_mansion2,233,3984.8,97.3848,97.3848,92,86,0,forward
ht_mansion2,234,2767.8,97.9117,97.9117,83,74,0,forward
ht_mansion2,235,2647.4,96.5269,96.5269,87,82,0,forward
ht_mansion2,236,2423.2,98.0416,98.0416,91,89,0,forward
ht_mansion2,237,3087.6,99.6274,99.6274,93,86,0,forward
ht_mansion2,238,3792.2,97.1838,97.1838,86,79,0,forward
ht_mansion2,239,3743.4,98.9411,98.9411,89,77,0,forward
ht_mansion2,240,2770,102.899,102.899,100,80,0,forward
ht_mansion2,241,4055.4,103.213,103.213,97,90,0,forward
ht_mansion2,242,3680,103.87,103.87,96,86,0,forward
ht_mansion2,243,3233.8,101.113,101.113,92,85,0,forward
ht_mansion2,244,3391.8,100.012,100.012,88,77,0,forward
ht_mansion2,245,2551.6,103.142,103.142,99,85,0,forward
ht_mansion2,246,3246,101.941,101.941,92,90,0,forward
ht_mansion2,247,3079.8,103.113,103.113,94,85,0,forward
ht_mansion2,248,2891.2,100.698,100.698,92,81,0,forward
ht_mansion2,249,3815,101.456,101.456,94,85,0,forward
ht_mansion2,250,3675.8,104.77,104.77,94,88,0,forward
ht_mansion2,251,3183.8,107.113,107.113,98,82,0,forward
ht_mansion2,252,3595.2,106.698,106.698,98,94,0,forward
ht_mansion2,253,3644.4,107.255,107.255,94,87,0,forward
ht_mansion2,254,3474.2,106.385,106.385,101,85,0,forward
ht_mansion2,255,4607.4,107.355,107.355,97,91,0,forward
ht_mansion2,256,3268.2,107.142,107.142,103,91,0,forward
ht_mansion2,257,2760.6,105.456,105.456,98,93,0,forward
ht_mansion2,258,2722,105.527,105.527,96,89,0,forward
ht_mansion2,259,2880,105.941,105.941,96,92,0,forward
ht_mansion2,260,3873.2,108.012,108.012,96,92,0,forward
ht_mansion2,261,4154.6,111.012,111.012,99,92,0,forward
ht_mansion2,262,2634,108.284,108.284,100,96,0,forward
ht_mansion2,263,3927.8,111.426,111.426,99,92,0,forward
ht_mansion2,264,3850.2,109.385,109.385,104,97,0,forward
ht_mansion2,265,3726.8,108.385,108.385,103,98,0,forward
ht_mansion2,266,3066.4,109.326,109.326,94,85,0,forward
ht_mansion2,267,3329.2,111.012,111.012,99,88,0,forward
ht_mansion2,268,2941,110.899,110.899,108,103,0,forward
ht_mansion2,269,4038.4,109.456,109.456,102,102,0,forward
ht_mansion2,270,4542.6,114.87,114.87,107,102,0,forward
ht_mansion2,271,4509,115.113,115.113,106,97,0,forward
ht_mansion2,272,3554.6,114.113,114.113,105,96,0,forward
ht_mansion2,273,4411.6,113.142,113.142,109,100,0,forward
ht_mansion2,274,3748.6,114.87,114.87,107,97,0,forward
ht_mansion2,275,3139.4,115.355,115.355,105,102,0,forward
ht_mansion2,276,3015.8,115.042,115.042,108,96,0,forward
ht_mansion2,277,3939.6,115.426,115.426,103,99,0,forward
ht_mansion2,278,3746.4,113.284,113.284,105,103,0,forward
ht_mansion2,279,4093.4,113.598,113.598,102,90,0,forward
ht_mansion2,280,4524.8,116.77,116.77,106,101,0,forward
ht_mansion2,281,3594.2,116.113,116.113,107,99,0,forward
ht_mansion2,282,3786.2,116.113,116.113,107,93,0,forward
ht_mansion2,283,3640.2,118.556,118.556,114,109,0,forward
ht_mansion2,284,3742.8,118.971,118.971,114,108,0,forward
ht_mansion2,285,3026.8,118.042,118.042,111,105,0,forward
ht_mansion2,286,3578.6,119.74,119.74,104,92,0,forward
ht_mansion2,287,4234.4,118.598,118.598,107,93,0,forward
ht_mansion2,288,2877.2,116.527,116.527,107,102,0,forward
ht_mansion2,289,3948.6,117.841,117.841,105,97,0,forward
ht_mansion2,290,3941.2,123.912,123.912,109,104,0,forward
ht_mansion2,291,4482,122.941,122.941,113,108,0,forward
ht_mansion2,292,3023.4,123.184,123.184,112,109,0,forward
ht_mansion2,293,3843.8,120.355,120.355,110,107,0,forward
ht_mansion2,294,3313.2,121.74,121.74,106,100,0,forward
ht_mansion2,295,4160.2,123.627,123.627,117,101,0,forward
ht_mansion2,296,3603.2,120.284,120.284,112,104,0,forward
ht_mansion2,297,4528.4,121.255,121.255,108,103,0,forward
ht_mansion2,298,2686,120.497,120.497,106,101,0,forward
ht_mansion2,299,4615.2,123.184,123.184,112,105,0,forward
ht_mansion2,300,2996.2,126.426,126.426,114,110,0,forward
ht_mansion2,301,3145.6,124.355,124.355,114,113,0,forward
ht_mansion2,302,2711,127.113,127.113,118,115,0,forward
ht_mansion2,303,4140.4,127.971,127.971,123,115,0,forward
ht_mansion2,304,4291.8,124.841,124.841,112,108,0,forward
ht_mansion2,305,3390.2,125.225,125.225,107,102,0,forward
ht_mansion2,306,3506.4,127.012,127.012,115,113,0,forward
ht_mansion2,307,3247.6,127.556,127.556,123,119,0,forward
ht_mansion2,308,4385.6,126.77,126.77,116,111,0,forward
ht_mansion2,309,4423.8,127.669,127.669,114,97,0,forward
ht_mansion2,310,4418.2,130.77,130.77,120,117,0,forward
ht_mansion2,311,3520,128.355,128.355,118,102,0,forward
ht_mansion2,312,3350.6,128.598,128.598,117,113,0,forward
ht_mansion2,313,3655.6,131.77,131.77,121,117,0,forward
ht_mansion2,314,3400.4,130.154,130.154,114,110,0,forward
ht_mansion2,315,4814.6,131.355,131.355,121,110,0,forward
ht_mansion2,316,4045.8,129.184,129.184,118,113,0,forward
ht_mansion2,317,4775.2,130.326,130.326,115,107,0,forward
ht_mansion2,318,4966,130.941,130.941,121,117,0,forward
ht_mansion2,319,3194.8,130.154,130.154,114,108,0,forward
ht_mansion2,320,4138.8,135.983,135.983,119,112,0,forward
ht_mansion2,321,3937.6,133.941,133.941,124,123,0,forward
ht_mansion2,322,3993.4,135.154,135.154,119,110,0,forward
ht_mansion2,323,4945.4,132.799,132.799,127,122,0,forward
ht_mansion2,324,4568,134.184,134.184,123,111,0,forward
ht_mansion2,325,3548.2,132.255,132.255,119,113,0,forward
ht_mansion2,326,4458.6,135.74,135.74,120,118,0,forward
ht_mansion2,327,3316.4,133.042,133.042,126,116,0,forward
ht_mansion2,328,3354.4,135.385,135.385,130,128,0,forward
ht_mansion2,329,3688,134.74,134.74,119,111,0,forward
ht_mansion2,330,3910.4,138.841,138.841,126,115,0,forward
ht_mansion2,331,2764.4,138.426,138.426,126,115,0,forward
ht_mansion2,332,4564.8,139.113,139.113,130,125,0,forward
ht_mansion2,333,3859.8,139.983,139.983,123,119,0,forward
ht_mansion2,334,4206.8,137.627,137.627,131,127,0,forward
ht_mansion2,335,3409.6,138.284,138.284,130,121,0,forward
ht_mansion2,336,3460.4,136.77,136.77,126,119,0,forward
ht_mansion2,337,2974.2,138.912,138.912,124,117,0,forward
ht_mansion2,338,3637,138.912,138.912,124,118,0,forward
ht_mansion2,339,4786,137.912,137.912,123,118,0,forward
ht_mansion2,340,3661,143.125,143.125,122,120,0,forward
ht_mansion2,341,5166.4,140.527,140.527,131,128,0,forward
ht_mansion2,342,3842.6,142.669,142.669,129,126,0,forward
ht_mansion2,343,5202,141.426,141.426,129,124,0,forward
ht_mansion2,344,3686,140.841,140.841,128,119,0,forward
ht_mansion2,345,4483.4,140.284,140.284,132,127,0,forward
ht_mansion2,346,4140.2,141.184,141.184,130,125,0,forward
ht_mansion2,347,3460.6,141.527,141.527,132,120,0,forward
ht_mansion2,348,5176.4,143.113,143.113,134,126,0,forward
ht_mansion2,349,4453.2,142.527,142.527,133,125,0,forward
ht_mansion2,350,4758,145.74,145.74,130,126,0,forward
ht_mansion2,351,3489.6,144.184,144.184,133,124,0,forward
ht_mansion2,352,3290.8,146.083,146.083,132,125,0,forward
ht_mansion2,353,3390.8,146.799,146.799,141,137,0,forward
ht_mansion2,354,5038.4,145.326,145.326,130,123,0,forward
ht_mansion2,355,5531.2,146.941,146.941,137,136,0,forward
ht_mansion2,356,4634,147.397,147.397,130,120,0,forward
ht_mansion2,357,4333.4,146.368,146.368,124,119,0,forward
ht_mansion2,358,4668.4,146.326,146.326,131,124,0,forward
ht_mansion2,359,4188.8,145.083,145.083,131,129,0,forward
ht_mansion2,360,4746.8,150.012,150.012,138,132,0,forward
ht_mansion2,361,3640.4,150.284,150.284,142,138,0,forward
ht_mansion2,362,4810.2,150.225,150.225,132,126,0,forward
ht_mansion2,363,4978.8,151.912,151.912,137,133,0,forward
ht_mansion2,364,5802.2,150.012,150.012,138,137,0,forward
ht_mansion2,365,3681.2,151.87,151.87,144,129,0,forward
ht_mansion2,366,4214.2,151.497,151.497,137,133,0,forward
ht_mansion2,367,5582.2,149.912,149.912,135,130,0,forward
ht_mansion2,368,3523.8,151.912,151.912,137,132,0,forward
ht_mansion2,369,3566.8,148.397,148.397,131,120,0,forward
ht_mansion2,370,4959.8,153.184,153.184,142,136,0,forward
ht_mansion2,371,3514.8,153.355,153.355,143,129,0,forward
ht_mansion2,372,4112.6,152.083,152.083,138,132,0,forward
ht_mansion2,373,3607.2,155.113,155.113,146,141,0,forward
ht_mansion2,374,5464.4,152.326,152.326,137,130,0,forward
ht_mansion2,375,5574,153.556,153.556,149,143,0,forward
ht_mansion2,376,4236.2,153.77,153.77,143,141,0,forward
ht_mansion2,377,5076,155.355,155.355,145,137,0,forward
ht_mansion2,378,4912.4,154.284,154.284,146,142,0,forward
ht_mansion2,379,4833.8,155.598,155.598,144,141,0,forward
ht_mansion2,380,4545.2,156.083,156.083,142,139,0,forward
ht_mansion2,381,5314.4,156.326,156.326,141,123,0,forward
ht_mansion2,382,4054.6,158.598,158.598,147,146,0,forward
ht_mansion2,383,5511.8,158.184,158.184,147,141,0,forward
ht_mansion2,384,5649.8,156.698,156.698,148,143,0,forward
ht_mansion2,385,4017.4,159.296,159.296,139,132,0,forward
ht_mansion2,386,5190,156.284,156.284,148,141,0,forward
ht_mansion2,387,3812.6,157.397,157.397,140,139,0,forward
ht_mansion2,388,3542.8,157.711,157.711,137,132,0,forward
ht_mansion2,389,5033,157.012,157.012,145,129,0,forward
ht_mansion2,390,3282.4,160.397,160.397,143,135,0,forward
ht_mansion2,391,3540.8,162.669,162.669,149,142,0,forward
ht_mansion2,392,5522.2,160.225,160.225,142,137,0,forward
ht_mansion2,393,4728.6,161.012,161.012,149,148,0,forward
ht_mansion2,394,3864,163.598,163.598,152,136,0,forward
ht_mansion2,395,5767.6,160.012,160.012,148,140,0,forward
ht_mansion2,396,5847.8,160.87,160.87,153,151,0,forward
ht_mansion2,397,3780.4,163.497,163.497,149,135,0,forward
ht_mansion2,398,4125.8,160.083,160.083,146,142,0,forward
ht_mansion2,399,3441.8,160.284,160.284,152,149,0,forward
ht_mansion2,400,3588.6,165.811,165.811,148,134,0,forward
ht_mansion2,401,3724.8,167.912,167.912,153,140,0,forward
ht_mansion2,402,3822.4,165.154,165.154,149,139,0,forward
ht_mansion2,403,5616.4,165.627,165.627,159,147,0,forward
ht_mansion2,404,3717.4,167.627,167.627,161,156,0,forward
ht_mansion2,405,5082.4,165.083,165.083,151,134,0,forward
ht_mansion2,406,5907.2,166.125,166.125,145,141,0,forward
ht_mansion2,407,5586.6,164.426,164.426,152,144,0,forward
ht_mansion2,408,5797.8,165.154,165.154,149,143,0,forward
ht_mansion2,409,5824.8,165.426,165.426,153,151,0,forward
ht_mansion2,410,5112.6,171.042,171.042,164,160,0,forward
ht_mansion2,411,5442.4,170.983,170.983,154,142,0,forward
ht_mansion2,412,5147.6,170.385,170.385,165,158,0,forward
ht_mansion2,413,4304.4,170.811,170.811,153,136,0,forward
ht_mansion2,414,4417.2,171.953,171.953,150,149,0,forward
ht_mansion2,415,5113.2,171.426,171.426,159,155,0,forward
ht_mansion2,416,5414.2,169.355,169.355,159,154,0,forward
ht_mansion2,417,4265.4,171.238,171.238,141,134,0,forward
ht_mansion2,418,5708.4,169.468,169.468,150,145,0,forward
ht_mansion2,419,5419.8,169.083,169.083,155,149,0,forward
ht_mansion2,420,4202,175.811,175.811,158,155,0,forward
ht_mansion2,421,6048.8,174.012,174.012,162,151,0,forward
ht_mansion2,422,6306.6,173.64,173.64,155,153,0,forward
ht_mansion2,423,4688.6,173.912,173.912,159,157,0,forward
ht_mansion2,424,4033.4,172.196,172.196,149,143,0,forward
ht_mansion2,425,3541.2,172.51,172.51,146,140,0,forward
ht_mansion2,426,5677.4,172.154,172.154,156,147,0,forward
ht_mansion2,427,3948,175.983,175.983,159,153,0,forward
ht_mansion2,428,3894.8,173.113,173.113,164,161,0,forward
ht_mansion2,429,4516.2,175.326,175.326,160,155,0,forward
ht_mansion2,430,4276,179.054,179.054,160,156,0,forward
ht_mansion2,431,3762,177.983,177.983,161,156,0,forward
ht_mansion2,432,6111.8,178.64,178.64,160,155,0,forward
ht_mansion2,433,5385.2,178.154,178.154,162,157,0,forward
ht_mansion2,434,4718.2,176.569,176.569,160,155,0,forward
ht_mansion2,435,4780.6,179.598,179.598,168,158,0,forward
ht_mansion2,436,4184.4,176.782,176.782,154,147,0,forward
ht_mansion2,437,5543.6,178.941,178.941,169,160,0,forward
ht_mansion2,438,4245.6,177.024,177.024,153,151,0,forward
ht_mansion2,439,3661.6,177.012,177.012,165,152,0,forward
ht_mansion2,440,5454.8,182.841,182.841,170,165,0,forward
ht_mansion2,441,4228.8,182.841,182.841,170,165,0,forward
ht_mansion2,442,6336,182.64,182.64,164,161,0,forward
ht_mansion2,443,5842.2,180.811,180.811,163,155,0,forward
ht_mansion2,444,5713,181.012,181.012,169,152,0,forward
ht_mansion2,445,5845.6,183.012,183.012,171,166,0,forward
ht_mansion2,446,5291,183.255,183.255,170,154,0,forward
ht_mansion2,447,4880,183.125,183.125,162,158,0,forward
ht_mansion2,448,5388.4,182.468,182.468,163,153,0,forward
ht_mansion2,449,5288.8,180.154,180.154,164,157,0,forward
ht_mansion2,450,6076.6,184.426,184.426,172,167,0,forward
ht_mansion2,451,4928.4,187.225,187.225,169,160,0,forward
ht_mansion2,452,5165.6,185.569,185.569,169,165,0,forward
ht_mansion2,453,4941.4,187.782,187.782,165,162,0,forward
ht_mansion2,454,4526.4,184.74,184.74,169,165,0,forward
ht_mansion2,455,4320.6,184.154,184.154,168,160,0,forward
ht_mansion2,456,4330.6,185.196,185.196,162,147,0,forward
ht_mansion2,457,4704,187.61,187.61,164,158,0,forward
ht_mansion2,458,5497.6,185.77,185.77,175,170,0,forward
ht_mansion2,459,5187,184.64,184.64,166,160,0,forward
ht_mansion2,460,5757.8,191.77,191.77,181,177,0,forward
ht_mansion2,461,5137,189.255,189.255,176,163,0,forward
ht_mansion2,462,4328,189.924,189.924,163,158,0,forward
ht_mansion2,463,4489.8,189.296,189.296,169,164,0,forward
ht_mansion2,464,4144.2,191.882,191.882,172,162,0,forward
ht_mansion2,465,4259.2,189.882,189.882,170,165,0,forward
ht_mansion2,466,4414.2,189.125,189.125,168,162,0,forward
ht_mansion2,467,3716.6,189.698,189.698,181,166,0,forward
ht_mansion2,468,4525.2,188.083,188.083,174,167,0,forward
ht_mansion2,469,5669.6,188.397,188.397,171,167,0,forward
ht_mansion2,470,5409.8,192.841,192.841,180,173,0,forward
ht_mansion2,471,4540.2,195.853,195.853,171,164,0,forward
ht_mansion2,472,4859,193.711,193.711,173,171,0,forward
ht_mansion2,473,3549.2,192.569,192.569,176,165,0,forward
ht_mansion2,474,3731.2,194.338,194.338,167,161,0,forward
ht_mansion2,475,5915.4,194.711,194.711,174,170,0,forward
ht_mansion2,476,5273.6,195.225,195.225,177,171,0,forward
ht_mansion2,477,5236.2,192.64,192.64,174,166,0,forward
ht_mansion2,478,5848.8,195.397,195.397,178,173,0,forward
ht_mansion2,479,5487.4,192.497,192.497,178,173,0,forward
ht_mansion2,480,4788.2,197.912,197.912,183,172,0,forward
ht_mansion2,481,4921,196.74,196.74,181,165,0,forward
ht_mansion2,482,6456.8,198.426,198.426,186,181,0,forward
ht_mansion2,483,6545.2,198.468,198.468,179,171,0,forward
ht_mansion2,484,4971,199.882,199.882,180,171,0,forward
ht_mansion2,485,4114.6,196.054,196.054,177,173,0,forward
ht_mansion2,486,6453.8,198.74,198.74,183,180,0,forward
ht_mansion2,487,5922.8,198.74,198.74,183,180,0,forward
ht_mansion2,488,5165.4,196.711,196.711,176,168,0,forward
ht_mansion2,489,6624.8,196.368,196.368,174,167,0,forward
ht_mansion2,490,5415.4,201.782,201.782,179,165,0,forward
ht_mansion2,491,4639.2,201.711,201.711,181,169,0,forward
ht_mansion2,492,4053.4,201.811,201.811,184,183,0,forward
ht_mansion2,493,5651.6,200.468,200.468,181,174,0,forward
ht_mansion2,494,4876.2,201.711,201.711,181,173,0,forward
ht_mansion2,495,4791.2,202.711,202.711,182,174,0,forward
ht_mansion2,496,5649.4,202.841,202.841,190,188,0,forward
ht_mansion2,497,4764.8,201.823,201.823,172,167,0,forward
ht_mansion2,498,5480.6,202.782,202.782,180,166,0,forward
ht_mansion2,499,6275.2,200.196,200.196,177,173,0,forward
ht_mansion2,500,5909.2,206.054,206.054,187,183,0,forward
ht_mansion2,501,4644.6,204.439,204.439,180,170,0,forward
ht_mansion2,502,4317,206.51,206.51,180,165,0,forward
ht_mansion2,503,5538.6,207.811,207.811,190,179,0,forward
ht_mansion2,504,4663,206.296,206.296,186,178,0,forward
ht_mansion2,505,4946.8,204.811,204.811,187,173,0,forward
ht_mansion2,506,4515.6,207.995,207.995,179,176,0,forward
ht_mansion2,507,4871.4,207.296,207.296,187,180,0,forward
ht_mansion2,508,4798,207.267,207.267,182,174,0,forward
ht_mansion2,509,7407.2,204.054,204.054,185,180,0,forward
ht_mansion2,510,4623.2,209.953,209.953,188,179,0,forward
ht_mansion2,511,6106.8,211.61,211.61,188,183,0,forward
ht_mansion2,512,5140.8,211.51,211.51,185,180,0,forward
ht_mansion2,513,4068.4,208.338,208.338,181,173,0,forward
ht_mansion2,514,6615.6,208.811,208.811,191,184,0,forward
ht_mansion2,515,5562.2,211.326,211.326,196,187,0,forward
ht_mansion2,516,5393,209.024,209.024,185,179,0,forward
ht_mansion2,517,4863.8,209.539,209.539,188,181,0,forward
ht_mansion2,518,6220.2,209.61,209.61,186,184,0,forward
ht_mansion2,519,4387,208.468,208.468,189,178,0,forward
ht_mansion2,520,5851.6,215.368,215.368,193,182,0,forward
ht_mansion2,521,5029.6,213.983,213.983,197,184,0,forward
ht_mansion2,522,5665.2,212.61,212.61,189,183,0,forward
ht_mansion2,523,4374.8,214.569,214.569,198,186,0,forward
ht_mansion2,524,6089,213.74,213.74,198,190,0,forward
ht_mansion2,525,5065,215.225,215.225,197,184,0,forward
ht_mansion2,526,5219.2,214.439,214.439,190,188,0,forward
ht_mansion2,527,4698,215.338,215.338,188,174,0,forward
ht_mansion2,528,5808,212.61,212.61,189,180,0,forward
ht_mansion2,529,5995.4,215.912,215.912,201,197,0,forward
ht_mansion2,530,5097.8,219.439,219.439,195,187,0,forward
ht_mansion2,531,5987.8,217.853,217.853,193,187,0,forward
ht_mansion2,532,6545,219.983,219.983,203,200,0,forward
ht_mansion2,533,5339.2,217.225,217.225,199,195,0,forward
ht_mansion2,534,4423,216.468,216.468,197,190,0,forward
ht_mansion2,535,5852,216.811,216.811,199,196,0,forward
ht_mansion2,536,7187.4,218.154,218.154,202,196,0,forward
ht_mansion2,537,5949.4,217.054,217.054,198,189,0,forward
ht_mansion2,538,5251,219.681,219.681,194,187,0,forward
ht_mansion2,539,5261.2,216.782,216.782,194,183,0,forward
ht_mansion2,540,4697.6,221.338,221.338,194,179,0,forward
ht_mansion2,541,5238.4,220.225,220.225,202,196,0,forward
ht_mansion2,542,5141,221.296,221.296,201,194,0,forward
ht_mansion2,543,4944.4,221.581,221.581,193,189,0,forward
ht_mansion2,544,6046.2,220.953,220.953,199,196,0,forward
ht_mansion2,545,6778,222.255,222.255,209,206,0,forward
ht_mansion2,546,6897.8,220.225,220.225,202,186,0,forward
ht_mansion2,547,6643.2,221.782,221.782,199,193,0,forward
ht_mansion2,548,5440.4,220.752,220.752,193,184,0,forward
ht_mansion2,549,5011.6,223.853,223.853,199,197,0,forward
ht_mansion2,550,6514.2,224.154,224.154,208,202,0,forward
ht_mansion2,551,6457,226.397,226.397,209,203,0,forward
ht_mansion2,552,6204.6,224.711,224.711,204,196,0,forward
ht_mansion2,553,6184.8,226.539,226.539,205,195,0,forward
ht_mansion2,554,5916.4,225.468,225.468,206,199,0,forward
ht_mansion2,555,8723,224.64,224.64,206,198,0,forward
ht_mansion2,556,5848.4,225.125,225.125,204,190,0,forward
ht_mansion2,557,6343.8,224.225,224.225,206,200,0,forward
ht_mansion2,558,6552.8,227.74,227.74,212,206,0,forward
ht_mansion2,559,4575.6,227.125,227.125,206,191,0,forward
ht_mansion2,560,5412,229.782,229.782,207,199,0,forward
ht_mansion2,561,4926.2,228.267,228.267,203,197,0,forward
ht_mansion2,562,4696.2,228.368,228.368,206,202,0,forward
ht_mansion2,563,5768.8,230.569,230.569,214,203,0,forward
ht_mansion2,564,8344.6,229.468,229.468,210,201,0,forward
ht_mansion2,565,6016.2,231.882,231.882,212,199,0,forward
ht_mansion2,566,7185.4,228.054,228.054,209,205,0,forward
ht_mansion2,567,5416.6,228.338,228.338,201,197,0,forward
ht_mansion2,568,7809.6,229.296,229.296,209,199,0,forward
ht_mansion2,569,7043,231.497,231.497,217,201,0,forward
ht_mansion2,570,5479.8,234.61,234.61,211,205,0,forward
ht_mansion2,571,5503.8,234.468,234.468,215,213,0,forward
ht_mansion2,572,5195.6,232.51,232.51,206,200,0,forward
ht_mansion2,573,4946.4,232.125,232.125,211,207,0,forward
ht_mansion2,574,6534.8,233.326,233.326,218,216,0,forward
ht_mansion2,575,6512.4,235.924,235.924,209,201,0,forward
ht_mansion2,576,6896.2,234.782,234.782,212,203,0,forward
ht_mansion2,577,6346.2,235.752,235.752,208,205,0,forward
ht_mansion2,578,6530.4,235.539,235.539,214,208,0,forward
ht_mansion2,579,5805.2,235.167,235.167,207,199,0,forward
ht_mansion2,580,5094.2,236.995,236.995,208,203,0,forward
ht_mansion2,581,6555,237.622,237.622,202,195,0,forward
ht_mansion2,582,5130.6,238.296,238.296,218,205,0,forward
ht_mansion2,583,6716,239.953,239.953,218,216,0,forward
ht_mansion2,584,5558.2,236.095,236.095,210,202,0,forward
ht_mansion2,585,5739.4,239.782,239.782,217,209,0,forward
ht_mansion2,586,7273.2,236.368,236.368,214,207,0,forward
ht_mansion2,587,5795.8,236.581,236.581,208,207,0,forward
ht_mansion2,588,6847.8,238.51,238.51,212,206,0,forward
ht_mansion2,589,6010.2,237.439,237.439,213,200,0,forward
ht_mansion2,590,6046.4,242.853,242.853,218,211,0,forward
ht_mansion2,591,7236.4,241.125,241.125,220,212,0,forward
ht_mansion2,592,6474.8,240.51,240.51,214,203,0,forward
ht_mansion2,593,5055.8,241.539,241.539,220,205,0,forward
ht_mansion2,594,8080.6,240.782,240.782,218,215,0,forward
ht_mansion2,595,6262.2,242.267,242.267,217,211,0,forward
ht_mansion2,596,6262.4,243.894,243.894,212,209,0,forward
ht_mansion2,597,6166.2,240.468,240.468,221,215,0,forward
ht_mansion2,598,7201,243.539,243.539,222,213,0,forward
ht_mansion2,599,5705,240.267,240.267,215,206,0,forward
ht_mansion2,600,7446.8,244.953,244.953,223,219,0,forward
ht_mansion2,601,5913,244.539,244.539,223,218,0,forward
ht_mansion2,602,6514.4,247.066,247.066,216,214,0,forward
ht_mansion2,603,6090.2,245.095,245.095,219,215,0,forward
ht_mansion2,604,6663.4,244.983,244.983,228,219,0,forward
ht_mansion2,605,7092.6,244.468,244.468,225,216,0,forward
ht_mansion2,606,6221,247.782,247.782,225,209,0,forward
ht_mansion2,607,6000.6,244.823,244.823,215,212,0,forward
ht_mansion2,608,5024.6,244.681,244.681,219,212,0,forward
ht_mansion2,609,7392.2,245.995,245.995,217,208,0,forward
ht_mansion2,610,6181.8,249.196,249.196,226,221,0,forward
ht_mansion2,611,5580.2,249.894,249.894,218,214,0,forward
ht_mansion2,612,6476.6,251.953,251.953,230,225,0,forward
ht_mansion2,613,7207.4,249.953,249.953,228,210,0,forward
ht_mansion2,614,7025.8,248.711,248.711,228,226,0,forward
ht_mansion2,615,6895.4,248.296,248.296,228,225,0,forward
ht_mansion2,616,5757.4,248.439,248.439,224,217,0,forward
ht_mansion2,617,6531.2,248.024,248.024,224,218,0,forward
ht_mansion2,618,6327.8,250.61,250.61,227,221,0,forward
ht_mansion2,619,5764.6,250.196,250.196,227,225,0,forward
ht_mansion2,620,6200.2,252.782,252.782,230,225,0,forward
ht_mansion2,621,5558.6,254.61,254.61,231,223,0,forward
ht_mansion2,622,5956.2,254.095,254.095,228,225,0,forward
ht_mansion2,623,8078.4,253.539,253.539,232,229,0,forward
ht_mansion2,624,5566.2,254.64,254.64,236,229,0,forward
ht_mansion2,625,5303.2,253.551,253.551,220,213,0,forward
ht_mansion2,626,5728.8,252.681,252.681,227,216,0,forward
ht_mansion2,627,6309.4,252.622,252.622,217,215,0,forward
ht_mansion2,628,5720,253.066,253.066,222,215,0,forward
ht_mansion2,629,5365.4,254.267,254.267,229,216,0,forward
ht_mansion2,630,5598.6,259.966,259.966,226,218,0,forward
ht_mansion2,631,6875.4,259.238,259.238,229,215,0,forward
ht_mansion2,632,6562.4,256.794,256.794,222,216,0,forward
ht_mansion2,633,6669.2,259.752,259.752,232,220,0,forward
ht_mansion2,634,7692.2,258.439,258.439,234,227,0,forward
ht_mansion2,635,6209,256.782,256.782,234,232,0,forward
ht_mansion2,636,6135.2,257.853,257.853,233,224,0,forward
ht_mansion2,637,5761.8,258.811,258.811,241,226,0,forward
ht_mansion2,638,5287.8,257.853,257.853,233,226,0,forward
ht_mansion2,639,6087.4,259.095,259.095,233,227,0,forward
ht_mansion2,640,6210.6,261.51,261.51,235,224,0,forward
ht_mansion2,641,7783.8,260.681,260.681,235,232,0,forward
ht_mansion2,642,5733.4,260.48,260.48,229,224,0,forward
ht_mansion2,643,5877.4,262.38,262.38,228,224,0,forward
ht_mansion2,644,6628.6,262.196,262.196,239,233,0,forward
ht_mansion2,645,6089.6,260.924,260.924,234,231,0,forward
ht_mansion2,646,6877.4,262.095,262.095,236,216,0,forward
ht_mansion2,647,5595.6,261.338,261.338,234,231,0,forward
ht_mansion2,648,6069,262.622,262.622,227,217,0,forward
ht_mansion2,649,5409.8,260.095,260.095,234,223,0,forward
ht_mansion2,650,7560,265.338,265.338,238,236,0,forward
ht_mansion2,651,6587.8,265.652,265.652,235,233,0,forward
ht_mansion2,652,7830.8,264.024,264.024,240,235,0,forward
ht_mansion2,653,6323.2,264.409,264.409,235,222,0,forward
ht_mansion2,654,7382.2,267.752,267.752,240,226,0,forward
ht_mansion2,655,5921.8,265.953,265.953,244,238,0,forward
ht_mansion2,656,6608.6,264.823,264.823,235,225,0,forward
ht_mansion2,657,5426.8,264.711,264.711,244,234,0,forward
ht_mansion2,658,5477.6,265.924,265.924,239,235,0,forward
ht_mansion2,659,6451.8,266.894,266.894,235,229,0,forward
ht_mansion2,660,7455.6,269.581,269.581,241,235,0,forward
ht_mansion2,661,6717.6,270.551,270.551,237,226,0,forward
ht_mansion2,662,6528.2,268.652,268.652,238,229,0,forward
ht_mansion2,663,7405.6,269.338,269.338,242,238,0,forward
ht_mansion2,664,6411.8,268.267,268.267,243,241,0,forward
ht_mansion2,665,5847,270.966,270.966,237,224,0,forward
ht_mansion2,666,6479.4,271.024,271.024,247,235,0,forward
ht_mansion2,667,6652.6,271.48,271.48,240,238,0,forward
ht_mansion2,668,6379,268.238,268.238,238,227,0,forward
ht_mansion2,669,5932.2,269.924,269.924,243,231,0,forward
ht_mansion2,670,5880.2,272.953,272.953,251,247,0,forward
ht_mansion2,671,6896.6,273.38,273.38,239,231,0,forward
ht_mansion2,672,5990.4,273.409,273.409,244,234,0,forward
ht_mansion2,673,6616.6,272.267,272.267,247,237,0,forward
ht_mansion2,674,6017,274.267,274.267,249,243,0,forward
ht_mansion2,675,5923.2,274.752,274.752,247,241,0,forward
ht_mansion2,676,7550.6,273.752,273.752,246,243,0,forward
ht_mansion2,677,6721,274.723,274.723,242,233,0,forward
ht_mansion2,678,6554,275.279,275.279,238,232,0,forward
ht_mansion2,679,6687.2,274.309,274.309,242,232,0,forward
ht_mansion2,680,5571,276.823,276.823,247,241,0,forward
ht_mansion2,681,7327.2,277.865,277.865,241,239,0,forward
ht_mansion2,682,7094.4,276.51,276.51,250,248,0,forward
ht_mansion2,683,6177,279.409,279.409,250,243,0,forward
ht_mansion2,684,6069.4,276.794,276.794,242,234,0,forward
ht_mansion2,685,6030.8,276.581,276.581,248,235,0,forward
ht_mansion2,686,6062.4,276.823,276.823,247,243,0,forward
ht_mansion2,687,6166,276.652,276.652,246,244,0,forward
ht_mansion2,688,5304.8,277.238,277.238,247,241,0,forward
ht_mansion2,689,6788.4,277.167,277.167,249,238,0,forward
ht_mansion2,690,6767.6,282.865,282.865,246,236,0,forward
ht_mansion2,691,6262.4,282.522,282.522,244,240,0,forward
ht_mansion2,692,7203,281.593,281.593,241,236,0,forward
ht_mansion2,693,7192.2,280.995,280.995,252,247,0,forward
ht_mansion2,694,7107.8,280.823,280.823,251,247,0,forward
ht_mansion2,695,7801.4,282.35,282.35,243,238,0,forward
ht_mansion2,696,7039.2,282.48,282.48,251,231,0,forward
ht_mansion2,697,7472.6,280.652,280.652,250,241,0,forward
ht_mansion2,698,8345.2,280.48,280.48,249,243,0,forward
ht_mansion2,699,6985.6,282.38,282.38,248,243,0,forward
ht_mansion2,700,6257.8,285.137,285.137,252,242,0,forward
ht_mansion2,701,7317,286.522,286.522,248,247,0,forward
ht_mansion2,702,8001.6,287.167,287.167,259,255,0,forward
ht_mansion2,703,7354,284.137,284.137,251,246,0,forward
ht_mansion2,704,7050.8,285.652,285.652,255,247,0,forward
ht_mansion2,705,7031.2,287.037,287.037,251,240,0,forward
ht_mansion2,706,7356.2,287.125,287.125,266,262,0,forward
ht_mansion2,707,6987.2,287.037,287.037,251,244,0,forward
ht_mansion2,708,7063.2,285.894,285.894,254,248,0,forward
ht_mansion2,709,6411.8,284.037,284.037,248,238,0,forward
ht_mansion2,710,7234.2,288.108,288.108,250,246,0,forward
ht_mansion2,711,6576.4,289.167,289.167,261,257,0,forward
ht_mansion2,712,7277,289.693,289.693,252,242,0,forward
ht_mansion2,713,7184.2,290.752,290.752,263,253,0,forward
ht_mansion2,714,7794.2,289.409,289.409,260,252,0,forward
ht_mansion2,715,6287.8,291.38,291.38,257,250,0,forward
ht_mansion2,716,7126.2,291.581,291.581,263,252,0,forward
ht_mansion2,717,6087.4,290.309,290.309,258,250,0,forward
ht_mansion2,718,6615.8,289.037,289.037,253,246,0,forward
ht_mansion2,719,7154.8,290.108,290.108,252,246,0,forward
ht_mansion2,720,6995.6,293.037,293.037,257,254,0,forward
ht_mansion2,721,7635.8,293.681,293.681,268,264,0,forward
ht_mansion2,722,6422.4,293.581,293.581,265,263,0,forward
ht_mansion2,723,7883.4,294.853,294.853,270,262,0,forward
ht_mansion2,724,7678.2,292.066,292.066,261,252,0,forward
ht_mansion2,725,10906.6,292.409,292.409,263,249,0,forward
ht_mansion2,726,7003.6,293.966,293.966,260,255,0,forward
ht_mansion2,727,6789.2,295.409,295.409,266,259,0,forward
ht_mansion2,728,8131.2,292.723,292.723,260,253,0,forward
ht_mansion2,729,7277.6,294.752,294.752,267,261,0,forward
ht_mansion2,730,8017,298.196,298.196,275,273,0,forward
ht_mansion2,731,7622.6,297.48,297.48,266,257,0,forward
ht_mansion2,732,8090.6,298.995,298.995,270,254,0,forward
ht_mansion2,733,7661.6,296.037,296.037,260,256,0,forward
ht_mansion2,734,7714,296.066,296.066,265,260,0,forward
ht_mansion2,735,8123.6,299.409,299.409,270,264,0,forward
ht_mansion2,736,7609.2,298.924,298.924,272,267,0,forward
ht_mansion2,737,6875.2,297.752,297.752,270,265,0,forward
ht_mansion2,738,8228,296.179,296.179,256,251,0,forward
ht_mansion2,739,8360.6,299.782,299.782,277,270,0,forward
ht_mansion2,740,7083.4,302.882,302.882,283,279,0,forward
ht_mansion2,741,7751,301.167,301.167,273,270,0,forward
ht_mansion2,742,7913.2,302.409,302.409,273,267,0,forward
ht_mansion2,743,7938.8,300.581,300.581,272,270,0,forward
ht_mansion2,744,7522.6,303.522,303.522,265,251,0,forward
ht_mansion2,745,8553,303.38,303.38,269,264,0,forward
ht_mansion2,746,8346.8,303.794,303.794,269,268,0,forward
ht_mansion2,747,7269.2,301.179,301.179,261,255,0,forward
ht_mansion2,748,8072.6,302.167,302.167,274,265,0,forward
ht_mansion2,749,7431.6,302.368,302.368,280,273,0,forward
ht_mansion2,750,7494.2,306.522,306.522,268,260,0,forward
ht_mansion2,751,7960.2,306.338,306.338,279,272,0,forward
ht_mansion2,752,7542.6,307.652,307.652,277,267,0,forward
ht_mansion2,753,6608.4,306.995,306.995,278,272,0,forward
ht_mansion2,754,7734,306.794,306.794,272,264,0,forward
ht_mansion2,755,7303.6,305.48,305.48,274,270,0,forward
ht_mansion2,756,7710.2,304.309,304.309,272,264,0,forward
ht_mansion2,757,7550.4,307.037,307.037,271,268,0,forward
ht_mansion2,758,7850.2,307.995,307.995,279,277,0,forward
ht_mansion2,759,7704.8,305.421,305.421,264,255,0,forward
ht_mansion2,760,8099.4,311.823,311.823,282,281,0,forward
ht_mansion2,761,8202.4,310.037,310.037,274,270,0,forward
ht_mansion2,762,6878.4,310.38,310.38,276,273,0,forward
ht_mansion2,763,6842.6,308.752,308.752,281,277,0,forward
ht_mansion2,764,7789.6,309.681,309.681,284,281,0,forward
ht_mansion2,765,8798.4,310.037,310.037,274,265,0,forward
ht_mansion2,766,6471.2,309.581,309.581,281,276,0,forward
ht_mansion2,767,8308.4,310.823,310.823,281,269,0,forward
ht_mansion2,768,7604,308.409,308.409,279,275,0,forward
ht_mansion2,769,8507,311.196,311.196,288,282,0,forward
ht_mansion2,770,7652,314.38,314.38,280,274,0,forward
ht_mansion2,771,8968,312.936,312.936,274,265,0,forward
ht_mansion2,772,8579.2,315.338,315.338,288,281,0,forward
ht_mansion2,773,8044,314.865,314.865,278,271,0,forward
ht_mansion2,774,7054.4,312.865,312.865,276,267,0,forward
ht_mansion2,775,9341.2,312.338,312.338,285,283,0,forward
ht_mansion2,776,7612.8,315.581,315.581,287,277,0,forward
ht_mansion2,777,7060.4,315.267,315.267,290,281,0,forward
ht_mansion2,778,7874.8,312.894,312.894,281,270,0,forward
ht_mansion2,779,6991.4,314.622,314.622,279,273,0,forward
ht_mansion2,780,9371,318.208,318.208,283,282,0,forward
ht_mansion2,781,7684.4,318.551,318.551,285,277,0,forward
ht_mansion2,782,7963,316.451,316.451,280,259,0,forward
ht_mansion2,783,7373,319.551,319.551,286,285,0,forward
ht_mansion2,784,7906.6,318.865,318.865,282,276,0,forward
ht_mansion2,785,6834.2,317.924,317.924,291,284,0,forward
ht_mansion2,786,6461.8,317.267,317.267,292,285,0,forward
ht_mansion2,787,8577.8,316.551,316.551,283,276,0,forward
ht_mansion2,788,8137.8,316.137,316.137,283,277,0,forward
ht_mansion2,789,8673.8,317.693,317.693,280,277,0,forward
ht_mansion2,790,8468,323.664,323.664,281,273,0,forward
ht_mansion2,791,8006.8,322.966,322.966,289,284,0,forward
ht_mansion2,792,7240.2,320.024,320.024,296,292,0,forward
ht_mansion2,793,7522,321.179,321.179,281,276,0,forward
ht_mansion2,794,7759.8,323.794,323.794,289,283,0,forward
ht_mansion2,795,6977.8,322.681,322.681,297,290,0,forward
ht_mansion2,796,7735.6,323.066,323.066,292,288,0,forward
ht_mansion2,797,8681.2,323.007,323.007,282,278,0,forward
ht_mansion2,798,8465.4,320.622,320.622,285,270,0,forward
ht_mansion2,799,8759.4,320.581,320.581,292,282,0,forward
ht_mansion2,800,8372.8,325.823,325.823,296,286,0,forward
ht_mansion2,801,7778,325.752,325.752,298,294,0,forward
ht_mansion2,802,8033.4,326.622,326.622,291,285,0,forward
ht_mansion2,803,7664.8,327.48,327.48,296,291,0,forward
ht_mansion2,804,6487.2,324.894,324.894,293,279,0,forward
ht_mansion2,805,7567,324.007,324.007,283,274,0,forward
ht_mansion2,806,7782.4,324.48,324.48,293,289,0,forward
ht_mansion2,807,8063.2,324.563,324.563,279,274,0,forward
ht_mansion2,808,8025.4,325.38,325.38,291,284,0,forward
ht_mansion2,809,8394.4,324.966,324.966,291,284,0,forward
ht_mansion2,810,7325.2,328.894,328.894,297,286,0,forward
ht_mansion2,811,8880,330.309,330.309,298,292,0,forward
ht_mansion2,812,9330.8,330.823,330.823,301,300,0,forward
ht_mansion2,813,7799.6,328.693,328.693,291,284,0,forward
ht_mansion2,814,7951.4,330.936,330.936,292,281,0,forward
ht_mansion2,815,9267.4,328.924,328.924,302,296,0,forward
ht_mansion2,816,9031,331.208,331.208,296,287,0,forward
ht_mansion2,817,8130.6,329.723,329.723,297,292,0,forward
ht_mansion2,818,8123.4,328.208,328.208,293,286,0,forward
ht_mansion2,819,7981.2,331.421,331.421,290,290,0,forward
ht_mansion2,820,7174.2,332.693,332.693,295,292,0,forward
ht_mansion2,821,9098.8,335.693,335.693,298,284,0,forward
ht_mansion2,822,8449,332.581,332.581,304,300,0,forward
ht_mansion2,823,8648.8,335.208,335.208,300,293,0,forward
ht_mansion2,824,8437.2,332.764,332.764,293,286,0,forward
ht_mansion2,825,9017.4,332.61,332.61,309,307,0,forward
ht_mansion2,826,8598.2,332.463,332.463,284,272,0,forward
ht_mansion2,827,8625.2,335.966,335.966,302,298,0,forward
ht_mansion2,828,9184.6,334.652,334.652,304,297,0,forward
ht_mansion2,829,7699.8,333.681,333.681,308,304,0,forward
ht_mansion2,830,9664.6,339.309,339.309,307,294,0,forward
ht_mansion2,831,8968.8,338.622,338.622,303,297,0,forward
ht_mansion2,832,9417.8,337.664,337.664,295,288,0,forward
ht_mansion2,833,9191,337.723,337.723,305,298,0,forward
ht_mansion2,834,8840.8,338.309,338.309,306,299,0,forward
ht_mansion2,835,8517.6,337.978,337.978,292,285,0,forward
ht_mansion2,836,7527,336.279,336.279,299,296,0,forward
ht_mansion2,837,9788.8,337.48,337.48,306,303,0,forward
ht_mansion2,838,9220,337.995,337.995,309,302,0,forward
ht_mansion2,839,7538,339.522,339.522,301,301,0,forward
ht_mansion2,840,7036.4,340.622,340.622,305,299,0,forward
ht_mansion2,841,9256,343.894,343.894,312,306,0,forward
ht_mansion2,842,9434,343.35,343.35,304,297,0,forward
ht_mansion2,843,8365.8,341.593,341.593,301,295,0,forward
ht_mansion2,844,7952.6,342.35,342.35,303,302,0,forward
ht_mansion2,845,8058,342.551,342.551,309,302,0,forward
ht_mansion2,846,7823.6,340.522,340.522,302,295,0,forward
ht_mansion2,847,8154.2,342.823,342.823,313,301,0,forward
ht_mansion2,848,8430,341.551,341.551,308,297,0,forward
ht_mansion2,849,9828.2,343.095,343.095,317,311,0,forward
ht_mansion2,850,8763.4,346.38,346.38,312,306,0,forward
ht_mansion2,851,8894,347.622,347.622,312,304,0,forward
ht_mansion2,852,9264.4,347.108,347.108,309,301,0,forward
ht_mansion2,853,7905,344.622,344.622,309,301,0,forward
ht_mansion2,854,7932.6,344.309,344.309,312,305,0,forward
ht_mansion2,855,7572.2,347.581,347.581,319,313,0,forward
ht_mansion2,856,9857.2,346.137,346.137,313,308,0,forward
ht_mansion2,857,9522.2,344.593,344.593,304,297,0,forward
ht_mansion2,858,7990.2,345.48,345.48,314,308,0,forward
ht_mansion2,859,9392.8,346.622,346.622,311,306,0,forward
ht_mansion2,860,9109.4,350.137,350.137,317,303,0,forward
ht_mansion2,861,7911.4,348.823,348.823,319,313,0,forward
ht_mansion2,862,9223,349.907,349.907,306,302,0,forward
ht_mansion2,863,9973,351.693,351.693,314,307,0,forward
ht_mansion2,864,9236,348.35,348.35,309,303,0,forward
ht_mansion2,865,9300.8,350.764,350.764,311,303,0,forward
ht_mansion2,866,9470.4,351.421,351.421,310,298,0,forward
ht_mansion2,867,8931.4,348.551,348.551,315,309,0,forward
ht_mansion2,868,8098.8,350.823,350.823,321,317,0,forward
ht_mansion2,869,8262.8,350.907,350.907,307,294,0,forward
ht_mansion2,870,9453.8,353.267,353.267,328,325,0,forward
ht_mansion2,871,7848.2,353.007,353.007,312,306,0,forward
ht_mansion2,872,9300.8,352.421,352.421,311,306,0,forward
ht_mansion2,873,8081.2,353.664,353.664,311,304,0,forward
ht_mansion2,874,9801.6,352.622,352.622,317,314,0,forward
ht_mansion2,875,9773.8,353.451,353.451,317,304,0,forward
ht_mansion2,876,9978.2,353.865,353.865,317,301,0,forward
ht_mansion2,877,7931.6,352.522,352.522,314,305,0,forward
ht_mansion2,878,8190,355.007,355.007,314,306,0,forward
ht_mansion2,879,10022.4,352.581,352.581,324,313,0,forward
ht_mansion2,880,9678.2,357.522,357.522,319,304,0,forward
ht_mansion2,881,9672.4,358.664,358.664,316,309,0,forward
ht_mansion2,882,9632,358.865,358.865,322,315,0,forward
ht_mansion2,883,8707.6,358.078,358.078,315,313,0,forward
ht_mansion2,884,8993,357.037,357.037,321,317,0,forward
ht_mansion2,885,8782.2,357.551,357.551,324,323,0,forward
ht_mansion2,886,10090.6,359.823,359.823,330,323,0,forward
ht_mansion2,887,10117.4,358.936,358.936,320,313,0,forward
ht_mansion2,888,8886.2,359.894,359.894,328,317,0,forward
ht_mansion2,889,9080.4,359.823,359.823,330,325,0,forward
ht_mansion2,890,9348.8,361.309,361.309,329,322,0,forward
ht_mansion2,891,9562.8,360.894,360.894,329,328,0,forward
ht_mansion2,892,8711.2,361.723,361.723,329,322,0,forward
ht_mansion2,893,9922,361.492,361.492,318,311,0,forward
ht_mansion2,894,9389.6,361.409,361.409,332,322,0,forward
ht_mansion2,895,8904.6,360.894,360.894,329,323,0,forward
ht_mansion2,896,9542,362.865,362.865,326,319,0,forward
ht_mansion2,897,8923.4,361.421,361.421,320,309,0,forward
ht_mansion2,898,8741.6,361.652,361.652,331,325,0,forward
ht_mansion2,899,9402.6,360.966,360.966,327,307,0,forward
ht_mansion2,900,9506.2,364.794,364.794,330,319,0,forward
ht_mansion2,901,10196.4,366.392,366.392,320,312,0,forward
ht_mansion2,902,9840.4,367.362,367.362,316,312,0,forward
ht_mansion2,903,9985.8,367.966,367.966,334,327,0,forward
ht_mansion2,904,9671.2,367.966,367.966,334,327,0,forward
ht_mansion2,905,9838.4,366.563,366.563,321,316,0,forward
ht_mansion2,906,8919,365.421,365.421,324,311,0,forward
ht_mansion2,907,8291,364.049,364.049,316,306,0,forward
ht_mansion2,908,8974.4,365.037,365.037,329,327,0,forward
ht_mansion2,909,9686.8,364.551,364.551,331,315,0,forward
ht_mansion2,910,9984.2,370.22,370.22,323,317,0,forward
ht_mansion2,911,9637.4,371.321,371.321,327,321,0,forward
ht_mansion2,912,8447.4,369.392,369.392,323,315,0,forward
ht_mansion2,913,9010.8,370.978,370.978,325,313,0,forward
ht_mansion2,914,10981.8,368.723,368.723,336,333,0,forward
ht_mansion2,915,9599,368.907,368.907,325,317,0,forward
ht_mansion2,916,9392.2,369.978,369.978,324,316,0,forward
ht_mansion2,917,9529.2,369.321,369.321,325,318,0,forward
ht_mansion2,918,10413.4,368.894,368.894,337,327,0,forward
ht_mansion2,919,10203.4,369.321,369.321,325,305,0,forward
ht_mansion2,920,12161.6,372.309,372.309,340,331,0,forward
ht_mansion2,921,9701,375.22,375.22,328,321,0,forward
ht_mansion2,922,8613.4,374.078,374.078,331,323,0,forward
ht_mansion2,923,8136,374.12,374.12,324,316,0,forward
ht_mansion2,924,9358.6,373.735,373.735,329,321,0,forward
ht_mansion2,925,8724.6,375.291,375.291,326,320,0,forward
ht_mansion2,926,10141.8,375.664,375.664,333,326,0,forward
ht_mansion2,927,8705.8,372.693,372.693,335,316,0,forward
ht_mansion2,928,9899.6,373.966,373.966,340,326,0,forward
ht_mansion2,929,9117.2,372.522,372.522,334,327,0,forward
ht_mansion2,930,10273.8,379.978,379.978,334,318,0,forward
ht_mansion2,931,10514,379.191,379.191,327,321,0,forward
ht_mansion2,932,9231.4,376.421,376.421,335,322,0,forward
ht_mansion2,933,8920.6,379.563,379.563,334,328,0,forward
ht_mansion2,934,9679.2,377.279,377.279,340,324,0,forward
ht_mansion2,935,8704.6,379.007,379.007,338,327,0,forward
ht_mansion2,936,8799.8,377.492,377.492,334,332,0,forward
ht_mansion2,937,8586.4,377.764,377.764,338,324,0,forward
ht_mansion2,938,8479.4,376.693,376.693,339,333,0,forward
ht_mansion2,939,8705.4,379.108,379.108,341,336,0,forward
ht_mansion2,940,9215,382.392,382.392,336,327,0,forward
ht_mansion2,941,9251.8,381.392,381.392,335,330,0,forward
ht_mansion2,942,9817,380.664,380.664,338,331,0,forward
ht_mansion2,943,9447,380.191,380.191,328,318,0,forward
ht_mansion2,944,9220.6,381.836,381.836,340,326,0,forward
ht_mansion2,945,9242.2,383.823,383.823,354,342,0,forward
ht_mansion2,946,9834,383.794,383.794,349,345,0,forward
ht_mansion2,947,9673.8,381.522,381.522,343,329,0,forward
ht_mansion2,948,9666.2,381.309,381.309,349,345,0,forward
ht_mansion2,949,9590.8,383.392,383.392,337,327,0,forward
ht_mansion2,950,9229.8,387.492,387.492,344,322,0,forward
ht_mansion2,951,9944,384.723,384.723,352,339,0,forward
ht_mansion2,952,10434.6,387.38,387.38,353,345,0,forward
ht_mansion2,953,10089.6,385.622,385.622,350,344,0,forward
ht_mansion2,954,10461.6,384.563,384.563,339,326,0,forward
ht_mansion2,955,10663.8,386.635,386.635,339,330,0,forward
ht_mansion2,956,10482.4,385.078,385.078,342,333,0,forward
ht_mansion2,957,9797.2,386.764,386.764,347,339,0,forward
ht_mansion2,958,10085,385.179,385.179,345,338,0,forward
ht_mansion2,959,9556.4,384.865,384.865,348,341,0,forward
ht_mansion2,960,10213.4,389.622,389.622,354,338,0,forward
ht_mansion2,961,9533,391.693,391.693,354,339,0,forward
ht_mansion2,962,10414,388.877,388.877,340,334,0,forward
ht_mansion2,963,10440.4,390.463,390.463,342,336,0,forward
ht_mansion2,964,10035.4,391.794,391.794,357,342,0,forward
ht_mansion2,965,10597.2,391.706,391.706,342,335,0,forward
ht_mansion2,966,9286.8,389.948,389.948,339,324,0,forward
ht_mansion2,967,10484.8,391.48,391.48,360,355,0,forward
ht_mansion2,968,10008.4,391.019,391.019,338,329,0,forward
ht_mansion2,969,10506,391.865,391.865,355,335,0,forward
ht_mansion2,970,9809,392.948,392.948,342,325,0,forward
ht_mansion2,971,10398.8,395.894,395.894,364,356,0,forward
ht_mansion2,972,10727.8,394.362,394.362,343,336,0,forward
ht_mansion2,973,9565.4,392.806,392.806,346,334,0,forward
ht_mansion2,974,10399,393.321,393.321,349,333,0,forward
ht_mansion2,975,10405,393.522,393.522,355,352,0,forward
ht_mansion2,976,9783,394.037,394.037,358,354,0,forward
ht_mansion2,977,9713,393.652,393.652,363,354,0,forward
ht_mansion2,978,9414.8,394.48,394.48,363,357,0,forward
ht_mansion2,979,10393.6,395.777,395.777,344,337,0,forward
ht_mansion2,980,9378.4,397.078,397.078,354,334,0,forward
ht_mansion2,981,10970.8,396.605,396.605,344,340,0,forward
ht_mansion2,982,9518.6,398.777,398.777,347,339,0,forward
ht_mansion2,983,9917,399.191,399.191,347,342,0,forward
ht_mansion2,984,9808.2,398.907,398.907,355,351,0,forward
ht_mansion2,985,10902,398.321,398.321,354,344,0,forward
ht_mansion2,986,10159.8,399.735,399.735,355,351,0,forward
ht_mansion2,987,9792.2,396.894,396.894,365,356,0,forward
ht_mansion2,988,10000,398.179,398.179,358,348,0,forward
ht_mansion2,989,9227.6,396.451,396.451,360,356,0,forward
ht_mansion2,990,10286.6,400.777,400.777,349,343,0,forward
ht_mansion2,991,9830.8,401.563,401.563,356,352,0,forward
ht_mansion2,992,10335.4,402.434,402.434,349,345,0,forward
ht_mansion2,993,9769.2,400.836,400.836,359,339,0,forward
ht_mansion2,994,9714.6,403.936,403.936,365,358,0,forward
ht_mansion2,995,10161.6,400.676,400.676,346,336,0,forward
ht_mansion2,996,10769,400.522,400.522,362,342,0,forward
ht_mansion2,997,10679.6,401.865,401.865,365,357,0,forward
ht_mansion2,998,10331.6,402.434,402.434,349,332,0,forward
ht_mansion2,999,9978.2,400.492,400.492,357,352,0,forward
ht_mansion2,1000,10473.4,406.208,406.208,371,366,0,forward
ht_mansion2,1001,9180.8,404.392,404.392,358,346,0,forward
ht_mansion2,1002,9635.4,407.652,407.652,377,374,0,forward
ht_mansion2,1003,9921,405.25,405.25,363,352,0,forward
ht_mansion2,1004,10490,406.622,406.622,371,363,0,forward
ht_mansion2,1005,10275.2,407.865,407.865,371,363,0,forward
ht_mansion2,1006,11156.4,405.605,405.605,353,344,0,forward
ht_mansion2,1007,9781,406.421,406.421,365,354,0,forward
ht_mansion2,1008,9595.2,405.676,405.676,351,340,0,forward
ht_mansion2,1009,10935.8,405.48,405.48,374,366,0,forward
ht_mansion2,1010,9860.2,409.894,409.894,378,375,0,forward
ht_mansion2,1011,10812.2,409.179,409.179,369,365,0,forward
ht_mansion2,1012,11024.6,408.392,408.392,362,358,0,forward
ht_mansion2,1013,9587.4,410.149,410.149,365,358,0,forward
ht_mansion2,1014,11200.6,408.948,408.948,358,350,0,forward
ht_mansion2,1015,9613.4,410.25,410.25,368,348,0,forward
ht_mansion2,1016,10956.6,410.007,410.007,369,361,0,forward
ht_mansion2,1017,10094,408.238,408.238,378,368,0,forward
ht_mansion2,1018,10143.2,411.48,411.48,380,372,0,forward
ht_mansion2,1019,10745.2,409.22,409.22,362,355,0,forward
ht_mansion2,1020,9743.6,413.066,413.066,382,373,0,forward
ht_mansion2,1021,10270.8,412.392,412.392,366,361,0,forward
ht_mansion2,1022,9817.4,412.137,412.137,379,369,0,forward
ht_mansion2,1023,9556.4,412.907,412.907,369,361,0,forward
ht_mansion2,1024,10028.8,413.049,413.049,365,358,0,forward
ht_mansion2,1025,9724.4,412.836,412.836,371,357,0,forward
ht_mansion2,1026,10253.6,414.978,414.978,369,361,0,forward
ht_mansion2,1027,10165.8,412.865,412.865,376,372,0,forward
ht_mansion2,1028,10439.8,414.321,414.321,370,362,0,forward
ht_mansion2,1029,9891.4,412.48,412.48,381,375,0,forward
ht_mansion2,1030,10876.6,416.09,416.09,361,352,0,forward
ht_mansion2,1031,10609.8,419.806,419.806,373,367,0,forward
ht_mansion2,1032,10045.6,417.966,417.966,384,376,0,forward
ht_mansion2,1033,9931.6,416.149,416.149,371,364,0,forward
ht_mansion2,1034,10366.8,416.279,416.279,379,369,0,forward
ht_mansion2,1035,9727.8,418.208,418.208,383,373,0,forward
ht_mansion2,1036,9787.2,417.149,417.149,372,364,0,forward
ht_mansion2,1037,10225,416.463,416.463,368,361,0,forward
ht_mansion2,1038,11232,416.149,416.149,371,363,0,forward
ht_mansion2,1039,10142.2,419.208,419.208,384,380,0,forward
