map,scenid,tcost,distance,expect,steps,access,r,itype
lt_0_lowtown_a2_n,0,1085.6,23.3137,4.24264,20,3,32,forward
lt_0_lowtown_a2_n,1,468.6,18.3137,7,15,0,32,forward
lt_0_lowtown_a2_n,2,922.2,38.9706,5.82843,34,3,32,forward
lt_0_lowtown_a2_n,3,254.6,8.24264,4,7,0,32,forward
lt_0_lowtown_a2_n,4,808.4,31.8995,7.41421,29,6,32,forward
lt_0_lowtown_a2_n,5,986.4,45.1838,5.41421,34,12,32,forward
lt_0_lowtown_a2_n,6,1007.8,29.2132,7.65685,23,13,32,forward
lt_0_lowtown_a2_n,7,703.2,17.3137,5,14,9,32,forward
lt_0_lowtown_a2_n,8,411.2,13.0711,5.41421,11,1,32,forward
lt_0_lowtown_a2_n,9,1012.2,31.2426,5.41421,30,21,32,forward
lt_0_lowtown_a2_n,10,1327.8,36.2132,11.4853,30,25,32,forward
lt_0_lowtown_a2_n,11,657,16.4142,11.4142,16,2,32,forward
lt_0_lowtown_a2_n,12,1417.4,30.1421,9.82843,26,29,32,forward
lt_0_lowtown_a2_n,13,1063.8,20.2426,8.24264,19,29,32,forward
lt_0_lowtown_a2_n,14,313.2,13.0711,11.8995,11,0,32,forward
lt_0_lowtown_a2_n,15,916.4,42.3848,8.65685,37,5,32,forward
lt_0_lowtown_a2_n,16,561,31.799,9.07107,26,4,32,forward
lt_0_lowtown_a2_n,17,467.8,24.7279,8.48528,21,2,32,forward
lt_0_lowtown_a2_n,18,1258.2,52.0711,9.07107,50,28,32,forward
lt_0_lowtown_a2_n,19,1093,45.2132,8.24264,39,16,32,forward
lt_0_lowtown_a2_n,20,995.2,27.3137,12.2426,24,13,32,forward
lt_0_lowtown_a2_n,21,957,28.5563,14.3137,24,6,32,forward
lt_0_lowtown_a2_n,22,415.8,22.2132,15.1421,16,0,32,forward
lt_0_lowtown_a2_n,23,706.8,28.3137,12.8995,25,3,32,forward
lt_0_lowtown_a2_n,24,410.8,13.8995,13.0711,11,3,32,forward
lt_0_lowtown_a2_n,25,565.6,25.8995,15.0711,23,12,32,forward
lt_0_lowtown_a2_n,26,562.4,17.0711,12.4853,15,4,32,forward
lt_0_lowtown_a2_n,27,597,36.799,15.2426,31,7,32,forward
lt_0_lowtown_a2_n,28,461,15.8284,12.0711,15,2,32,forward
lt_0_lowtown_a2_n,29,1586.6,42.5563,14.2426,38,22,32,forward
lt_0_lowtown_a2_n,30,1973.2,51.1127,18.9706,42,45,32,forward
lt_0_lowtown_a2_n,31,914.2,55.598,18.8284,44,0,32,forward
lt_0_lowtown_a2_n,32,558.2,17.8995,16.1421,15,1,32,forward
lt_0_lowtown_a2_n,33,584.2,19.0711,19.0711,17,5,32,forward
lt_0_lowtown_a2_n,34,1339.4,43.3848,19.8284,38,25,32,forward
lt_0_lowtown_a2_n,35,923.6,33.6274,17.4142,27,7,32,forward
lt_0_lowtown_a2_n,36,989.8,27.4853,18.2426,25,22,32,forward
lt_0_lowtown_a2_n,37,1118.4,37.6274,19.4853,31,13,32,forward
lt_0_lowtown_a2_n,38,929.6,31.6274,16.0711,25,3,32,forward
lt_0_lowtown_a2_n,39,742.2,34.3848,19.6569,29,8,32,forward
lt_0_lowtown_a2_n,40,799.8,25.1421,21.3848,21,9,32,forward
lt_0_lowtown_a2_n,41,779.8,31.4558,22.8284,24,5,32,forward
lt_0_lowtown_a2_n,42,1129,47.2132,21.8995,41,14,32,forward
lt_0_lowtown_a2_n,43,1755.4,52.6569,22.6569,51,33,32,forward
lt_0_lowtown_a2_n,44,726.8,31.6274,22.2132,25,4,32,forward
lt_0_lowtown_a2_n,45,788.4,29.6569,22.8284,28,3,32,forward
lt_0_lowtown_a2_n,46,1956.4,66.799,23.799,61,36,32,forward
lt_0_lowtown_a2_n,47,626.8,31.6569,20.7279,30,4,32,forward
lt_0_lowtown_a2_n,48,2073,62.3848,22.1421,57,37,32,forward
lt_0_lowtown_a2_n,49,954.4,25.8995,23.6569,23,17,32,forward
lt_0_lowtown_a2_n,50,604.4,27.5563,27.5563,23,0,32,forward
lt_0_lowtown_a2_n,51,2056,52.1127,27.5563,43,27,32,forward
lt_0_lowtown_a2_n,52,1959,76.4975,27.4142,62,35,32,forward
lt_0_lowtown_a2_n,53,1205.6,47.8701,24.0711,40,22,32,forward
lt_0_lowtown_a2_n,54,632.4,27.0711,27.0711,25,2,32,forward
lt_0_lowtown_a2_n,55,691.6,25.8995,25.8995,23,6,32,forward
lt_0_lowtown_a2_n,56,1151.4,41.0416,25,34,13,32,forward
lt_0_lowtown_a2_n,57,1359.4,61.6985,25.5563,53,19,32,forward
lt_0_lowtown_a2_n,58,609.6,27.5563,25.5563,23,2,32,forward
lt_0_lowtown_a2_n,59,445.4,25.799,25.799,20,3,32,forward
lt_0_lowtown_a2_n,60,1059.4,34.5563,30.4558,30,12,32,forward
lt_0_lowtown_a2_n,61,1217.6,39.3137,30.3137,36,27,32,forward
lt_0_lowtown_a2_n,62,777.2,32.5563,31.3848,28,11,32,forward
lt_0_lowtown_a2_n,63,802,32.4853,31.8995,30,4,32,forward
lt_0_lowtown_a2_n,64,1407.2,50.0416,28.6569,43,24,32,forward
lt_0_lowtown_a2_n,65,1008.2,31.1421,29.7279,27,20,32,forward
lt_0_lowtown_a2_n,66,2738.6,64.799,30.4853,59,66,32,forward
lt_0_lowtown_a2_n,67,1102.8,39.5563,29.8995,35,17,32,forward
lt_0_lowtown_a2_n,68,828.6,30.2132,28.2132,24,9,32,forward
lt_0_lowtown_a2_n,69,1909.8,66.1127,31.1421,57,39,32,forward
lt_0_lowtown_a2_n,70,1320.8,45.2843,34.6985,37,15,32,forward
lt_0_lowtown_a2_n,71,2715,60.3137,32.8284,57,59,32,forward
lt_0_lowtown_a2_n,72,1840,58.8995,32.2426,56,56,32,forward
lt_0_lowtown_a2_n,73,914,34.8995,34.8995,32,9,32,forward
lt_0_lowtown_a2_n,74,1711.6,58.2548,35.8995,45,16,32,forward
lt_0_lowtown_a2_n,75,965.4,33.6274,33.6274,27,14,32,forward
lt_0_lowtown_a2_n,76,1996.6,77.7696,33.8701,67,47,32,forward
lt_0_lowtown_a2_n,77,2413.4,84.0416,32.0416,77,40,32,forward
lt_0_lowtown_a2_n,78,1977.4,50.8701,33.7279,43,32,32,forward
lt_0_lowtown_a2_n,79,974.2,33.8995,33.8995,31,13,32,forward
lt_0_lowtown_a2_n,80,1357,50.799,38.8995,45,29,32,forward
lt_0_lowtown_a2_n,81,1449.8,48.4853,37.5563,46,33,32,forward
lt_0_lowtown_a2_n,82,1541.8,44.799,38.5563,39,30,32,forward
lt_0_lowtown_a2_n,83,1342,44.6985,39.2843,36,24,32,forward
lt_0_lowtown_a2_n,84,1524.4,46.8284,39.2132,46,23,32,forward
lt_0_lowtown_a2_n,85,962.8,37.8701,37.8701,30,3,32,forward
lt_0_lowtown_a2_n,86,1267.4,52.598,39.9706,41,20,32,forward
lt_0_lowtown_a2_n,87,1599,63.799,39.8284,58,26,32,forward
lt_0_lowtown_a2_n,88,3043.8,64.8701,36.0416,57,61,32,forward
lt_0_lowtown_a2_n,89,1100.2,41.7696,36.2132,31,14,32,forward
lt_0_lowtown_a2_n,90,1477.8,47.7279,42.2132,44,33,32,forward
lt_0_lowtown_a2_n,91,1272.6,55.1127,42.3848,46,27,32,forward
lt_0_lowtown_a2_n,92,1526.2,54.1421,43.4142,50,31,32,forward
lt_0_lowtown_a2_n,93,1756.8,77.2132,40.4853,71,41,32,forward
lt_0_lowtown_a2_n,94,2534.2,64.7696,41.1127,54,66,32,forward
lt_0_lowtown_a2_n,95,1916.2,60.8284,42.2426,60,56,32,forward
lt_0_lowtown_a2_n,96,1097.4,48.3137,42.4558,45,8,32,forward
lt_0_lowtown_a2_n,97,1093,43.1421,40.5563,39,28,32,forward
lt_0_lowtown_a2_n,98,1559.4,68.799,40.4558,63,26,32,forward
lt_0_lowtown_a2_n,99,1685.4,67.3848,41.9706,62,37,32,forward
lt_0_lowtown_a2_n,100,1252,47.3848,44.4558,42,27,32,forward
lt_0_lowtown_a2_n,101,1499,51.3137,47.2132,48,37,32,forward
lt_0_lowtown_a2_n,102,3119.8,91.9706,46.1421,87,89,32,forward
lt_0_lowtown_a2_n,103,1485,73.9117,45.2426,59,9,32,forward
lt_0_lowtown_a2_n,104,1151.8,52.8995,46.799,50,27,32,forward
lt_0_lowtown_a2_n,105,2128.6,80.8406,47.1838,68,37,32,forward
lt_0_lowtown_a2_n,106,2378.2,70.5563,44.8995,66,78,32,forward
lt_0_lowtown_a2_n,107,1580.4,52.4142,47.4142,52,25,32,forward
lt_0_lowtown_a2_n,108,2096.8,83.4264,44.6569,71,54,32,forward
lt_0_lowtown_a2_n,109,2072.8,77.1838,44.8701,66,75,32,forward
lt_0_lowtown_a2_n,110,2049.8,64.5563,48.5563,60,40,32,forward
lt_0_lowtown_a2_n,111,1767.8,67.2548,48.9411,54,34,32,forward
lt_0_lowtown_a2_n,112,1382.2,50.6985,49.5269,42,20,32,forward
lt_0_lowtown_a2_n,113,1937.4,76.5269,48.5269,67,38,32,forward
lt_0_lowtown_a2_n,114,1835.2,66.598,51.598,55,34,32,forward
lt_0_lowtown_a2_n,115,1733.6,66.6274,49.5563,60,44,32,forward
lt_0_lowtown_a2_n,116,1590,55.7279,48.4558,52,38,32,forward
lt_0_lowtown_a2_n,117,1187.4,50.2843,50.2843,42,23,32,forward
lt_0_lowtown_a2_n,118,1355.2,48.3137,48.3137,45,27,32,forward
lt_0_lowtown_a2_n,119,1656,73.0416,50.3848,66,56,32,forward
lt_0_lowtown_a2_n,120,2040.8,76.0122,52.0711,64,52,32,forward
lt_0_lowtown_a2_n,121,2034.6,75.2132,53.8406,69,55,32,forward
lt_0_lowtown_a2_n,122,1768.8,77.6985,54.4853,69,47,32,forward
lt_0_lowtown_a2_n,123,2313.6,98.0538,54.6274,79,37,32,forward
lt_0_lowtown_a2_n,124,2775.2,83.6985,54.2843,75,56,32,forward
lt_0_lowtown_a2_n,125,1311.6,54.6569,54.0711,53,44,32,forward
lt_0_lowtown_a2_n,126,1481.4,55.799,55.799,50,13,32,forward
lt_0_lowtown_a2_n,127,2542.6,105.711,55.2132,85,57,32,forward
lt_0_lowtown_a2_n,128,1340.4,57.9706,54.6569,53,26,32,forward
lt_0_lowtown_a2_n,129,1291.2,54.0122,54.0122,42,23,32,forward
lt_0_lowtown_a2_n,130,1721.8,58.1127,58.1127,49,40,32,forward
lt_0_lowtown_a2_n,131,1785.6,63.5563,56.9706,59,44,32,forward
lt_0_lowtown_a2_n,132,1855.4,60.3553,57.7696,50,41,32,forward
lt_0_lowtown_a2_n,133,2160.8,77.5563,58.5563,73,43,32,forward
lt_0_lowtown_a2_n,134,1884.8,66.5563,57.9706,62,43,32,forward
lt_0_lowtown_a2_n,135,1672.2,71.9411,56.3848,62,48,32,forward
lt_0_lowtown_a2_n,136,2862.8,100.456,56.4558,93,78,32,forward
lt_0_lowtown_a2_n,137,1242.6,59.2548,59.2548,46,3,32,forward
lt_0_lowtown_a2_n,138,2852.2,109.284,59.6274,101,71,32,forward
lt_0_lowtown_a2_n,139,2337.8,69.799,59.5563,64,64,32,forward
lt_0_lowtown_a2_n,140,1840.4,73.0416,63.3848,66,54,32,forward
lt_0_lowtown_a2_n,141,2152.4,83.6274,63.7279,77,52,32,forward
lt_0_lowtown_a2_n,142,1862.4,65.5563,63.0711,61,46,32,forward
lt_0_lowtown_a2_n,143,1837.6,90.0122,63.3848,78,38,32,forward
lt_0_lowtown_a2_n,144,1970.4,68.7279,63.8995,65,53,32,forward
lt_0_lowtown_a2_n,145,1582.6,63.4853,63.4853,61,59,32,forward
lt_0_lowtown_a2_n,146,1737.4,62.2426,62.2426,61,53,32,forward
lt_0_lowtown_a2_n,147,1442.2,60.2132,60.2132,54,39,32,forward
lt_0_lowtown_a2_n,148,2984.6,89.2132,63.0711,83,98,32,forward
lt_0_lowtown_a2_n,149,2841.8,101.527,63.6569,92,78,32,forward
lt_0_lowtown_a2_n,150,2579.6,80.4558,66.799,73,61,32,forward
lt_0_lowtown_a2_n,151,2344,83.4264,67.9411,71,53,32,forward
lt_0_lowtown_a2_n,152,5244.6,102.87,66.5563,95,90,32,forward
lt_0_lowtown_a2_n,153,2174,102.669,64.7696,89,76,32,forward
lt_0_lowtown_a2_n,154,1895.8,74.8701,64.4558,67,55,32,forward
lt_0_lowtown_a2_n,155,1767.2,66.7279,65.0711,63,43,32,forward
lt_0_lowtown_a2_n,156,2310.4,88.4264,65.3553,76,74,32,forward
lt_0_lowtown_a2_n,157,2325.6,96.799,66.799,91,71,32,forward
lt_0_lowtown_a2_n,158,2379.6,88.397,67.0833,71,61,32,forward
lt_0_lowtown_a2_n,159,1654.2,64.0416,64.0416,57,38,32,forward
lt_0_lowtown_a2_n,160,2016.2,92.4264,68.2843,80,59,32,forward
lt_0_lowtown_a2_n,161,2235.6,72.9706,71.799,68,63,32,forward
lt_0_lowtown_a2_n,162,2830.6,93.1838,69.5269,82,75,32,forward
lt_0_lowtown_a2_n,163,2059.2,77.3848,70.9411,72,44,32,forward
lt_0_lowtown_a2_n,164,3102.2,90.9411,69.799,81,84,32,forward
lt_0_lowtown_a2_n,165,2825.2,111.569,69.6985,95,75,32,forward
lt_0_lowtown_a2_n,166,2279.2,82.9706,69.6985,78,51,32,forward
lt_0_lowtown_a2_n,167,2093.4,75.3848,69.5563,70,61,32,forward
lt_0_lowtown_a2_n,168,1875.4,70.1127,68.9411,61,38,32,forward
lt_0_lowtown_a2_n,169,2942,103.284,69,95,74,32,forward
lt_0_lowtown_a2_n,170,1837,74.1127,74.1127,65,27,32,forward
lt_0_lowtown_a2_n,171,1841.6,74.1127,74.1127,65,49,32,forward
lt_0_lowtown_a2_n,172,2482.6,107.953,74.8406,86,60,32,forward
lt_0_lowtown_a2_n,173,2083.2,74.0416,72.8701,67,57,32,forward
lt_0_lowtown_a2_n,174,2007.4,85.2548,73.9411,72,60,32,forward
lt_0_lowtown_a2_n,175,1753.2,80.6985,73.4264,72,42,32,forward
lt_0_lowtown_a2_n,176,3201.8,113.426,74.1127,101,85,32,forward
lt_0_lowtown_a2_n,177,2631.8,112.841,74.9411,100,87,32,forward
lt_0_lowtown_a2_n,178,2324.8,75.7279,75.7279,72,52,32,forward
lt_0_lowtown_a2_n,179,2553.2,83.8406,73.598,71,60,32,forward
lt_0_lowtown_a2_n,180,2276,76.5563,76.5563,72,62,32,forward
lt_0_lowtown_a2_n,181,3474.4,110.669,78.9411,97,93,32,forward
lt_0_lowtown_a2_n,182,2456,94.5269,77.598,85,65,32,forward
lt_0_lowtown_a2_n,183,2312.2,98.669,76.1838,85,83,32,forward
lt_0_lowtown_a2_n,184,1880.8,79.1127,79.1127,70,46,32,forward
lt_0_lowtown_a2_n,185,2963,119.569,77.1421,103,71,32,forward
lt_0_lowtown_a2_n,186,3194,113.698,77.8701,105,97,32,forward
lt_0_lowtown_a2_n,187,2047,106.083,78.0833,92,69,32,forward
lt_0_lowtown_a2_n,188,3027,109.284,77.6274,101,92,32,forward
lt_0_lowtown_a2_n,189,3337,106.184,77.1838,95,94,32,forward
lt_0_lowtown_a2_n,190,2836.2,124.267,80.8406,99,70,32,forward
lt_0_lowtown_a2_n,191,2401.4,106.912,81.4558,92,56,32,forward
lt_0_lowtown_a2_n,192,1720.2,82.4264,82.4264,70,47,32,forward
lt_0_lowtown_a2_n,193,2672.4,85.9411,80.669,76,59,32,forward
lt_0_lowtown_a2_n,194,2845.4,89.0122,83.4264,77,58,32,forward
lt_0_lowtown_a2_n,195,2063.2,86.7107,83.7107,66,48,32,forward
lt_0_lowtown_a2_n,196,2635.2,110.468,81.4264,91,88,32,forward
lt_0_lowtown_a2_n,197,2590,100.326,82.3553,85,67,32,forward
lt_0_lowtown_a2_n,198,2210.8,96.3259,82.1838,81,58,32,forward
lt_0_lowtown_a2_n,199,3125.4,109.113,80.799,100,103,32,forward
lt_0_lowtown_a2_n,200,2040.6,85.799,84.6274,80,71,32,forward
lt_0_lowtown_a2_n,201,1875.6,84.9117,84.9117,70,43,32,forward
lt_0_lowtown_a2_n,202,3178,110.87,87.799,103,115,32,forward
lt_0_lowtown_a2_n,203,2228.8,86.2548,86.2548,73,47,32,forward
lt_0_lowtown_a2_n,204,2231,88.7401,85.8112,73,53,32,forward
lt_0_lowtown_a2_n,205,2732.6,105.627,84.6985,99,85,32,forward
lt_0_lowtown_a2_n,206,2646.2,118.539,84.598,97,68,32,forward
lt_0_lowtown_a2_n,207,3069.6,117.983,84.2843,101,75,32,forward
lt_0_lowtown_a2_n,208,2674.8,96.598,87.2254,85,57,32,forward
lt_0_lowtown_a2_n,209,2008.2,96.4558,85.0416,89,58,32,forward
lt_0_lowtown_a2_n,210,2034.6,89.3259,88.1543,74,65,32,forward
lt_0_lowtown_a2_n,211,3544,142.296,90.7696,122,90,32,forward
lt_0_lowtown_a2_n,212,3613,113.225,91.5685,95,85,32,forward
lt_0_lowtown_a2_n,213,2758.4,106.355,88.6985,96,100,32,forward
lt_0_lowtown_a2_n,214,2536,95.2843,89.4558,87,70,32,forward
lt_0_lowtown_a2_n,215,2945.4,96.669,89.0122,83,76,32,forward
lt_0_lowtown_a2_n,216,3130,132.539,89.0833,111,90,32,forward
lt_0_lowtown_a2_n,217,2617.2,101.456,89.4975,94,73,32,forward
lt_0_lowtown_a2_n,218,2190,92.7401,91.5685,77,59,32,forward
lt_0_lowtown_a2_n,219,2355.4,96.8701,89.6985,89,72,32,forward
lt_0_lowtown_a2_n,220,2291.4,95.468,92.6396,76,56,32,forward
lt_0_lowtown_a2_n,221,4022.2,154.326,92.669,139,107,32,forward
lt_0_lowtown_a2_n,222,2655.4,96.1127,95.2843,87,73,32,forward
lt_0_lowtown_a2_n,223,2819.8,117.941,93.5563,108,91,32,forward
lt_0_lowtown_a2_n,224,2561.2,101.811,93.3259,84,76,32,forward
lt_0_lowtown_a2_n,225,2518,109.054,94.7401,90,61,32,forward
lt_0_lowtown_a2_n,226,3216.8,113.556,94.4558,109,105,32,forward
lt_0_lowtown_a2_n,227,1982.8,94.0122,94.0122,82,49,32,forward
lt_0_lowtown_a2_n,228,2355.4,96.8112,94.468,79,52,32,forward
lt_0_lowtown_a2_n,229,2915.2,97.4558,92.1421,90,80,32,forward
lt_0_lowtown_a2_n,230,2160,97.669,97.669,84,46,32,forward
lt_0_lowtown_a2_n,231,2662.8,100.284,99.6985,92,88,32,forward
lt_0_lowtown_a2_n,232,3386,144.882,99.9411,125,96,32,forward
lt_0_lowtown_a2_n,233,3256.4,118.669,97.6985,105,88,32,forward
lt_0_lowtown_a2_n,234,3116,109.326,97.7401,94,83,32,forward
lt_0_lowtown_a2_n,235,3108.4,130.711,96.669,110,83,32,forward
lt_0_lowtown_a2_n,236,2430.6,102.841,97.8701,90,70,32,forward
lt_0_lowtown_a2_n,237,3157.2,116.74,99.0833,101,75,32,forward
lt_0_lowtown_a2_n,238,2754.8,97.598,97.598,86,71,32,forward
lt_0_lowtown_a2_n,239,2712.6,115.042,97.8701,108,73,32,forward
lt_0_lowtown_a2_n,240,2902.4,110.255,103.811,97,76,32,forward
lt_0_lowtown_a2_n,241,2678.4,105.456,102.142,98,73,32,forward
lt_0_lowtown_a2_n,242,2606.8,103.728,103.728,100,98,32,forward
lt_0_lowtown_a2_n,243,2807.2,114.154,101.912,98,80,32,forward
lt_0_lowtown_a2_n,244,3729.4,145.539,101.012,124,108,32,forward
lt_0_lowtown_a2_n,245,2419.6,117.284,100.314,109,77,32,forward
lt_0_lowtown_a2_n,246,3066.4,143.125,102.113,122,80,32,forward
lt_0_lowtown_a2_n,247,2822.2,102.284,102.284,94,81,32,forward
lt_0_lowtown_a2_n,248,2476.2,111.326,101.426,96,74,32,forward
lt_0_lowtown_a2_n,249,2492,100.698,100.698,92,69,32,forward
lt_0_lowtown_a2_n,250,3331.2,138.711,107.397,118,87,32,forward
lt_0_lowtown_a2_n,251,3564.4,118.74,104.912,103,91,32,forward
lt_0_lowtown_a2_n,252,3828,151.267,106.497,126,89,32,forward
lt_0_lowtown_a2_n,253,3955.6,131.61,104.811,108,111,32,forward
lt_0_lowtown_a2_n,254,3094.8,109.799,104.042,104,85,32,forward
lt_0_lowtown_a2_n,255,3085,133.669,107.527,120,93,32,forward
lt_0_lowtown_a2_n,256,3447.8,127.154,107.397,111,107,32,forward
lt_0_lowtown_a2_n,257,3268.6,120.113,106.527,111,111,32,forward
lt_0_lowtown_a2_n,258,3824,160.569,104.912,144,115,32,forward
lt_0_lowtown_a2_n,259,3371.4,129.326,105.912,114,74,32,forward
lt_0_lowtown_a2_n,260,3011.6,113.527,111.77,104,89,32,forward
lt_0_lowtown_a2_n,261,3329.8,158.137,111.882,125,94,32,forward
lt_0_lowtown_a2_n,262,3080.6,127.468,111.326,108,79,32,forward
lt_0_lowtown_a2_n,263,2747.8,114.87,108.426,107,78,32,forward
lt_0_lowtown_a2_n,264,3396.8,146.983,110.012,130,102,32,forward
lt_0_lowtown_a2_n,265,3088.8,131.61,110.296,108,98,32,forward
lt_0_lowtown_a2_n,266,2928.6,113.054,111.296,94,75,32,forward
lt_0_lowtown_a2_n,267,2108.6,108.983,108.983,92,64,32,forward
lt_0_lowtown_a2_n,268,2598.8,110.971,110.971,106,77,32,forward
lt_0_lowtown_a2_n,269,3120.8,115.953,111.853,94,72,32,forward
lt_0_lowtown_a2_n,270,2680.4,121.284,114.841,113,86,32,forward
lt_0_lowtown_a2_n,271,3606.2,143.284,115.284,135,126,32,forward
lt_0_lowtown_a2_n,272,2790.6,127.296,113.125,107,95,32,forward
lt_0_lowtown_a2_n,273,3203,132.912,115.77,118,97,32,forward
lt_0_lowtown_a2_n,274,2965.2,115.054,113.054,96,86,32,forward
lt_0_lowtown_a2_n,275,2120.4,113.225,113.225,95,68,32,forward
lt_0_lowtown_a2_n,276,3602.6,137.912,114.669,123,101,32,forward
lt_0_lowtown_a2_n,277,2813.2,123.042,112.385,116,84,32,forward
lt_0_lowtown_a2_n,278,3209.2,130.368,115.225,108,73,32,forward
lt_0_lowtown_a2_n,279,2481.8,115.054,113.882,96,78,32,forward
lt_0_lowtown_a2_n,280,3356.8,124.468,118.024,105,85,32,forward
lt_0_lowtown_a2_n,281,4083.8,153.296,118.912,133,126,32,forward
lt_0_lowtown_a2_n,282,3182.2,135.255,118.698,122,101,32,forward
lt_0_lowtown_a2_n,283,3119,121.397,116.912,104,78,32,forward
lt_0_lowtown_a2_n,284,3269.8,130.853,118.924,106,96,32,forward
lt_0_lowtown_a2_n,285,3655.4,167.77,118.77,157,137,32,forward
lt_0_lowtown_a2_n,286,2693.8,118.74,118.74,103,89,32,forward
lt_0_lowtown_a2_n,287,4212.6,164.48,119.225,133,97,32,forward
lt_0_lowtown_a2_n,288,2915.4,120.426,117.113,108,95,32,forward
lt_0_lowtown_a2_n,289,3710.8,118.456,117.042,111,109,32,forward
lt_0_lowtown_a2_n,290,4436.2,155.125,121.497,134,113,32,forward
lt_0_lowtown_a2_n,291,3096.6,138.468,123.042,119,92,32,forward
lt_0_lowtown_a2_n,292,3452.8,146.184,122.213,135,131,32,forward
lt_0_lowtown_a2_n,293,3573.8,137.64,121.255,119,95,32,forward
lt_0_lowtown_a2_n,294,2950.6,132.941,120.113,123,101,32,forward
lt_0_lowtown_a2_n,295,3019,122.355,121.77,112,92,32,forward
lt_0_lowtown_a2_n,296,2717.4,136.397,120.841,119,89,32,forward
lt_0_lowtown_a2_n,297,3019.2,123.627,123.627,117,112,32,forward
lt_0_lowtown_a2_n,298,2942.8,123.598,123.598,112,78,32,forward
lt_0_lowtown_a2_n,299,2652,122.284,122.284,114,79,32,forward
lt_0_lowtown_a2_n,300,4628,164.912,124.912,150,131,32,forward
lt_0_lowtown_a2_n,301,3974.2,149.681,124.782,124,110,32,forward
lt_0_lowtown_a2_n,302,3285.4,126.012,125.426,114,100,32,forward
lt_0_lowtown_a2_n,303,3212.2,129.355,127.698,119,103,32,forward
lt_0_lowtown_a2_n,304,3164,149.397,127.012,132,97,32,forward
lt_0_lowtown_a2_n,305,3420.6,125.326,124.497,110,104,32,forward
lt_0_lowtown_a2_n,306,3787.6,148.598,125.77,137,98,32,forward
lt_0_lowtown_a2_n,307,3475.8,151.941,126.385,142,116,32,forward
lt_0_lowtown_a2_n,308,3296.2,139.841,127.698,127,95,32,forward
lt_0_lowtown_a2_n,309,4069.8,154.681,125.64,129,132,32,forward
lt_0_lowtown_a2_n,310,3366,130.799,130.799,125,111,32,forward
lt_0_lowtown_a2_n,311,3294.8,143.569,131.083,127,109,32,forward
lt_0_lowtown_a2_n,312,3099,128.255,128.255,115,89,32,forward
lt_0_lowtown_a2_n,313,4399.4,170.054,129.255,151,149,32,forward
lt_0_lowtown_a2_n,314,3607.4,135.426,129.284,123,106,32,forward
lt_0_lowtown_a2_n,315,3528.8,130.61,128.853,107,86,32,forward
lt_0_lowtown_a2_n,316,3290.4,144.255,129.113,131,115,32,forward
lt_0_lowtown_a2_n,317,3507.2,139.983,131.74,123,103,32,forward
lt_0_lowtown_a2_n,318,3737.4,154.426,128.527,142,132,32,forward
lt_0_lowtown_a2_n,319,3815.6,137.255,128.669,124,108,32,forward
lt_0_lowtown_a2_n,320,3388.2,140.012,134.397,128,111,32,forward
lt_0_lowtown_a2_n,321,3579.4,158.012,133.698,146,128,32,forward
lt_0_lowtown_a2_n,322,3935.4,155.882,134.669,136,121,32,forward
lt_0_lowtown_a2_n,323,4032.6,133.941,133.941,124,110,32,forward
lt_0_lowtown_a2_n,324,3750.2,143.255,134.912,130,105,32,forward
lt_0_lowtown_a2_n,325,4041,137.527,134.213,128,118,32,forward
lt_0_lowtown_a2_n,326,3328.4,136.213,135.385,130,125,32,forward
lt_0_lowtown_a2_n,327,3898.2,134.995,134.995,106,92,32,forward
lt_0_lowtown_a2_n,328,3022.6,134.439,134.439,110,80,32,forward
lt_0_lowtown_a2_n,329,6345.4,166.095,135.296,140,143,32,forward
lt_0_lowtown_a2_n,330,3894.4,153.74,139.255,138,116,32,forward
lt_0_lowtown_a2_n,331,4650.6,183.853,137.083,159,138,32,forward
lt_0_lowtown_a2_n,332,3658.4,153.154,137.154,137,114,32,forward
lt_0_lowtown_a2_n,333,3578,138.598,138.598,127,106,32,forward
lt_0_lowtown_a2_n,334,4085.6,189.752,138.841,162,141,32,forward
lt_0_lowtown_a2_n,335,4027.6,148.225,138.196,130,123,32,forward
lt_0_lowtown_a2_n,336,3884.8,158.326,137.042,143,114,32,forward
lt_0_lowtown_a2_n,337,2955.4,149.125,137.012,128,103,32,forward
lt_0_lowtown_a2_n,338,3804.8,163.882,139.255,144,125,32,forward
lt_0_lowtown_a2_n,339,3805.6,143.284,138.012,135,98,32,forward
lt_0_lowtown_a2_n,340,3513.2,141.426,140.012,129,122,32,forward
lt_0_lowtown_a2_n,341,4276.6,182.966,142.782,149,116,32,forward
lt_0_lowtown_a2_n,342,4699.2,174.823,142.711,145,126,32,forward
lt_0_lowtown_a2_n,343,3910,143.355,141.941,133,129,32,forward
lt_0_lowtown_a2_n,344,3638.8,141.74,141.74,126,115,32,forward
lt_0_lowtown_a2_n,345,3762.2,143.439,142.61,119,96,32,forward
lt_0_lowtown_a2_n,346,3555.6,145.355,142.527,135,125,32,forward
lt_0_lowtown_a2_n,347,3546,143.012,143.012,131,117,32,forward
lt_0_lowtown_a2_n,348,3754.8,144.669,142.184,131,109,32,forward
lt_0_lowtown_a2_n,349,3158.2,143.711,143.711,123,94,32,forward
lt_0_lowtown_a2_n,350,3818.8,144.882,144.882,125,98,32,forward
lt_0_lowtown_a2_n,351,4923.8,172.983,144.255,156,159,32,forward
lt_0_lowtown_a2_n,352,3974.8,145.64,145.64,127,111,32,forward
lt_0_lowtown_a2_n,353,3080.2,145.024,145.024,121,91,32,forward
lt_0_lowtown_a2_n,354,4007.6,149.497,145.397,135,112,32,forward
lt_0_lowtown_a2_n,355,3766.8,146.698,145.527,138,130,32,forward
lt_0_lowtown_a2_n,356,4550.2,158.296,144.569,138,123,32,forward
lt_0_lowtown_a2_n,357,3821.8,160.912,144.355,146,124,32,forward
lt_0_lowtown_a2_n,358,3641,170.255,147.284,157,138,32,forward
lt_0_lowtown_a2_n,359,3924.8,145.912,145.326,131,126,32,forward
lt_0_lowtown_a2_n,360,4942.8,186.924,148.782,160,124,32,forward
lt_0_lowtown_a2_n,361,5564.8,183.054,149.154,164,177,32,forward
lt_0_lowtown_a2_n,362,4460.6,170.368,151.983,148,129,32,forward
lt_0_lowtown_a2_n,363,4835.6,173.167,150.924,145,141,32,forward
lt_0_lowtown_a2_n,364,3771.4,165.941,150.627,156,132,32,forward
lt_0_lowtown_a2_n,365,4286.6,151.74,150.912,136,127,32,forward
lt_0_lowtown_a2_n,366,3719.2,152.539,150.054,131,105,32,forward
lt_0_lowtown_a2_n,367,3554.8,153.468,150.296,134,111,32,forward
lt_0_lowtown_a2_n,368,4328.6,168.024,149.711,144,128,32,forward
lt_0_lowtown_a2_n,369,3483.8,150.196,148.539,127,99,32,forward
lt_0_lowtown_a2_n,370,4783.8,194.77,152.627,184,166,32,forward
lt_0_lowtown_a2_n,371,4282.8,170.853,153.882,146,116,32,forward
lt_0_lowtown_a2_n,372,4504.6,175.397,155.912,158,152,32,forward
lt_0_lowtown_a2_n,373,3487,153.953,153.953,132,115,32,forward
lt_0_lowtown_a2_n,374,4620.2,199.924,155.497,173,152,32,forward
lt_0_lowtown_a2_n,375,3508.4,155.87,153.527,148,127,32,forward
lt_0_lowtown_a2_n,376,4215.2,154.983,152.64,138,112,32,forward
lt_0_lowtown_a2_n,377,3668.8,158.196,155.368,135,111,32,forward
lt_0_lowtown_a2_n,378,4263.6,173.581,152.51,145,108,32,forward
lt_0_lowtown_a2_n,379,3976.2,156.426,155.598,144,132,32,forward
lt_0_lowtown_a2_n,380,4663,158.225,156.811,140,136,32,forward
lt_0_lowtown_a2_n,381,4244,175.74,159.355,160,123,32,forward
lt_0_lowtown_a2_n,382,4173.8,159.397,156.225,142,113,32,forward
lt_0_lowtown_a2_n,383,4198.6,176.054,156.426,157,130,32,forward
lt_0_lowtown_a2_n,384,4706.8,204.74,157.698,189,157,32,forward
lt_0_lowtown_a2_n,385,4644.2,161.024,156.853,137,118,32,forward
lt_0_lowtown_a2_n,386,5248.4,210.368,158.326,188,165,32,forward
lt_0_lowtown_a2_n,387,3664.6,158.355,157.184,148,137,32,forward
lt_0_lowtown_a2_n,388,4372.6,164.527,159.255,155,133,32,forward
lt_0_lowtown_a2_n,389,3771.8,156.184,156.184,145,127,32,forward
lt_0_lowtown_a2_n,390,3556.4,162.882,161.225,143,119,32,forward
lt_0_lowtown_a2_n,391,4644.2,171.882,163.225,152,145,32,forward
lt_0_lowtown_a2_n,392,4659.6,176.74,162.669,161,159,32,forward
lt_0_lowtown_a2_n,393,5176.6,207.267,160.539,182,159,32,forward
lt_0_lowtown_a2_n,394,4225.4,163.882,163.882,144,123,32,forward
lt_0_lowtown_a2_n,395,4481,179.426,163.598,167,150,32,forward
lt_0_lowtown_a2_n,396,5078.2,175.255,163.113,162,149,32,forward
lt_0_lowtown_a2_n,397,4385,162.681,162.681,137,113,32,forward
lt_0_lowtown_a2_n,398,4043.8,160.267,160.267,135,131,32,forward
lt_0_lowtown_a2_n,399,4853,198.882,161.912,179,156,32,forward
lt_0_lowtown_a2_n,400,4354.4,177.64,164.912,159,131,32,forward
lt_0_lowtown_a2_n,401,3263.6,166.569,165.74,150,133,32,forward
lt_0_lowtown_a2_n,402,4423.6,173.024,165.51,149,134,32,forward
lt_0_lowtown_a2_n,403,4059.6,166.355,166.355,156,133,32,forward
lt_0_lowtown_a2_n,404,4765.2,218.51,166.841,192,165,32,forward
lt_0_lowtown_a2_n,405,8986.6,189.397,165.941,172,146,32,forward
lt_0_lowtown_a2_n,406,4069.2,170.426,164.426,158,141,32,forward
lt_0_lowtown_a2_n,407,5764.8,193.811,167.811,176,183,32,forward
lt_0_lowtown_a2_n,408,4362.2,167.841,167.841,155,134,32,forward
lt_0_lowtown_a2_n,409,4760.2,183.811,166.255,166,146,32,forward
lt_0_lowtown_a2_n,410,5276.4,172.338,170.924,145,144,32,forward
lt_0_lowtown_a2_n,411,5732,208.51,168.267,182,172,32,forward
lt_0_lowtown_a2_n,412,3746.4,187.409,169.853,158,141,32,forward
lt_0_lowtown_a2_n,413,4207,176.953,171.983,155,119,32,forward
lt_0_lowtown_a2_n,414,5040,184.581,168.752,156,132,32,forward
lt_0_lowtown_a2_n,415,6062,209.61,170.882,186,195,32,forward
lt_0_lowtown_a2_n,416,5118.6,206.598,170.598,195,169,32,forward
lt_0_lowtown_a2_n,417,4209.4,171.225,168.882,153,126,32,forward
lt_0_lowtown_a2_n,418,4311.8,177.255,168.042,164,140,32,forward
lt_0_lowtown_a2_n,419,4879.8,173.924,170.095,147,128,32,forward
lt_0_lowtown_a2_n,420,5358.2,208.468,174.468,189,199,32,forward
lt_0_lowtown_a2_n,421,4769.8,178.539,174.196,157,134,32,forward
lt_0_lowtown_a2_n,422,4948.6,191.569,173.426,175,159,32,forward
lt_0_lowtown_a2_n,423,4852.8,217.154,172.326,201,173,32,forward
lt_0_lowtown_a2_n,424,4413,184.782,172.054,162,154,32,forward
lt_0_lowtown_a2_n,425,4964.2,194.953,173.225,173,157,32,forward
lt_0_lowtown_a2_n,426,4445.2,205.439,174.326,181,141,32,forward
lt_0_lowtown_a2_n,427,4846.6,181.095,175.238,155,134,32,forward
lt_0_lowtown_a2_n,428,9562,189.439,174.024,165,177,32,forward
lt_0_lowtown_a2_n,429,4396.8,175.125,175.125,154,121,32,forward
lt_0_lowtown_a2_n,430,4425.4,177.912,177.912,163,134,32,forward
lt_0_lowtown_a2_n,431,4865.8,193.782,177.983,171,154,32,forward
lt_0_lowtown_a2_n,432,4633,187.77,177.326,177,149,32,forward
lt_0_lowtown_a2_n,433,5324.8,206.539,176.983,185,158,32,forward
lt_0_lowtown_a2_n,434,3970.4,184.941,176.598,175,148,32,forward
lt_0_lowtown_a2_n,435,4318.6,180.539,179.711,159,123,32,forward
lt_0_lowtown_a2_n,436,5096,183.238,179.095,153,141,32,forward
lt_0_lowtown_a2_n,437,4485.8,186.255,179.326,173,145,32,forward
lt_0_lowtown_a2_n,438,5310,184.054,179.368,165,153,32,forward
lt_0_lowtown_a2_n,439,5530.6,195.953,179.468,174,167,32,forward
lt_0_lowtown_a2_n,440,3987.6,185.154,183.497,169,145,32,forward
lt_0_lowtown_a2_n,441,4487.8,198.569,181.74,182,151,32,forward
lt_0_lowtown_a2_n,442,4639.2,182.368,182.368,160,141,32,forward
lt_0_lowtown_a2_n,443,6378.6,226.083,183.083,212,211,32,forward
lt_0_lowtown_a2_n,444,5000.8,192.368,182.368,170,148,32,forward
lt_0_lowtown_a2_n,445,5283.8,193.296,182.125,173,158,32,forward
lt_0_lowtown_a2_n,446,4550.4,191.569,182.598,175,153,32,forward
lt_0_lowtown_a2_n,447,4451.6,181.669,181.669,168,152,32,forward
lt_0_lowtown_a2_n,448,4419.4,197.468,181.912,178,161,32,forward
lt_0_lowtown_a2_n,449,4833.8,213.054,180.569,194,158,32,forward
lt_0_lowtown_a2_n,450,5130.6,192.74,185.497,177,173,32,forward
lt_0_lowtown_a2_n,451,4127.4,188.539,186.782,167,114,32,forward
lt_0_lowtown_a2_n,452,4911,188.953,186.711,167,155,32,forward
lt_0_lowtown_a2_n,453,4512.8,191.569,187.953,175,161,32,forward
lt_0_lowtown_a2_n,454,4932.4,186.426,185.255,174,172,32,forward
lt_0_lowtown_a2_n,455,3988.6,189.042,187.87,182,174,32,forward
lt_0_lowtown_a2_n,456,5103,188.238,184.095,158,136,32,forward
lt_0_lowtown_a2_n,457,4771.4,209.409,185.995,180,140,32,forward
lt_0_lowtown_a2_n,458,5040.6,194.953,187.953,173,153,32,forward
lt_0_lowtown_a2_n,459,5379.4,213.225,186.569,195,178,32,forward
lt_0_lowtown_a2_n,460,5294.8,194.581,189.652,166,134,32,forward
lt_0_lowtown_a2_n,461,5580,213.681,191.439,188,182,32,forward
lt_0_lowtown_a2_n,462,5142.8,208.024,191.368,184,177,32,forward
lt_0_lowtown_a2_n,463,4960.4,191.669,191.669,178,164,32,forward
lt_0_lowtown_a2_n,464,4801,189.095,188.267,163,132,32,forward
lt_0_lowtown_a2_n,465,5232,216.924,189.083,190,166,32,forward
lt_0_lowtown_a2_n,466,4686,195.681,190.024,170,143,32,forward
lt_0_lowtown_a2_n,467,5355.4,236.397,191.569,219,192,32,forward
lt_0_lowtown_a2_n,468,5310,216.267,190.61,191,188,32,forward
lt_0_lowtown_a2_n,469,4710,191.711,191.711,171,135,32,forward
lt_0_lowtown_a2_n,470,5543.8,226.468,193.296,207,175,32,forward
lt_0_lowtown_a2_n,471,6078.4,225.711,192.225,205,204,32,forward
lt_0_lowtown_a2_n,472,5182.4,211.095,193.61,185,169,32,forward
lt_0_lowtown_a2_n,473,5210.8,208.439,195.368,184,161,32,forward
lt_0_lowtown_a2_n,474,5128.6,216.024,193.054,192,170,32,forward
lt_0_lowtown_a2_n,475,5410.4,222.238,195.752,192,184,32,forward
lt_0_lowtown_a2_n,476,5600.4,227.125,193.184,206,181,32,forward
lt_0_lowtown_a2_n,477,4677,192.196,192.196,169,130,32,forward
lt_0_lowtown_a2_n,478,4187.2,195.238,192.409,165,139,32,forward
lt_0_lowtown_a2_n,479,4789.4,209.61,195.953,186,158,32,forward
lt_0_lowtown_a2_n,480,4875.8,199.196,196.368,176,160,32,forward
lt_0_lowtown_a2_n,481,5569.2,196.054,196.054,177,156,32,forward
lt_0_lowtown_a2_n,482,4854.4,199.468,199.468,180,158,32,forward
lt_0_lowtown_a2_n,483,4784.2,214.64,196.669,196,173,32,forward
lt_0_lowtown_a2_n,484,5439.4,212.782,196.64,190,174,32,forward
lt_0_lowtown_a2_n,485,6138.4,212.953,197.368,191,190,32,forward
lt_0_lowtown_a2_n,486,5557.2,197.853,197.853,173,153,32,forward
lt_0_lowtown_a2_n,487,6689.4,222.397,196.255,205,220,32,forward
lt_0_lowtown_a2_n,488,4908.2,201.853,199.267,177,157,32,forward
lt_0_lowtown_a2_n,489,4768.6,217.61,198.569,194,177,32,forward
lt_0_lowtown_a2_n,490,6022,207.811,203.326,190,175,32,forward
lt_0_lowtown_a2_n,491,5693.4,226.551,200.794,193,151,32,forward
lt_0_lowtown_a2_n,492,5047,228.581,202.095,200,166,32,forward
lt_0_lowtown_a2_n,493,5519.6,228.48,201.409,197,169,32,forward
lt_0_lowtown_a2_n,494,5215.4,215.74,203.012,200,179,32,forward
lt_0_lowtown_a2_n,495,5243,213.196,201.912,190,166,32,forward
lt_0_lowtown_a2_n,496,5039.2,208.095,203.439,182,166,32,forward
lt_0_lowtown_a2_n,497,5636.8,202.569,202.569,186,169,32,forward
lt_0_lowtown_a2_n,498,4954.2,201.882,200.711,182,169,32,forward
lt_0_lowtown_a2_n,499,4624.6,207.782,202.711,185,170,32,forward
lt_0_lowtown_a2_n,500,4764.8,206.338,206.338,179,161,32,forward
lt_0_lowtown_a2_n,501,5882.2,226.255,205.527,213,198,32,forward
lt_0_lowtown_a2_n,502,6035,209.125,207.711,188,187,32,forward
lt_0_lowtown_a2_n,503,5821.4,206.569,204.225,190,171,32,forward
lt_0_lowtown_a2_n,504,5329.8,208.167,207.338,180,156,32,forward
lt_0_lowtown_a2_n,505,5839.6,230.823,207.811,201,172,32,forward
lt_0_lowtown_a2_n,506,5479.8,206.569,206.569,190,174,32,forward
lt_0_lowtown_a2_n,507,5412.8,226.279,207.966,189,156,32,forward
lt_0_lowtown_a2_n,508,5543.6,224.154,204.74,208,214,32,forward
lt_0_lowtown_a2_n,509,5462.2,224.782,206.811,202,182,32,forward
lt_0_lowtown_a2_n,510,4077.6,210.924,210.924,184,148,32,forward
lt_0_lowtown_a2_n,511,5739.2,241.551,211.752,208,165,32,forward
lt_0_lowtown_a2_n,512,5950.4,242.853,208.912,218,188,32,forward
lt_0_lowtown_a2_n,513,5438.4,212.054,209.811,193,181,32,forward
lt_0_lowtown_a2_n,514,5889,238.953,210.296,217,217,32,forward
lt_0_lowtown_a2_n,515,5183.8,209.882,209.882,190,186,32,forward
lt_0_lowtown_a2_n,516,4913.2,210.48,210.48,179,158,32,forward
lt_0_lowtown_a2_n,517,5656.4,208.882,208.054,189,167,32,forward
lt_0_lowtown_a2_n,518,5695.6,229.238,208.238,199,188,32,forward
lt_0_lowtown_a2_n,519,6006.2,248.267,210.326,223,199,32,forward
lt_0_lowtown_a2_n,520,6094.2,239.953,215.64,218,231,32,forward
lt_0_lowtown_a2_n,521,5516.2,216.569,214.326,200,179,32,forward
lt_0_lowtown_a2_n,522,5427.8,225.208,214.995,190,165,32,forward
lt_0_lowtown_a2_n,523,5334.8,215.497,215.497,201,187,32,forward
lt_0_lowtown_a2_n,524,5292.4,213.238,213.238,183,152,32,forward
lt_0_lowtown_a2_n,525,5324.2,216.61,212.61,193,170,32,forward
lt_0_lowtown_a2_n,526,4767.4,213.284,213.284,205,176,32,forward
lt_0_lowtown_a2_n,527,6607,245.953,214.539,224,212,32,forward
lt_0_lowtown_a2_n,528,5061.8,213.184,212.598,202,192,32,forward
lt_0_lowtown_a2_n,529,5632.4,218.338,215.853,191,174,32,forward
lt_0_lowtown_a2_n,530,5550,241.024,217.397,217,191,32,forward
lt_0_lowtown_a2_n,531,5681.4,221.64,218.711,203,178,32,forward
lt_0_lowtown_a2_n,532,6198.2,247.966,216.652,214,184,32,forward
lt_0_lowtown_a2_n,533,5355.6,262.865,216.208,226,205,32,forward
lt_0_lowtown_a2_n,534,6191.2,217.368,217.368,195,168,32,forward
lt_0_lowtown_a2_n,535,6272.6,249.468,217.811,230,197,32,forward
lt_0_lowtown_a2_n,536,5261.4,224.054,216.882,205,193,32,forward
lt_0_lowtown_a2_n,537,5831.2,242.007,217.208,201,165,32,forward
lt_0_lowtown_a2_n,538,5454.4,219.61,216.296,196,186,32,forward
lt_0_lowtown_a2_n,539,5847,227.296,217.296,207,183,32,forward
lt_0_lowtown_a2_n,540,6270,241.439,222.338,217,206,32,forward
lt_0_lowtown_a2_n,541,5491,234.267,221.196,209,194,32,forward
lt_0_lowtown_a2_n,542,6072.4,220.468,220.468,201,192,32,forward
lt_0_lowtown_a2_n,543,6929.6,250.51,223.995,224,223,32,forward
lt_0_lowtown_a2_n,544,6022.2,231.853,221.61,207,190,32,forward
lt_0_lowtown_a2_n,545,5510,223.267,220.924,198,176,32,forward
lt_0_lowtown_a2_n,546,5384.8,234.037,221.309,198,165,32,forward
lt_0_lowtown_a2_n,547,5401.6,229.853,223.409,205,166,32,forward
lt_0_lowtown_a2_n,548,5972.2,223.995,222.823,195,174,32,forward
lt_0_lowtown_a2_n,549,5254.2,234.752,222.196,207,185,32,forward
lt_0_lowtown_a2_n,550,5515.6,227.924,226.167,201,171,32,forward
lt_0_lowtown_a2_n,551,5855.2,234.238,227.167,204,190,32,forward
lt_0_lowtown_a2_n,552,6743.4,262.48,227.095,231,216,32,forward
lt_0_lowtown_a2_n,553,5987.8,239.64,225.64,221,196,32,forward
lt_0_lowtown_a2_n,554,6087.2,235.024,226.539,211,191,32,forward
lt_0_lowtown_a2_n,555,5759.8,226.681,224.196,201,187,32,forward
lt_0_lowtown_a2_n,556,5357.8,228.539,224.74,207,185,32,forward
lt_0_lowtown_a2_n,557,6644.8,252.451,227.551,216,200,32,forward
lt_0_lowtown_a2_n,558,5813.2,227.995,226.823,199,176,32,forward
lt_0_lowtown_a2_n,559,6164.8,227.083,225.912,213,191,32,forward
lt_0_lowtown_a2_n,560,5697,231.652,230.48,201,182,32,forward
lt_0_lowtown_a2_n,561,4961.2,229.924,228.167,203,153,32,forward
lt_0_lowtown_a2_n,562,5286.2,231.083,230.255,217,184,32,forward
lt_0_lowtown_a2_n,563,6591.6,267.51,230.368,241,237,32,forward
lt_0_lowtown_a2_n,564,7029,270.137,229.853,237,227,32,forward
lt_0_lowtown_a2_n,565,6627.6,250.681,228.681,225,226,32,forward
lt_0_lowtown_a2_n,566,5186,232.823,230.581,203,196,32,forward
lt_0_lowtown_a2_n,567,6943.4,250.539,231.711,229,224,32,forward
lt_0_lowtown_a2_n,568,5837.2,231.51,231.51,205,183,32,forward
lt_0_lowtown_a2_n,569,4708.6,233.338,231.581,206,164,32,forward
lt_0_lowtown_a2_n,570,6734.4,260.368,234.569,238,214,32,forward
lt_0_lowtown_a2_n,571,5245.8,234.782,233.024,212,176,32,forward
lt_0_lowtown_a2_n,572,6535,284.563,232.652,239,206,32,forward
lt_0_lowtown_a2_n,573,5323.8,250.137,234.581,217,180,32,forward
lt_0_lowtown_a2_n,574,6007.6,233.238,233.238,203,185,32,forward
lt_0_lowtown_a2_n,575,5895.6,245.125,234.64,224,214,32,forward
lt_0_lowtown_a2_n,576,5744.8,249.208,235.066,214,187,32,forward
lt_0_lowtown_a2_n,577,6833.4,257.752,233.095,230,217,32,forward
lt_0_lowtown_a2_n,578,5223.6,235.723,235.723,203,177,32,forward
lt_0_lowtown_a2_n,579,6355.8,262.309,234.167,230,214,32,forward
lt_0_lowtown_a2_n,580,6341.4,258.794,238.966,224,208,32,forward
lt_0_lowtown_a2_n,581,7061.6,267.936,237.066,229,220,32,forward
lt_0_lowtown_a2_n,582,6505.6,266.238,236.581,236,216,32,forward
lt_0_lowtown_a2_n,583,6435,266.066,236.752,235,209,32,forward
lt_0_lowtown_a2_n,584,5465,237.882,237.882,218,196,32,forward
lt_0_lowtown_a2_n,585,5749.4,261.865,239.966,225,200,32,forward
lt_0_lowtown_a2_n,586,5840.2,266.794,238.066,232,218,32,forward
lt_0_lowtown_a2_n,587,6108,252.409,237.853,223,200,32,forward
lt_0_lowtown_a2_n,588,6137.2,239.853,239.853,215,193,32,forward
lt_0_lowtown_a2_n,589,6121,238.882,237.711,219,207,32,forward
lt_0_lowtown_a2_n,590,6959.2,265.066,241.238,234,232,32,forward
lt_0_lowtown_a2_n,591,5885.8,247.752,240.137,220,203,32,forward
lt_0_lowtown_a2_n,592,6120.6,251.167,243.196,223,203,32,forward
lt_0_lowtown_a2_n,593,5505.4,245.137,240.995,212,190,32,forward
lt_0_lowtown_a2_n,594,7300.6,267.522,243.966,229,234,32,forward
lt_0_lowtown_a2_n,595,6327.8,250.338,242.095,223,212,32,forward
lt_0_lowtown_a2_n,596,5861.2,241.338,241.338,214,204,32,forward
lt_0_lowtown_a2_n,597,6850.8,244.723,241.409,212,199,32,forward
lt_0_lowtown_a2_n,598,7298.6,276.752,241.811,249,224,32,forward
lt_0_lowtown_a2_n,599,6118.8,244.752,240.752,217,191,32,forward
lt_0_lowtown_a2_n,600,7176.2,279.752,244.267,252,232,32,forward
lt_0_lowtown_a2_n,601,6281.4,247.853,246.681,223,205,32,forward
lt_0_lowtown_a2_n,602,5538,249.782,247.296,227,202,32,forward
lt_0_lowtown_a2_n,603,6446.6,260.622,246.782,225,200,32,forward
lt_0_lowtown_a2_n,604,6288.4,246.823,246.823,217,200,32,forward
lt_0_lowtown_a2_n,605,7466,292.693,247.137,255,243,32,forward
lt_0_lowtown_a2_n,606,5721.8,247.51,247.51,221,197,32,forward
lt_0_lowtown_a2_n,607,6659.6,265.622,245.38,230,231,32,forward
lt_0_lowtown_a2_n,608,6769.6,246.711,246.711,226,212,32,forward
lt_0_lowtown_a2_n,609,6399.4,261.451,247.551,225,200,32,forward
lt_0_lowtown_a2_n,610,6513,249.267,248.095,224,212,32,forward
lt_0_lowtown_a2_n,611,6905.4,265.711,249.811,245,228,32,forward
lt_0_lowtown_a2_n,612,6144.4,255.208,248.137,220,196,32,forward
lt_0_lowtown_a2_n,613,6379.4,256.267,250.61,231,217,32,forward
lt_0_lowtown_a2_n,614,7376.2,272.48,250.823,241,202,32,forward
lt_0_lowtown_a2_n,615,6888,258.267,251.853,233,214,32,forward
lt_0_lowtown_a2_n,616,5939.8,259.208,250.279,224,198,32,forward
lt_0_lowtown_a2_n,617,7970,292.024,249.711,268,267,32,forward
lt_0_lowtown_a2_n,618,6864,249.882,248.125,230,208,32,forward
lt_0_lowtown_a2_n,619,7382.8,279.238,251.823,249,247,32,forward
lt_0_lowtown_a2_n,620,7215.8,289.024,254.468,265,234,32,forward
lt_0_lowtown_a2_n,621,6786.8,256.664,253.836,214,191,32,forward
lt_0_lowtown_a2_n,622,6658.6,273.894,254.894,242,226,32,forward
lt_0_lowtown_a2_n,623,6783,274.368,254.468,252,227,32,forward
lt_0_lowtown_a2_n,624,6390.2,255.723,254.894,223,209,32,forward
lt_0_lowtown_a2_n,625,7392.6,274.154,252.539,258,231,32,forward
lt_0_lowtown_a2_n,626,6766.2,262.924,255.267,236,225,32,forward
lt_0_lowtown_a2_n,627,6205.4,252.983,252.983,236,220,32,forward
lt_0_lowtown_a2_n,628,5771.2,252.853,252.853,228,199,32,forward
lt_0_lowtown_a2_n,629,6175,265.794,255.267,231,206,32,forward
lt_0_lowtown_a2_n,630,7039,268.622,258.137,233,224,32,forward
lt_0_lowtown_a2_n,631,7731.4,270.782,257.782,248,246,32,forward
lt_0_lowtown_a2_n,632,6382.6,274.711,258.711,254,246,32,forward
lt_0_lowtown_a2_n,633,6255.6,262.752,257.681,235,226,32,forward
lt_0_lowtown_a2_n,634,6635.4,258.841,257.669,246,222,32,forward
lt_0_lowtown_a2_n,635,6324.4,268.966,257.681,235,212,32,forward
lt_0_lowtown_a2_n,636,7015,291.167,256.196,263,241,32,forward
lt_0_lowtown_a2_n,637,6272.2,257.953,256.539,236,231,32,forward
lt_0_lowtown_a2_n,638,8163,287.238,257.338,257,255,32,forward
lt_0_lowtown_a2_n,639,6820.6,298.066,257.409,267,246,32,forward
lt_0_lowtown_a2_n,640,7517.4,293.054,263.64,274,267,32,forward
lt_0_lowtown_a2_n,641,6489.8,267.752,262.681,240,220,32,forward
lt_0_lowtown_a2_n,642,6782.4,299.48,263.439,268,234,32,forward
lt_0_lowtown_a2_n,643,5770.6,262.681,260.338,237,217,32,forward
lt_0_lowtown_a2_n,644,6921,294.208,263.723,259,229,32,forward
lt_0_lowtown_a2_n,645,7236.2,275.25,261.108,233,206,32,forward
lt_0_lowtown_a2_n,646,6601.8,275.865,262.794,239,224,32,forward
lt_0_lowtown_a2_n,647,6277,262.794,262.794,228,215,32,forward
lt_0_lowtown_a2_n,648,7197.6,290.48,260.894,259,244,32,forward
lt_0_lowtown_a2_n,649,7289,306.593,262.693,266,245,32,forward
lt_0_lowtown_a2_n,650,7438.6,290.995,264.61,262,238,32,forward
lt_0_lowtown_a2_n,651,6025.2,273.782,264.125,251,219,32,forward
lt_0_lowtown_a2_n,652,7857.8,287.279,267.966,250,233,32,forward
lt_0_lowtown_a2_n,653,7230.2,286.823,266.995,257,258,32,forward
lt_0_lowtown_a2_n,654,7316.6,288.338,266.154,261,233,32,forward
lt_0_lowtown_a2_n,655,7327.6,285.794,264.137,251,215,32,forward
lt_0_lowtown_a2_n,656,6004,266.409,266.409,237,212,32,forward
lt_0_lowtown_a2_n,657,5732.2,269.137,266.894,236,225,32,forward
lt_0_lowtown_a2_n,658,5945,272.61,265.953,249,236,32,forward
lt_0_lowtown_a2_n,659,7109.8,273.338,264.752,246,233,32,forward
lt_0_lowtown_a2_n,660,6539,278.066,268.066,247,239,32,forward
lt_0_lowtown_a2_n,661,7780.8,299.966,271.924,266,257,32,forward
lt_0_lowtown_a2_n,662,7369.2,269.51,269.51,243,225,32,forward
lt_0_lowtown_a2_n,663,7370.6,298.723,269.51,266,224,32,forward
lt_0_lowtown_a2_n,664,7254.2,271.225,271.225,253,238,32,forward
lt_0_lowtown_a2_n,665,6729.6,281.179,269.894,241,217,32,forward
lt_0_lowtown_a2_n,666,6819.8,282.149,271.664,237,210,32,forward
lt_0_lowtown_a2_n,667,6825,278.581,271.309,250,213,32,forward
lt_0_lowtown_a2_n,668,6412,284.108,270.208,246,208,32,forward
lt_0_lowtown_a2_n,669,6113.8,281.451,269.451,245,231,32,forward
lt_0_lowtown_a2_n,670,5554.4,275.25,273.492,233,182,32,forward
lt_0_lowtown_a2_n,671,5896.6,275.279,272.936,238,217,32,forward
lt_0_lowtown_a2_n,672,7582.2,311.823,273.782,282,252,32,forward
lt_0_lowtown_a2_n,673,7506.4,294.865,272.681,258,230,32,forward
lt_0_lowtown_a2_n,674,6431.4,277.125,275.953,256,227,32,forward
lt_0_lowtown_a2_n,675,8808.4,305.451,275.966,269,264,32,forward
lt_0_lowtown_a2_n,676,7030.6,278.865,275.936,242,223,32,forward
lt_0_lowtown_a2_n,677,6956.2,306.309,274.167,274,233,32,forward
lt_0_lowtown_a2_n,678,6859,274.309,274.309,242,216,32,forward
lt_0_lowtown_a2_n,679,7976.8,280.551,275.723,247,234,32,forward
lt_0_lowtown_a2_n,680,6946.8,278.551,278.551,245,223,32,forward
lt_0_lowtown_a2_n,681,7119.6,285.167,276.167,257,243,32,forward
lt_0_lowtown_a2_n,682,6669,286.108,279.664,248,211,32,forward
lt_0_lowtown_a2_n,683,6648.2,300.865,279.693,264,245,32,forward
lt_0_lowtown_a2_n,684,7264,284.865,277.007,248,220,32,forward
lt_0_lowtown_a2_n,685,7645,296.551,276.794,263,255,32,forward
lt_0_lowtown_a2_n,686,6999,279.551,279.551,246,220,32,forward
lt_0_lowtown_a2_n,687,6446.2,277.451,277.451,241,236,32,forward
lt_0_lowtown_a2_n,688,5924.4,277.723,276.894,245,233,32,forward
lt_0_lowtown_a2_n,689,7638.6,310.48,277.338,279,272,32,forward
lt_0_lowtown_a2_n,690,8301.6,296.024,283.368,272,267,32,forward
lt_0_lowtown_a2_n,691,7513.4,290.48,282.037,259,232,32,forward
lt_0_lowtown_a2_n,692,6885.6,282.095,282.095,256,226,32,forward
lt_0_lowtown_a2_n,693,7902.2,305.723,281.652,273,285,32,forward
lt_0_lowtown_a2_n,694,6339.6,284.024,280.711,260,245,32,forward
lt_0_lowtown_a2_n,695,8066.4,308.439,283.024,284,287,32,forward
lt_0_lowtown_a2_n,696,7391,289.238,283.238,259,262,32,forward
lt_0_lowtown_a2_n,697,9025.8,283.037,283.037,247,235,32,forward
lt_0_lowtown_a2_n,698,8036.8,316.723,281.238,284,257,32,forward
lt_0_lowtown_a2_n,699,7117.2,295.853,281.539,271,266,32,forward
lt_0_lowtown_a2_n,700,10204.2,287.095,287.095,261,240,32,forward
lt_0_lowtown_a2_n,701,7405,286.966,286.966,253,242,32,forward
lt_0_lowtown_a2_n,702,6706.4,290.551,287.723,257,235,32,forward
lt_0_lowtown_a2_n,703,7707.2,298.924,285.51,272,247,32,forward
lt_0_lowtown_a2_n,704,8023.8,313.664,284.693,271,231,32,forward
lt_0_lowtown_a2_n,705,7553,284.137,284.137,251,232,32,forward
lt_0_lowtown_a2_n,706,6819.2,298.137,286.238,265,245,32,forward
lt_0_lowtown_a2_n,707,7717.2,308.108,284.823,270,251,32,forward
lt_0_lowtown_a2_n,708,7323,285.865,285.865,249,232,32,forward
lt_0_lowtown_a2_n,709,8216.2,296.25,287.764,254,238,32,forward
lt_0_lowtown_a2_n,710,8004.2,317.752,289.125,290,254,32,forward
lt_0_lowtown_a2_n,711,6896.2,305.451,290.451,269,256,32,forward
lt_0_lowtown_a2_n,712,7470.6,291.108,288.522,253,248,32,forward
lt_0_lowtown_a2_n,713,7189.8,295.409,288.338,266,259,32,forward
lt_0_lowtown_a2_n,714,6463,288.451,288.451,252,221,32,forward
lt_0_lowtown_a2_n,715,6973.6,292.522,291.936,254,235,32,forward
lt_0_lowtown_a2_n,716,7285.4,292.64,291.225,274,268,32,forward
lt_0_lowtown_a2_n,717,7761.4,302.693,290.693,265,260,32,forward
lt_0_lowtown_a2_n,718,7695.6,318.309,288.924,286,272,32,forward
lt_0_lowtown_a2_n,719,6260.2,292.966,290.48,259,251,32,forward
lt_0_lowtown_a2_n,720,7079.4,297.167,293.024,269,246,32,forward
lt_0_lowtown_a2_n,721,8287,299.652,292.894,269,261,32,forward
lt_0_lowtown_a2_n,722,8676.6,335.605,292.25,283,247,32,forward
lt_0_lowtown_a2_n,723,6554.4,299.451,295.936,263,239,32,forward
lt_0_lowtown_a2_n,724,8008.8,313.794,292.551,279,291,32,forward
lt_0_lowtown_a2_n,725,6861,300.25,294.593,258,236,32,forward
lt_0_lowtown_a2_n,726,7545.8,295.108,293.35,257,204,32,forward
lt_0_lowtown_a2_n,727,6918.6,304.563,293.978,259,233,32,forward
lt_0_lowtown_a2_n,728,7040,292.652,292.652,262,235,32,forward
lt_0_lowtown_a2_n,729,7113.4,316.007,293.794,275,250,32,forward
lt_0_lowtown_a2_n,730,7933.8,319.894,299.995,288,264,32,forward
lt_0_lowtown_a2_n,731,7311,306.25,296.622,264,243,32,forward
lt_0_lowtown_a2_n,732,8010.6,315.652,298.723,285,261,32,forward
lt_0_lowtown_a2_n,733,8508.6,329.752,296.782,302,276,32,forward
lt_0_lowtown_a2_n,734,7531.4,305.078,296.149,262,236,32,forward
lt_0_lowtown_a2_n,735,7882.8,305.936,297.936,267,254,32,forward
lt_0_lowtown_a2_n,736,6974,299.309,299.309,267,246,32,forward
lt_0_lowtown_a2_n,737,6411.4,320.451,298.823,284,256,32,forward
lt_0_lowtown_a2_n,738,8192.6,331.439,296.468,307,280,32,forward
lt_0_lowtown_a2_n,739,7392.2,299.693,299.693,262,248,32,forward
lt_0_lowtown_a2_n,740,8889.2,325.48,300.853,294,273,32,forward
lt_0_lowtown_a2_n,741,8999,331.35,303.279,292,287,32,forward
lt_0_lowtown_a2_n,742,6619.4,316.149,302.38,271,244,32,forward
lt_0_lowtown_a2_n,743,8362.8,303.924,303.924,277,265,32,forward
lt_0_lowtown_a2_n,744,7991.2,302.622,302.622,267,242,32,forward
lt_0_lowtown_a2_n,745,9157.4,329.581,300.581,301,304,32,forward
lt_0_lowtown_a2_n,746,8453.2,301.652,301.652,271,254,32,forward
lt_0_lowtown_a2_n,747,8036.4,317.522,303.238,279,252,32,forward
lt_0_lowtown_a2_n,748,7547.4,308.267,302.267,283,260,32,forward
lt_0_lowtown_a2_n,749,7992,305.593,302.764,265,243,32,forward
lt_0_lowtown_a2_n,750,8268,304.409,304.409,275,257,32,forward
lt_0_lowtown_a2_n,751,7126.8,305.652,305.652,275,246,32,forward
lt_0_lowtown_a2_n,752,7868.8,350.522,305.309,312,297,32,forward
lt_0_lowtown_a2_n,753,8135.4,312.622,306.723,277,253,32,forward
lt_0_lowtown_a2_n,754,8265.6,320.38,307.894,286,269,32,forward
lt_0_lowtown_a2_n,755,8867,317.267,304.267,292,293,32,forward
lt_0_lowtown_a2_n,756,7422,323.522,307.693,285,271,32,forward
lt_0_lowtown_a2_n,757,8002.4,306.723,306.723,274,264,32,forward
lt_0_lowtown_a2_n,758,7982.8,336.392,304.593,290,250,32,forward
lt_0_lowtown_a2_n,759,8243.2,340.652,307.752,310,282,32,forward
lt_0_lowtown_a2_n,760,7049.2,334.752,310.409,307,268,32,forward
lt_0_lowtown_a2_n,761,7475.2,318.167,309.095,290,281,32,forward
lt_0_lowtown_a2_n,762,7754,311.321,309.563,267,223,32,forward
lt_0_lowtown_a2_n,763,8948,330.309,311.48,298,307,32,forward
lt_0_lowtown_a2_n,764,7871.4,335.421,308.007,294,271,32,forward
lt_0_lowtown_a2_n,765,8899.2,336.978,310.522,291,273,32,forward
lt_0_lowtown_a2_n,766,7740.8,323.037,311.622,287,269,32,forward
lt_0_lowtown_a2_n,767,7775.4,311.066,311.066,280,259,32,forward
lt_0_lowtown_a2_n,768,7175.4,313.108,311.936,275,265,32,forward
lt_0_lowtown_a2_n,769,6673.6,311.149,309.392,266,221,32,forward
lt_0_lowtown_a2_n,770,6504.4,312.451,312.451,276,252,32,forward
lt_0_lowtown_a2_n,771,7746.6,316.534,314.777,266,220,32,forward
lt_0_lowtown_a2_n,772,7459.4,313.966,313.966,280,265,32,forward
lt_0_lowtown_a2_n,773,7538.6,313.25,313.25,271,247,32,forward
lt_0_lowtown_a2_n,774,7242.4,314.421,314.421,273,250,32,forward
lt_0_lowtown_a2_n,775,8714,317.095,315.338,291,276,32,forward
lt_0_lowtown_a2_n,776,8337.2,334.605,312.421,282,247,32,forward
lt_0_lowtown_a2_n,777,7027,340.635,315.966,293,254,32,forward
lt_0_lowtown_a2_n,778,7668.8,363.321,312.894,319,282,32,forward
lt_0_lowtown_a2_n,779,7884,322.409,313.238,293,276,32,forward
lt_0_lowtown_a2_n,780,7901,318.492,318.492,275,249,32,forward
lt_0_lowtown_a2_n,781,8166.4,364.392,317.38,318,304,32,forward
lt_0_lowtown_a2_n,782,7102.8,319.463,319.463,271,246,32,forward
lt_0_lowtown_a2_n,783,7965.8,325.652,319.066,295,271,32,forward
lt_0_lowtown_a2_n,784,7866.4,324.836,318.392,283,245,32,forward
lt_0_lowtown_a2_n,785,8254.6,355.693,319.693,318,291,32,forward
lt_0_lowtown_a2_n,786,7443.4,345.806,319.978,299,278,32,forward
lt_0_lowtown_a2_n,787,8082.2,344.309,319.48,312,274,32,forward
lt_0_lowtown_a2_n,788,8408.6,320.681,317.196,295,289,32,forward
lt_0_lowtown_a2_n,789,8268.6,317.966,317.966,284,274,32,forward
lt_0_lowtown_a2_n,790,8201.2,343.279,321.865,306,299,32,forward
lt_0_lowtown_a2_n,791,8117.4,335.522,322.936,297,278,32,forward
lt_0_lowtown_a2_n,792,8328.4,324.463,322.706,276,225,32,forward
lt_0_lowtown_a2_n,793,8266.8,348.652,322.551,318,293,32,forward
lt_0_lowtown_a2_n,794,7281,324.794,323.037,290,253,32,forward
lt_0_lowtown_a2_n,795,8548.4,339.735,322.421,295,282,32,forward
lt_0_lowtown_a2_n,796,7485.6,328.22,321.291,281,257,32,forward
lt_0_lowtown_a2_n,797,7462.2,351.108,323.652,313,284,32,forward
lt_0_lowtown_a2_n,798,7765,323.167,323.167,295,274,32,forward
lt_0_lowtown_a2_n,799,9888.2,342.764,320.622,303,293,32,forward
lt_0_lowtown_a2_n,800,9313.2,364.836,327.522,323,324,32,forward
lt_0_lowtown_a2_n,801,8813.8,378.279,327.823,341,317,32,forward
lt_0_lowtown_a2_n,802,6988.8,327.439,327.439,303,294,32,forward
lt_0_lowtown_a2_n,803,8956.4,353.078,327.078,310,288,32,forward
lt_0_lowtown_a2_n,804,7197.4,335.693,324.38,298,276,32,forward
lt_0_lowtown_a2_n,805,8129.8,326.865,326.279,290,283,32,forward
lt_0_lowtown_a2_n,806,7249.6,325.208,325.208,290,266,32,forward
lt_0_lowtown_a2_n,807,7481.4,333.179,325.35,293,287,32,forward
lt_0_lowtown_a2_n,808,9319.8,373.338,326.024,346,316,32,forward
lt_0_lowtown_a2_n,809,9725.2,365.693,325.794,328,340,32,forward
lt_0_lowtown_a2_n,810,7824.2,350.551,328.48,317,297,32,forward
lt_0_lowtown_a2_n,811,8162,339.078,330.593,296,264,32,forward
lt_0_lowtown_a2_n,812,6943,332.764,328.037,293,273,32,forward
lt_0_lowtown_a2_n,813,8250.2,352.238,329.924,322,306,32,forward
lt_0_lowtown_a2_n,814,8255.8,328.723,328.723,296,281,32,forward
lt_0_lowtown_a2_n,815,9533.4,368.966,328.723,335,322,32,forward
lt_0_lowtown_a2_n,816,7864.2,331.723,331.723,299,269,32,forward
lt_0_lowtown_a2_n,817,8533.2,338.25,330.149,296,271,32,forward
lt_0_lowtown_a2_n,818,8774.6,353.238,328.752,323,291,32,forward
lt_0_lowtown_a2_n,819,7718.6,328.593,328.007,288,266,32,forward
lt_0_lowtown_a2_n,820,7908.8,341.693,335.794,304,293,32,forward
lt_0_lowtown_a2_n,821,7553.8,343.279,334.279,306,293,32,forward
lt_0_lowtown_a2_n,822,8522.8,361.421,332.179,320,320,32,forward
lt_0_lowtown_a2_n,823,8696.4,378.848,333.735,325,285,32,forward
lt_0_lowtown_a2_n,824,8747.2,343.894,335.995,312,299,32,forward
lt_0_lowtown_a2_n,825,8674.6,360.622,334.167,325,304,32,forward
lt_0_lowtown_a2_n,826,8450.8,366.551,333.752,333,315,32,forward
lt_0_lowtown_a2_n,827,8814.2,374.622,335.451,339,297,32,forward
lt_0_lowtown_a2_n,828,8614,341.593,335.149,301,268,32,forward
lt_0_lowtown_a2_n,829,8824.4,374.007,332.794,333,299,32,forward
lt_0_lowtown_a2_n,830,8594.6,395.137,339.338,362,329,32,forward
lt_0_lowtown_a2_n,831,9114,390.25,338.137,348,322,32,forward
lt_0_lowtown_a2_n,832,8605.4,365.894,336.61,334,312,32,forward
lt_0_lowtown_a2_n,833,8229.8,355.723,336.894,323,282,32,forward
lt_0_lowtown_a2_n,834,6855,338.095,336.439,312,278,32,forward
lt_0_lowtown_a2_n,835,7026,348.066,338.953,317,291,32,forward
lt_0_lowtown_a2_n,836,9483.4,360.706,337.836,311,282,32,forward
lt_0_lowtown_a2_n,837,8440.2,342.238,339.823,312,307,32,forward
lt_0_lowtown_a2_n,838,9069.6,358.865,338.208,322,321,32,forward
lt_0_lowtown_a2_n,839,8276.4,339.421,339.421,298,277,32,forward
lt_0_lowtown_a2_n,840,8171,343.019,340.191,290,263,32,forward
lt_0_lowtown_a2_n,841,9500.2,370.48,342.238,339,331,32,forward
lt_0_lowtown_a2_n,842,8287.6,356.066,343.338,325,297,32,forward
lt_0_lowtown_a2_n,843,8202.6,343.823,343.823,314,292,32,forward
lt_0_lowtown_a2_n,844,7290,350.581,341.551,322,294,32,forward
lt_0_lowtown_a2_n,845,10542.4,371.362,343.22,320,337,32,forward
lt_0_lowtown_a2_n,846,8217.2,357.747,340.777,301,266,32,forward
lt_0_lowtown_a2_n,847,8442.8,365.38,340.551,331,292,32,forward
lt_0_lowtown_a2_n,848,9068.4,378.049,342.149,330,331,32,forward
lt_0_lowtown_a2_n,849,7442.8,354.563,343.907,309,305,32,forward
lt_0_lowtown_a2_n,850,8223.6,394.12,346.279,344,329,32,forward
lt_0_lowtown_a2_n,851,8546,345.51,344.51,319,304,32,forward
lt_0_lowtown_a2_n,852,8251.2,353.492,347.049,310,270,32,forward
lt_0_lowtown_a2_n,853,8622.6,394.919,346.635,339,296,32,forward
lt_0_lowtown_a2_n,854,8432.6,347.551,347.551,314,304,32,forward
lt_0_lowtown_a2_n,855,8553.8,352.51,347.581,326,299,32,forward
lt_0_lowtown_a2_n,856,11050.4,383.309,346.853,351,330,32,forward
lt_0_lowtown_a2_n,857,9276.6,390.907,347.894,347,314,32,forward
lt_0_lowtown_a2_n,858,8655.8,383.894,345.752,352,323,32,forward
lt_0_lowtown_a2_n,859,8519.4,365.794,344.238,331,322,32,forward
lt_0_lowtown_a2_n,860,8374.6,400.279,351.823,363,340,32,forward
lt_0_lowtown_a2_n,861,8357.4,348.492,348.492,305,284,32,forward
lt_0_lowtown_a2_n,862,9557.6,351.794,350.622,317,304,32,forward
lt_0_lowtown_a2_n,863,8815.4,375.563,349.108,330,301,32,forward
lt_0_lowtown_a2_n,864,9243,368.22,350.735,321,330,32,forward
lt_0_lowtown_a2_n,865,8058.6,348.38,348.38,314,293,32,forward
lt_0_lowtown_a2_n,866,9721.2,387.463,348.108,339,326,32,forward
lt_0_lowtown_a2_n,867,7782.6,351.095,351.095,325,292,32,forward
lt_0_lowtown_a2_n,868,9204.4,364.262,348.463,310,281,32,forward
lt_0_lowtown_a2_n,869,8028.4,385.262,349.463,331,290,32,forward
lt_0_lowtown_a2_n,870,8376.8,355.622,355.622,320,317,32,forward
lt_0_lowtown_a2_n,871,9217.8,375.693,354.522,338,296,32,forward
lt_0_lowtown_a2_n,872,10136.8,359.605,352.191,307,300,32,forward
lt_0_lowtown_a2_n,873,9583.4,359.208,355.066,324,303,32,forward
lt_0_lowtown_a2_n,874,8752,354.894,354.894,323,292,32,forward
lt_0_lowtown_a2_n,875,8732,352.48,352.48,321,295,32,forward
lt_0_lowtown_a2_n,876,9400,389.836,352.622,348,307,32,forward
lt_0_lowtown_a2_n,877,9332.4,358.865,353.622,322,309,32,forward
lt_0_lowtown_a2_n,878,9440.8,365.635,354.563,318,320,32,forward
lt_0_lowtown_a2_n,879,9239.2,398.078,355.037,355,335,32,forward
lt_0_lowtown_a2_n,880,9333,357.877,357.049,309,288,32,forward
lt_0_lowtown_a2_n,881,9077.4,383.037,359.238,347,324,32,forward
lt_0_lowtown_a2_n,882,9687.8,386.078,357.936,343,349,32,forward
lt_0_lowtown_a2_n,883,9189,386.723,359.309,354,368,32,forward
lt_0_lowtown_a2_n,884,7801.4,359.037,357.865,323,313,32,forward
lt_0_lowtown_a2_n,885,8368,366.966,358.681,333,311,32,forward
lt_0_lowtown_a2_n,886,9809,391.35,358.894,352,326,32,forward
lt_0_lowtown_a2_n,887,8649.2,360.48,359.652,329,318,32,forward
lt_0_lowtown_a2_n,888,8271.6,378.309,356.752,346,328,32,forward
lt_0_lowtown_a2_n,889,9344.4,400.693,357.995,363,335,32,forward
lt_0_lowtown_a2_n,890,9340.6,362.693,362.693,325,307,32,forward
lt_0_lowtown_a2_n,891,9106,372.125,363.64,351,329,32,forward
lt_0_lowtown_a2_n,892,9261.2,369.563,361.593,324,304,32,forward
lt_0_lowtown_a2_n,893,8291.2,367.978,361.291,322,294,32,forward
lt_0_lowtown_a2_n,894,8080.6,364.291,362.534,315,265,32,forward
lt_0_lowtown_a2_n,895,8979.4,360.823,360.823,331,318,32,forward
lt_0_lowtown_a2_n,896,8503.8,378.421,360.451,337,322,32,forward
lt_0_lowtown_a2_n,897,8519.2,362.451,362.451,326,313,32,forward
lt_0_lowtown_a2_n,898,7996.4,367.35,362.622,328,308,32,forward
lt_0_lowtown_a2_n,899,8671,363.267,361.024,338,305,32,forward
lt_0_lowtown_a2_n,900,9069.6,371.551,365.894,338,326,32,forward
lt_0_lowtown_a2_n,901,9293.2,375.865,365.48,339,315,32,forward
lt_0_lowtown_a2_n,902,8839.4,399.208,366.723,364,353,32,forward
lt_0_lowtown_a2_n,903,8895.8,370.48,367.238,339,333,32,forward
lt_0_lowtown_a2_n,904,8283,369.007,364.865,328,305,32,forward
lt_0_lowtown_a2_n,905,9550.8,387.049,367.35,339,316,32,forward
lt_0_lowtown_a2_n,906,10202,371.865,365.38,335,320,32,forward
lt_0_lowtown_a2_n,907,9165.2,378.764,366.764,339,336,32,forward
lt_0_lowtown_a2_n,908,9448.8,388.978,366.794,343,311,32,forward
lt_0_lowtown_a2_n,909,9040.2,378.167,364.853,350,321,32,forward
lt_0_lowtown_a2_n,910,9401,412.794,370.723,378,345,32,forward
lt_0_lowtown_a2_n,911,9612.8,385.605,369.362,333,334,32,forward
lt_0_lowtown_a2_n,912,8749.6,380.421,371.108,339,315,32,forward
lt_0_lowtown_a2_n,913,10114,400.652,368.823,370,371,32,forward
lt_0_lowtown_a2_n,914,9740.2,386.551,370.995,353,338,32,forward
lt_0_lowtown_a2_n,915,13363.8,380.522,370.35,342,339,32,forward
lt_0_lowtown_a2_n,916,9370.2,369.622,369.622,334,310,32,forward
lt_0_lowtown_a2_n,917,8922.2,370.38,370.38,336,312,32,forward
lt_0_lowtown_a2_n,918,12313,370.823,369.652,341,318,32,forward
lt_0_lowtown_a2_n,919,9151.6,370.894,370.894,339,316,32,forward
lt_0_lowtown_a2_n,920,9721.6,387.149,374.179,342,326,32,forward
lt_0_lowtown_a2_n,921,8797.4,372.966,372.966,339,322,32,forward
lt_0_lowtown_a2_n,922,9104.6,372.108,372.108,334,314,32,forward
lt_0_lowtown_a2_n,923,9368,399.865,372.894,363,340,32,forward
lt_0_lowtown_a2_n,924,10392.6,405.723,375.48,373,365,32,forward
lt_0_lowtown_a2_n,925,8666,395.037,372.894,359,350,32,forward
lt_0_lowtown_a2_n,926,9642.8,396.735,372.936,352,328,32,forward
lt_0_lowtown_a2_n,927,8484,372.794,372.794,338,321,32,forward
lt_0_lowtown_a2_n,928,10717.4,424.723,374.267,392,368,32,forward
lt_0_lowtown_a2_n,929,8915.4,381.078,375.179,338,318,32,forward
lt_0_lowtown_a2_n,930,8566.4,377.35,377.35,338,325,32,forward
lt_0_lowtown_a2_n,931,9273.6,380.066,376.995,349,341,32,forward
lt_0_lowtown_a2_n,932,9367.2,379.966,379.137,346,342,32,forward
lt_0_lowtown_a2_n,933,9407.2,415.622,378.894,380,369,32,forward
lt_0_lowtown_a2_n,934,9673.2,393.907,377.664,350,343,32,forward
lt_0_lowtown_a2_n,935,9214.2,413.12,379.706,363,356,32,forward
lt_0_lowtown_a2_n,936,10043,391.823,378.823,362,352,32,forward
lt_0_lowtown_a2_n,937,9690.8,386.12,378.848,336,307,32,forward
lt_0_lowtown_a2_n,938,9778.2,415.049,377.108,367,356,32,forward
lt_0_lowtown_a2_n,939,13402.2,382.108,376.764,344,337,32,forward
lt_0_lowtown_a2_n,940,9196,383.865,383.037,347,336,32,forward
lt_0_lowtown_a2_n,941,9939.6,426.919,382.563,371,346,32,forward
lt_0_lowtown_a2_n,942,11356.8,389.321,380.836,345,339,32,forward
lt_0_lowtown_a2_n,943,9515.4,409.522,380.309,371,359,32,forward
lt_0_lowtown_a2_n,944,10692.8,421.208,381.581,386,385,32,forward
lt_0_lowtown_a2_n,945,9029.4,398.836,381.593,357,341,32,forward
lt_0_lowtown_a2_n,946,9605,381.451,380.865,345,329,32,forward
lt_0_lowtown_a2_n,947,8897.6,382.978,382.978,337,315,32,forward
lt_0_lowtown_a2_n,948,9920.2,404.635,383.735,357,367,32,forward
lt_0_lowtown_a2_n,949,8674,390.321,383.877,346,307,32,forward
lt_0_lowtown_a2_n,950,10344.2,411.794,385.338,377,352,32,forward
lt_0_lowtown_a2_n,951,9731.4,407.593,386.764,367,361,32,forward
lt_0_lowtown_a2_n,952,9687.8,406.635,386.25,359,334,32,forward
lt_0_lowtown_a2_n,953,9484.2,396.066,385.823,365,354,32,forward
lt_0_lowtown_a2_n,954,9521,405.238,387.823,375,376,32,forward
lt_0_lowtown_a2_n,955,9178.4,390.291,387.948,341,313,32,forward
lt_0_lowtown_a2_n,956,10443.2,421.995,386.752,393,360,32,forward
lt_0_lowtown_a2_n,957,10275.6,426.38,387.995,392,390,32,forward
lt_0_lowtown_a2_n,958,9900,392.622,384.137,357,340,32,forward
lt_0_lowtown_a2_n,959,8465.6,390.652,386.51,360,337,32,forward
lt_0_lowtown_a2_n,960,9708.2,390.551,389.723,357,347,32,forward
lt_0_lowtown_a2_n,961,9142.4,425.794,391.066,391,380,32,forward
lt_0_lowtown_a2_n,962,9660.8,390.421,390.421,349,329,32,forward
lt_0_lowtown_a2_n,963,8781.4,391.764,391.764,352,338,32,forward
lt_0_lowtown_a2_n,964,9964,423.647,390.777,364,341,32,forward
lt_0_lowtown_a2_n,965,9670.4,397.137,391.38,364,340,32,forward
lt_0_lowtown_a2_n,966,9455.8,391.635,391.635,344,324,32,forward
lt_0_lowtown_a2_n,967,9962,401.551,390.894,368,350,32,forward
lt_0_lowtown_a2_n,968,8904.4,391.551,389.894,358,341,32,forward
lt_0_lowtown_a2_n,969,9060.4,391.576,389.818,334,301,32,forward
lt_0_lowtown_a2_n,970,9935.8,438.777,393.421,387,363,32,forward
lt_0_lowtown_a2_n,971,10468.2,426.238,392.752,396,366,32,forward
lt_0_lowtown_a2_n,972,10188.6,402.037,393.894,366,349,32,forward
lt_0_lowtown_a2_n,973,9589.6,395.22,395.22,348,330,32,forward
lt_0_lowtown_a2_n,974,9546.6,431.635,394.522,384,348,32,forward
lt_0_lowtown_a2_n,975,9593.8,394.622,393.794,359,351,32,forward
lt_0_lowtown_a2_n,976,9416.2,426.735,393.279,382,374,32,forward
lt_0_lowtown_a2_n,977,10054.4,400.652,394.995,370,351,32,forward
lt_0_lowtown_a2_n,978,9410,395.309,395.309,363,333,32,forward
lt_0_lowtown_a2_n,979,9342.6,411.894,392.095,380,356,32,forward
lt_0_lowtown_a2_n,980,10210.2,408.037,398.238,372,353,32,forward
lt_0_lowtown_a2_n,981,10393,412.12,396.693,362,333,32,forward
lt_0_lowtown_a2_n,982,10003.8,397.823,396.652,368,337,32,forward
lt_0_lowtown_a2_n,983,10699.2,416.066,398.51,385,383,32,forward
lt_0_lowtown_a2_n,984,10357.8,417.434,397.635,364,342,32,forward
lt_0_lowtown_a2_n,985,9803.6,402.622,397.108,367,357,32,forward
lt_0_lowtown_a2_n,986,10305.2,416.894,396.409,385,378,32,forward
lt_0_lowtown_a2_n,987,9629,399.321,399.321,355,327,32,forward
lt_0_lowtown_a2_n,988,10427.4,407.137,399.723,374,357,32,forward
lt_0_lowtown_a2_n,989,10107.2,421.978,399.764,376,350,32,forward
lt_0_lowtown_a2_n,990,8878.4,410.149,403.706,365,325,32,forward
lt_0_lowtown_a2_n,991,8840,415.321,400.522,371,347,32,forward
lt_0_lowtown_a2_n,992,9750,423.019,400.392,370,345,32,forward
lt_0_lowtown_a2_n,993,9535,444.948,401.35,394,359,32,forward
lt_0_lowtown_a2_n,994,10250,418.137,400.995,385,364,32,forward
lt_0_lowtown_a2_n,995,9296.4,403.208,403.208,368,358,32,forward
lt_0_lowtown_a2_n,996,10769.8,422.208,401.48,387,372,32,forward
lt_0_lowtown_a2_n,997,10408,447.877,401.936,399,360,32,forward
lt_0_lowtown_a2_n,998,8971.2,419.563,402.108,374,346,32,forward
lt_0_lowtown_a2_n,999,10456.4,431.693,403.551,394,396,32,forward
lt_0_lowtown_a2_n,1000,11064.2,443.309,405.309,411,385,32,forward
lt_0_lowtown_a2_n,1001,10712.8,452.948,405.593,402,380,32,forward
lt_0_lowtown_a2_n,1002,10396.4,455.735,406.522,411,374,32,forward
lt_0_lowtown_a2_n,1003,10287.6,434.049,404.836,386,368,32,forward
lt_0_lowtown_a2_n,1004,9222.6,408.279,404.137,371,349,32,forward
lt_0_lowtown_a2_n,1005,10942.8,446.421,405.522,405,370,32,forward
lt_0_lowtown_a2_n,1006,10019.4,420.35,407.007,381,370,32,forward
lt_0_lowtown_a2_n,1007,9957,427.279,406.48,390,375,32,forward
lt_0_lowtown_a2_n,1008,10038.8,407.137,404.794,374,357,32,forward
lt_0_lowtown_a2_n,1009,10529.4,435.362,404.978,384,342,32,forward
lt_0_lowtown_a2_n,1010,10492,411.108,411.108,373,344,32,forward
lt_0_lowtown_a2_n,1011,10266,425.593,411.764,385,370,32,forward
lt_0_lowtown_a2_n,1012,10651,412.38,411.551,378,365,32,forward
lt_0_lowtown_a2_n,1013,10172,423.693,410.966,386,368,32,forward
lt_0_lowtown_a2_n,1014,10423.4,418.078,410.936,375,356,32,forward
lt_0_lowtown_a2_n,1015,11138.4,412.723,411.894,380,372,32,forward
lt_0_lowtown_a2_n,1016,10094,428.907,410.764,385,364,32,forward
lt_0_lowtown_a2_n,1017,9606,443.836,408.037,402,371,32,forward
lt_0_lowtown_a2_n,1018,10179,410.35,410.35,371,350,32,forward
lt_0_lowtown_a2_n,1019,10404.6,414.019,410.706,361,337,32,forward
lt_0_lowtown_a2_n,1020,10346,428.149,415.764,383,367,32,forward
lt_0_lowtown_a2_n,1021,9690.4,417.191,415.434,365,332,32,forward
lt_0_lowtown_a2_n,1022,10181.4,452.764,414.279,413,384,32,forward
lt_0_lowtown_a2_n,1023,10265.4,441.593,413.794,401,392,32,forward
lt_0_lowtown_a2_n,1024,11164.8,437.948,414.149,387,363,32,forward
lt_0_lowtown_a2_n,1025,10169.8,420.936,412.936,382,380,32,forward
lt_0_lowtown_a2_n,1026,11010.4,454.706,412.179,405,382,32,forward
lt_0_lowtown_a2_n,1027,10908.6,465.191,415.664,413,389,32,forward
lt_0_lowtown_a2_n,1028,10989,431.451,415.451,395,375,32,forward
lt_0_lowtown_a2_n,1029,9958.8,433.362,415.321,382,353,32,forward
lt_0_lowtown_a2_n,1030,9621.4,417.078,417.078,374,366,32,forward
lt_0_lowtown_a2_n,1031,10081,419.551,419.551,386,359,32,forward
lt_0_lowtown_a2_n,1032,10899.4,437.037,417.238,401,376,32,forward
lt_0_lowtown_a2_n,1033,9985.4,417.794,417.794,383,370,32,forward
lt_0_lowtown_a2_n,1034,11270.4,447.149,418.764,402,387,32,forward
lt_0_lowtown_a2_n,1035,10606,453.546,418.747,391,380,32,forward
lt_0_lowtown_a2_n,1036,9525.6,446.404,418.948,388,357,32,forward
lt_0_lowtown_a2_n,1037,10955.4,438.167,418.167,410,388,32,forward
lt_0_lowtown_a2_n,1038,10604.8,466.132,417.12,404,367,32,forward
lt_0_lowtown_a2_n,1039,10548.6,460.321,418.321,416,408,32,forward
lt_0_lowtown_a2_n,1040,11438.2,438.551,421.551,405,407,32,forward
lt_0_lowtown_a2_n,1041,9955.4,422.492,422.492,379,363,32,forward
lt_0_lowtown_a2_n,1042,9710.2,447.877,421.593,399,360,32,forward
lt_0_lowtown_a2_n,1043,10286.6,470.688,420.605,404,372,32,forward
lt_0_lowtown_a2_n,1044,9618.2,449.818,420.948,391,366,32,forward
lt_0_lowtown_a2_n,1045,10394,427.664,423.463,385,368,32,forward
lt_0_lowtown_a2_n,1046,10732,476.463,423.836,428,394,32,forward
lt_0_lowtown_a2_n,1047,10102.8,422.752,421.581,395,368,32,forward
lt_0_lowtown_a2_n,1048,10361.8,429.806,423.362,383,343,32,forward
lt_0_lowtown_a2_n,1049,11619.4,450.037,422.38,414,389,32,forward
lt_0_lowtown_a2_n,1050,10283.6,431.22,427.706,384,357,32,forward
lt_0_lowtown_a2_n,1051,10563,467.718,427.019,406,383,32,forward
lt_0_lowtown_a2_n,1052,10746,434.551,424.652,401,379,32,forward
lt_0_lowtown_a2_n,1053,10668.4,463.86,426.505,398,370,32,forward
lt_0_lowtown_a2_n,1054,10956.2,454.279,425.794,417,392,32,forward
lt_0_lowtown_a2_n,1055,9398.4,454.279,424.279,417,378,32,forward
lt_0_lowtown_a2_n,1056,9670,453.693,427.551,416,416,32,forward
lt_0_lowtown_a2_n,1057,11306.6,443.836,425.522,402,399,32,forward
lt_0_lowtown_a2_n,1058,10140.8,428.877,426.049,380,358,32,forward
lt_0_lowtown_a2_n,1059,10093,453.563,426.108,408,373,32,forward
lt_0_lowtown_a2_n,1060,9835.6,428.593,428.593,388,366,32,forward
lt_0_lowtown_a2_n,1061,9487.2,434.149,430.007,389,367,32,forward
lt_0_lowtown_a2_n,1062,10432.6,454.605,429.534,402,393,32,forward
lt_0_lowtown_a2_n,1063,10128.2,462.747,428.22,406,373,32,forward
lt_0_lowtown_a2_n,1064,9566.2,447.919,429.877,392,363,32,forward
lt_0_lowtown_a2_n,1065,10634,430.551,430.551,397,366,32,forward
lt_0_lowtown_a2_n,1066,10695.8,436.907,430.463,393,356,32,forward
lt_0_lowtown_a2_n,1067,9954.8,455.475,430.948,395,355,32,forward
lt_0_lowtown_a2_n,1068,11838.8,455.936,431.451,417,394,32,forward
lt_0_lowtown_a2_n,1069,11598.2,451.25,429.522,409,403,32,forward
lt_0_lowtown_a2_n,1070,10788.4,477.492,433.764,434,399,32,forward
lt_0_lowtown_a2_n,1071,10432.6,456.635,434.451,409,377,32,forward
lt_0_lowtown_a2_n,1072,11463.4,450.137,433.723,417,426,32,forward
lt_0_lowtown_a2_n,1073,10827.6,442.907,435.635,399,364,32,forward
lt_0_lowtown_a2_n,1074,11778.2,474.279,433.137,437,407,32,forward
lt_0_lowtown_a2_n,1075,10664,437.019,435.262,384,351,32,forward
lt_0_lowtown_a2_n,1076,10689.2,468.907,434.108,425,400,32,forward
lt_0_lowtown_a2_n,1077,12012.2,469.593,434.622,429,425,32,forward
lt_0_lowtown_a2_n,1078,10565,482.936,432.451,444,415,32,forward
lt_0_lowtown_a2_n,1079,10503.2,436.191,434.434,384,345,32,forward
lt_0_lowtown_a2_n,1080,11090.2,456.279,436.137,419,411,32,forward
lt_0_lowtown_a2_n,1081,11162,455.291,438.321,406,385,32,forward
lt_0_lowtown_a2_n,1082,9689.2,440.806,437.978,394,368,32,forward
lt_0_lowtown_a2_n,1083,9108.2,441.978,439.149,396,373,32,forward
lt_0_lowtown_a2_n,1084,10952.2,437.723,436.551,405,381,32,forward
lt_0_lowtown_a2_n,1085,10389.4,445.735,439.291,401,363,32,forward
lt_0_lowtown_a2_n,1086,10735.6,478.475,437.848,418,377,32,forward
lt_0_lowtown_a2_n,1087,11062.4,464.693,438.723,427,410,32,forward
lt_0_lowtown_a2_n,1088,10319.4,440.995,439.823,412,385,32,forward
lt_0_lowtown_a2_n,1089,10798.6,444.907,438.463,401,369,32,forward
lt_0_lowtown_a2_n,1090,11514,452.108,442.208,414,392,32,forward
lt_0_lowtown_a2_n,1091,10875.2,441.492,441.291,398,378,32,forward
lt_0_lowtown_a2_n,1092,10111.6,465.321,441.108,421,388,32,forward
lt_0_lowtown_a2_n,1093,10642.6,442.622,442.622,407,394,32,forward
lt_0_lowtown_a2_n,1094,10726.8,442.179,440.179,402,395,32,forward
lt_0_lowtown_a2_n,1095,11417.6,469.279,440.137,432,429,32,forward
lt_0_lowtown_a2_n,1096,10861.4,445.434,443.676,392,351,32,forward
lt_0_lowtown_a2_n,1097,10146.6,443.676,442.848,389,368,32,forward
lt_0_lowtown_a2_n,1098,10237.4,447.22,442.291,400,377,32,forward
lt_0_lowtown_a2_n,1099,10767.4,482.718,440.191,421,381,32,forward
lt_0_lowtown_a2_n,1100,11017.8,445.451,444.622,409,398,32,forward
lt_0_lowtown_a2_n,1101,11110.2,466.321,444.108,422,395,32,forward
lt_0_lowtown_a2_n,1102,10590.6,458.907,445.35,415,389,32,forward
lt_0_lowtown_a2_n,1103,10193.6,446.534,444.777,396,359,32,forward
lt_0_lowtown_a2_n,1104,9929,447.321,447.321,403,383,32,forward
lt_0_lowtown_a2_n,1105,10479.8,465.907,447.593,422,405,32,forward
lt_0_lowtown_a2_n,1106,9152.8,445.321,445.321,401,374,32,forward
lt_0_lowtown_a2_n,1107,9635.6,447.492,447.492,404,387,32,forward
lt_0_lowtown_a2_n,1108,9574.8,445.434,445.434,392,367,32,forward
lt_0_lowtown_a2_n,1109,10350.4,452.664,445.664,410,397,32,forward
lt_0_lowtown_a2_n,1110,11535.2,463.865,450.451,427,427,32,forward
lt_0_lowtown_a2_n,1111,11911.8,471.978,448.836,426,408,32,forward
lt_0_lowtown_a2_n,1112,11437.6,494.09,448.806,439,413,32,forward
lt_0_lowtown_a2_n,1113,10157.2,456.806,448.321,410,391,32,forward
lt_0_lowtown_a2_n,1114,10929,451.836,451.836,410,394,32,forward
lt_0_lowtown_a2_n,1115,10947,451.279,451.279,414,400,32,forward
lt_0_lowtown_a2_n,1116,12553.4,479.593,448.622,439,438,32,forward
lt_0_lowtown_a2_n,1117,10032.8,450.664,450.664,408,388,32,forward
lt_0_lowtown_a2_n,1118,10778.8,464.475,451.848,404,377,32,forward
lt_0_lowtown_a2_n,1119,9914.8,450.321,448.907,406,389,32,forward
lt_0_lowtown_a2_n,1120,9703,455.747,453.99,399,347,32,forward
lt_0_lowtown_a2_n,1121,10662.8,458.777,455.463,407,383,32,forward
lt_0_lowtown_a2_n,1122,11605.4,469.35,453.522,430,415,32,forward
lt_0_lowtown_a2_n,1123,11442.4,481.203,455.505,417,375,32,forward
lt_0_lowtown_a2_n,1124,11885.2,497.22,453.593,450,443,32,forward
lt_0_lowtown_a2_n,1125,10265.2,462.492,453.463,419,402,32,forward
lt_0_lowtown_a2_n,1126,11999.2,473.179,455.865,433,413,32,forward
lt_0_lowtown_a2_n,1127,12639.6,485.007,455.279,444,438,32,forward
lt_0_lowtown_a2_n,1128,11402,479.233,452.948,420,380,32,forward
lt_0_lowtown_a2_n,1129,10746.8,471.576,452.605,414,395,32,forward
lt_0_lowtown_a2_n,1130,10469.2,465.078,457.463,422,405,32,forward
lt_0_lowtown_a2_n,1131,10166.2,468.635,459.007,421,399,32,forward
lt_0_lowtown_a2_n,1132,10242.2,459.505,457.747,404,351,32,forward
lt_0_lowtown_a2_n,1133,11280.8,458.865,458.865,422,402,32,forward
lt_0_lowtown_a2_n,1134,11114.4,463.25,458.463,421,404,32,forward
lt_0_lowtown_a2_n,1135,10390.8,462.635,459.806,415,393,32,forward
lt_0_lowtown_a2_n,1136,10309.6,459.019,456.534,406,392,32,forward
lt_0_lowtown_a2_n,1137,10165.8,470.735,457.007,426,406,32,forward
lt_0_lowtown_a2_n,1138,10071.8,459.108,457.108,421,413,32,forward
lt_0_lowtown_a2_n,1139,9849.2,461.605,459.848,409,373,32,forward
lt_0_lowtown_a2_n,1140,10131.6,468.978,461.007,423,403,32,forward
lt_0_lowtown_a2_n,1141,9984.4,465.635,463.978,418,399,32,forward
lt_0_lowtown_a2_n,1142,9770.4,466.191,460.392,414,390,32,forward
lt_0_lowtown_a2_n,1143,11976.6,470.865,461.865,434,427,32,forward
lt_0_lowtown_a2_n,1144,12216.6,509.108,461.794,471,441,32,forward
lt_0_lowtown_a2_n,1145,11534.2,467.362,462.877,416,399,32,forward
lt_0_lowtown_a2_n,1146,10937,467.907,460.836,424,406,32,forward
lt_0_lowtown_a2_n,1147,9921.4,470.664,463.492,428,414,32,forward
lt_0_lowtown_a2_n,1148,9903.8,468.978,461.836,423,404,32,forward
lt_0_lowtown_a2_n,1149,11939.6,481.492,461.179,438,423,32,forward
lt_0_lowtown_a2_n,1150,10917.2,488.563,465.522,443,412,32,forward
lt_0_lowtown_a2_n,1151,10342.6,470.978,464.534,425,388,32,forward
lt_0_lowtown_a2_n,1152,9968.4,464.978,464.978,419,399,32,forward
lt_0_lowtown_a2_n,1153,11591.4,465.966,465.137,432,422,32,forward
lt_0_lowtown_a2_n,1154,11576,512.664,464.108,470,437,32,forward
lt_0_lowtown_a2_n,1155,11468.4,465.35,465.35,426,402,32,forward
lt_0_lowtown_a2_n,1156,11087.6,476.907,467.907,433,420,32,forward
lt_0_lowtown_a2_n,1157,9913.2,468.907,464.907,425,414,32,forward
lt_0_lowtown_a2_n,1158,11840.8,501.806,465.007,455,426,32,forward
lt_0_lowtown_a2_n,1159,10855.8,484.078,467.108,441,422,32,forward
lt_0_lowtown_a2_n,1160,9701.4,469.563,469.563,424,396,32,forward
lt_0_lowtown_a2_n,1161,10650.2,480.392,468.563,434,420,32,forward
lt_0_lowtown_a2_n,1162,10908.6,484.321,470.179,440,418,32,forward
lt_0_lowtown_a2_n,1163,9431.8,471.563,468.978,426,407,32,forward
lt_0_lowtown_a2_n,1164,9850.6,478.049,470.777,430,393,32,forward
lt_0_lowtown_a2_n,1165,10202.6,471.321,471.321,427,405,32,forward
lt_0_lowtown_a2_n,1166,9956.8,478.635,469.492,431,411,32,forward
lt_0_lowtown_a2_n,1167,11972.4,471.622,468.551,436,429,32,forward
lt_0_lowtown_a2_n,1168,11769,473.321,469.078,429,413,32,forward
lt_0_lowtown_a2_n,1169,11598.2,497.919,470.191,442,418,32,forward
lt_0_lowtown_a2_n,1170,12783,516.007,472.693,475,445,32,forward
lt_0_lowtown_a2_n,1171,11542.2,478.605,474.463,426,402,32,forward
lt_0_lowtown_a2_n,1172,12718.2,506.936,474.936,468,442,32,forward
lt_0_lowtown_a2_n,1173,10825.4,472.593,472.593,432,402,32,forward
lt_0_lowtown_a2_n,1174,11499.6,484.392,474.635,438,411,32,forward
lt_0_lowtown_a2_n,1175,10762.4,485.706,475.25,436,413,32,forward
lt_0_lowtown_a2_n,1176,12154.2,475.622,475.622,440,428,32,forward
lt_0_lowtown_a2_n,1177,12454.4,488.22,472.563,441,422,32,forward
lt_0_lowtown_a2_n,1178,10128,475.948,474.191,425,372,32,forward
lt_0_lowtown_a2_n,1179,11031.4,501.061,475.09,441,422,32,forward
lt_0_lowtown_a2_n,1180,10029.6,476.421,476.421,435,420,32,forward
lt_0_lowtown_a2_n,1181,10268.6,479.362,479.362,428,409,32,forward
lt_0_lowtown_a2_n,1182,10417,479.664,479.664,437,423,32,forward
lt_0_lowtown_a2_n,1183,10116,477.563,477.563,432,412,32,forward
lt_0_lowtown_a2_n,1184,10750,481.421,476.593,440,423,32,forward
lt_0_lowtown_a2_n,1185,11315.2,477.693,477.693,440,427,32,forward
lt_0_lowtown_a2_n,1186,10554.4,485.35,479.693,446,428,32,forward
lt_0_lowtown_a2_n,1187,12644.6,496.12,478.12,446,425,32,forward
lt_0_lowtown_a2_n,1188,11640.4,481.22,476.806,434,421,32,forward
lt_0_lowtown_a2_n,1189,10971.4,481.362,478.877,430,406,32,forward
lt_0_lowtown_a2_n,1190,15534.8,497.037,482.622,461,459,32,forward
lt_0_lowtown_a2_n,1191,11164.2,482.966,481.137,449,443,32,forward
lt_0_lowtown_a2_n,1192,14411.4,483.706,480.877,434,411,32,forward
lt_0_lowtown_a2_n,1193,11535,498.191,481.706,446,430,32,forward
lt_0_lowtown_a2_n,1194,11336.4,498.321,482.007,454,434,32,forward
lt_0_lowtown_a2_n,1195,11899.6,529.877,483.735,481,450,32,forward
lt_0_lowtown_a2_n,1196,12338.6,511.936,480.622,473,447,32,forward
lt_0_lowtown_a2_n,1197,11419.2,489.848,481.563,436,413,32,forward
lt_0_lowtown_a2_n,1198,11937.4,482.208,480.38,447,440,32,forward
lt_0_lowtown_a2_n,1199,12797.4,511.434,480.12,458,432,32,forward
lt_0_lowtown_a2_n,1200,11476.4,494.421,487.421,453,437,32,forward
lt_0_lowtown_a2_n,1201,10160.2,501.635,484.108,454,426,32,forward
lt_0_lowtown_a2_n,1202,11864,524.321,486.321,480,454,32,forward
lt_0_lowtown_a2_n,1203,11080,488.434,487.434,435,419,32,forward
lt_0_lowtown_a2_n,1204,10406.2,496.291,487.492,447,426,32,forward
lt_0_lowtown_a2_n,1205,10997.6,500.149,486.664,455,436,32,forward
lt_0_lowtown_a2_n,1206,11304.6,515.362,484.907,464,439,32,forward
lt_0_lowtown_a2_n,1207,11569.6,484.522,484.522,446,420,32,forward
lt_0_lowtown_a2_n,1208,11097.6,487.451,485.622,451,444,32,forward
lt_0_lowtown_a2_n,1209,12904.6,512.434,486.978,459,434,32,forward
lt_0_lowtown_a2_n,1210,11237.4,491.35,491.35,452,427,32,forward
lt_0_lowtown_a2_n,1211,11629.6,489.25,489.25,447,428,32,forward
lt_0_lowtown_a2_n,1212,11305,495.777,491.777,444,428,32,forward
lt_0_lowtown_a2_n,1213,12093.4,533.149,489.007,488,457,32,forward
lt_0_lowtown_a2_n,1214,10470.2,498.149,490.534,453,436,32,forward
lt_0_lowtown_a2_n,1215,12081.6,490.593,490.593,450,425,32,forward
lt_0_lowtown_a2_n,1216,13150.4,528.191,489.22,476,447,32,forward
lt_0_lowtown_a2_n,1217,12008.8,523.149,491.693,478,453,32,forward
lt_0_lowtown_a2_n,1218,10367,491.605,489.848,439,387,32,forward
lt_0_lowtown_a2_n,1219,11991,531.735,491.25,487,458,32,forward
lt_0_lowtown_a2_n,1220,12006.2,533.404,492.919,475,446,32,forward
lt_0_lowtown_a2_n,1221,11406.8,514.978,495.179,469,445,32,forward
lt_0_lowtown_a2_n,1222,11162,508.664,494.522,466,443,32,forward
lt_0_lowtown_a2_n,1223,10422.8,506.12,494.836,456,433,32,forward
lt_0_lowtown_a2_n,1224,12661.2,504.35,494.35,465,448,32,forward
lt_0_lowtown_a2_n,1225,12661,508.321,493.007,464,444,32,forward
lt_0_lowtown_a2_n,1226,10558,495.635,495.635,448,425,32,forward
lt_0_lowtown_a2_n,1227,11411.6,512.262,494.12,458,437,32,forward
lt_0_lowtown_a2_n,1228,10295.2,493.706,493.706,444,425,32,forward
lt_0_lowtown_a2_n,1229,10329.6,494.948,493.191,444,399,32,forward
lt_0_lowtown_a2_n,1230,10711,500.877,498.049,452,429,32,forward
lt_0_lowtown_a2_n,1231,10700.2,500.25,498.593,458,431,32,forward
lt_0_lowtown_a2_n,1232,11655.4,514.978,496.149,469,448,32,forward
lt_0_lowtown_a2_n,1233,11309.4,505.806,498.735,459,440,32,forward
lt_0_lowtown_a2_n,1234,11662,517.919,497.777,462,441,32,forward
lt_0_lowtown_a2_n,1235,10101.6,496.563,496.563,451,427,32,forward
lt_0_lowtown_a2_n,1236,10535.6,496.948,496.948,446,423,32,forward
lt_0_lowtown_a2_n,1237,10752.4,504.747,498.09,448,430,32,forward
lt_0_lowtown_a2_n,1238,11942,528.836,498.007,487,460,32,forward
lt_0_lowtown_a2_n,1239,10459.4,499.434,499.434,446,419,32,forward
