map,scenid,tcost,distance,expect,steps,access,r,itype
lt_0_lowtown,0,307.8,4.41421,4.41421,4,0,4,forward
lt_0_lowtown,1,275.6,9.48528,5.24264,7,0,4,forward
lt_0_lowtown,2,232.8,6.24264,4.24264,5,0,4,forward
lt_0_lowtown,3,308.2,9.48528,6.82843,7,0,4,forward
lt_0_lowtown,4,280.6,10.4853,4.82843,8,1,4,forward
lt_0_lowtown,5,222.4,7.24264,7.24264,6,0,4,forward
lt_0_lowtown,6,167.8,4.41421,4.41421,4,0,4,forward
lt_0_lowtown,7,336.6,7.24264,6.65685,6,1,4,forward
lt_0_lowtown,8,208,7.41421,7.41421,7,0,4,forward
lt_0_lowtown,9,390.4,6.82843,4.82843,6,3,4,forward
lt_0_lowtown,10,317.6,13.4853,9.24264,11,0,4,forward
lt_0_lowtown,11,303.4,12.8284,11.8284,12,0,4,forward
lt_0_lowtown,12,296.2,9.24264,9.24264,8,0,4,forward
lt_0_lowtown,13,269.6,8.82843,8.82843,8,0,4,forward
lt_0_lowtown,14,314.8,12.8284,9.65685,12,0,4,forward
lt_0_lowtown,15,510.2,12.0711,11.4853,10,1,4,forward
lt_0_lowtown,16,548.4,15.6569,11.0711,14,3,4,forward
lt_0_lowtown,17,269.2,9.65685,9.65685,8,0,4,forward
lt_0_lowtown,18,390,14.7279,11.8995,11,0,4,forward
lt_0_lowtown,19,251,9.07107,9.07107,7,0,4,forward
lt_0_lowtown,20,244.8,14.8284,14.2426,14,0,4,forward
lt_0_lowtown,21,336.2,17.5563,13.7279,13,0,4,forward
lt_0_lowtown,22,593.4,16.3137,12.4853,13,4,4,forward
lt_0_lowtown,23,318,13.6569,12.8284,12,0,4,forward
lt_0_lowtown,24,694.2,17.8284,13.8284,17,3,4,forward
lt_0_lowtown,25,381,13.4142,13.4142,13,1,4,forward
lt_0_lowtown,26,421.6,17.1421,14.3137,13,1,4,forward
lt_0_lowtown,27,338.6,15.2426,12.2426,14,0,4,forward
lt_0_lowtown,28,475.2,15.1421,15.1421,11,1,4,forward
lt_0_lowtown,29,610.6,19.8284,15,19,1,4,forward
lt_0_lowtown,30,505.8,20.5563,19.9706,16,1,4,forward
lt_0_lowtown,31,724.8,22.3137,18.4853,19,4,4,forward
lt_0_lowtown,32,709.4,26.9706,19.8995,22,3,4,forward
lt_0_lowtown,33,640.6,24.3137,18.6569,21,2,4,forward
lt_0_lowtown,34,1023.8,19.2426,19.2426,18,12,4,forward
lt_0_lowtown,35,339.6,16.3137,16.3137,13,0,4,forward
lt_0_lowtown,36,763,20.4142,18.4142,20,5,4,forward
lt_0_lowtown,37,646.6,19.2426,18.2426,18,7,4,forward
lt_0_lowtown,38,492.6,20.9706,17.5563,16,1,4,forward
lt_0_lowtown,39,961.2,20.2426,17.4142,19,11,4,forward
lt_0_lowtown,40,520,26.3137,21.7279,23,0,4,forward
lt_0_lowtown,41,416.8,20.2426,20.2426,19,0,4,forward
lt_0_lowtown,42,515.8,25.3848,23.9706,20,3,4,forward
lt_0_lowtown,43,990.8,23.2426,22.2426,22,16,4,forward
lt_0_lowtown,44,391.2,21.4142,21.4142,21,0,4,forward
lt_0_lowtown,45,395.8,25.4853,21.4853,23,0,4,forward
lt_0_lowtown,46,1057,21.8995,20.4853,19,14,4,forward
lt_0_lowtown,47,790.2,25.4853,23.7279,23,10,4,forward
lt_0_lowtown,48,594.8,22.4142,22.4142,22,5,4,forward
lt_0_lowtown,49,1038.8,29.1421,22.4853,25,7,4,forward
lt_0_lowtown,50,640.8,25.4853,25.4853,23,3,4,forward
lt_0_lowtown,51,532.4,27.7279,27.7279,24,1,4,forward
lt_0_lowtown,52,665.6,27.5563,26.5563,23,6,4,forward
lt_0_lowtown,53,687,26.0711,24.0711,24,5,4,forward
lt_0_lowtown,54,1140.8,27.9706,27.3848,23,16,4,forward
lt_0_lowtown,55,950.6,31.799,27.5563,26,8,4,forward
lt_0_lowtown,56,516.4,26.6274,25.4558,20,1,4,forward
lt_0_lowtown,57,1305,28.2426,25.4142,27,22,4,forward
lt_0_lowtown,58,557.2,24.9706,24.1421,20,1,4,forward
lt_0_lowtown,59,401,26.3848,26.3848,21,0,4,forward
lt_0_lowtown,60,730,30.3848,28.6274,25,4,4,forward
lt_0_lowtown,61,505.4,34.0711,28.4142,32,0,4,forward
lt_0_lowtown,62,1294.8,36.1421,31.3137,32,16,4,forward
lt_0_lowtown,63,925.2,30.8284,29.6569,30,10,4,forward
lt_0_lowtown,64,1390,32.5563,31.5563,28,26,4,forward
lt_0_lowtown,65,1290.8,31.9706,29.9706,27,18,4,forward
lt_0_lowtown,66,534.6,30.4558,29.8701,23,4,4,forward
lt_0_lowtown,67,465,29.7279,29.7279,26,0,4,forward
lt_0_lowtown,68,1251.4,29.7279,29.7279,26,15,4,forward
lt_0_lowtown,69,1523.4,33.8995,31.6569,31,28,4,forward
lt_0_lowtown,70,1349.4,39.2132,35.2132,33,15,4,forward
lt_0_lowtown,71,954.2,34.3137,33.1421,31,19,4,forward
lt_0_lowtown,72,574.2,37.4853,33.2426,35,0,4,forward
lt_0_lowtown,73,1444.2,36.8995,34.6569,34,29,4,forward
lt_0_lowtown,74,1034.8,33.7279,33.1421,30,13,4,forward
lt_0_lowtown,75,1400.8,35.6569,32.6569,34,21,4,forward
lt_0_lowtown,76,792.2,35.3848,35.3848,30,3,4,forward
lt_0_lowtown,77,1205.6,34.8995,32.6569,32,24,4,forward
lt_0_lowtown,78,1641.6,39.0711,35.8995,37,34,4,forward
lt_0_lowtown,79,1234.4,38.2132,35.2132,32,16,4,forward
lt_0_lowtown,80,1527.8,42.2426,37.6569,41,36,4,forward
lt_0_lowtown,81,1978.2,38.8284,38.8284,38,34,4,forward
lt_0_lowtown,82,1199.8,37.7279,37.7279,34,25,4,forward
lt_0_lowtown,83,1013.8,41.2132,38.3848,35,23,4,forward
lt_0_lowtown,84,1514,43.6274,39.3848,37,26,4,forward
lt_0_lowtown,85,975.8,38.5563,38.5563,34,5,4,forward
lt_0_lowtown,86,998,37.2132,36.6274,31,7,4,forward
lt_0_lowtown,87,1234.6,38.4558,38.4558,31,21,4,forward
lt_0_lowtown,88,726.4,37.8284,37.8284,37,2,4,forward
lt_0_lowtown,89,961.8,36.6569,36.6569,35,14,4,forward
lt_0_lowtown,90,1470,46.4142,43.4142,46,23,4,forward
lt_0_lowtown,91,1410.2,45.7279,42.8995,42,32,4,forward
lt_0_lowtown,92,1721.2,40.9706,40.9706,36,28,4,forward
lt_0_lowtown,93,1769,46.5563,42.7279,42,34,4,forward
lt_0_lowtown,94,1493.2,46.6985,41.0416,38,23,4,forward
lt_0_lowtown,95,971.6,42.6985,41.8701,34,8,4,forward
lt_0_lowtown,96,1194.4,46.6985,42.6985,38,22,4,forward
lt_0_lowtown,97,1235.2,40.3137,40.3137,37,31,4,forward
lt_0_lowtown,98,1268.4,43.799,42.799,38,15,4,forward
lt_0_lowtown,99,1242.8,44.6274,42.6274,38,23,4,forward
lt_0_lowtown,100,1522.6,52.6985,47.0416,44,25,4,forward
lt_0_lowtown,101,1027.8,47.8701,46.2132,40,9,4,forward
lt_0_lowtown,102,1719,49.8284,46.4142,49,45,4,forward
lt_0_lowtown,103,1962.2,46.3137,44.8995,43,32,4,forward
lt_0_lowtown,104,2072.2,47.3137,46.7279,44,37,4,forward
lt_0_lowtown,105,1416.8,45.2132,45.2132,39,23,4,forward
lt_0_lowtown,106,1112.6,48.2843,44.2843,40,24,4,forward
lt_0_lowtown,107,1544.8,47.3848,46.799,42,32,4,forward
lt_0_lowtown,108,1609.8,48.3137,45.3137,45,37,4,forward
lt_0_lowtown,109,1294.2,50.2426,45.4142,49,27,4,forward
lt_0_lowtown,110,1168.8,52.4558,51.0416,45,20,4,forward
lt_0_lowtown,111,1912.4,52.3553,49.9411,42,26,4,forward
lt_0_lowtown,112,2071,53.3137,51.3137,50,41,4,forward
lt_0_lowtown,113,1863.6,52.3848,51.3848,47,36,4,forward
lt_0_lowtown,114,1047.6,50.6569,50.6569,49,17,4,forward
lt_0_lowtown,115,1872.2,52.8701,51.8701,45,30,4,forward
lt_0_lowtown,116,1945,48.9706,48.3848,44,36,4,forward
lt_0_lowtown,117,1544.4,55.598,49.598,44,24,4,forward
lt_0_lowtown,118,1457.8,50.7696,48.7696,40,22,4,forward
lt_0_lowtown,119,2063,55.9706,50.9706,51,39,4,forward
lt_0_lowtown,120,1622.6,52.1127,52.1127,43,27,4,forward
lt_0_lowtown,121,1684.4,61.0416,54.3848,54,40,4,forward
lt_0_lowtown,122,1415.2,53.1127,52.5269,44,21,4,forward
lt_0_lowtown,123,1866.8,54.5269,54.5269,45,35,4,forward
lt_0_lowtown,124,1803.2,57.799,55.3848,52,50,4,forward
lt_0_lowtown,125,1976.4,54.0711,54.0711,52,47,4,forward
lt_0_lowtown,126,2204.2,57.0711,55.4853,55,52,4,forward
lt_0_lowtown,127,1499.4,53.1838,53.1838,42,26,4,forward
lt_0_lowtown,128,1578.4,54.1421,54.1421,50,22,4,forward
lt_0_lowtown,129,1295.8,53.2132,53.2132,47,31,4,forward
lt_0_lowtown,130,1404.8,61.5563,57.3137,57,46,4,forward
lt_0_lowtown,131,1019.8,57.6274,57.6274,51,37,4,forward
lt_0_lowtown,132,1661.2,60.1838,59.598,49,32,4,forward
lt_0_lowtown,133,1709.2,58.799,58.799,53,42,4,forward
lt_0_lowtown,134,2050,58.0416,58.0416,51,36,4,forward
lt_0_lowtown,135,2093,58.6274,58.6274,52,49,4,forward
lt_0_lowtown,136,1669,60.4975,59.3259,46,21,4,forward
lt_0_lowtown,137,1923.8,60.3848,59.5563,55,42,4,forward
lt_0_lowtown,138,1734,62.3259,57.4975,47,15,4,forward
lt_0_lowtown,139,2578.2,60.0416,59.4558,53,44,4,forward
lt_0_lowtown,140,1852.4,66.3259,63.4975,51,33,4,forward
lt_0_lowtown,141,2103.6,67.7696,63.9411,57,38,4,forward
lt_0_lowtown,142,2161.4,61.8995,61.8995,59,52,4,forward
lt_0_lowtown,143,1641.2,63.0122,61.8406,51,24,4,forward
lt_0_lowtown,144,1435.4,66.1421,63.3137,62,43,4,forward
lt_0_lowtown,145,2188.2,64.3137,62.5563,61,46,4,forward
lt_0_lowtown,146,1796.4,61.799,61.799,56,46,4,forward
lt_0_lowtown,147,2068.2,62.2548,62.2548,49,25,4,forward
lt_0_lowtown,148,2040.2,65.1127,62.2843,56,39,4,forward
lt_0_lowtown,149,2046.6,64.6274,61.4558,58,42,4,forward
lt_0_lowtown,150,1788.6,66.9411,64.9411,57,41,4,forward
lt_0_lowtown,151,2174.2,65.9706,64.3137,61,43,4,forward
lt_0_lowtown,152,1860.2,69.4558,67.0416,62,44,4,forward
lt_0_lowtown,153,2152,67.8701,67.8701,60,53,4,forward
lt_0_lowtown,154,2423,71.8701,66.2132,64,49,4,forward
lt_0_lowtown,155,2026.4,67.2132,64.3848,61,46,4,forward
lt_0_lowtown,156,2059.6,66.5269,66.5269,57,43,4,forward
lt_0_lowtown,157,2317,64.6274,64.6274,58,38,4,forward
lt_0_lowtown,158,2150.4,65.2132,65.2132,59,49,4,forward
lt_0_lowtown,159,2565.4,68.799,67.3848,63,60,4,forward
lt_0_lowtown,160,2011.8,71.3137,69.3137,68,58,4,forward
lt_0_lowtown,161,2987.4,68.1127,68.1127,59,38,4,forward
lt_0_lowtown,162,2124.8,72.3259,71.1543,57,36,4,forward
lt_0_lowtown,163,2455.2,73.9706,70.1421,69,59,4,forward
lt_0_lowtown,164,2057.8,68.1127,68.1127,59,38,4,forward
lt_0_lowtown,165,1678.6,68.669,68.669,55,38,4,forward
lt_0_lowtown,166,2347.2,71.6274,71.6274,65,58,4,forward
lt_0_lowtown,167,1745.8,73.0122,71.598,61,50,4,forward
lt_0_lowtown,168,1735.2,69.4142,69.4142,69,52,4,forward
lt_0_lowtown,169,2339.8,69.8406,68.4264,57,45,4,forward
lt_0_lowtown,170,2358,75.4558,74.2843,68,57,4,forward
lt_0_lowtown,171,2537.2,80.1127,75.8701,71,61,4,forward
lt_0_lowtown,172,2406.8,74.6985,74.6985,66,50,4,forward
lt_0_lowtown,173,1954.6,77.9117,73.3259,63,30,4,forward
lt_0_lowtown,174,2069.2,74.4264,72.4264,62,46,4,forward
lt_0_lowtown,175,1456.8,72.7401,72.7401,57,46,4,forward
lt_0_lowtown,176,2026,78.9706,74.9706,74,59,4,forward
lt_0_lowtown,177,1449.6,74.8995,74.8995,72,50,4,forward
lt_0_lowtown,178,3178.2,74.6985,73.8701,66,62,4,forward
lt_0_lowtown,179,1679.2,76.0122,73.7696,64,47,4,forward
lt_0_lowtown,180,2286.4,77.0416,76.4558,70,55,4,forward
lt_0_lowtown,181,2003.6,82.5685,78.3259,66,54,4,forward
lt_0_lowtown,182,2497.8,79.5563,78.3848,75,60,4,forward
lt_0_lowtown,183,2607,80.4558,77.3848,73,57,4,forward
lt_0_lowtown,184,2264.8,79.3848,79.3848,74,67,4,forward
lt_0_lowtown,185,1942.4,78.0416,76.3848,71,50,4,forward
lt_0_lowtown,186,2196.6,78.9706,76.9706,74,64,4,forward
lt_0_lowtown,187,2120.2,80.5563,78.5563,76,58,4,forward
lt_0_lowtown,188,2901.4,86.598,79.9411,75,65,4,forward
lt_0_lowtown,189,2590.6,79.4558,78.6274,72,54,4,forward
lt_0_lowtown,190,2414.2,84.8995,82.3137,82,71,4,forward
lt_0_lowtown,191,2781.2,81.5563,81.5563,77,72,4,forward
lt_0_lowtown,192,2006.8,85.8995,83.6569,83,71,4,forward
lt_0_lowtown,193,2743.2,86.4264,82.1838,74,60,4,forward
lt_0_lowtown,194,2970.4,88.8995,83.2426,86,77,4,forward
lt_0_lowtown,195,2657.4,81.5269,81.5269,72,63,4,forward
lt_0_lowtown,196,2640,84.3259,81.0833,69,48,4,forward
lt_0_lowtown,197,2364.6,82.8406,80.0122,70,53,4,forward
lt_0_lowtown,198,2865.4,83.5269,83.5269,74,57,4,forward
lt_0_lowtown,199,3059.2,84.2132,83.0416,78,56,4,forward
lt_0_lowtown,200,2938.6,89.7696,86.7696,79,62,4,forward
lt_0_lowtown,201,2409.2,85.1838,85.1838,74,61,4,forward
lt_0_lowtown,202,5278.6,84.4975,84.4975,70,59,4,forward
lt_0_lowtown,203,1919.6,88.1421,87.5563,84,58,4,forward
lt_0_lowtown,204,2991.8,89.9117,87.0833,75,54,4,forward
lt_0_lowtown,205,1838.6,86.4142,86.4142,86,28,4,forward
lt_0_lowtown,206,2731.8,86.669,84.4264,73,52,4,forward
lt_0_lowtown,207,2749,86.2548,86.2548,73,62,4,forward
lt_0_lowtown,208,2926.2,86.8284,86.8284,86,69,4,forward
lt_0_lowtown,209,2642.2,88.4264,85.598,76,54,4,forward
lt_0_lowtown,210,3000.2,93.1838,90.7696,82,76,4,forward
lt_0_lowtown,211,2971.8,92.2843,91.2843,84,77,4,forward
lt_0_lowtown,212,5493.4,95.6985,90.0416,87,68,4,forward
lt_0_lowtown,213,2924.2,91.669,88.8406,78,53,4,forward
lt_0_lowtown,214,2379,91.3553,88.3553,81,62,4,forward
lt_0_lowtown,215,3155.4,90.9706,89.5563,86,77,4,forward
lt_0_lowtown,216,2521.4,91.2426,91.2426,90,69,4,forward
lt_0_lowtown,217,2757.4,91.0122,90.4264,79,71,4,forward
lt_0_lowtown,218,2934.4,91.1421,88.3137,87,76,4,forward
lt_0_lowtown,219,2546,91.7401,91.7401,76,63,4,forward
lt_0_lowtown,220,2451,94.9828,93.2254,78,60,4,forward
lt_0_lowtown,221,2818.8,95.7401,94.5685,80,58,4,forward
lt_0_lowtown,222,2598.8,92.1838,92.1838,81,66,4,forward
lt_0_lowtown,223,3219.8,95.669,95.669,82,68,4,forward
lt_0_lowtown,224,2303,94.0833,93.4975,80,53,4,forward
lt_0_lowtown,225,3189,96.2548,94.8406,83,63,4,forward
lt_0_lowtown,226,2757.2,96.7696,94.7696,86,77,4,forward
lt_0_lowtown,227,2308.4,92.669,92.669,79,55,4,forward
lt_0_lowtown,228,2318.6,92.9117,92.9117,78,52,4,forward
lt_0_lowtown,229,3151.6,93.5563,92.1421,89,80,4,forward
lt_0_lowtown,230,3280.6,98.3553,98.3553,88,71,4,forward
lt_0_lowtown,231,3033,101.569,97.7401,85,54,4,forward
lt_0_lowtown,232,3742.2,100.899,99.8995,98,94,4,forward
lt_0_lowtown,233,3217.8,98.0416,96.3848,91,78,4,forward
lt_0_lowtown,234,3055.4,96.0538,96.0538,77,61,4,forward
lt_0_lowtown,235,3058.6,97.0711,97.0711,95,88,4,forward
lt_0_lowtown,236,2424.4,99.598,98.1838,88,69,4,forward
lt_0_lowtown,237,2789.4,100.213,97.3848,94,81,4,forward
lt_0_lowtown,238,2609.2,100.799,99.9706,95,85,4,forward
lt_0_lowtown,239,3190.6,97.7696,97.1838,87,75,4,forward
lt_0_lowtown,240,3704,101.941,100.77,92,84,4,forward
lt_0_lowtown,241,3604.4,102.426,102.426,90,81,4,forward
lt_0_lowtown,242,3030.4,103.326,102.154,88,59,4,forward
lt_0_lowtown,243,3192.4,104.042,100.87,97,92,4,forward
lt_0_lowtown,244,2225.2,105.74,102.497,90,61,4,forward
lt_0_lowtown,245,3362.6,108.581,101.924,80,58,4,forward
lt_0_lowtown,246,3372.6,103.799,101.799,98,92,4,forward
lt_0_lowtown,247,3279.2,106.983,103.154,90,70,4,forward
lt_0_lowtown,248,3554.2,106.012,101.77,94,70,4,forward
lt_0_lowtown,249,3105.8,105.87,102.87,98,80,4,forward
lt_0_lowtown,250,3088,106.539,104.782,85,71,4,forward
lt_0_lowtown,251,2815.2,107.941,107.941,98,84,4,forward
lt_0_lowtown,252,3609,104.569,104.569,88,73,4,forward
lt_0_lowtown,253,3191.2,105.397,104.569,88,65,4,forward
lt_0_lowtown,254,3709.8,110.456,106.627,103,92,4,forward
lt_0_lowtown,255,3326.2,109.255,105.426,96,83,4,forward
lt_0_lowtown,256,3385,109.87,105.87,102,92,4,forward
lt_0_lowtown,257,3444,108.284,104.456,100,79,4,forward
lt_0_lowtown,258,2952.8,107.426,107.426,95,63,4,forward
lt_0_lowtown,259,2895.2,107.698,104.87,99,88,4,forward
lt_0_lowtown,260,3133.8,108.64,108.64,90,79,4,forward
lt_0_lowtown,261,3100.4,111.284,111.284,103,92,4,forward
lt_0_lowtown,262,3809,112.51,109.51,86,80,4,forward
lt_0_lowtown,263,3068.2,111.497,108.497,97,77,4,forward
lt_0_lowtown,264,3201.8,110.953,108.125,89,76,4,forward
lt_0_lowtown,265,3245.8,110.355,110.355,100,87,4,forward
lt_0_lowtown,266,4002.4,113.284,111.87,105,97,4,forward
lt_0_lowtown,267,3178.8,108.669,108.083,95,80,4,forward
lt_0_lowtown,268,3235.4,110.61,109.61,87,77,4,forward
lt_0_lowtown,269,3219.8,110.811,110.811,93,71,4,forward
lt_0_lowtown,270,2656.6,116.912,113.912,102,84,4,forward
lt_0_lowtown,271,3510.2,112.598,112.598,101,83,4,forward
lt_0_lowtown,272,4655.2,115.368,115.368,93,82,4,forward
lt_0_lowtown,273,3971.4,112.225,112.225,94,72,4,forward
lt_0_lowtown,274,3562.8,115.882,114.711,96,86,4,forward
lt_0_lowtown,275,3789,117.711,112.711,97,87,4,forward
lt_0_lowtown,276,3311.6,118.326,115.497,103,87,4,forward
lt_0_lowtown,277,2884,114.083,113.497,100,75,4,forward
lt_0_lowtown,278,3642.6,112.87,112.284,105,94,4,forward
lt_0_lowtown,279,3971.2,116.971,114.556,112,109,4,forward
lt_0_lowtown,280,3149.8,124.213,119.971,118,93,4,forward
lt_0_lowtown,281,3086.2,119.113,119.113,110,95,4,forward
lt_0_lowtown,282,4195.2,119.841,119.841,107,98,4,forward
lt_0_lowtown,283,3827.6,120.054,117.468,101,96,4,forward
lt_0_lowtown,284,2991.6,117.456,116.627,110,86,4,forward
lt_0_lowtown,285,4152.6,122.953,119.953,101,89,4,forward
lt_0_lowtown,286,3247.6,121.184,117.184,110,96,4,forward
lt_0_lowtown,287,2827.2,116.497,116.497,102,77,4,forward
lt_0_lowtown,288,3127.2,118.113,116.113,109,92,4,forward
lt_0_lowtown,289,3152.2,124.439,119.61,100,79,4,forward
lt_0_lowtown,290,4109.4,128.385,122.728,123,110,4,forward
lt_0_lowtown,291,3222.2,123.083,120.255,109,94,4,forward
lt_0_lowtown,292,3668.8,123.456,122.284,116,97,4,forward
lt_0_lowtown,293,4064.8,120.912,120.912,106,94,4,forward
lt_0_lowtown,294,3046.4,121.77,121.77,111,84,4,forward
lt_0_lowtown,295,3826,120.87,120.87,113,96,4,forward
lt_0_lowtown,296,4131.4,124.255,120.012,111,97,4,forward
lt_0_lowtown,297,4256,127.527,123.941,118,114,4,forward
lt_0_lowtown,298,4544.2,122.113,120.698,113,107,4,forward
lt_0_lowtown,299,4485.4,122.841,122.841,110,102,4,forward
lt_0_lowtown,300,4001,127.569,126.397,111,98,4,forward
lt_0_lowtown,301,3920.2,127.083,127.083,113,99,4,forward
lt_0_lowtown,302,3748.4,127.497,124.669,113,96,4,forward
lt_0_lowtown,303,2968,128.355,127.527,118,96,4,forward
lt_0_lowtown,304,4054,125.627,125.627,119,112,4,forward
lt_0_lowtown,305,3501.6,125.284,125.284,117,107,4,forward
lt_0_lowtown,306,3730.4,133.882,126.811,114,85,4,forward
lt_0_lowtown,307,3496.4,125.355,125.355,115,96,4,forward
lt_0_lowtown,308,3729.8,127.154,126.326,111,101,4,forward
lt_0_lowtown,309,4688.6,125.569,125.569,109,98,4,forward
lt_0_lowtown,310,4401.2,135.77,128.698,125,117,4,forward
lt_0_lowtown,311,3178.2,132.426,130.012,120,106,4,forward
lt_0_lowtown,312,4005.6,132.941,128.941,123,104,4,forward
lt_0_lowtown,313,3105,130.385,130.385,125,115,4,forward
lt_0_lowtown,314,2720.8,130.113,130.113,121,103,4,forward
lt_0_lowtown,315,4228.4,131.61,131.61,108,96,4,forward
lt_0_lowtown,316,2947,130.225,130.225,112,90,4,forward
lt_0_lowtown,317,4043.8,132.083,128.083,118,106,4,forward
lt_0_lowtown,318,4435.6,134.51,130.267,108,86,4,forward
lt_0_lowtown,319,3898,129.225,128.64,111,94,4,forward
lt_0_lowtown,320,3548.2,134.355,134.355,124,113,4,forward
lt_0_lowtown,321,3171.2,141.527,134.87,132,118,4,forward
lt_0_lowtown,322,4251.2,136.113,133.87,127,122,4,forward
lt_0_lowtown,323,4245.2,135.083,134.083,121,118,4,forward
lt_0_lowtown,324,4546.6,134.184,134.184,123,108,4,forward
lt_0_lowtown,325,3930,137.284,135.284,129,124,4,forward
lt_0_lowtown,326,3820.8,134.426,134.426,122,107,4,forward
lt_0_lowtown,327,3867.6,139.983,135.397,123,97,4,forward
lt_0_lowtown,328,4135.4,137.681,133.853,112,93,4,forward
lt_0_lowtown,329,3556.4,132.912,132.912,118,103,4,forward
lt_0_lowtown,330,4200,140.456,139.87,133,125,4,forward
lt_0_lowtown,331,4377.8,140.912,137.083,126,118,4,forward
lt_0_lowtown,332,4024.4,145.941,139.284,136,118,4,forward
lt_0_lowtown,333,3743.8,140.255,138.598,127,116,4,forward
lt_0_lowtown,334,4450.8,137.627,137.042,131,123,4,forward
lt_0_lowtown,335,3666,141.627,136.627,135,126,4,forward
lt_0_lowtown,336,4628.4,139.468,138.882,120,102,4,forward
lt_0_lowtown,337,3486.8,138.326,138.326,123,95,4,forward
lt_0_lowtown,338,4257,136.426,136.426,124,112,4,forward
lt_0_lowtown,339,4002.4,140.556,139.556,136,131,4,forward
lt_0_lowtown,340,4795.2,144.64,143.811,126,109,4,forward
lt_0_lowtown,341,4324.4,146.983,143.912,130,123,4,forward
lt_0_lowtown,342,2931.2,142.154,141.326,126,88,4,forward
lt_0_lowtown,343,4220.4,145.196,140.953,122,103,4,forward
lt_0_lowtown,344,4623.4,143.912,140.083,129,117,4,forward
lt_0_lowtown,345,3885.6,140.569,140.569,124,103,4,forward
lt_0_lowtown,346,5162,145.154,141.497,129,119,4,forward
lt_0_lowtown,347,4067.4,141.983,141.983,125,96,4,forward
lt_0_lowtown,348,4209,145.569,143.912,129,110,4,forward
lt_0_lowtown,349,4879,148.841,143.841,136,132,4,forward
lt_0_lowtown,350,4294.2,148.196,146.196,125,107,4,forward
lt_0_lowtown,351,3629.4,144.054,144.054,125,101,4,forward
lt_0_lowtown,352,4411.8,150.397,147.397,133,123,4,forward
lt_0_lowtown,353,4484,149.811,146.811,132,124,4,forward
lt_0_lowtown,354,3385.4,147.355,146.184,137,127,4,forward
lt_0_lowtown,355,3864.4,148.355,144.527,138,125,4,forward
lt_0_lowtown,356,5142.8,148.941,146.941,139,136,4,forward
lt_0_lowtown,357,5292.2,146.569,146.569,130,121,4,forward
lt_0_lowtown,358,4109.6,147.225,147.225,129,112,4,forward
lt_0_lowtown,359,4316.8,149.024,146.782,125,113,4,forward
lt_0_lowtown,360,3903.8,149.811,148.054,132,101,4,forward
lt_0_lowtown,361,4472.6,148.439,148.439,124,113,4,forward
lt_0_lowtown,362,4005.2,151.225,150.054,133,122,4,forward
lt_0_lowtown,363,4490.2,150.882,149.468,131,116,4,forward
lt_0_lowtown,364,4850.6,152.355,150.113,142,124,4,forward
lt_0_lowtown,365,4047.2,148.983,148.983,132,108,4,forward
lt_0_lowtown,366,4293.4,156.184,151.941,145,125,4,forward
lt_0_lowtown,367,3864.4,149.255,149.255,136,122,4,forward
lt_0_lowtown,368,4572.8,148.74,148.74,133,124,4,forward
lt_0_lowtown,369,3690,151.74,150.083,136,120,4,forward
lt_0_lowtown,370,5066.2,153.083,152.255,139,119,4,forward
lt_0_lowtown,371,4604.6,153.64,153.64,135,123,4,forward
lt_0_lowtown,372,4897.4,154.113,152.113,145,132,4,forward
lt_0_lowtown,373,4144.2,154.125,154.125,133,114,4,forward
lt_0_lowtown,374,5413.2,156.225,155.64,138,125,4,forward
lt_0_lowtown,375,4352.6,156.698,153.698,148,139,4,forward
lt_0_lowtown,376,5291.2,152.296,152.296,132,124,4,forward
lt_0_lowtown,377,5010.2,158.225,154.225,140,135,4,forward
lt_0_lowtown,378,4441.2,154.184,153.598,143,126,4,forward
lt_0_lowtown,379,4693.2,159.728,154.728,156,151,4,forward
lt_0_lowtown,380,3769.8,156.527,156.527,147,124,4,forward
lt_0_lowtown,381,5375.4,166.012,159.355,154,140,4,forward
lt_0_lowtown,382,4625,159.255,158.669,146,133,4,forward
lt_0_lowtown,383,4891.4,162.539,159.539,141,131,4,forward
lt_0_lowtown,384,4655.2,161.569,158.397,145,132,4,forward
lt_0_lowtown,385,4651.4,160.669,159.669,147,130,4,forward
lt_0_lowtown,386,5295.4,159.983,159.983,143,136,4,forward
lt_0_lowtown,387,5389.6,163.083,158.841,149,141,4,forward
lt_0_lowtown,388,4819,159.627,159.627,153,141,4,forward
lt_0_lowtown,389,4954.6,159.581,157.924,131,110,4,forward
lt_0_lowtown,390,5274.6,166.51,163.924,140,125,4,forward
lt_0_lowtown,391,4605.6,163.841,163.841,151,140,4,forward
lt_0_lowtown,392,4075.4,162.368,162.368,140,111,4,forward
lt_0_lowtown,393,4325.8,160.782,160.782,138,122,4,forward
lt_0_lowtown,394,5087.8,161.983,161.983,145,136,4,forward
lt_0_lowtown,395,4173.6,160.355,160.355,150,134,4,forward
lt_0_lowtown,396,4483.8,166.711,163.882,146,133,4,forward
lt_0_lowtown,397,5848.8,164.87,161.456,157,153,4,forward
lt_0_lowtown,398,3679.4,161.497,160.912,147,118,4,forward
lt_0_lowtown,399,4244.6,165.811,161.569,148,124,4,forward
lt_0_lowtown,400,4624.4,169.74,165.912,154,142,4,forward
lt_0_lowtown,401,4907.6,167.255,166.426,154,136,4,forward
lt_0_lowtown,402,5424.4,165.314,165.314,162,152,4,forward
lt_0_lowtown,403,4928,167.74,164.74,152,133,4,forward
lt_0_lowtown,404,4963,167.669,166.255,154,140,4,forward
lt_0_lowtown,405,4665.6,167.083,167.083,153,143,4,forward
lt_0_lowtown,406,5430,169.711,167.711,149,130,4,forward
lt_0_lowtown,407,4615.8,167.782,167.782,145,116,4,forward
lt_0_lowtown,408,4971.6,166.326,166.326,151,129,4,forward
lt_0_lowtown,409,4844.4,166.255,165.669,153,130,4,forward
lt_0_lowtown,410,4422.8,170.468,169.468,151,139,4,forward
lt_0_lowtown,411,5590.2,169.409,169.409,140,138,4,forward
lt_0_lowtown,412,4820.6,171.196,171.196,148,117,4,forward
lt_0_lowtown,413,5265,170.125,169.539,149,131,4,forward
lt_0_lowtown,414,5136.4,174.355,169.77,164,144,4,forward
lt_0_lowtown,415,5213.2,168.912,168.912,154,147,4,forward
lt_0_lowtown,416,4428.6,168.882,168.882,149,123,4,forward
lt_0_lowtown,417,5972.8,172.74,171.326,157,147,4,forward
lt_0_lowtown,418,4950.8,170.74,168.74,155,146,4,forward
lt_0_lowtown,419,5572.2,168.397,168.397,151,147,4,forward
lt_0_lowtown,420,4945.8,179.113,175.284,170,163,4,forward
lt_0_lowtown,421,4470.6,175.355,175.355,165,157,4,forward
lt_0_lowtown,422,5261.2,175.196,173.196,152,145,4,forward
lt_0_lowtown,423,5698.2,173.912,172.74,159,155,4,forward
lt_0_lowtown,424,5585.6,174.752,174.752,147,131,4,forward
lt_0_lowtown,425,4564.6,173.196,172.368,150,119,4,forward
lt_0_lowtown,426,5135.8,177.598,173.184,166,157,4,forward
lt_0_lowtown,427,5506.4,177.326,175.669,162,138,4,forward
lt_0_lowtown,428,5373.2,174.397,173.397,157,152,4,forward
lt_0_lowtown,429,4821.6,172.355,172.355,162,153,4,forward
lt_0_lowtown,430,4923.6,177.497,177.497,163,154,4,forward
lt_0_lowtown,431,4583.8,183.64,179.64,165,132,4,forward
lt_0_lowtown,432,4441.2,186.439,179.782,162,143,4,forward
lt_0_lowtown,433,5689.2,180.024,177.439,156,140,4,forward
lt_0_lowtown,434,5319,181.681,176.024,156,147,4,forward
lt_0_lowtown,435,5337.2,181.397,179.64,164,142,4,forward
lt_0_lowtown,436,5147,176.196,176.196,153,144,4,forward
lt_0_lowtown,437,5359.6,181.397,179.397,164,151,4,forward
lt_0_lowtown,438,4864.6,183.338,179.095,156,138,4,forward
lt_0_lowtown,439,5533.8,180.355,179.184,170,163,4,forward
lt_0_lowtown,440,4606.8,181.497,181.497,167,150,4,forward
lt_0_lowtown,441,6025,180.225,180.225,162,155,4,forward
lt_0_lowtown,442,6184.2,181.024,181.024,157,145,4,forward
lt_0_lowtown,443,5420.4,181.912,181.912,167,160,4,forward
lt_0_lowtown,444,5390.8,183.953,181.953,162,157,4,forward
lt_0_lowtown,445,4635.4,184.426,183.598,172,153,4,forward
lt_0_lowtown,446,4920,180.054,180.054,161,151,4,forward
lt_0_lowtown,447,5694.2,185.083,180.255,171,157,4,forward
lt_0_lowtown,448,4290.2,182.468,181.64,163,139,4,forward
lt_0_lowtown,449,5153.8,183.468,183.468,164,156,4,forward
lt_0_lowtown,450,5869.4,184.154,184.154,168,167,4,forward
lt_0_lowtown,451,6486.4,187.539,185.681,166,152,4,forward
lt_0_lowtown,452,5421.2,191.397,187.397,174,154,4,forward
lt_0_lowtown,453,5577.2,188.569,186.912,172,167,4,forward
lt_0_lowtown,454,6365.4,185.598,184.426,174,161,4,forward
lt_0_lowtown,455,5628.8,192.711,186.054,172,161,4,forward
lt_0_lowtown,456,5216,184.154,184.154,168,148,4,forward
lt_0_lowtown,457,5133.6,186.882,186.882,167,148,4,forward
lt_0_lowtown,458,4711.8,187.74,186.083,172,154,4,forward
lt_0_lowtown,459,5802,184.598,184.598,173,163,4,forward
lt_0_lowtown,460,5957.2,193.841,190.426,181,164,4,forward
lt_0_lowtown,461,4933.6,190.48,190.48,159,136,4,forward
lt_0_lowtown,462,5787.6,194.598,191.426,183,170,4,forward
lt_0_lowtown,463,5193,190.468,190.468,171,155,4,forward
lt_0_lowtown,464,5260.8,188.811,188.811,171,148,4,forward
lt_0_lowtown,465,5522.2,189.154,189.154,173,163,4,forward
lt_0_lowtown,466,4533.8,188.196,188.196,165,145,4,forward
lt_0_lowtown,467,6236.4,194.882,189.882,175,155,4,forward
lt_0_lowtown,468,5697.2,189.326,189.326,174,167,4,forward
lt_0_lowtown,469,4776.2,191.439,190.853,167,148,4,forward
lt_0_lowtown,470,5520.4,197.497,194.426,183,166,4,forward
lt_0_lowtown,471,5998.6,195.569,195.569,179,171,4,forward
lt_0_lowtown,472,5698,193.87,193.042,186,163,4,forward
lt_0_lowtown,473,6600.6,197.941,194.77,188,182,4,forward
lt_0_lowtown,474,5815.4,193.184,193.184,182,173,4,forward
lt_0_lowtown,475,5083.8,192.61,192.024,169,158,4,forward
lt_0_lowtown,476,6044.2,196.154,194.154,180,174,4,forward
lt_0_lowtown,477,6155.8,197.054,195.054,178,166,4,forward
lt_0_lowtown,478,5553.8,194.77,193.113,184,167,4,forward
lt_0_lowtown,479,4924.2,193.054,192.468,174,155,4,forward
lt_0_lowtown,480,6599.2,199.882,199.296,180,169,4,forward
lt_0_lowtown,481,5602.2,200.669,198.669,187,173,4,forward
lt_0_lowtown,482,5615.4,198.255,198.255,185,176,4,forward
lt_0_lowtown,483,6165,199.882,198.882,180,162,4,forward
lt_0_lowtown,484,6222.2,199.64,197.983,181,173,4,forward
lt_0_lowtown,485,5823,199.64,199.64,181,160,4,forward
lt_0_lowtown,486,6055,199.669,199.669,186,171,4,forward
lt_0_lowtown,487,5686.8,196.024,196.024,172,152,4,forward
lt_0_lowtown,488,5650.8,199.255,197.841,186,175,4,forward
lt_0_lowtown,489,6760,200.966,199.208,167,158,4,forward
lt_0_lowtown,490,5675.2,202.539,201.953,181,152,4,forward
lt_0_lowtown,491,5194.2,204.284,202.527,196,183,4,forward
lt_0_lowtown,492,6168.2,203.51,203.51,177,156,4,forward
lt_0_lowtown,493,5479.2,204.711,203.539,184,164,4,forward
lt_0_lowtown,494,6333.2,203.811,203.811,186,184,4,forward
lt_0_lowtown,495,5843.4,203.652,203.652,173,163,4,forward
lt_0_lowtown,496,5644.8,203.238,202.066,173,169,4,forward
lt_0_lowtown,497,5544.2,202.196,202.196,179,165,4,forward
lt_0_lowtown,498,7003.4,203.539,203.539,182,172,4,forward
lt_0_lowtown,499,6557.4,201.497,201.497,187,185,4,forward
lt_0_lowtown,500,6362.2,204.983,204.983,188,181,4,forward
lt_0_lowtown,501,6659,207.681,204.853,182,174,4,forward
lt_0_lowtown,502,5632.8,210.497,207.497,196,168,4,forward
lt_0_lowtown,503,6799.8,210.397,207.397,193,174,4,forward
lt_0_lowtown,504,9502.8,211.125,206.125,190,184,4,forward
lt_0_lowtown,505,5350.4,205.61,205.61,182,158,4,forward
lt_0_lowtown,506,6483.2,205.024,204.439,181,153,4,forward
lt_0_lowtown,507,5402.4,205.024,205.024,181,164,4,forward
lt_0_lowtown,508,5582.8,204.64,204.054,186,159,4,forward
lt_0_lowtown,509,5191.2,206.397,204.983,189,171,4,forward
lt_0_lowtown,510,6120.6,212.983,211.983,196,183,4,forward
lt_0_lowtown,511,5757.6,210.397,210.397,193,181,4,forward
lt_0_lowtown,512,7313.2,210.953,209.539,189,186,4,forward
lt_0_lowtown,513,6193.4,212.61,209.61,189,180,4,forward
lt_0_lowtown,514,6487.2,211.782,211.782,189,180,4,forward
lt_0_lowtown,515,6198.4,212.61,208.61,189,177,4,forward
lt_0_lowtown,516,5850.4,214.912,210.669,200,187,4,forward
lt_0_lowtown,517,6662.2,212.64,209.64,194,178,4,forward
lt_0_lowtown,518,6212,211.711,208.296,191,177,4,forward
lt_0_lowtown,519,6527.4,211.669,208.841,198,188,4,forward
lt_0_lowtown,520,5835.2,212.669,212.669,199,188,4,forward
lt_0_lowtown,521,6270.8,214.823,214.823,185,163,4,forward
lt_0_lowtown,522,5839.4,216.811,215.811,199,182,4,forward
lt_0_lowtown,523,5297.2,216.154,214.497,200,181,4,forward
lt_0_lowtown,524,5856.6,215.48,212.894,184,181,4,forward
lt_0_lowtown,525,6295.8,214.882,214.882,195,186,4,forward
lt_0_lowtown,526,6788.8,214.397,214.397,197,191,4,forward
lt_0_lowtown,527,6141.2,218.882,214.054,199,192,4,forward
lt_0_lowtown,528,6359.8,212.912,212.326,198,184,4,forward
lt_0_lowtown,529,7479.6,215.125,212.125,194,178,4,forward
lt_0_lowtown,530,6263.2,216.125,216.125,195,190,4,forward
lt_0_lowtown,531,7118,218.782,218.196,196,181,4,forward
lt_0_lowtown,532,9326.2,222.066,217.823,191,163,4,forward
lt_0_lowtown,533,5867.4,218.326,218.326,203,193,4,forward
lt_0_lowtown,534,6364.8,218.326,218.326,203,191,4,forward
lt_0_lowtown,535,6889.2,218.966,218.966,185,166,4,forward
lt_0_lowtown,536,6947.6,220.64,219.468,202,185,4,forward
lt_0_lowtown,537,6906.2,220.853,219.853,196,188,4,forward
lt_0_lowtown,538,9460.2,218.74,218.74,203,193,4,forward
lt_0_lowtown,539,9522.8,219.752,219.752,192,181,4,forward
lt_0_lowtown,540,5870.4,223.439,221.439,199,190,4,forward
lt_0_lowtown,541,6462.4,223.368,221.368,201,176,4,forward
lt_0_lowtown,542,6226.8,227.894,223.894,196,179,4,forward
lt_0_lowtown,543,6752.2,223.497,223.497,209,198,4,forward
lt_0_lowtown,544,7580.4,221.882,221.882,202,174,4,forward
lt_0_lowtown,545,6733.8,225.823,223.823,196,174,4,forward
lt_0_lowtown,546,6510.2,223.539,223.539,202,184,4,forward
lt_0_lowtown,547,6426.2,221.095,221.095,195,187,4,forward
lt_0_lowtown,548,6739.6,223.569,223.569,207,196,4,forward
lt_0_lowtown,549,6314.6,225.066,223.652,194,180,4,forward
lt_0_lowtown,550,6529.4,224.296,224.296,204,189,4,forward
lt_0_lowtown,551,6527,229.167,226.581,201,177,4,forward
lt_0_lowtown,552,7168.2,225.953,224.196,204,197,4,forward
lt_0_lowtown,553,6299.6,228.397,224.154,211,197,4,forward
lt_0_lowtown,554,6013.6,226.953,226.953,205,192,4,forward
lt_0_lowtown,555,6214.6,224.953,224.368,203,180,4,forward
lt_0_lowtown,556,6868.6,227.054,224.468,208,196,4,forward
lt_0_lowtown,557,6443,227.397,227.397,210,189,4,forward
lt_0_lowtown,558,5468.6,226.811,226.811,209,189,4,forward
lt_0_lowtown,559,6977.6,232.468,227.054,213,204,4,forward
lt_0_lowtown,560,7388.2,231.581,229.338,203,184,4,forward
lt_0_lowtown,561,6768.8,232.054,231.225,213,197,4,forward
lt_0_lowtown,562,6721.6,228.137,228.137,195,174,4,forward
lt_0_lowtown,563,7718,233.054,230.054,214,206,4,forward
lt_0_lowtown,564,6638.8,232.137,229.723,199,178,4,forward
lt_0_lowtown,565,6163.4,229.368,229.368,207,188,4,forward
lt_0_lowtown,566,7046.8,230.652,228.238,200,193,4,forward
lt_0_lowtown,567,6561.2,231.167,230.581,203,176,4,forward
lt_0_lowtown,568,7398.6,231.468,230.296,212,199,4,forward
lt_0_lowtown,569,6147.6,232.622,229.794,197,172,4,forward
lt_0_lowtown,570,6706.4,236.581,232.338,208,196,4,forward
lt_0_lowtown,571,6700.6,233.882,233.882,214,197,4,forward
lt_0_lowtown,572,6427.4,237.38,233.137,203,174,4,forward
lt_0_lowtown,573,6888,232.137,232.137,199,170,4,forward
lt_0_lowtown,574,6354.6,234.309,233.48,202,180,4,forward
lt_0_lowtown,575,6729.4,240.853,234.196,216,200,4,forward
lt_0_lowtown,576,6323.2,235.882,233.882,216,197,4,forward
lt_0_lowtown,577,7224,235.966,235.966,202,194,4,forward
lt_0_lowtown,578,7053.8,237.368,235.368,215,210,4,forward
lt_0_lowtown,579,7207.2,235.61,235.61,212,202,4,forward
lt_0_lowtown,580,7423.4,240.924,236.681,214,196,4,forward
lt_0_lowtown,581,6105.6,239.196,236.196,216,201,4,forward
lt_0_lowtown,582,7393.6,237.711,237.711,217,203,4,forward
lt_0_lowtown,583,6674.8,238.368,236.61,216,197,4,forward
lt_0_lowtown,584,7460,241.451,239.451,205,188,4,forward
lt_0_lowtown,585,5554.6,239.74,239.74,224,209,4,forward
lt_0_lowtown,586,9784.4,237.652,237.652,207,184,4,forward
lt_0_lowtown,587,7098,239.551,238.38,206,195,4,forward
lt_0_lowtown,588,7566.2,239.61,239.61,216,210,4,forward
lt_0_lowtown,589,7232.6,237.853,237.853,213,195,4,forward
lt_0_lowtown,590,7075.4,246.752,240.095,219,191,4,forward
lt_0_lowtown,591,7195.8,243.066,243.066,212,204,4,forward
lt_0_lowtown,592,8551.2,245.267,241.267,220,207,4,forward
lt_0_lowtown,593,6599.2,243.539,242.125,222,217,4,forward
lt_0_lowtown,594,6561.4,240.551,240.551,207,194,4,forward
lt_0_lowtown,595,7370,241.61,240.439,218,190,4,forward
lt_0_lowtown,596,6909.8,246.338,242.095,219,206,4,forward
lt_0_lowtown,597,6736.6,247.61,243.368,224,196,4,forward
lt_0_lowtown,598,6768.4,244.794,241.551,210,179,4,forward
lt_0_lowtown,599,7579.8,242.723,242.723,210,201,4,forward
lt_0_lowtown,600,7335.4,251.137,244.066,218,196,4,forward
lt_0_lowtown,601,7619.4,250.066,246.894,219,203,4,forward
lt_0_lowtown,602,7267.6,247.409,247.409,218,188,4,forward
lt_0_lowtown,603,6413,247.539,247.539,226,214,4,forward
lt_0_lowtown,604,7475.8,249.167,245.51,221,206,4,forward
lt_0_lowtown,605,7265.2,247.752,246.338,220,206,4,forward
lt_0_lowtown,606,7149.2,246.196,244.539,223,206,4,forward
lt_0_lowtown,607,7896.2,250.296,246.468,230,223,4,forward
lt_0_lowtown,608,7330.2,247.309,246.723,215,194,4,forward
lt_0_lowtown,609,7596.6,245.225,244.64,227,215,4,forward
lt_0_lowtown,610,7488.4,251.125,249.125,230,219,4,forward
lt_0_lowtown,611,7426,248.451,248.451,212,196,4,forward
lt_0_lowtown,612,7461.6,252.681,251.024,227,215,4,forward
lt_0_lowtown,613,7246,249.995,249.409,221,191,4,forward
lt_0_lowtown,614,8151.8,252.924,251.924,226,214,4,forward
lt_0_lowtown,615,7336.8,252.037,251.451,216,186,4,forward
lt_0_lowtown,616,7281,251.024,250.196,227,222,4,forward
lt_0_lowtown,617,7452.2,248.024,248.024,224,219,4,forward
lt_0_lowtown,618,7625.2,248.024,248.024,224,215,4,forward
lt_0_lowtown,619,7241.2,252.421,248.764,211,190,4,forward
lt_0_lowtown,620,7382,259.782,255.539,237,226,4,forward
lt_0_lowtown,621,7975,255.167,255.167,227,212,4,forward
lt_0_lowtown,622,6706.8,253.823,252.652,224,203,4,forward
lt_0_lowtown,623,8221.2,257.551,254.723,224,217,4,forward
lt_0_lowtown,624,7772.4,253.024,252.196,229,221,4,forward
lt_0_lowtown,625,7317.4,254.024,252.024,230,220,4,forward
lt_0_lowtown,626,7420.4,255.279,254.693,218,192,4,forward
lt_0_lowtown,627,7518.2,258.681,255.681,233,216,4,forward
lt_0_lowtown,628,7852,258.137,253.309,225,217,4,forward
lt_0_lowtown,629,7070.4,255.167,254.167,227,215,4,forward
lt_0_lowtown,630,9860.6,256.711,256.711,236,230,4,forward
lt_0_lowtown,631,6460,264.936,259.936,226,197,4,forward
lt_0_lowtown,632,10494,258.711,258.711,238,219,4,forward
lt_0_lowtown,633,7996.8,259.551,259.551,226,205,4,forward
lt_0_lowtown,634,7603,257.652,256.652,227,213,4,forward
lt_0_lowtown,635,7909.8,256.853,256.853,232,216,4,forward
lt_0_lowtown,636,7690.8,260.196,259.024,237,221,4,forward
lt_0_lowtown,637,8164.2,262.522,259.693,224,211,4,forward
lt_0_lowtown,638,7745.8,262.61,258.61,239,228,4,forward
lt_0_lowtown,639,7503,259.693,259.693,222,193,4,forward
lt_0_lowtown,640,8290,269.894,262.823,238,219,4,forward
lt_0_lowtown,641,6803.6,263.279,262.693,226,197,4,forward
lt_0_lowtown,642,7598.6,262.953,261.196,241,207,4,forward
lt_0_lowtown,643,7649,268.38,262.723,234,216,4,forward
lt_0_lowtown,644,7878.4,263.238,260.238,233,220,4,forward
lt_0_lowtown,645,8497.2,262.894,260.652,231,220,4,forward
lt_0_lowtown,646,7972.2,262.267,261.681,237,226,4,forward
lt_0_lowtown,647,7673.6,270.338,263.267,243,221,4,forward
lt_0_lowtown,648,8190.6,264.711,261.882,244,223,4,forward
lt_0_lowtown,649,8017,263.439,262.267,239,221,4,forward
lt_0_lowtown,650,7576.6,268.61,267.61,245,218,4,forward
lt_0_lowtown,651,8321,267.309,266.48,235,220,4,forward
lt_0_lowtown,652,7672.4,268.368,264.368,246,230,4,forward
lt_0_lowtown,653,7090.8,270.752,266.51,243,228,4,forward
lt_0_lowtown,654,8625.4,270.095,264.439,244,238,4,forward
lt_0_lowtown,655,8074.6,266.439,265.853,242,222,4,forward
lt_0_lowtown,656,7369,270.208,265.966,235,215,4,forward
lt_0_lowtown,657,7062,268.652,264.409,238,212,4,forward
lt_0_lowtown,658,8156.4,272.61,266.953,249,221,4,forward
lt_0_lowtown,659,6739,267.924,264.095,241,217,4,forward
lt_0_lowtown,660,7008.6,271.924,271.924,245,230,4,forward
lt_0_lowtown,661,7666.2,274.581,268.924,246,231,4,forward
lt_0_lowtown,662,7715.4,273.238,271.238,243,240,4,forward
lt_0_lowtown,663,6977.2,275.853,270.196,251,246,4,forward
lt_0_lowtown,664,7969.6,272.368,270.368,250,234,4,forward
lt_0_lowtown,665,7460,270.48,269.894,239,217,4,forward
lt_0_lowtown,666,8251.2,274.338,270.51,247,242,4,forward
lt_0_lowtown,667,7507,271.095,269.924,245,229,4,forward
lt_0_lowtown,668,7829,269.368,268.539,247,231,4,forward
lt_0_lowtown,669,8413.4,271.652,271.066,241,232,4,forward
lt_0_lowtown,670,7407.6,274.167,274.167,246,241,4,forward
lt_0_lowtown,671,8465.4,277.137,274.137,244,229,4,forward
lt_0_lowtown,672,6956.8,273.622,273.622,238,225,4,forward
lt_0_lowtown,673,7005,277.179,274.179,237,206,4,forward
lt_0_lowtown,674,8006.2,276.539,272.711,255,243,4,forward
lt_0_lowtown,675,7814,273.179,273.179,233,222,4,forward
lt_0_lowtown,676,8241.4,274.764,274.179,235,212,4,forward
lt_0_lowtown,677,8081.2,276.409,273.409,247,221,4,forward
lt_0_lowtown,678,7860,274.238,274.238,244,218,4,forward
lt_0_lowtown,679,8296,276.451,275.037,240,222,4,forward
lt_0_lowtown,680,7634.2,279.853,277.853,255,244,4,forward
lt_0_lowtown,681,8489.4,280.037,279.451,244,226,4,forward
lt_0_lowtown,682,8144.8,282.924,278.095,256,249,4,forward
lt_0_lowtown,683,8886.6,279.622,276.208,244,233,4,forward
lt_0_lowtown,684,7687.8,277.894,276.723,246,226,4,forward
lt_0_lowtown,685,10695,281.037,276.794,245,228,4,forward
lt_0_lowtown,686,7655.4,277.125,277.125,256,230,4,forward
lt_0_lowtown,687,6541,280.953,277.882,259,245,4,forward
lt_0_lowtown,688,7156.4,278.368,278.368,256,248,4,forward
lt_0_lowtown,689,7918,276.794,276.208,242,220,4,forward
lt_0_lowtown,690,11998.8,280.853,280.853,256,243,4,forward
lt_0_lowtown,691,7540.2,282.439,282.439,258,240,4,forward
lt_0_lowtown,692,7874.8,281.723,281.723,249,245,4,forward
lt_0_lowtown,693,7803.4,286.894,283.066,255,248,4,forward
lt_0_lowtown,694,7983.2,280.078,280.078,237,208,4,forward
lt_0_lowtown,695,7990.8,283.622,280.551,248,225,4,forward
lt_0_lowtown,696,7403.4,282.179,280.764,242,230,4,forward
lt_0_lowtown,697,9053.4,282.652,282.652,252,238,4,forward
lt_0_lowtown,698,7593.4,284.225,282.811,266,259,4,forward
lt_0_lowtown,699,8613.2,287.752,283.167,260,238,4,forward
lt_0_lowtown,700,8393,284.723,284.723,252,244,4,forward
lt_0_lowtown,701,9702,288.167,287.581,260,253,4,forward
lt_0_lowtown,702,8430.2,287.35,284.279,248,229,4,forward
lt_0_lowtown,703,8256.6,288.882,287.711,269,258,4,forward
lt_0_lowtown,704,8366.4,285.622,284.451,250,237,4,forward
lt_0_lowtown,705,7009.4,287.38,287.38,253,227,4,forward
lt_0_lowtown,706,8902,290.581,287.167,262,248,4,forward
lt_0_lowtown,707,7354.2,295.037,287.966,259,237,4,forward
lt_0_lowtown,708,8500,286.764,285.007,247,225,4,forward
lt_0_lowtown,709,9008,285.853,285.853,261,246,4,forward
lt_0_lowtown,710,8560.4,290.836,290.25,249,236,4,forward
lt_0_lowtown,711,8687.6,292.421,290.421,251,241,4,forward
lt_0_lowtown,712,8474,293.468,289.225,274,260,4,forward
lt_0_lowtown,713,9162.2,288.095,288.095,262,250,4,forward
lt_0_lowtown,714,8229.6,289.693,289.693,252,246,4,forward
lt_0_lowtown,715,7033.4,291.309,290.723,259,243,4,forward
lt_0_lowtown,716,8235.8,291.782,291.782,269,238,4,forward
lt_0_lowtown,717,8822.2,291.764,290.764,252,234,4,forward
lt_0_lowtown,718,7995,290.823,290.823,261,252,4,forward
lt_0_lowtown,719,8186.4,290.179,290.179,250,226,4,forward
lt_0_lowtown,720,8087.4,295.167,292.167,267,245,4,forward
lt_0_lowtown,721,8951.2,297.108,295.693,259,250,4,forward
lt_0_lowtown,722,7822.2,298.711,295.054,278,256,4,forward
lt_0_lowtown,723,8878.6,296.037,292.037,260,251,4,forward
lt_0_lowtown,724,8374,294.681,293.681,269,254,4,forward
lt_0_lowtown,725,7792,295.652,295.652,265,249,4,forward
lt_0_lowtown,726,8652.8,293.451,292.279,257,242,4,forward
lt_0_lowtown,727,9491.4,294.652,294.652,264,252,4,forward
lt_0_lowtown,728,8185.8,297.007,295.007,256,235,4,forward
lt_0_lowtown,729,7856.8,296.095,294.681,270,257,4,forward
lt_0_lowtown,730,8856.6,298.409,296.652,269,252,4,forward
lt_0_lowtown,731,8685.6,299.037,299.037,263,238,4,forward
lt_0_lowtown,732,7357,298.522,297.936,260,247,4,forward
lt_0_lowtown,733,7717.2,296.823,296.823,267,261,4,forward
lt_0_lowtown,734,9691.4,300.539,299.711,279,267,4,forward
lt_0_lowtown,735,8576,297.907,297.907,254,222,4,forward
lt_0_lowtown,736,8747.4,300.48,299.894,269,255,4,forward
lt_0_lowtown,737,8806,299.037,297.865,263,249,4,forward
lt_0_lowtown,738,8274,305.38,298.723,271,259,4,forward
lt_0_lowtown,739,7489.4,297.167,297.167,269,262,4,forward
lt_0_lowtown,740,6749,301.51,300.338,275,248,4,forward
lt_0_lowtown,741,10083.6,304.439,301.439,280,271,4,forward
lt_0_lowtown,742,8427.8,302.451,302.451,266,243,4,forward
lt_0_lowtown,743,8021.8,306.238,303.238,276,263,4,forward
lt_0_lowtown,744,8922.4,301.392,301.392,255,242,4,forward
lt_0_lowtown,745,8213,301.522,300.35,263,239,4,forward
lt_0_lowtown,746,8445.6,305.593,301.936,265,250,4,forward
lt_0_lowtown,747,9043,306.007,303.179,265,245,4,forward
lt_0_lowtown,748,8380.4,306.664,302.421,264,243,4,forward
lt_0_lowtown,749,8733,306.368,303.196,284,264,4,forward
lt_0_lowtown,750,8302.4,308.693,304.451,271,248,4,forward
lt_0_lowtown,751,8840,309.007,307.593,268,256,4,forward
lt_0_lowtown,752,8799.6,305.681,304.681,280,266,4,forward
lt_0_lowtown,753,9109.6,305.948,305.948,255,234,4,forward
lt_0_lowtown,754,8153.6,307.078,307.078,264,236,4,forward
lt_0_lowtown,755,7816,306.066,306.066,275,267,4,forward
lt_0_lowtown,756,8535.4,307.037,305.865,271,250,4,forward
lt_0_lowtown,757,8874.2,310.25,307.179,268,244,4,forward
lt_0_lowtown,758,7921,309.794,307.551,275,253,4,forward
lt_0_lowtown,759,8375.8,305.037,304.208,269,247,4,forward
lt_0_lowtown,760,9961.6,310.368,308.953,288,271,4,forward
lt_0_lowtown,761,8761.8,310.309,309.137,278,250,4,forward
lt_0_lowtown,762,8615.4,310.593,309.421,270,242,4,forward
lt_0_lowtown,763,8274.4,308.024,308.024,284,267,4,forward
lt_0_lowtown,764,9256.6,311.279,309.865,274,258,4,forward
lt_0_lowtown,765,8084.8,310.735,309.321,266,246,4,forward
lt_0_lowtown,766,7592.8,316.865,311.865,280,265,4,forward
lt_0_lowtown,767,8215.2,310.652,310.652,280,273,4,forward
lt_0_lowtown,768,9431,309.167,309.167,281,274,4,forward
lt_0_lowtown,769,9648,311.664,311.664,269,251,4,forward
lt_0_lowtown,770,9191.8,313.167,312.167,285,267,4,forward
lt_0_lowtown,771,8758.8,315.149,315.149,270,244,4,forward
lt_0_lowtown,772,8990.4,313.865,313.037,277,261,4,forward
lt_0_lowtown,773,8591.4,315.681,314.853,290,262,4,forward
lt_0_lowtown,774,8037,313.225,313.225,295,279,4,forward
lt_0_lowtown,775,8536.8,315.522,315.522,277,268,4,forward
lt_0_lowtown,776,9472.2,312.806,312.806,266,238,4,forward
lt_0_lowtown,777,9071.4,315.936,314.179,277,261,4,forward
lt_0_lowtown,778,8746.8,314.836,314.836,273,260,4,forward
lt_0_lowtown,779,10005.6,315.368,315.368,293,283,4,forward
lt_0_lowtown,780,9300.8,317.439,316.853,293,285,4,forward
lt_0_lowtown,781,9603.6,320.267,319.095,295,283,4,forward
lt_0_lowtown,782,8588.2,321.137,316.137,288,281,4,forward
lt_0_lowtown,783,9644.6,318.22,316.806,271,248,4,forward
lt_0_lowtown,784,8756,323.179,319.35,283,268,4,forward
lt_0_lowtown,785,7539.4,318.22,318.22,271,240,4,forward
lt_0_lowtown,786,12865,317.823,317.823,288,285,4,forward
lt_0_lowtown,787,12584.2,317.309,317.309,285,269,4,forward
lt_0_lowtown,788,8454.4,317.22,317.22,270,240,4,forward
lt_0_lowtown,789,10266.2,324.037,319.794,288,277,4,forward
lt_0_lowtown,790,8261.6,322.392,321.22,276,251,4,forward
lt_0_lowtown,791,8894.8,326.309,322.066,294,279,4,forward
lt_0_lowtown,792,7739.2,321.309,320.48,289,278,4,forward
lt_0_lowtown,793,10206.4,327.51,322.924,301,281,4,forward
lt_0_lowtown,794,9561.8,325.936,321.936,287,283,4,forward
lt_0_lowtown,795,8877.2,327.037,323.865,291,275,4,forward
lt_0_lowtown,796,8929.8,325.238,321.581,295,271,4,forward
lt_0_lowtown,797,8032.2,326.095,323.853,300,280,4,forward
lt_0_lowtown,798,9078.6,324.622,320.037,289,268,4,forward
lt_0_lowtown,799,8211.2,329.108,323.451,291,272,4,forward
lt_0_lowtown,800,8620.4,331.362,327.362,280,255,4,forward
lt_0_lowtown,801,8829.6,327.409,325.652,298,270,4,forward
lt_0_lowtown,802,9429.6,328.362,324.362,277,260,4,forward
lt_0_lowtown,803,9399.2,326.551,326.551,293,281,4,forward
lt_0_lowtown,804,9091.2,325.492,325.492,282,263,4,forward
lt_0_lowtown,805,9405.8,331.782,326.953,309,289,4,forward
lt_0_lowtown,806,8967.2,330.024,325.782,306,294,4,forward
lt_0_lowtown,807,7851.6,327.681,325.924,302,281,4,forward
lt_0_lowtown,808,8195,329.267,327.51,304,275,4,forward
lt_0_lowtown,809,8654.8,324.167,324.167,296,287,4,forward
lt_0_lowtown,810,8752.4,331.764,330.593,292,275,4,forward
lt_0_lowtown,811,9553,334.581,330.338,306,284,4,forward
lt_0_lowtown,812,9069.6,330.51,330.51,304,301,4,forward
lt_0_lowtown,813,10299.6,330.735,328.735,286,279,4,forward
lt_0_lowtown,814,9303.2,331.593,331.593,291,274,4,forward
lt_0_lowtown,815,9369,332.581,329.995,304,300,4,forward
lt_0_lowtown,816,8233,329.35,329.35,290,264,4,forward
lt_0_lowtown,817,8907,331.823,328.409,302,293,4,forward
lt_0_lowtown,818,8359,332.693,330.693,295,289,4,forward
lt_0_lowtown,819,9247.6,328.551,328.551,295,289,4,forward
lt_0_lowtown,820,9725,337.066,332.48,306,290,4,forward
lt_0_lowtown,821,9390.2,334.605,334.605,282,261,4,forward
lt_0_lowtown,822,10169.6,333.924,333.924,307,287,4,forward
lt_0_lowtown,823,8893.6,337.38,334.38,303,276,4,forward
lt_0_lowtown,824,9573.4,337.309,334.309,305,285,4,forward
lt_0_lowtown,825,8234.4,333.995,332.995,305,284,4,forward
lt_0_lowtown,826,9020.4,336.735,333.735,292,276,4,forward
lt_0_lowtown,827,7825.8,337.421,332.593,296,281,4,forward
lt_0_lowtown,828,9046.4,334.225,334.225,316,312,4,forward
lt_0_lowtown,829,9092.4,332.179,332.179,292,267,4,forward
lt_0_lowtown,830,8364.4,336.392,336.392,290,274,4,forward
lt_0_lowtown,831,9698.2,341.924,336.924,315,298,4,forward
lt_0_lowtown,832,8689.4,340.409,337.409,311,289,4,forward
lt_0_lowtown,833,10533.8,338.392,336.563,292,278,4,forward
lt_0_lowtown,834,9135.2,338.723,336.137,306,297,4,forward
lt_0_lowtown,835,9289,338.51,336.752,312,298,4,forward
lt_0_lowtown,836,8522,339.894,337.066,308,297,4,forward
lt_0_lowtown,837,9482.4,339.125,338.125,318,304,4,forward
lt_0_lowtown,838,8947.4,338.752,338.167,311,290,4,forward
lt_0_lowtown,839,9731.4,338.551,338.551,305,291,4,forward
lt_0_lowtown,840,8976.8,341.296,340.296,321,309,4,forward
lt_0_lowtown,841,9784.6,340.392,340.392,294,277,4,forward
lt_0_lowtown,842,9263,343.551,341.551,310,288,4,forward
lt_0_lowtown,843,10396.2,342.019,340.605,289,275,4,forward
lt_0_lowtown,844,9511.2,341.167,341.167,313,296,4,forward
lt_0_lowtown,845,10030.8,346.208,341.38,311,303,4,forward
lt_0_lowtown,846,8937.2,346.593,342.35,306,288,4,forward
lt_0_lowtown,847,9329.6,344.066,343.238,313,301,4,forward
lt_0_lowtown,848,9276,348.551,343.551,315,290,4,forward
lt_0_lowtown,849,9926.6,344.25,343.664,302,288,4,forward
lt_0_lowtown,850,9550.4,351.179,345.522,311,298,4,forward
lt_0_lowtown,851,10294.8,347.752,344.752,320,297,4,forward
lt_0_lowtown,852,9716.8,348.723,344.723,316,310,4,forward
lt_0_lowtown,853,9966.4,346.25,345.664,304,284,4,forward
lt_0_lowtown,854,9451,345.966,345.966,312,293,4,forward
lt_0_lowtown,855,10610,348.948,346.948,298,285,4,forward
lt_0_lowtown,856,9135.6,349.208,346.208,314,306,4,forward
lt_0_lowtown,857,9127.4,352.196,347.953,329,310,4,forward
lt_0_lowtown,858,9473.8,350.024,347.196,326,310,4,forward
lt_0_lowtown,859,10750,348.794,345.38,314,307,4,forward
lt_0_lowtown,860,9778.6,352.095,349.267,326,314,4,forward
lt_0_lowtown,861,11279.2,354.735,349.078,310,301,4,forward
lt_0_lowtown,862,9515.4,351.823,348.652,322,304,4,forward
lt_0_lowtown,863,8499.6,349.693,348.522,312,292,4,forward
lt_0_lowtown,864,8991.8,350.196,350.196,327,314,4,forward
lt_0_lowtown,865,10218.4,351.823,350.823,322,320,4,forward
lt_0_lowtown,866,9807,350.924,350.924,324,311,4,forward
lt_0_lowtown,867,9288.6,352.066,351.066,321,310,4,forward
lt_0_lowtown,868,8712.4,351.409,348.409,322,297,4,forward
lt_0_lowtown,869,10690.8,352.179,351.007,312,296,4,forward
lt_0_lowtown,870,10013.8,354.936,354.108,316,300,4,forward
lt_0_lowtown,871,10669,354.551,354.551,321,308,4,forward
lt_0_lowtown,872,9046.4,355.652,354.48,325,303,4,forward
lt_0_lowtown,873,9935.4,358.681,354.439,333,328,4,forward
lt_0_lowtown,874,9114.8,353.291,353.291,304,274,4,forward
lt_0_lowtown,875,10964.6,355.51,355.51,329,319,4,forward
lt_0_lowtown,876,10156.8,358.581,354.338,330,313,4,forward
lt_0_lowtown,877,9566.4,353.806,353.806,307,278,4,forward
lt_0_lowtown,878,10676,358.439,353.024,334,318,4,forward
lt_0_lowtown,879,10491.8,353.12,352.534,303,289,4,forward
lt_0_lowtown,880,11230,359.167,356.924,331,312,4,forward
lt_0_lowtown,881,10147,360.853,357.681,336,314,4,forward
lt_0_lowtown,882,9938.8,360.167,356.167,332,312,4,forward
lt_0_lowtown,883,9434.4,359.066,356.066,328,305,4,forward
lt_0_lowtown,884,8719.6,358.439,358.439,334,315,4,forward
lt_0_lowtown,885,11641.8,359.25,358.078,317,304,4,forward
lt_0_lowtown,886,9444,360.652,356.823,330,315,4,forward
lt_0_lowtown,887,10375.4,357.392,357.392,311,286,4,forward
lt_0_lowtown,888,9640.6,361.137,358.137,328,304,4,forward
lt_0_lowtown,889,9818.8,360.966,356.966,327,301,4,forward
lt_0_lowtown,890,11050.6,364.907,360.078,321,304,4,forward
lt_0_lowtown,891,8666.4,366.007,362.179,325,313,4,forward
lt_0_lowtown,892,9781.6,360.149,360.149,315,299,4,forward
lt_0_lowtown,893,9968.2,363.179,362.007,323,302,4,forward
lt_0_lowtown,894,10900.8,362.995,361.238,334,330,4,forward
lt_0_lowtown,895,13281.2,366.338,361.51,339,325,4,forward
lt_0_lowtown,896,15065,364.451,360.208,328,315,4,forward
lt_0_lowtown,897,12461.2,362.936,362.936,324,318,4,forward
lt_0_lowtown,898,12107,365.179,362.179,325,308,4,forward
lt_0_lowtown,899,10510.2,360.095,360.095,334,326,4,forward
lt_0_lowtown,900,12139.6,367.966,367.38,334,321,4,forward
lt_0_lowtown,901,10328.8,369.723,367.723,337,315,4,forward
lt_0_lowtown,902,10417,366.752,366.752,339,338,4,forward
lt_0_lowtown,903,9950.6,366.267,365.681,341,336,4,forward
lt_0_lowtown,904,10614,368.309,364.066,336,306,4,forward
lt_0_lowtown,905,9347.4,364.966,364.966,331,324,4,forward
lt_0_lowtown,906,10096,367.794,367.794,333,313,4,forward
lt_0_lowtown,907,10025.6,368.581,366.581,340,317,4,forward
lt_0_lowtown,908,9912.6,370.693,366.693,333,325,4,forward
lt_0_lowtown,909,10265.6,364.693,364.693,327,311,4,forward
lt_0_lowtown,910,9746.6,375.693,369.037,338,326,4,forward
lt_0_lowtown,911,10174.8,370.38,369.794,336,326,4,forward
lt_0_lowtown,912,10043.4,372.409,370.409,343,320,4,forward
lt_0_lowtown,913,10233.4,375.723,371.48,343,327,4,forward
lt_0_lowtown,914,10194,370.853,370.853,346,334,4,forward
lt_0_lowtown,915,9806.4,370.894,368.066,339,318,4,forward
lt_0_lowtown,916,10565,369.095,369.095,343,341,4,forward
lt_0_lowtown,917,9300.2,368.652,368.652,338,314,4,forward
lt_0_lowtown,918,9803.8,371.865,370.693,335,323,4,forward
lt_0_lowtown,919,10854.4,368.078,368.078,325,312,4,forward
lt_0_lowtown,920,9305.2,375.966,373.966,342,325,4,forward
lt_0_lowtown,921,9717,375.522,375.522,337,334,4,forward
lt_0_lowtown,922,10277.6,374.551,373.723,341,327,4,forward
lt_0_lowtown,923,9460.8,376.581,375.995,348,321,4,forward
lt_0_lowtown,924,10245,375.995,373.752,347,328,4,forward
lt_0_lowtown,925,10583.2,377.066,375.066,346,346,4,forward
lt_0_lowtown,926,8877.8,373.752,373.167,346,318,4,forward
lt_0_lowtown,927,9363.8,375.581,372.752,347,333,4,forward
lt_0_lowtown,928,9928.6,373.823,373.823,344,334,4,forward
lt_0_lowtown,929,10125,378.681,375.853,353,349,4,forward
lt_0_lowtown,930,10257.2,382.095,377.853,356,341,4,forward
lt_0_lowtown,931,10636.6,379.777,379.777,328,298,4,forward
lt_0_lowtown,932,11216.4,378.581,378.581,350,330,4,forward
lt_0_lowtown,933,9855.2,382.451,377.451,346,340,4,forward
lt_0_lowtown,934,12200,379.392,378.392,333,317,4,forward
lt_0_lowtown,935,10381.8,379.208,378.622,344,330,4,forward
lt_0_lowtown,936,10320,376.137,376.137,343,325,4,forward
lt_0_lowtown,937,9554.6,376.38,376.38,342,325,4,forward
lt_0_lowtown,938,10177,379.196,379.196,356,342,4,forward
lt_0_lowtown,939,11597.4,383.362,379.948,332,323,4,forward
lt_0_lowtown,940,10591,385.652,383.995,355,344,4,forward
lt_0_lowtown,941,10574.6,387.693,381.037,350,338,4,forward
lt_0_lowtown,942,10494,384.723,380.723,352,343,4,forward
lt_0_lowtown,943,10867.6,386.149,382.735,341,333,4,forward
lt_0_lowtown,944,10248.6,382.794,382.794,348,339,4,forward
lt_0_lowtown,945,10433.8,388.078,381.007,345,329,4,forward
lt_0_lowtown,946,10056.4,382.966,382.966,349,347,4,forward
lt_0_lowtown,947,10103.6,383.279,381.451,346,336,4,forward
lt_0_lowtown,948,10424.6,383.451,381.451,347,339,4,forward
lt_0_lowtown,949,10347.4,383.338,383.338,356,341,4,forward
lt_0_lowtown,950,9792.6,386.409,385.823,357,353,4,forward
lt_0_lowtown,951,11178.8,388.179,385.35,348,329,4,forward
lt_0_lowtown,952,9728.8,385.38,385.38,351,336,4,forward
lt_0_lowtown,953,10972.2,393.894,386.823,362,350,4,forward
lt_0_lowtown,954,10121.4,387.995,387.995,359,353,4,forward
lt_0_lowtown,955,8728.6,387.066,384.48,356,338,4,forward
lt_0_lowtown,956,11205,387.995,385.167,359,354,4,forward
lt_0_lowtown,957,11230,388.836,386.836,347,336,4,forward
lt_0_lowtown,958,9735,384.924,384.924,358,333,4,forward
lt_0_lowtown,959,11033.6,389.723,384.066,357,344,4,forward
lt_0_lowtown,960,11047.6,394.823,390.581,365,349,4,forward
lt_0_lowtown,961,10979,389.764,388.936,350,337,4,forward
lt_0_lowtown,962,11376.2,394.853,389.196,370,358,4,forward
lt_0_lowtown,963,10412.2,392.924,391.167,366,351,4,forward
lt_0_lowtown,964,11458,392.049,390.635,344,327,4,forward
lt_0_lowtown,965,12771.4,390.22,390.22,343,316,4,forward
lt_0_lowtown,966,9742.6,393.593,391.936,353,332,4,forward
lt_0_lowtown,967,10068.4,391.167,389.995,363,359,4,forward
lt_0_lowtown,968,9438.6,388.865,388.865,352,335,4,forward
lt_0_lowtown,969,11434.4,388.409,388.409,359,354,4,forward
lt_0_lowtown,970,9922.8,399.037,394.794,363,350,4,forward
lt_0_lowtown,971,10988.6,395.066,395.066,364,346,4,forward
lt_0_lowtown,972,11261.4,393.563,393.563,348,334,4,forward
lt_0_lowtown,973,11124,396.581,393.167,368,361,4,forward
lt_0_lowtown,974,10563.2,395.267,395.267,370,361,4,forward
lt_0_lowtown,975,10620,394.409,392.167,365,360,4,forward
lt_0_lowtown,976,9548.6,394.167,394.167,366,347,4,forward
lt_0_lowtown,977,9632,399.279,395.279,362,338,4,forward
lt_0_lowtown,978,9445.6,397.522,393.865,359,339,4,forward
lt_0_lowtown,979,11564.8,395.522,394.35,357,336,4,forward
lt_0_lowtown,980,11370.4,400.208,397.208,365,353,4,forward
lt_0_lowtown,981,11471.6,397.978,397.392,352,340,4,forward
lt_0_lowtown,982,11379.6,400.652,399.48,370,356,4,forward
lt_0_lowtown,983,10795.6,399.409,396.581,370,357,4,forward
lt_0_lowtown,984,12214.6,399.434,396.605,346,334,4,forward
lt_0_lowtown,985,10855,399.995,399.995,371,358,4,forward
lt_0_lowtown,986,10862.6,400.38,399.38,366,353,4,forward
lt_0_lowtown,987,14517.4,404.652,397.995,374,368,4,forward
lt_0_lowtown,988,10210.6,397.735,397.735,353,331,4,forward
lt_0_lowtown,989,13779.6,400.551,399.966,367,363,4,forward
lt_0_lowtown,990,11709.4,401.966,400.794,368,357,4,forward
lt_0_lowtown,991,10283.4,407.622,400.966,372,359,4,forward
lt_0_lowtown,992,11645,406.167,402.995,378,371,4,forward
lt_0_lowtown,993,10190.4,403.622,400.794,368,351,4,forward
lt_0_lowtown,994,10475,407.966,403.137,374,362,4,forward
lt_0_lowtown,995,12126.2,404.321,400.321,360,356,4,forward
lt_0_lowtown,996,10624,405.208,400.622,370,344,4,forward
lt_0_lowtown,997,11021,404.848,402.019,351,337,4,forward
lt_0_lowtown,998,11073.2,401.794,401.794,367,356,4,forward
lt_0_lowtown,999,11906.2,409.049,402.806,361,347,4,forward
lt_0_lowtown,1000,9587.6,406.208,404.451,371,339,4,forward
lt_0_lowtown,1001,9548.2,410.25,404.593,368,347,4,forward
lt_0_lowtown,1002,9644,406.877,404.049,358,345,4,forward
lt_0_lowtown,1003,11850.8,409.037,404.208,373,360,4,forward
lt_0_lowtown,1004,10464.6,406.622,406.622,371,354,4,forward
lt_0_lowtown,1005,11629,406.764,406.764,367,356,4,forward
lt_0_lowtown,1006,11169.4,406.723,405.309,374,359,4,forward
lt_0_lowtown,1007,11386.2,410.362,407.534,359,338,4,forward
lt_0_lowtown,1008,9887,410.108,407.108,372,350,4,forward
lt_0_lowtown,1009,10950.2,407.48,407.48,376,369,4,forward
lt_0_lowtown,1010,10756.8,409.966,409.966,376,352,4,forward
lt_0_lowtown,1011,12050.4,415.262,411.019,361,343,4,forward
lt_0_lowtown,1012,10937.4,413.551,410.551,380,364,4,forward
lt_0_lowtown,1013,10189.8,414.635,408.978,367,340,4,forward
lt_0_lowtown,1014,11632.2,409.924,408.167,383,367,4,forward
lt_0_lowtown,1015,10570,414.037,411.451,378,363,4,forward
lt_0_lowtown,1016,11955.6,408.605,408.605,356,338,4,forward
lt_0_lowtown,1017,11283.8,415.492,408.836,372,357,4,forward
lt_0_lowtown,1018,10444.2,408.35,408.35,369,347,4,forward
lt_0_lowtown,1019,10728.4,411.978,411.978,366,345,4,forward
lt_0_lowtown,1020,12090,420.865,415.865,384,362,4,forward
lt_0_lowtown,1021,10325.6,416.149,413.735,371,356,4,forward
lt_0_lowtown,1022,11305.4,413.208,413.208,378,367,4,forward
lt_0_lowtown,1023,11366,414.735,413.321,370,344,4,forward
lt_0_lowtown,1024,11533.6,417.421,415.421,376,365,4,forward
lt_0_lowtown,1025,10897.6,418.622,415.794,383,376,4,forward
lt_0_lowtown,1026,11819.2,416.664,415.836,374,359,4,forward
lt_0_lowtown,1027,11503,414.25,413.664,372,364,4,forward
lt_0_lowtown,1028,10067.2,412.936,412.936,374,357,4,forward
lt_0_lowtown,1029,11027.4,414.534,413.706,364,353,4,forward
lt_0_lowtown,1030,10848.4,418.735,417.735,374,363,4,forward
lt_0_lowtown,1031,10333.6,423.463,419.22,375,356,4,forward
lt_0_lowtown,1032,10603.4,418.735,418.735,374,362,4,forward
lt_0_lowtown,1033,11017,421.291,416.463,372,358,4,forward
lt_0_lowtown,1034,10521.2,417.635,417.635,370,354,4,forward
lt_0_lowtown,1035,12670.8,418.309,418.309,386,366,4,forward
lt_0_lowtown,1036,12161.6,418.037,418.037,382,381,4,forward
lt_0_lowtown,1037,11271.2,418.865,418.279,382,363,4,forward
lt_0_lowtown,1038,11431.6,417.652,417.652,387,365,4,forward
lt_0_lowtown,1039,11802.8,422.919,419.09,367,355,4,forward
lt_0_lowtown,1040,10209.2,421.279,420.108,384,372,4,forward
lt_0_lowtown,1041,9921.2,422.279,421.451,385,362,4,forward
lt_0_lowtown,1042,10223.8,424.049,423.463,376,359,4,forward
lt_0_lowtown,1043,10402.8,423.291,422.706,374,348,4,forward
lt_0_lowtown,1044,10132.4,421.179,421.179,381,364,4,forward
lt_0_lowtown,1045,11803.6,420.865,420.865,384,374,4,forward
lt_0_lowtown,1046,11614.8,421.279,421.279,384,373,4,forward
lt_0_lowtown,1047,10618.6,422.936,422.936,384,368,4,forward
lt_0_lowtown,1048,12525.8,421.409,421.409,392,381,4,forward
lt_0_lowtown,1049,11812.2,424.25,423.664,382,363,4,forward
lt_0_lowtown,1050,10486.2,425.522,425.522,387,376,4,forward
lt_0_lowtown,1051,10735.4,429.723,427.966,397,384,4,forward
lt_0_lowtown,1052,10804,428.262,425.434,374,345,4,forward
lt_0_lowtown,1053,12146.4,425.338,425.338,398,385,4,forward
lt_0_lowtown,1054,11606.6,425.309,424.309,393,389,4,forward
lt_0_lowtown,1055,11886.2,425.836,425.25,384,363,4,forward
lt_0_lowtown,1056,12748.8,429.309,426.48,397,381,4,forward
lt_0_lowtown,1057,11279.8,429.823,427.581,400,382,4,forward
lt_0_lowtown,1058,12375,429.362,425.12,378,359,4,forward
lt_0_lowtown,1059,11270.8,425.563,425.563,380,368,4,forward
lt_0_lowtown,1060,10021.2,432.978,429.978,387,365,4,forward
lt_0_lowtown,1061,11159.4,429.693,429.693,392,384,4,forward
lt_0_lowtown,1062,11227,429.848,428.848,376,365,4,forward
lt_0_lowtown,1063,10528.8,429.12,429.12,379,361,4,forward
lt_0_lowtown,1064,10617.8,438.019,431.362,385,359,4,forward
lt_0_lowtown,1065,10586.6,429.936,429.936,391,372,4,forward
lt_0_lowtown,1066,12673.4,431.894,431.894,400,388,4,forward
lt_0_lowtown,1067,11463.2,432.622,429.551,397,376,4,forward
lt_0_lowtown,1068,11898,435.723,431.723,403,373,4,forward
lt_0_lowtown,1069,12224.2,432.723,431.551,400,393,4,forward
lt_0_lowtown,1070,12804.6,434.191,432.777,382,364,4,forward
lt_0_lowtown,1071,10740.4,433.25,433.25,391,366,4,forward
lt_0_lowtown,1072,11012.2,435.492,435.492,392,381,4,forward
lt_0_lowtown,1073,11685.4,435.936,432.764,397,377,4,forward
lt_0_lowtown,1074,10567,435.978,435.978,390,363,4,forward
lt_0_lowtown,1075,10585,436.019,434.848,383,359,4,forward
lt_0_lowtown,1076,13263,436.894,435.48,405,391,4,forward
lt_0_lowtown,1077,14794.2,433.735,433.735,389,373,4,forward
lt_0_lowtown,1078,10722.8,434.019,434.019,381,353,4,forward
lt_0_lowtown,1079,10518.2,435.392,435.392,389,360,4,forward
lt_0_lowtown,1080,13568.4,437.007,437.007,396,382,4,forward
lt_0_lowtown,1081,10732.6,441.735,437.735,397,374,4,forward
lt_0_lowtown,1082,10986.6,438.635,437.463,391,372,4,forward
lt_0_lowtown,1083,10453,440.836,437.836,399,387,4,forward
lt_0_lowtown,1084,11064.2,437.806,437.806,391,375,4,forward
lt_0_lowtown,1085,11800.4,436.794,436.208,402,374,4,forward
lt_0_lowtown,1086,11590.6,436.877,436.877,388,374,4,forward
lt_0_lowtown,1087,11083.4,439.806,439.22,393,371,4,forward
lt_0_lowtown,1088,11181.8,441.149,439.978,396,379,4,forward
lt_0_lowtown,1089,11103.4,438.492,438.492,395,379,4,forward
lt_0_lowtown,1090,10437.8,442.25,441.664,400,385,4,forward
lt_0_lowtown,1091,10609,443.794,443.208,409,386,4,forward
lt_0_lowtown,1092,10176.4,443.12,443.12,393,362,4,forward
lt_0_lowtown,1093,10825.8,440.037,440.037,404,395,4,forward
lt_0_lowtown,1094,12659,444.894,440.894,413,406,4,forward
lt_0_lowtown,1095,12149.2,443.735,443.735,399,385,4,forward
lt_0_lowtown,1096,11310.2,443.25,443.25,401,391,4,forward
lt_0_lowtown,1097,10398,441.451,441.451,405,383,4,forward
lt_0_lowtown,1098,12839.6,445.622,443.865,410,398,4,forward
lt_0_lowtown,1099,12770.6,449.836,442.764,408,392,4,forward
lt_0_lowtown,1100,10864.6,448.451,444.208,412,395,4,forward
lt_0_lowtown,1101,11638.2,449.635,445.392,402,389,4,forward
lt_0_lowtown,1102,10866.8,447.563,446.563,402,373,4,forward
lt_0_lowtown,1103,10843.6,448.25,446.25,406,392,4,forward
lt_0_lowtown,1104,12737.6,448.723,444.723,416,418,4,forward
lt_0_lowtown,1105,12735.4,445.279,445.279,408,399,4,forward
lt_0_lowtown,1106,10852.8,446.451,446.451,410,385,4,forward
lt_0_lowtown,1107,12782.6,444.551,444.551,411,404,4,forward
lt_0_lowtown,1108,10739.8,446.894,446.894,415,410,4,forward
lt_0_lowtown,1109,12105.2,445.25,444.664,403,385,4,forward
lt_0_lowtown,1110,12510.4,452.966,451.794,419,407,4,forward
lt_0_lowtown,1111,12329.6,452.723,451.066,420,415,4,forward
lt_0_lowtown,1112,13194.2,453.35,450.522,414,394,4,forward
lt_0_lowtown,1113,11415.2,450.978,449.563,405,384,4,forward
lt_0_lowtown,1114,11251,452.948,449.534,402,390,4,forward
lt_0_lowtown,1115,10832.6,449.108,448.279,411,397,4,forward
lt_0_lowtown,1116,12737.2,448.966,448.966,415,403,4,forward
lt_0_lowtown,1117,12486.8,450.48,449.066,419,402,4,forward
lt_0_lowtown,1118,11347.4,453.066,450.823,422,409,4,forward
lt_0_lowtown,1119,13295.4,450.35,448.936,411,399,4,forward
lt_0_lowtown,1120,11207.6,454.492,452.078,411,394,4,forward
lt_0_lowtown,1121,11509,458.747,455.919,402,372,4,forward
lt_0_lowtown,1122,14697.6,455.421,452.836,414,387,4,forward
lt_0_lowtown,1123,12927.4,455.137,452.137,422,412,4,forward
lt_0_lowtown,1124,15288,453.421,453.421,412,397,4,forward
lt_0_lowtown,1125,11393.8,455.522,452.35,417,405,4,forward
lt_0_lowtown,1126,11855.4,459.735,453.078,415,402,4,forward
lt_0_lowtown,1127,11339.6,455.522,452.35,417,384,4,forward
lt_0_lowtown,1128,11168.8,458.706,453.049,409,395,4,forward
lt_0_lowtown,1129,11231.4,456.049,455.463,408,389,4,forward
lt_0_lowtown,1130,13085,463.309,457.652,431,419,4,forward
lt_0_lowtown,1131,12277.2,459.22,459.22,412,394,4,forward
lt_0_lowtown,1132,11333.4,457.149,457.149,412,388,4,forward
lt_0_lowtown,1133,10802.2,457.907,456.149,414,390,4,forward
lt_0_lowtown,1134,11322.6,463.635,459.392,416,401,4,forward
lt_0_lowtown,1135,10607.4,457.806,456.22,411,389,4,forward
lt_0_lowtown,1136,13095.4,458.966,458.966,425,420,4,forward
lt_0_lowtown,1137,12901.2,456.622,456.622,421,417,4,forward
lt_0_lowtown,1138,11704.2,458.936,457.764,420,406,4,forward
lt_0_lowtown,1139,13109.8,458.966,457.966,425,411,4,forward
lt_0_lowtown,1140,12422,461.777,461.777,410,388,4,forward
lt_0_lowtown,1141,11911.6,465.049,461.22,417,405,4,forward
lt_0_lowtown,1142,11091.8,461.593,461.593,421,412,4,forward
lt_0_lowtown,1143,12050.6,462.865,460.865,426,418,4,forward
lt_0_lowtown,1144,11398.4,464.321,461.321,420,407,4,forward
lt_0_lowtown,1145,11297.6,465.706,462.877,416,386,4,forward
lt_0_lowtown,1146,13111.4,462.551,462.551,429,419,4,forward
lt_0_lowtown,1147,12539.8,466.421,462.421,425,404,4,forward
lt_0_lowtown,1148,11664,470.593,463.936,430,414,4,forward
lt_0_lowtown,1149,11516.4,461.362,460.534,410,398,4,forward
lt_0_lowtown,1150,11389.4,468.563,467.392,423,400,4,forward
lt_0_lowtown,1151,11252.2,465.492,465.492,422,407,4,forward
lt_0_lowtown,1152,12348,466.836,465.421,425,413,4,forward
lt_0_lowtown,1153,11664.2,470.534,467.706,420,406,4,forward
lt_0_lowtown,1154,11832.8,469.208,464.38,434,402,4,forward
lt_0_lowtown,1155,11380.6,470.421,467.593,429,416,4,forward
lt_0_lowtown,1156,11525.8,469.605,466.777,417,406,4,forward
lt_0_lowtown,1157,11401,466.848,466.848,413,388,4,forward
lt_0_lowtown,1158,13399.4,466.693,466.693,429,414,4,forward
lt_0_lowtown,1159,11424.8,467.723,464.723,435,424,4,forward
lt_0_lowtown,1160,13763.6,471.108,469.35,433,403,4,forward
lt_0_lowtown,1161,12024.8,470.078,470.078,427,411,4,forward
lt_0_lowtown,1162,11897.6,473.35,468.522,434,418,4,forward
lt_0_lowtown,1163,11570,476.291,471.463,427,411,4,forward
lt_0_lowtown,1164,11369.2,472.836,471.421,431,414,4,forward
lt_0_lowtown,1165,12067.4,472.463,468.22,424,409,4,forward
lt_0_lowtown,1166,11800.4,472.948,471.777,422,404,4,forward
lt_0_lowtown,1167,11653.6,469.936,469.936,431,417,4,forward
lt_0_lowtown,1168,13487.6,477.622,470.551,442,425,4,forward
lt_0_lowtown,1169,12542.6,469.291,468.12,420,401,4,forward
lt_0_lowtown,1170,11483,474.848,474.848,421,390,4,forward
lt_0_lowtown,1171,11510.4,476.764,475.35,437,417,4,forward
lt_0_lowtown,1172,12778,476.179,473.35,436,422,4,forward
lt_0_lowtown,1173,11980.4,473.279,472.693,436,433,4,forward
lt_0_lowtown,1174,11840.6,474.836,474.836,433,422,4,forward
lt_0_lowtown,1175,11683,472.434,472.434,419,394,4,forward
lt_0_lowtown,1176,11767.6,474.12,473.12,424,410,4,forward
lt_0_lowtown,1177,11076.2,473.764,472.936,434,416,4,forward
lt_0_lowtown,1178,11784.8,476.179,472.35,436,420,4,forward
lt_0_lowtown,1179,11704.8,477.007,475.007,436,419,4,forward
lt_0_lowtown,1180,11682.4,479.764,479.764,440,429,4,forward
lt_0_lowtown,1181,11844.4,478.22,478.22,431,414,4,forward
lt_0_lowtown,1182,12221.8,481.865,477.622,445,430,4,forward
lt_0_lowtown,1183,10991.4,478.108,476.936,440,417,4,forward
lt_0_lowtown,1184,11659.2,478.693,478.108,441,439,4,forward
lt_0_lowtown,1185,12902,479.25,476.25,437,425,4,forward
lt_0_lowtown,1186,14029.8,479.764,476.108,440,419,4,forward
lt_0_lowtown,1187,15641.2,478.622,476.622,443,431,4,forward
lt_0_lowtown,1188,12153.8,476.137,476.137,443,437,4,forward
lt_0_lowtown,1189,13661.4,478.049,476.049,430,415,4,forward
lt_0_lowtown,1190,12037.2,483.877,483.877,435,422,4,forward
lt_0_lowtown,1191,11779.4,481.421,481.421,440,425,4,forward
lt_0_lowtown,1192,12639.4,485.463,481.22,437,423,4,forward
lt_0_lowtown,1193,11559.2,484.534,483.362,434,408,4,forward
lt_0_lowtown,1194,11781.4,486.635,483.806,439,423,4,forward
lt_0_lowtown,1195,12407.4,487.149,482.907,442,424,4,forward
lt_0_lowtown,1196,13254,484.522,483.522,446,430,4,forward
lt_0_lowtown,1197,13446.2,486.019,480.362,433,419,4,forward
lt_0_lowtown,1198,12264.4,485.291,482.463,436,418,4,forward
lt_0_lowtown,1199,12073.6,488.948,483.291,438,423,4,forward
lt_0_lowtown,1200,11641.2,485.108,485.108,447,428,4,forward
lt_0_lowtown,1201,12052.8,490.291,484.635,441,422,4,forward
lt_0_lowtown,1202,12158.8,488.836,484.007,447,432,4,forward
lt_0_lowtown,1203,12333.4,488.848,486.019,435,418,4,forward
lt_0_lowtown,1204,13293.2,486.794,485.38,452,437,4,forward
lt_0_lowtown,1205,12620,487.706,487.706,438,410,4,forward
lt_0_lowtown,1206,12298.4,487.362,484.534,436,422,4,forward
lt_0_lowtown,1207,12047.6,488.279,487.693,451,441,4,forward
lt_0_lowtown,1208,13554.8,485.38,484.38,451,437,4,forward
lt_0_lowtown,1209,13081.8,484.291,484.291,435,424,4,forward
lt_0_lowtown,1210,12134,491.764,490.593,452,428,4,forward
lt_0_lowtown,1211,11836.4,490.664,490.078,448,428,4,forward
lt_0_lowtown,1212,13386.6,497.35,491.693,458,442,4,forward
lt_0_lowtown,1213,13090.4,488.777,488.777,437,418,4,forward
lt_0_lowtown,1214,11816.2,489.291,489.291,440,410,4,forward
lt_0_lowtown,1215,12227.8,493.362,490.362,442,426,4,forward
lt_0_lowtown,1216,11752,491.291,491.291,442,427,4,forward
lt_0_lowtown,1217,11614.6,492.463,491.291,444,420,4,forward
lt_0_lowtown,1218,13237.6,492.108,489.108,454,441,4,forward
lt_0_lowtown,1219,11305.2,488.806,488.22,442,429,4,forward
lt_0_lowtown,1220,13547.2,495.693,492.865,458,443,4,forward
lt_0_lowtown,1221,14494,499.664,494.007,457,440,4,forward
lt_0_lowtown,1222,13293,497.421,495.421,456,440,4,forward
lt_0_lowtown,1223,11713,493.848,493.262,440,416,4,forward
lt_0_lowtown,1224,12515.8,496.451,495.865,460,458,4,forward
lt_0_lowtown,1225,11862.8,493.291,493.291,444,413,4,forward
lt_0_lowtown,1226,12619.8,498.362,492.706,447,431,4,forward
lt_0_lowtown,1227,12523.6,497.605,494.605,445,429,4,forward
lt_0_lowtown,1228,11463.8,492.108,492.108,454,430,4,forward
lt_0_lowtown,1229,12605.8,497.492,493.25,454,435,4,forward
lt_0_lowtown,1230,11753.8,499.735,499.735,455,442,4,forward
lt_0_lowtown,1231,12609.2,504.806,499.149,458,441,4,forward
lt_0_lowtown,1232,11409.4,496.848,496.848,443,422,4,forward
lt_0_lowtown,1233,12215.6,498.836,498.836,457,439,4,forward
lt_0_lowtown,1234,13042,503.291,499.049,454,435,4,forward
lt_0_lowtown,1235,12841.4,498.936,496.108,460,443,4,forward
lt_0_lowtown,1236,12590.6,497.522,496.522,459,446,4,forward
lt_0_lowtown,1237,11874.6,498.078,498.078,455,440,4,forward
lt_0_lowtown,1238,12101,499.664,498.492,457,443,4,forward
lt_0_lowtown,1239,12252.8,500.019,499.434,447,423,4,forward
lt_0_lowtown,1240,13105.8,505.392,501.149,459,441,4,forward
lt_0_lowtown,1241,13682.6,506.693,502.451,469,450,4,forward
lt_0_lowtown,1242,11676.6,503.179,501.764,463,448,4,forward
lt_0_lowtown,1243,14405.2,508.434,501.362,455,438,4,forward
lt_0_lowtown,1244,12794.8,502.25,500.492,460,451,4,forward
lt_0_lowtown,1245,13225.6,506.12,503.12,456,440,4,forward
lt_0_lowtown,1246,12053.6,500.693,500.693,463,452,4,forward
lt_0_lowtown,1247,12513.4,503.12,502.534,453,441,4,forward
lt_0_lowtown,1248,11963,500.35,500.35,461,436,4,forward
lt_0_lowtown,1249,12971.6,503.049,500.22,455,437,4,forward
