map,scenid,tcost,distance,expect,steps,access,r,itype
orz105d,0,179.8,1,1,1,1,4,backward
orz105d,1,253.8,2,1,2,3,4,backward
orz105d,2,119.8,2.41421,2.41421,2,2,4,backward
orz105d,3,145.2,3,2.41421,3,2,4,backward
orz105d,4,100.4,2,2,2,1,4,backward
orz105d,5,124.4,3.41421,3.41421,3,2,4,backward
orz105d,6,192,3.41421,1,3,4,4,backward
orz105d,7,140.8,2.41421,1.41421,2,3,4,backward
orz105d,8,80.2,1,1,1,1,4,backward
orz105d,9,172.4,5.41421,4.82843,5,2,4,backward
orz105d,10,179.8,7.24264,7.24264,6,3,4,backward
orz105d,11,144.6,4.82843,4.82843,4,2,4,backward
orz105d,12,143.8,6.24264,6.24264,5,2,4,backward
orz105d,13,232.4,9.41421,7.65685,9,2,4,backward
orz105d,14,217.6,7.24264,4.82843,6,4,4,backward
orz105d,15,157.6,7.24264,6.24264,6,3,4,backward
orz105d,16,175.4,8.24264,5.82843,7,3,4,backward
orz105d,17,139.2,6.24264,6.24264,5,1,4,backward
orz105d,18,174.8,7.65685,7.65685,6,1,4,backward
orz105d,19,198.8,9.65685,9.07107,8,3,4,backward
orz105d,20,192,8.24264,8.24264,7,2,4,backward
orz105d,21,192.2,9.48528,9.48528,7,2,4,backward
orz105d,22,312.4,14.0711,10.0711,12,5,4,backward
orz105d,23,197.2,8.82843,8.82843,8,2,4,backward
orz105d,24,185.2,9.24264,9.24264,8,2,4,backward
orz105d,25,251.2,14.4853,11.0711,12,5,4,backward
orz105d,26,211.6,10.2426,10.2426,9,2,4,backward
orz105d,27,206.6,9.82843,9.82843,9,2,4,backward
orz105d,28,201.6,11.0711,11.0711,9,2,4,backward
orz105d,29,232.2,12.4853,12.4853,10,5,4,backward
orz105d,30,248,14.4853,12.0711,12,3,4,backward
orz105d,31,274,14.0711,12.8995,12,2,4,backward
orz105d,32,245.6,14.7279,14.1421,11,2,4,backward
orz105d,33,229.4,13.0711,13.0711,11,2,4,backward
orz105d,34,198.8,16.3137,14.0711,13,3,4,backward
orz105d,35,257,12.8284,12.8284,12,2,4,backward
orz105d,36,219.2,16.4853,15.8995,14,3,4,backward
orz105d,37,280.2,13.4142,13.4142,13,2,4,backward
orz105d,38,279.8,19.8995,15.6569,17,3,4,backward
orz105d,39,287,19.3137,18.7279,16,3,4,backward
orz105d,40,290.2,19.1421,19.1421,15,3,4,backward
orz105d,41,263.2,18.1421,17.5563,14,3,4,backward
orz105d,42,249.6,18.5563,18.5563,14,3,4,backward
orz105d,43,271.4,19.9706,19.9706,15,3,4,backward
orz105d,44,336,23.1421,19.7279,19,3,4,backward
orz105d,45,182.6,18.7279,18.7279,15,2,4,backward
orz105d,46,205,18.7279,17.7279,15,3,4,backward
orz105d,47,227.6,19.7279,16.3137,16,3,4,backward
orz105d,48,273.6,16.3137,16.3137,13,1,4,backward
orz105d,49,388.6,23.7279,23.7279,20,6,4,backward
orz105d,50,285.6,21.7279,21.7279,18,5,4,backward
orz105d,51,303.8,20.5563,20.5563,16,3,4,backward
orz105d,52,293,23.1421,20.7279,19,3,4,backward
orz105d,53,355,22.3848,21.799,17,2,4,backward
orz105d,54,306.6,22.799,22.799,17,2,4,backward
orz105d,55,310.4,20.799,20.799,15,2,4,backward
orz105d,56,328.4,22.2132,22.2132,16,2,4,backward
orz105d,57,298.4,26.5563,23.3848,22,3,4,backward
orz105d,58,275,26.9706,22.3848,22,3,4,backward
orz105d,59,409,26.1421,26.1421,22,6,4,backward
orz105d,60,399.8,27.9706,26.5563,23,6,4,backward
orz105d,61,390.2,27.5563,25.1421,23,6,4,backward
orz105d,62,430.2,29.9706,26.5563,25,5,4,backward
orz105d,63,346,24.5563,24.5563,20,5,4,backward
orz105d,64,301.4,24.9706,24.9706,20,5,4,backward
orz105d,65,302.6,27.1421,27.1421,23,2,4,backward
orz105d,66,364.4,24.799,24.799,19,3,4,backward
orz105d,67,394.2,27.799,27.799,22,3,4,backward
orz105d,68,325.6,28.5563,26.5563,24,3,4,backward
orz105d,69,369.8,31.3848,29.9706,26,5,4,backward
orz105d,70,340.8,32.799,28.5563,27,5,4,backward
orz105d,71,269.6,29.3848,29.3848,24,4,4,backward
orz105d,72,373.4,31.1421,31.1421,27,2,4,backward
orz105d,73,354.8,30.1421,28.3848,26,3,4,backward
orz105d,74,355.6,28.799,28.799,23,4,4,backward
orz105d,75,355,30.799,30.2132,25,6,4,backward
orz105d,76,362.8,31.799,30.6274,26,7,4,backward
orz105d,77,385.4,31.2132,28.6274,25,6,4,backward
orz105d,78,302.8,30.799,30.799,25,4,4,backward
orz105d,79,433,35.9706,34.5563,31,4,4,backward
orz105d,80,432.4,35.9706,32.1421,31,4,4,backward
orz105d,81,400.8,38.3848,34.1421,33,4,4,backward
orz105d,82,445.4,35.7279,35.7279,32,2,4,backward
orz105d,83,411.6,35.1421,35.1421,31,2,4,backward
orz105d,84,406.6,36.3848,34.9706,31,4,4,backward
orz105d,85,364,32.3848,32.3848,27,4,4,backward
orz105d,86,409.2,36.799,35.3848,31,4,4,backward
orz105d,87,402.4,38.799,35.9706,33,4,4,backward
orz105d,88,397.4,39.2132,34.9706,33,4,4,backward
orz105d,89,491,40.799,38.5563,35,5,4,backward
orz105d,90,435.2,39.5563,38.1421,35,7,4,backward
orz105d,91,470.6,39.3848,37.9706,34,5,4,backward
orz105d,92,433,39.799,39.799,34,3,4,backward
orz105d,93,449.2,40.799,39.3848,35,4,4,backward
orz105d,94,458.2,39.799,37.3848,34,4,4,backward
orz105d,95,475.2,41.2132,37.5563,35,5,4,backward
orz105d,96,404,39.9706,38.5563,35,7,4,backward
orz105d,97,2901,37.799,37.799,32,3,4,backward
orz105d,98,415.6,37.799,36.799,32,4,4,backward
orz105d,99,438.6,42.0416,40.6274,35,4,4,backward
orz105d,100,418,42.4558,41.0416,35,4,4,backward
orz105d,101,416,41.4558,40.0416,34,4,4,backward
orz105d,102,492.4,41.6274,40.2132,35,7,4,backward
orz105d,103,410.4,41.0416,41.0416,34,5,4,backward
orz105d,104,451.2,42.2132,40.799,36,6,4,backward
orz105d,105,413.4,40.9706,40.9706,36,8,4,backward
orz105d,106,477.2,44.2132,40.2132,38,6,4,backward
orz105d,107,443,43.2132,41.799,37,6,4,backward
orz105d,108,486,43.2132,40.9706,37,7,4,backward
orz105d,109,749.2,46.3137,46.3137,43,3,4,backward
orz105d,110,735.8,47.7279,46.8995,44,4,4,backward
orz105d,111,776,48.4853,47.6569,46,4,4,backward
orz105d,112,742.6,47.4853,45.2426,45,4,4,backward
orz105d,113,747.2,48.4853,44.8284,46,4,4,backward
orz105d,114,808.4,52.0711,47.8284,50,4,4,backward
orz105d,115,3663.4,44.2426,44.2426,43,3,4,backward
orz105d,116,724.2,45.6569,45.6569,44,4,4,backward
orz105d,117,729.4,46.6569,46.6569,45,4,4,backward
orz105d,118,745.6,46.8995,46.8995,44,4,4,backward
orz105d,119,761.4,48.4853,48.4853,46,3,4,backward
orz105d,120,811.6,51.4853,51.4853,49,4,4,backward
orz105d,121,803.8,51.4853,49.2426,49,4,4,backward
orz105d,122,782,49.2426,49.2426,48,4,4,backward
orz105d,123,812.6,51.6569,51.6569,50,4,4,backward
orz105d,124,795.6,51.0711,51.0711,49,4,4,backward
orz105d,125,743,48.4853,48.4853,46,3,4,backward
orz105d,126,804.2,51.2426,49.4853,50,4,4,backward
orz105d,127,804.2,51.6569,50.4853,50,4,4,backward
orz105d,128,833.6,50.0711,50.0711,48,4,4,backward
orz105d,129,941.4,56.3137,55.7279,53,6,4,backward
orz105d,130,845.2,52.8995,52.8995,50,5,4,backward
orz105d,131,891.6,54.0711,52.6569,52,5,4,backward
orz105d,132,906.2,56.0711,53.2426,54,5,4,backward
orz105d,133,919.2,57.0711,54.2426,55,5,4,backward
orz105d,134,375,55.8284,55.2426,55,4,4,backward
orz105d,135,837.2,53.8995,53.8995,51,5,4,backward
orz105d,136,838.4,54.8995,54.8995,52,6,4,backward
orz105d,137,824.8,54.8995,54.3137,52,6,4,backward
orz105d,138,866.2,52.8284,52.8284,52,4,4,backward
orz105d,139,558.8,57.5563,56.1421,53,6,4,backward
orz105d,140,3387.8,56.7279,56.1421,53,6,4,backward
orz105d,141,859.6,56.7279,56.1421,53,6,4,backward
orz105d,142,886.8,57.5563,56.9706,53,5,4,backward
orz105d,143,858,56.1421,56.1421,52,4,4,backward
orz105d,144,859.4,57.5563,56.1421,53,5,4,backward
orz105d,145,824.4,57.1421,56.5563,53,5,4,backward
orz105d,146,486.2,56.1421,56.1421,52,4,4,backward
orz105d,147,466.6,56.5563,56.5563,52,4,4,backward
orz105d,148,472.8,56.1421,56.1421,52,4,4,backward
