map,scenid,tcost,distance,expect,steps,access,r,itype
orz303d,0,1076,3.82843,3.82843,3,1,0,backward
orz303d,1,545,2,2,2,1,0,backward
orz303d,2,637.4,3.41421,3.41421,3,1,0,backward
orz303d,3,512,3,3,3,1,0,backward
orz303d,4,616.6,3.41421,3.41421,3,1,0,backward
orz303d,5,548.8,1.41421,1.41421,1,1,0,backward
orz303d,6,711,3.41421,3.41421,3,1,0,backward
orz303d,7,576.6,3.82843,3.82843,3,1,0,backward
orz303d,8,749.2,3.82843,3.82843,3,2,0,backward
orz303d,9,592.6,3.41421,3.41421,3,1,0,backward
orz303d,10,698.6,7.24264,7.24264,6,1,0,backward
orz303d,11,722.4,5.41421,5.41421,5,1,0,backward
orz303d,12,493.8,4.24264,4.24264,3,1,0,backward
orz303d,13,379.2,5.82843,5.82843,5,1,0,backward
orz303d,14,519.2,5,5,5,1,0,backward
orz303d,15,486.8,6.24264,6.24264,5,1,0,backward
orz303d,16,773.2,7.24264,7.24264,6,1,0,backward
orz303d,17,530.8,5.65685,5.65685,4,1,0,backward
orz303d,18,565.4,5,5,5,1,0,backward
orz303d,19,789.8,6,6,6,1,0,backward
orz303d,20,607,8.41421,8.41421,8,1,0,backward
orz303d,21,714.8,9,9,9,1,0,backward
orz303d,22,804.8,11.8284,11.8284,11,1,0,backward
orz303d,23,712.6,11.4853,11.4853,9,1,0,backward
orz303d,24,699,11.2426,11.2426,10,1,0,backward
orz303d,25,763.4,11.6569,11.6569,10,1,0,backward
orz303d,26,621.8,9.65685,9.65685,8,1,0,backward
orz303d,27,904.6,10.2426,10.2426,9,3,0,backward
orz303d,28,583.6,9.65685,9.65685,8,1,0,backward
orz303d,29,754.6,9,9,9,1,0,backward
orz303d,30,919.6,12.4142,12.4142,12,1,0,backward
orz303d,31,947.8,15.8995,15.8995,13,2,0,backward
orz303d,32,911.8,15.4853,15.4853,13,1,0,backward
orz303d,33,730.8,13.4142,13.4142,13,1,0,backward
orz303d,34,757,15.1421,15.1421,11,1,0,backward
orz303d,35,696.4,15.2426,15.2426,14,1,0,backward
orz303d,36,1010.6,14.3137,14.3137,11,2,0,backward
orz303d,37,682.2,12.6569,12.6569,11,1,0,backward
orz303d,38,643.6,13.3137,13.3137,10,1,0,backward
orz303d,39,922.2,15.4853,15.4853,13,1,0,backward
orz303d,40,931,17.2426,17.2426,16,1,0,backward
orz303d,41,932.6,17,17,17,1,0,backward
orz303d,42,928.4,17.8284,17.8284,17,1,0,backward
orz303d,43,803.6,17.3137,17.3137,14,1,0,backward
orz303d,44,907.4,17.7279,17.7279,14,2,0,backward
orz303d,45,1268.8,18.8284,18.8284,18,3,0,backward
orz303d,46,975.4,18.8995,18.8995,16,1,0,backward
orz303d,47,952,17.1421,17.1421,13,2,0,backward
orz303d,48,1190.2,16.6569,16.6569,15,4,0,backward
orz303d,49,1002,17.3137,17.3137,14,1,0,backward
orz303d,50,1136,21.6569,21.6569,20,1,0,backward
orz303d,51,1161.6,23.6569,23.6569,22,1,0,backward
orz303d,52,1298.6,23.9706,23.9706,19,3,0,backward
orz303d,53,957.8,20.0711,20.0711,18,1,0,backward
orz303d,54,1171,23.6569,23.6569,22,1,0,backward
orz303d,55,1215.2,20.9706,20.9706,16,3,0,backward
orz303d,56,1258.2,21.3137,21.3137,18,2,0,backward
orz303d,57,1141.4,20.2426,20.2426,19,2,0,backward
orz303d,58,1003,20.2426,20.2426,19,1,0,backward
orz303d,59,1173,22.8995,22.8995,20,2,0,backward
orz303d,60,1873.6,27.0711,27.0711,25,9,0,backward
orz303d,61,1281.8,24.0711,24.0711,22,2,0,backward
orz303d,62,1604.8,27.5563,27.5563,23,4,0,backward
orz303d,63,1120,25.8284,25.8284,25,1,0,backward
orz303d,64,1269.8,25.9706,25.9706,21,2,0,backward
orz303d,65,1136.2,24.2426,24.2426,23,1,0,backward
orz303d,66,1514.8,27.4853,27.4853,25,3,0,backward
orz303d,67,1218.6,26.4853,26.4853,24,1,0,backward
orz303d,68,1461.6,24.8995,24.8995,22,2,0,backward
orz303d,69,1346.8,25.0711,25.0711,23,3,0,backward
orz303d,70,1542.4,31.4142,31.4142,31,1,0,backward
orz303d,71,1384,30.4853,30.4853,28,1,0,backward
orz303d,72,1668.6,30.7279,30.7279,27,4,0,backward
orz303d,73,1782.8,28.3848,28.3848,23,7,0,backward
orz303d,74,1320.6,28.2426,28.2426,27,1,0,backward
orz303d,75,1348,28.8284,28.8284,28,1,0,backward
orz303d,76,1492,31.4853,31.4853,29,2,0,backward
orz303d,77,1920,31.799,31.799,26,7,0,backward
orz303d,78,1555.8,29.5563,29.5563,25,3,0,backward
orz303d,79,1568.2,29.3137,29.3137,26,3,0,backward
orz303d,80,1487,32.8995,32.8995,30,1,0,backward
orz303d,81,1562.6,32.6274,32.6274,26,3,0,backward
orz303d,82,1319.4,33.0416,33.0416,26,3,0,backward
orz303d,83,1789.4,35.4853,35.4853,33,3,0,backward
orz303d,84,2035.2,35.5563,35.5563,31,9,0,backward
orz303d,85,1315.4,34.0416,34.0416,27,2,0,backward
orz303d,86,1874.8,33.6274,33.6274,27,9,0,backward
orz303d,87,1638.4,35.2426,35.2426,34,1,0,backward
orz303d,88,1478,32.9706,32.9706,28,2,0,backward
orz303d,89,1597.6,34.6569,34.6569,33,1,0,backward
orz303d,90,1848.4,38.7279,38.7279,35,10,0,backward
orz303d,91,1713.2,36,36,36,4,0,backward
orz303d,92,1781.2,39.0711,39.0711,37,5,0,backward
orz303d,93,1756.2,38.3137,38.3137,35,2,0,backward
orz303d,94,4504.4,38.9706,38.9706,34,9,0,backward
orz303d,95,2437.6,39.4853,39.4853,37,12,0,backward
orz303d,96,1746.6,39.3137,39.3137,36,4,0,backward
orz303d,97,1785.8,39.1421,39.1421,35,7,0,backward
orz303d,98,1578.4,36.3137,36.3137,33,1,0,backward
orz303d,99,2216,36.2426,36.2426,35,5,0,backward
orz303d,100,1717.8,40.8284,40.8284,40,1,0,backward
orz303d,101,1946.4,41.1421,41.1421,37,12,0,backward
orz303d,102,2244.2,43.8995,43.8995,41,4,0,backward
orz303d,103,2400,42.4853,42.4853,40,12,0,backward
orz303d,104,1853.8,42.2132,42.2132,36,4,0,backward
orz303d,105,1950.6,41.5269,41.5269,32,4,0,backward
orz303d,106,1618.2,40.9706,40.9706,36,6,0,backward
orz303d,107,2031.4,40.3848,40.3848,35,7,0,backward
orz303d,108,1795,40.3848,40.3848,35,6,0,backward
orz303d,109,2333.8,41.4558,41.4558,34,7,0,backward
orz303d,110,1682.4,46.6274,46.6274,40,2,0,backward
orz303d,111,2731.4,47.0416,47.0416,40,7,0,backward
orz303d,112,1800.6,44.3137,44.3137,41,2,0,backward
orz303d,113,1560.6,47.3137,47.3137,44,3,0,backward
orz303d,114,2393,46.2132,46.2132,40,12,0,backward
orz303d,115,2309.8,44.4853,44.4853,42,5,0,backward
orz303d,116,2420.8,46.9706,46.9706,42,11,0,backward
orz303d,117,1872.4,45.7279,45.7279,42,2,0,backward
orz303d,118,2509,46.5563,46.5563,42,9,0,backward
orz303d,119,2478,45.8701,45.8701,38,8,0,backward
orz303d,120,2437,49.3848,49.3848,44,11,0,backward
orz303d,121,2550.8,48.6569,48.6569,47,14,0,backward
orz303d,122,1918,50.3848,50.3848,45,2,0,backward
orz303d,123,1810,51.598,51.598,40,7,0,backward
orz303d,124,2057,49.2426,49.2426,48,1,0,backward
orz303d,125,2024.8,51.1421,51.1421,47,2,0,backward
orz303d,126,2276.2,48.799,48.799,43,12,0,backward
orz303d,127,1900.2,48.5563,48.5563,44,5,0,backward
orz303d,128,2046,48.3137,48.3137,45,1,0,backward
orz303d,129,1857.6,51.7279,51.7279,48,5,0,backward
orz303d,130,2923.2,53.8995,53.8995,51,17,0,backward
orz303d,131,2581.2,53.2132,53.2132,47,10,0,backward
orz303d,132,2530.6,54.3848,54.3848,49,10,0,backward
orz303d,133,2640.2,53.799,53.799,48,11,0,backward
orz303d,134,1932.8,54.3137,54.3137,51,4,0,backward
orz303d,135,1582,52.7279,52.7279,49,6,0,backward
orz303d,136,2945,55.4558,55.4558,48,14,0,backward
orz303d,137,2012.4,53.2843,53.2843,45,3,0,backward
orz303d,138,2655.6,52.1421,52.1421,48,14,0,backward
orz303d,139,2298,53.4142,53.4142,53,8,0,backward
orz303d,140,2176.6,57.5269,57.5269,48,5,0,backward
orz303d,141,1853.4,58.7279,58.7279,55,7,0,backward
orz303d,142,2950.4,59.8995,59.8995,57,14,0,backward
orz303d,143,1750,57.5563,57.5563,53,7,0,backward
orz303d,144,2867.4,57.799,57.799,52,15,0,backward
orz303d,145,2163.8,56.8701,56.8701,49,5,0,backward
orz303d,146,1764.2,57.0416,57.0416,50,5,0,backward
orz303d,147,2617.4,56.799,56.799,51,12,0,backward
orz303d,148,2956,59.6569,59.6569,58,18,0,backward
orz303d,149,2424.8,56.2843,56.2843,48,9,0,backward
orz303d,150,2718.6,63.2426,63.2426,62,14,0,backward
orz303d,151,1975,61.5269,61.5269,52,3,0,backward
orz303d,152,2943.4,62.3137,62.3137,59,15,0,backward
orz303d,153,2387.4,60.2132,60.2132,54,12,0,backward
orz303d,154,2669,62.0416,62.0416,55,11,0,backward
orz303d,155,2555.4,63.4264,63.4264,51,8,0,backward
orz303d,156,2724.2,61.7279,61.7279,58,15,0,backward
orz303d,157,2707.8,61.1421,61.1421,57,9,0,backward
orz303d,158,2919.6,62.3137,62.3137,59,16,0,backward
orz303d,159,3255.6,60.2426,60.2426,59,20,0,backward
orz303d,160,2439.6,64.4558,64.4558,57,3,0,backward
orz303d,161,2141.8,65.799,65.799,60,3,0,backward
orz303d,162,2652.8,66.0416,66.0416,59,11,0,backward
orz303d,163,2477.8,67.799,67.799,62,5,0,backward
orz303d,164,3378.6,67.3848,67.3848,62,22,0,backward
orz303d,165,3048.2,64.0416,64.0416,57,15,0,backward
orz303d,166,2960.2,65.8284,65.8284,65,14,0,backward
orz303d,167,2455.2,66.3848,66.3848,61,3,0,backward
orz303d,168,1971,65.2132,65.2132,59,7,0,backward
orz303d,169,1767.4,65.9411,65.9411,56,3,0,backward
orz303d,170,2396.6,68.5563,68.5563,64,15,0,backward
orz303d,171,2804.2,71.3848,71.3848,66,6,0,backward
orz303d,172,2510.4,70.5563,70.5563,66,8,0,backward
orz303d,173,2445.4,69.3553,69.3553,59,9,0,backward
orz303d,174,3100,70.5563,70.5563,66,16,0,backward
orz303d,175,3604.8,70.3848,70.3848,65,23,0,backward
orz303d,176,2470.6,69.9117,69.9117,55,8,0,backward
orz303d,177,2239.4,68.799,68.799,63,7,0,backward
orz303d,178,3237,70.5563,70.5563,66,22,0,backward
orz303d,179,2339.8,70.1421,70.1421,66,8,0,backward
orz303d,180,2318.8,72.7696,72.7696,62,6,0,backward
orz303d,181,2727.2,72.2843,72.2843,64,4,0,backward
orz303d,182,2366.4,73.5563,73.5563,69,8,0,backward
orz303d,183,4126.4,75.2426,75.2426,74,30,0,backward
orz303d,184,4095.6,75.799,75.799,70,24,0,backward
orz303d,185,3012.6,74.4264,74.4264,62,10,0,backward
orz303d,186,2929.2,75.1127,75.1127,66,16,0,backward
orz303d,187,3763,74.7279,74.7279,71,26,0,backward
orz303d,188,3023.4,73.0711,73.0711,71,20,0,backward
orz303d,189,2394.6,75.4264,75.4264,63,7,0,backward
orz303d,190,4700.8,78.1421,78.1421,74,29,0,backward
orz303d,191,2821.2,79.6274,79.6274,73,12,0,backward
orz303d,192,2981.6,76.4558,76.4558,69,6,0,backward
orz303d,193,4680.4,78.3848,78.3848,73,28,0,backward
orz303d,194,3652.8,78.4558,78.4558,71,20,0,backward
orz303d,195,3933,76.3137,76.3137,73,22,0,backward
orz303d,196,3205.8,76.9706,76.9706,72,23,0,backward
orz303d,197,2965.2,79.9117,79.9117,65,9,0,backward
orz303d,198,3988.8,76.8995,76.8995,74,25,0,backward
orz303d,199,2783.4,76.7696,76.7696,66,5,0,backward
orz303d,200,2663,81.2132,81.2132,75,15,0,backward
orz303d,201,4404.2,81.7279,81.7279,78,32,0,backward
orz303d,202,2700.8,83.2132,83.2132,77,8,0,backward
orz303d,203,2232.6,80.3137,80.3137,77,6,0,backward
orz303d,204,2512.2,83.8406,83.8406,71,10,0,backward
orz303d,205,2506.2,83.1838,83.1838,72,6,0,backward
orz303d,206,4246.4,83.2132,83.2132,77,30,0,backward
orz303d,207,2399.2,83.1838,83.1838,72,9,0,backward
orz303d,208,4027.6,83.2132,83.2132,77,27,0,backward
orz303d,209,4427,83.9706,83.9706,79,31,0,backward
orz303d,210,2622,85.6274,85.6274,79,7,0,backward
orz303d,211,2591.8,85.8701,85.8701,78,10,0,backward
orz303d,212,2943.4,85.2132,85.2132,79,13,0,backward
orz303d,213,2319.4,87.4975,87.4975,73,11,0,backward
orz303d,214,3400,87.5563,87.5563,83,21,0,backward
orz303d,215,4729.8,84.3137,84.3137,81,36,0,backward
orz303d,216,3992.4,87.0416,87.0416,80,32,0,backward
orz303d,217,3261.4,86.0833,86.0833,72,8,0,backward
orz303d,218,2941.8,87.1543,87.1543,71,12,0,backward
orz303d,219,2682.2,85.2548,85.2548,72,10,0,backward
orz303d,220,4096,90.0416,90.0416,83,31,0,backward
orz303d,221,4823.4,90.3137,90.3137,87,35,0,backward
orz303d,222,3128,88.5269,88.5269,79,16,0,backward
orz303d,223,3855.4,90.1127,90.1127,81,31,0,backward
orz303d,224,4091.8,89.0416,89.0416,82,30,0,backward
orz303d,225,4431.6,88.4558,88.4558,81,26,0,backward
orz303d,226,2720.6,88.4264,88.4264,76,11,0,backward
orz303d,227,3942,89.4558,89.4558,82,26,0,backward
orz303d,228,3166.6,88.6985,88.6985,80,11,0,backward
orz303d,229,4662.6,90.4853,90.4853,88,36,0,backward
orz303d,230,3286.6,93.2548,93.2548,80,8,0,backward
orz303d,231,2236.4,92.0122,92.0122,80,10,0,backward
orz303d,232,2021.4,95.598,95.598,84,10,0,backward
orz303d,233,2678.4,92.5563,92.5563,88,9,0,backward
orz303d,234,3963,94.2843,94.2843,86,35,0,backward
orz303d,235,2678,92.3553,92.3553,82,6,0,backward
orz303d,236,4298,92.9706,92.9706,88,37,0,backward
orz303d,237,4523.6,95.2132,95.2132,89,28,0,backward
orz303d,238,3232.8,95.5563,95.5563,91,12,0,backward
orz303d,239,4511,95.8701,95.8701,88,34,0,backward
orz303d,240,4078.2,97.4558,97.4558,90,22,0,backward
orz303d,241,4438.2,98.9411,98.9411,89,21,0,backward
orz303d,242,3046.6,96.4558,96.4558,89,10,0,backward
orz303d,243,5628.8,96.1421,96.1421,92,44,0,backward
orz303d,244,3440.6,96.6274,96.6274,90,13,0,backward
orz303d,245,2920.8,99.9411,99.9411,90,6,0,backward
orz303d,246,3916,96.8406,96.8406,84,27,0,backward
orz303d,247,3985.2,96.5269,96.5269,87,21,0,backward
orz303d,248,4645.4,97.6274,97.6274,91,32,0,backward
orz303d,249,2917.4,97.3259,97.3259,82,9,0,backward
orz303d,250,3122.8,100.941,100.941,91,16,0,backward
orz303d,251,2502.4,100.385,100.385,95,9,0,backward
orz303d,252,2121.4,101.314,101.314,98,9,0,backward
orz303d,253,3766.8,101.841,101.841,89,30,0,backward
orz303d,254,3129.8,100.284,100.284,92,11,0,backward
orz303d,255,3387.8,100.527,100.527,91,16,0,backward
orz303d,256,3531.6,102.627,102.627,96,23,0,backward
orz303d,257,3450.6,102.912,102.912,88,9,0,backward
orz303d,258,2845.6,100.87,100.87,93,15,0,backward
orz303d,259,2776.2,101.314,101.314,98,10,0,backward
orz303d,260,3004,105.971,105.971,101,9,0,backward
orz303d,261,3420,107.113,107.113,98,19,0,backward
orz303d,262,2992.8,107.527,107.527,98,15,0,backward
orz303d,263,2442.8,106.213,106.213,100,9,0,backward
orz303d,264,3941.8,104.598,104.598,93,8,0,backward
orz303d,265,2086,105.77,105.77,95,5,0,backward
orz303d,266,3153.4,106.527,106.527,97,18,0,backward
orz303d,267,5362.4,106.598,106.598,95,29,0,backward
orz303d,268,3276.2,105.284,105.284,97,12,0,backward
orz303d,269,4261.2,104.426,104.426,92,29,0,backward
orz303d,270,3146,111.042,111.042,104,10,0,backward
orz303d,271,3670.8,110.527,110.527,101,24,0,backward
orz303d,272,3454,108.941,108.941,99,20,0,backward
orz303d,273,4236,109.326,109.326,94,23,0,backward
orz303d,274,2678.6,109.971,109.971,105,8,0,backward
orz303d,275,3663.4,108.083,108.083,94,24,0,backward
orz303d,276,3552,108.284,108.284,100,17,0,backward
orz303d,277,2712.6,108.355,108.355,98,5,0,backward
orz303d,278,4850,110.042,110.042,103,30,0,backward
orz303d,279,4009.2,110.912,110.912,96,26,0,backward
orz303d,280,3980.2,112.042,112.042,105,26,0,backward
orz303d,281,4110.8,112.083,112.083,98,24,0,backward
orz303d,282,2667.8,113.971,113.971,109,9,0,backward
orz303d,283,2757.8,113.113,113.113,104,15,0,backward
orz303d,284,4995.4,115.113,115.113,106,27,0,backward
orz303d,285,3118,112.77,112.77,102,9,0,backward
orz303d,286,3907.8,113.355,113.355,103,22,0,backward
orz303d,287,4421.2,114.154,114.154,98,29,0,backward
orz303d,288,3660.8,112.527,112.527,103,16,0,backward
orz303d,289,5711.4,112.941,112.941,103,38,0,backward
orz303d,290,4365.2,118.426,118.426,106,29,0,backward
orz303d,291,4589.4,117.255,117.255,104,29,0,backward
orz303d,292,4031.4,118.184,118.184,107,19,0,backward
orz303d,293,3428.8,118.456,118.456,111,11,0,backward
orz303d,294,3927.4,117.77,117.77,107,21,0,backward
orz303d,295,3051.8,117.426,117.426,105,10,0,backward
orz303d,296,4878.8,117.627,117.627,111,33,0,backward
orz303d,297,5169.8,117.426,117.426,105,35,0,backward
orz303d,298,3742.4,117.355,117.355,107,16,0,backward
orz303d,299,3808.2,118.012,118.012,106,11,0,backward
orz303d,300,3314,121.113,121.113,112,15,0,backward
orz303d,301,2881,122.698,122.698,114,15,0,backward
orz303d,302,4615,121.497,121.497,107,28,0,backward
orz303d,303,3814,123.77,123.77,113,20,0,backward
orz303d,304,4805.6,120.255,120.255,107,30,0,backward
orz303d,305,4372.8,123.255,123.255,110,27,0,backward
orz303d,306,3110.8,122.598,122.598,111,16,0,backward
orz303d,307,2692.2,120.113,120.113,111,15,0,backward
orz303d,308,3287,121.184,121.184,110,16,0,backward
orz303d,309,4546.2,120.397,120.397,103,35,0,backward
orz303d,310,5105,125.184,125.184,114,37,0,backward
orz303d,311,4777,127.083,127.083,113,29,0,backward
orz303d,312,4946.4,127.74,127.74,112,30,0,backward
orz303d,313,2874.4,125.627,125.627,119,9,0,backward
orz303d,314,5218.4,125.456,125.456,118,37,0,backward
orz303d,315,3022.2,125.598,125.598,114,9,0,backward
orz303d,316,4421.2,125.497,125.497,111,27,0,backward
orz303d,317,4064.8,127.385,127.385,122,14,0,backward
orz303d,318,3434,124.799,124.799,119,11,0,backward
orz303d,319,2991,125.042,125.042,118,14,0,backward
orz303d,320,5391.4,130.87,130.87,123,39,0,backward
orz303d,321,3319.2,129.184,129.184,118,16,0,backward
orz303d,322,2925.8,128.284,128.284,120,14,0,backward
orz303d,323,4618.6,128.456,128.456,121,32,0,backward
orz303d,324,3447.6,130.042,130.042,123,11,0,backward
orz303d,325,4853.2,131.74,131.74,116,28,0,backward
orz303d,326,5136.4,129.598,129.598,118,35,0,backward
orz303d,327,4564.8,131.012,131.012,119,25,0,backward
orz303d,328,3673.8,131.497,131.497,117,8,0,backward
orz303d,329,5034.6,128.983,128.983,112,34,0,backward
orz303d,330,5816.8,133.154,133.154,117,38,0,backward
orz303d,331,4995.4,134.811,134.811,117,32,0,backward
orz303d,332,4781.2,133.426,133.426,121,27,0,backward
orz303d,333,3245.6,132.598,132.598,121,6,0,backward
orz303d,334,5342.4,133.326,133.326,118,31,0,backward
orz303d,335,2630.6,133.598,133.598,122,5,0,backward
orz303d,336,2702.6,135.012,135.012,123,9,0,backward
orz303d,337,5241.2,132.012,132.012,120,38,0,backward
orz303d,338,4850,133.255,133.255,120,34,0,backward
orz303d,339,4585.8,133.598,133.598,122,29,0,backward
orz303d,340,5047.6,137.184,137.184,126,33,0,backward
orz303d,341,5097.2,136.77,136.77,126,23,0,backward
orz303d,342,4963,136.669,136.669,123,35,0,backward
orz303d,343,4980.8,137.569,137.569,121,30,0,backward
orz303d,344,4367.8,138.74,138.74,123,30,0,backward
orz303d,345,4779.2,139.912,139.912,125,30,0,backward
orz303d,346,4705.6,137.113,137.113,128,22,0,backward
orz303d,347,4893.4,136.083,136.083,122,30,0,backward
orz303d,348,4037.4,136.426,136.426,124,20,0,backward
orz303d,349,5012.6,137.74,137.74,122,36,0,backward
orz303d,350,4543.6,142.054,142.054,123,31,0,backward
orz303d,351,4488.2,140.698,140.698,132,28,0,backward
orz303d,352,5463.2,143.497,143.497,129,36,0,backward
orz303d,353,3414.6,141.355,141.355,131,5,0,backward
orz303d,354,5376.2,141.255,141.255,128,38,0,backward
orz303d,355,4873.6,141.497,141.497,127,33,0,backward
orz303d,356,4783.8,143.811,143.811,126,35,0,backward
orz303d,357,4905.4,143.711,143.711,123,39,0,backward
orz303d,358,5542,140.669,140.669,127,37,0,backward
orz303d,359,5666.2,141.154,141.154,125,33,0,backward
orz303d,360,4952,146.355,146.355,136,34,0,backward
orz303d,361,5886.2,145.284,145.284,137,41,0,backward
orz303d,362,5135.2,144.983,144.983,128,36,0,backward
orz303d,363,4754.6,147.912,147.912,133,31,0,backward
orz303d,364,5519.4,147.569,147.569,131,42,0,backward
orz303d,365,3978,144.012,144.012,132,11,0,backward
orz303d,366,4662.2,145.225,145.225,127,30,0,backward
orz303d,367,5499.4,147.782,147.782,125,39,0,backward
orz303d,368,3853.2,144.426,144.426,132,11,0,backward
orz303d,369,5246.8,144.569,144.569,128,33,0,backward
orz303d,370,5279,148.711,148.711,128,36,0,backward
orz303d,371,4901.8,151.811,151.811,134,32,0,backward
orz303d,372,4510.4,150.983,150.983,134,32,0,backward
orz303d,373,5248.6,150.397,150.397,133,29,0,backward
orz303d,374,4761.8,150.569,150.569,134,27,0,backward
orz303d,375,4823.4,150.196,150.196,127,40,0,backward
orz303d,376,4693.2,151.426,151.426,139,29,0,backward
orz303d,377,5302.2,149.853,149.853,125,38,0,backward
orz303d,378,5368,149.782,149.782,127,39,0,backward
orz303d,379,4726.2,149.296,149.296,129,36,0,backward
orz303d,380,4802,155.912,155.912,141,31,0,backward
orz303d,381,5105.2,154.569,154.569,138,32,0,backward
orz303d,382,4839,153.924,153.924,127,38,0,backward
orz303d,383,4801.8,154.024,154.024,130,40,0,backward
orz303d,384,5207.2,155.083,155.083,141,36,0,backward
orz303d,385,5404.6,155.811,155.811,138,33,0,backward
orz303d,386,4344.8,153.569,153.569,137,31,0,backward
orz303d,387,5052.2,152.669,152.669,139,32,0,backward
orz303d,388,4933.6,153.912,153.912,139,34,0,backward
orz303d,389,5358.2,152.882,152.882,133,38,0,backward
orz303d,390,5141.6,156.64,156.64,138,31,0,backward
orz303d,391,4773.6,158.811,158.811,141,33,0,backward
orz303d,392,4987.4,158.355,158.355,148,31,0,backward
orz303d,393,5130.4,158.154,158.154,142,31,0,backward
orz303d,394,4751,158.326,158.326,143,29,0,backward
orz303d,395,5165.4,157.054,157.054,138,33,0,backward
orz303d,396,5029.8,157.782,157.782,135,38,0,backward
orz303d,397,5256.2,158.569,158.569,142,34,0,backward
orz303d,398,5151.8,158.326,158.326,143,33,0,backward
orz303d,399,4631,156.912,156.912,142,31,0,backward
orz303d,400,5256,160.368,160.368,138,39,0,backward
orz303d,401,6113.6,161.267,161.267,136,46,0,backward
orz303d,402,5358.6,160.539,160.539,139,38,0,backward
orz303d,403,5222,160.853,160.853,136,39,0,backward
orz303d,404,4910.6,161.338,161.338,134,38,0,backward
orz303d,405,5957.2,163.225,163.225,145,39,0,backward
orz303d,406,5188,160.539,160.539,139,38,0,backward
orz303d,407,5667.4,163.468,163.468,144,37,0,backward
orz303d,408,5316.4,162.167,162.167,134,39,0,backward
orz303d,409,5479,162.64,162.64,144,33,0,backward
orz303d,410,5302.2,167.811,167.811,150,32,0,backward
orz303d,411,5350.4,165.882,165.882,146,37,0,backward
orz303d,412,5272,165.912,165.912,151,33,0,backward
orz303d,413,5776.2,166.054,166.054,147,41,0,backward
orz303d,414,5195,166.569,166.569,150,33,0,backward
orz303d,415,4746.6,165.083,165.083,151,29,0,backward
orz303d,416,5821.4,167.296,167.296,147,42,0,backward
orz303d,417,5424.2,166.853,166.853,142,39,0,backward
orz303d,418,4985.4,164.397,164.397,147,34,0,backward
orz303d,419,5314,164.368,164.368,142,40,0,backward
orz303d,420,5199.2,168.095,168.095,142,38,0,backward
orz303d,421,4906.4,171.225,171.225,153,35,0,backward
orz303d,422,5256,170.711,170.711,150,35,0,backward
orz303d,423,5479.6,171.983,171.983,155,35,0,backward
orz303d,424,5276.8,171.326,171.326,156,35,0,backward
orz303d,425,5322.4,169.054,169.054,150,34,0,backward
orz303d,426,5336,170.912,170.912,156,30,0,backward
orz303d,427,5033.6,169.912,169.912,155,32,0,backward
orz303d,428,5131.4,168.74,168.74,153,31,0,backward
orz303d,429,5063.4,171.225,171.225,153,35,0,backward
orz303d,430,5413.4,172.054,172.054,153,36,0,backward
orz303d,431,5180.8,172.154,172.154,156,34,0,backward
orz303d,432,5303.6,174.811,174.811,157,33,0,backward
orz303d,433,4806.4,175.225,175.225,157,31,0,backward
orz303d,434,5402.8,172.569,172.569,156,35,0,backward
orz303d,435,5548.8,175.811,175.811,158,36,0,backward
orz303d,436,5289.4,173.669,173.669,160,35,0,backward
orz303d,437,7953.6,174.397,174.397,157,31,0,backward
orz303d,438,5436.8,175.74,175.74,160,36,0,backward
orz303d,439,5039.6,172.64,172.64,154,31,0,backward
orz303d,440,4848.8,177.125,177.125,156,35,0,backward
orz303d,441,4812,177.983,177.983,161,32,0,backward
orz303d,442,5080.8,176.497,176.497,162,35,0,backward
orz303d,443,5046.8,179.64,179.64,161,33,0,backward
orz303d,444,5162,176.125,176.125,155,32,0,backward
orz303d,445,5179.2,178.569,178.569,162,34,0,backward
orz303d,446,5151.6,177.811,177.811,160,35,0,backward
orz303d,447,5571,179.125,179.125,158,35,0,backward
orz303d,448,5407,177.894,177.894,146,42,0,backward
orz303d,449,5609,179.752,179.752,152,40,0,backward
orz303d,450,6044.6,182.125,182.125,161,34,0,backward
orz303d,451,5594.2,181.652,181.652,151,41,0,backward
orz303d,452,5517.2,182.296,182.296,162,34,0,backward
orz303d,453,4785,182.64,182.64,164,36,0,backward
orz303d,454,4935.6,180.64,180.64,162,34,0,backward
orz303d,455,5308.6,180.368,180.368,158,35,0,backward
orz303d,456,5194,181.723,181.723,149,43,0,backward
orz303d,457,5644,181.154,181.154,165,40,0,backward
orz303d,458,5329.6,181.338,181.338,154,38,0,backward
orz303d,459,5198.8,180.74,180.74,165,33,0,backward
orz303d,460,5363.2,186.497,186.497,172,35,0,backward
orz303d,461,5935.2,187.794,187.794,153,46,0,backward
orz303d,462,6118.6,184.539,184.539,163,37,0,backward
orz303d,463,5867.2,185.095,185.095,159,42,0,backward
orz303d,464,5293.4,187.782,187.782,165,39,0,backward
orz303d,465,6048.4,186.309,186.309,154,44,0,backward
orz303d,466,5226.2,186.225,186.225,168,33,0,backward
orz303d,467,5438.2,187.64,187.64,169,35,0,backward
orz303d,468,4822,186.125,186.125,165,36,0,backward
orz303d,469,4469.2,185.953,185.953,164,35,0,backward
orz303d,470,5873.4,189.125,189.125,168,37,0,backward
orz303d,471,5108.2,189.953,189.953,168,35,0,backward
orz303d,472,5073.6,191.539,191.539,170,37,0,backward
orz303d,473,4969.4,191.539,191.539,170,37,0,backward
orz303d,474,5457,190.64,190.64,172,36,0,backward
orz303d,475,6429.2,190.622,190.622,155,47,0,backward
orz303d,476,5188.2,188.581,188.581,160,40,0,backward
orz303d,477,5570.6,190.74,190.74,175,35,0,backward
orz303d,478,5351,191.894,191.894,160,41,0,backward
orz303d,479,5579.6,189.953,189.953,168,32,0,backward
orz303d,480,5107.8,194.024,194.024,170,35,0,backward
orz303d,481,5038.2,194.48,194.48,163,42,0,backward
orz303d,482,6743.2,193.38,193.38,159,48,0,backward
orz303d,483,8359.4,195.296,195.296,175,33,0,backward
orz303d,484,5401,193.024,193.024,169,39,0,backward
orz303d,485,5631.8,195.108,195.108,157,47,0,backward
orz303d,486,5573.2,192.309,192.309,160,42,0,backward
orz303d,487,6335.4,192.752,192.752,165,45,0,backward
orz303d,488,5426,192.723,192.723,160,43,0,backward
orz303d,489,5480.8,195.38,195.38,161,45,0,backward
orz303d,490,6218,199.794,199.794,165,48,0,backward
orz303d,491,5223.8,197.196,197.196,174,37,0,backward
orz303d,492,5979,197.693,197.693,160,51,0,backward
orz303d,493,5675.6,197.38,197.38,163,46,0,backward
orz303d,494,5318.2,199.723,199.723,167,40,0,backward
orz303d,495,5841,197.652,197.652,167,42,0,backward
orz303d,496,7023,199.108,199.108,161,46,0,backward
orz303d,497,6034,199.522,199.522,161,48,0,backward
orz303d,498,7337.2,199.652,199.652,169,53,0,backward
orz303d,499,7504.6,198.723,198.723,166,56,0,backward
orz303d,500,6104.6,202.208,202.208,167,52,0,backward
orz303d,501,5933,202.024,202.024,178,37,0,backward
orz303d,502,5719,201.468,201.468,182,34,0,backward
orz303d,503,6258,200.865,200.865,164,49,0,backward
orz303d,504,6075.4,203.593,203.593,163,50,0,backward
orz303d,505,6098.2,201.037,201.037,165,52,0,backward
orz303d,506,5880.6,201.468,201.468,182,35,0,backward
orz303d,507,7142,200.865,200.865,164,53,0,backward
orz303d,508,7977,203.167,203.167,175,56,0,backward
orz303d,509,7545.4,200.066,200.066,169,58,0,backward
orz303d,510,5650.8,206.296,206.296,186,34,0,backward
orz303d,511,6597,207.865,207.865,171,55,0,backward
orz303d,512,7164.8,204.066,204.066,173,57,0,backward
orz303d,513,7073.6,206.936,206.936,168,55,0,backward
orz303d,514,7777,204.652,204.652,174,56,0,backward
orz303d,515,5794.8,204.225,204.225,186,34,0,backward
orz303d,516,5859,206.309,206.309,174,41,0,backward
orz303d,517,5882.2,204.296,204.296,184,33,0,backward
orz303d,518,5757.2,205.007,205.007,164,49,0,backward
orz303d,519,7349.8,205.48,205.48,174,59,0,backward
orz303d,520,6026.6,210.468,210.468,191,35,0,backward
orz303d,521,6062,211.622,211.622,176,46,0,backward
orz303d,522,5870.8,208.179,208.179,168,46,0,backward
orz303d,523,6258.4,210.137,210.137,177,43,0,backward
orz303d,524,5792.8,209.024,209.024,185,36,0,backward
orz303d,525,5805.8,208.451,208.451,172,44,0,backward
orz303d,526,6643.6,211.179,211.179,171,53,0,backward
orz303d,527,6999.4,209.137,209.137,176,56,0,backward
orz303d,528,5780,211.095,211.095,185,35,0,backward
orz303d,529,6868,211.35,211.35,172,51,0,backward
orz303d,530,6145.4,214.108,214.108,176,48,0,backward
orz303d,531,6007.4,214.953,214.953,193,37,0,backward
orz303d,532,7430.6,214.794,214.794,180,57,0,backward
orz303d,533,7676.4,212.421,212.421,171,58,0,backward
orz303d,534,6077,212.61,212.61,189,38,0,backward
orz303d,535,6213,214.25,214.25,172,49,0,backward
orz303d,536,8342.2,215.622,215.622,180,62,0,backward
orz303d,537,6106,213.024,213.024,189,38,0,backward
orz303d,538,5690.4,212.468,212.468,193,36,0,backward
orz303d,539,6302,215.108,215.108,177,50,0,backward
orz303d,540,6957.6,219.735,219.735,175,62,0,backward
orz303d,541,6997.2,219.936,219.936,181,60,0,backward
orz303d,542,7443.2,219.664,219.664,177,57,0,backward
orz303d,543,7782,219.652,219.652,189,57,0,backward
orz303d,544,7450.8,219.823,219.823,190,58,0,backward
orz303d,545,8653.2,217.593,217.593,177,62,0,backward
orz303d,546,6980.8,216.208,216.208,181,56,0,backward
orz303d,547,7550.2,219.066,219.066,188,61,0,backward
orz303d,548,6831.6,217.208,217.208,182,53,0,backward
orz303d,549,6725.4,219.179,219.179,179,54,0,backward
orz303d,550,6531.2,222.61,222.61,199,38,0,backward
orz303d,551,7467.2,220.593,220.593,180,56,0,backward
orz303d,552,7728.4,223.664,223.664,181,63,0,backward
orz303d,553,8305.6,222.38,222.38,188,65,0,backward
orz303d,554,6462.2,221.451,221.451,185,46,0,backward
orz303d,555,5994.8,222.622,222.622,187,43,0,backward
orz303d,556,5935.6,220.794,220.794,186,46,0,backward
orz303d,557,6659.8,223.907,223.907,180,52,0,backward
orz303d,558,6868,220.037,220.037,184,57,0,backward
orz303d,559,7730,223.108,223.108,185,61,0,backward
orz303d,560,6336.8,225.894,225.894,194,55,0,backward
orz303d,561,6628.2,224.066,224.066,193,54,0,backward
orz303d,562,7993,227.48,227.48,196,57,0,backward
orz303d,563,6420.4,226.794,226.794,192,45,0,backward
orz303d,564,6202.4,227.551,227.551,194,42,0,backward
orz303d,565,6639.4,227.936,227.936,189,50,0,backward
orz303d,566,7724.8,224.167,224.167,196,58,0,backward
orz303d,567,6424.4,225.764,225.764,186,49,0,backward
orz303d,568,6823.8,225.622,225.622,190,55,0,backward
orz303d,569,6676.2,226.794,226.794,192,59,0,backward
orz303d,570,6477.8,230.664,230.664,188,52,0,backward
orz303d,571,6537,230.451,230.451,194,56,0,backward
orz303d,572,6533.6,229.966,229.966,196,53,0,backward
orz303d,573,7119.8,230.279,230.279,193,58,0,backward
orz303d,574,8568.6,230.38,230.38,196,65,0,backward
orz303d,575,6413.4,229.723,229.723,197,51,0,backward
orz303d,576,7375.6,228.723,228.723,196,62,0,backward
orz303d,577,6785,229.907,229.907,186,55,0,backward
orz303d,578,7893.6,228.078,228.078,185,58,0,backward
orz303d,579,7842.6,228.966,228.966,195,62,0,backward
orz303d,580,7127.8,232.208,232.208,197,61,0,backward
orz303d,581,6091.2,235.907,235.907,192,51,0,backward
orz303d,582,6978,234.451,234.451,198,58,0,backward
orz303d,583,7753.6,235.877,235.877,187,60,0,backward
orz303d,584,7619.4,232.149,232.149,187,59,0,backward
orz303d,585,7995.8,235.35,235.35,196,63,0,backward
orz303d,586,7206.8,233.108,233.108,195,59,0,backward
orz303d,587,6943.4,232.25,232.25,190,59,0,backward
orz303d,588,6258.4,233.492,233.492,190,50,0,backward
orz303d,589,7153.4,232.966,232.966,199,61,0,backward
orz303d,590,7014.8,237.279,237.279,200,57,0,backward
orz303d,591,7264.2,239.48,239.48,208,55,0,backward
orz303d,592,7754.6,238.451,238.451,202,59,0,backward
orz303d,593,6494.8,237.966,237.966,204,53,0,backward
orz303d,594,7593,239.693,239.693,202,59,0,backward
orz303d,595,8523,239.978,239.978,194,65,0,backward
orz303d,596,7376.8,236.966,236.966,203,56,0,backward
orz303d,597,6872.4,236.451,236.451,200,58,0,backward
orz303d,598,7234,238.421,238.421,197,63,0,backward
orz303d,599,7675.8,236.179,236.179,196,57,0,backward
orz303d,600,7413,243.936,243.936,205,61,0,backward
orz303d,601,7602.4,242.451,242.451,206,63,0,backward
orz303d,602,7415.6,241.936,241.936,203,60,0,backward
orz303d,603,7171.6,241.279,241.279,204,58,0,backward
orz303d,604,7771.2,242.309,242.309,210,61,0,backward
orz303d,605,6731,240.149,240.149,195,54,0,backward
orz303d,606,6920.2,240.279,240.279,203,58,0,backward
orz303d,607,8175,241.877,241.877,193,64,0,backward
orz303d,608,7359.4,241.622,241.622,206,57,0,backward
orz303d,609,7830.8,240.25,240.25,198,57,0,backward
orz303d,610,7644.4,246.321,246.321,202,61,0,backward
orz303d,611,6653,244.735,244.735,200,53,0,backward
orz303d,612,7970.2,247.362,247.362,196,65,0,backward
orz303d,613,7247.4,245.25,245.25,203,56,0,backward
orz303d,614,7300.8,245.652,245.652,215,55,0,backward
orz303d,615,8357.2,246.877,246.877,198,66,0,backward
orz303d,616,7721.6,244.421,244.421,203,57,0,backward
orz303d,617,6981.8,244.907,244.907,201,57,0,backward
orz303d,618,7624,245.362,245.362,194,66,0,backward
orz303d,619,8321.2,247.238,247.238,217,63,0,backward
orz303d,620,6881.2,249.037,249.037,213,57,0,backward
orz303d,621,8007.6,250.48,250.48,219,62,0,backward
orz303d,622,7695.2,249.865,249.865,213,64,0,backward
orz303d,623,7201.2,249.794,249.794,215,61,0,backward
orz303d,624,8198,249.865,249.865,213,63,0,backward
orz303d,625,7750.2,248.48,248.48,217,61,0,backward
orz303d,626,7642.2,249.764,249.764,210,55,0,backward
orz303d,627,7849.4,251.38,251.38,217,60,0,backward
orz303d,628,8131.2,251.693,251.693,214,67,0,backward
orz303d,629,7050.4,251.794,251.794,217,57,0,backward
orz303d,630,7488.6,255.563,255.563,210,60,0,backward
orz303d,631,6752.8,255.563,255.563,210,55,0,backward
orz303d,632,6625.2,254.279,254.279,217,56,0,backward
orz303d,633,6906.2,252.321,252.321,208,56,0,backward
orz303d,634,6760.6,254.037,254.037,218,55,0,backward
orz303d,635,6995.8,253.22,253.22,206,57,0,backward
orz303d,636,7814.8,254.865,254.865,218,64,0,backward
orz303d,637,7033.2,252.279,252.279,215,57,0,backward
orz303d,638,8777.4,254.693,254.693,217,68,0,backward
orz303d,639,8054.4,255.794,255.794,221,66,0,backward
orz303d,640,7919,257.279,257.279,220,64,0,backward
orz303d,641,7412,256.421,256.421,215,59,0,backward
orz303d,642,6830.8,258.735,258.735,214,54,0,backward
orz303d,643,7372,256.693,256.693,219,65,0,backward
orz303d,644,8021.2,258.664,258.664,216,65,0,backward
orz303d,645,7793,256.007,256.007,215,64,0,backward
orz303d,646,6996.4,258.877,258.877,210,58,0,backward
orz303d,647,7907,258.078,258.078,215,57,0,backward
orz303d,648,7112.6,259.764,259.764,220,60,0,backward
orz303d,649,7152.8,256.392,256.392,210,58,0,backward
orz303d,650,6841.6,262.806,262.806,216,56,0,backward
orz303d,651,6822.6,263.149,263.149,218,53,0,backward
orz303d,652,7390,261.836,261.836,220,59,0,backward
orz303d,653,7103.6,262.451,262.451,226,58,0,backward
orz303d,654,7067.2,263.007,263.007,222,63,0,backward
orz303d,655,7192,260.865,260.865,224,58,0,backward
orz303d,656,7766,260.735,260.735,216,63,0,backward
orz303d,657,6697.6,260.149,260.149,215,55,0,backward
orz303d,658,7753.8,263.451,263.451,227,58,0,backward
orz303d,659,7650.8,263.563,263.563,218,55,0,backward
orz303d,660,7776.8,265.35,265.35,226,64,0,backward
orz303d,661,7882,265.421,265.421,224,64,0,backward
orz303d,662,7906,267.836,267.836,226,65,0,backward
orz303d,663,8934,265.936,265.936,227,68,0,backward
orz303d,664,7835,267.806,267.806,221,57,0,backward
orz303d,665,7658,267.522,267.522,229,66,0,backward
orz303d,666,8375.4,264.007,264.007,223,65,0,backward
orz303d,667,7719.8,264.037,264.037,228,59,0,backward
orz303d,668,7129.2,267.279,267.279,230,58,0,backward
orz303d,669,7044.4,265.078,265.078,222,61,0,backward
orz303d,670,8117.6,269.421,269.421,228,68,0,backward
orz303d,671,7449.2,269.037,269.037,233,55,0,backward
orz303d,672,7107.4,268.664,268.664,226,60,0,backward
orz303d,673,7474.4,268.492,268.492,225,62,0,backward
orz303d,674,7676.8,271.421,271.421,230,62,0,backward
orz303d,675,7527.8,269.078,269.078,226,64,0,backward
orz303d,676,7458.4,268.137,268.137,235,57,0,backward
orz303d,677,7654.6,268.635,268.635,221,57,0,backward
orz303d,678,8021,271.291,271.291,222,61,0,backward
orz303d,679,7196.2,268.593,268.593,228,59,0,backward
orz303d,680,8605.2,273.078,273.078,230,74,0,backward
orz303d,681,8448.8,272.593,272.593,232,71,0,backward
orz303d,682,8399.4,272.777,272.777,221,65,0,backward
orz303d,683,7281.4,272.635,272.635,225,58,0,backward
orz303d,684,7802.2,275.007,275.007,234,64,0,backward
orz303d,685,7816.2,273.179,273.179,233,63,0,backward
orz303d,686,7629,272.007,272.007,231,62,0,backward
orz303d,687,7495.6,273.321,273.321,229,64,0,backward
orz303d,688,7341.4,274.392,274.392,228,63,0,backward
orz303d,689,9272,274.836,274.836,233,67,0,backward
orz303d,690,8413.8,279.978,279.978,234,71,0,backward
orz303d,691,7012.4,277.208,277.208,242,56,0,backward
orz303d,692,7734,276.309,276.309,244,56,0,backward
orz303d,693,7651.2,278.279,278.279,241,58,0,backward
orz303d,694,7386.8,277.279,277.279,240,57,0,backward
orz303d,695,6775.8,278.38,278.38,244,54,0,backward
orz303d,696,8516.6,278.492,278.492,235,68,0,backward
orz303d,697,7836.8,277.735,277.735,233,62,0,backward
orz303d,698,9198.2,278.279,278.279,241,75,0,backward
orz303d,699,7117,279.794,279.794,245,55,0,backward
orz303d,700,9081.8,283.978,283.978,238,72,0,backward
orz303d,701,8254.2,283.421,283.421,242,75,0,backward
orz303d,702,12415.2,280.037,280.037,244,83,0,backward
orz303d,703,7730.6,282.936,282.936,244,59,0,backward
orz303d,704,8001,283.593,283.593,243,65,0,backward
orz303d,705,8274.6,280.836,280.836,239,72,0,backward
orz303d,706,7602.8,282.563,282.563,237,62,0,backward
orz303d,707,8191.6,283.593,283.593,243,75,0,backward
orz303d,708,7210.8,282.622,282.622,247,57,0,backward
orz303d,709,10467.2,282.007,282.007,241,80,0,backward
orz303d,710,8785.8,286.664,286.664,244,77,0,backward
orz303d,711,9206.8,285.12,285.12,235,70,0,backward
orz303d,712,7103.2,285.936,285.936,247,58,0,backward
orz303d,713,8660.2,285.907,285.907,242,78,0,backward
orz303d,714,8965.6,287.492,287.492,244,78,0,backward
orz303d,715,8613.6,286.693,286.693,249,64,0,backward
orz303d,716,8484.2,285.421,285.421,244,76,0,backward
orz303d,717,10904.4,285.279,285.279,248,86,0,backward
orz303d,718,8042.8,287.522,287.522,249,60,0,backward
orz303d,719,8345.6,286.593,286.593,246,68,0,backward
orz303d,720,8303.6,291.764,291.764,252,67,0,backward
orz303d,721,8717,291.836,291.836,250,76,0,backward
orz303d,722,9029,288.019,288.019,235,73,0,backward
orz303d,723,7430.8,290.593,290.593,250,59,0,backward
orz303d,724,8172.8,289.22,289.22,242,62,0,backward
orz303d,725,9232.8,291.735,291.735,247,82,0,backward
orz303d,726,7058,289.309,289.309,257,56,0,backward
orz303d,727,8169.2,288.35,288.35,249,67,0,backward
orz303d,728,8390.2,291.836,291.836,250,73,0,backward
orz303d,729,7190.8,288.794,288.794,254,55,0,backward
orz303d,730,8312.6,295.078,295.078,252,67,0,backward
orz303d,731,8833.8,292.806,292.806,246,73,0,backward
orz303d,732,8963.8,294.392,294.392,248,81,0,backward
orz303d,733,9280.8,293.664,293.664,251,78,0,backward
orz303d,734,9440.8,293.593,293.593,253,75,0,backward
orz303d,735,10767,295.836,295.836,254,86,0,backward
orz303d,736,7296,293.794,293.794,259,58,0,backward
orz303d,737,7537.2,295.279,295.279,258,58,0,backward
orz303d,738,7384.6,295.936,295.936,257,59,0,backward
orz303d,739,9744.2,293.078,293.078,250,77,0,backward
orz303d,740,8250.4,298.149,298.149,253,69,0,backward
orz303d,741,8136,297.563,297.563,252,64,0,backward
orz303d,742,8613.8,298.463,298.463,250,61,0,backward
orz303d,743,7783.4,298.25,298.25,256,60,0,backward
orz303d,744,8972,299.735,299.735,255,76,0,backward
orz303d,745,8472,298.593,298.593,258,77,0,backward
orz303d,746,9026,297.764,297.764,258,62,0,backward
orz303d,747,7711.2,297.764,297.764,258,59,0,backward
orz303d,748,8660.2,299.149,299.149,254,76,0,backward
orz303d,749,8278.8,299.735,299.735,255,65,0,backward
orz303d,750,8738.2,300.321,300.321,256,79,0,backward
orz303d,751,9364.2,303.179,303.179,263,64,0,backward
orz303d,752,7810,300.865,300.865,264,59,0,backward
orz303d,753,8669.8,300.321,300.321,256,71,0,backward
orz303d,754,8903.2,303.563,303.563,258,81,0,backward
orz303d,755,9341.6,302.664,302.664,260,77,0,backward
orz303d,756,7409.8,301.551,301.551,268,54,0,backward
orz303d,757,7483.2,301.551,301.551,268,56,0,backward
orz303d,758,8258,300.563,300.563,255,72,0,backward
orz303d,759,8794.2,303.149,303.149,258,80,0,backward
orz303d,760,7361.4,306.108,306.108,268,55,0,backward
orz303d,761,8774.6,305.907,305.907,262,77,0,backward
orz303d,762,9771.2,307.25,307.25,265,76,0,backward
orz303d,763,8990.8,305.836,305.836,264,76,0,backward
orz303d,764,8587.8,305.149,305.149,260,72,0,backward
orz303d,765,8401.6,305.978,305.978,260,75,0,backward
orz303d,766,9485.6,305.321,305.321,261,80,0,backward
orz303d,767,7568.6,305.966,305.966,272,57,0,backward
orz303d,768,7902.8,306.806,306.806,260,63,0,backward
orz303d,769,8795.4,304.907,304.907,261,65,0,backward
orz303d,770,9375,308.978,308.978,263,79,0,backward
orz303d,771,9563.2,310.149,310.149,265,78,0,backward
orz303d,772,10923.6,311.664,311.664,269,84,0,backward
orz303d,773,9188.4,308.25,308.25,266,76,0,backward
orz303d,774,9328.6,311.25,311.25,269,86,0,backward
orz303d,775,8201.2,309.764,309.764,270,61,0,backward
orz303d,776,8935.6,311.321,311.321,267,79,0,backward
orz303d,777,8936.2,308.563,308.563,263,81,0,backward
orz303d,778,8841.2,310.22,310.22,263,76,0,backward
orz303d,779,11136.4,311.421,311.421,270,92,0,backward
orz303d,780,8230.2,315.078,315.078,272,60,0,backward
orz303d,781,8989.6,314.735,314.735,270,81,0,backward
orz303d,782,9317.8,313.078,313.078,270,89,0,backward
orz303d,783,9724.2,312.392,312.392,266,79,0,backward
orz303d,784,8169.6,314.208,314.208,279,57,0,backward
orz303d,785,7557,315.037,315.037,279,55,0,backward
orz303d,786,7882,313.149,313.149,268,62,0,backward
orz303d,787,8529.2,315.735,315.735,271,77,0,backward
orz303d,788,9021.8,314.149,314.149,269,76,0,backward
orz303d,789,9412.4,315.836,315.836,274,87,0,backward
orz303d,790,9047.6,317.563,317.563,272,83,0,backward
orz303d,791,9502.6,316.978,316.978,271,87,0,backward
orz303d,792,9616.4,317.978,317.978,272,90,0,backward
orz303d,793,9122.4,316.907,316.907,273,81,0,backward
orz303d,794,8588.6,316.664,316.664,274,63,0,backward
orz303d,795,10193.2,316.22,316.22,269,88,0,backward
orz303d,796,9351.2,317.907,317.907,274,80,0,backward
orz303d,797,9530.2,318.321,318.321,274,85,0,backward
orz303d,798,9377.8,317.463,317.463,269,79,0,backward
orz303d,799,9621.2,318.25,318.25,276,84,0,backward
orz303d,800,12626.8,320.706,320.706,271,80,0,backward
orz303d,801,8617.4,323.806,323.806,277,81,0,backward
orz303d,802,8508.8,323.806,323.806,277,64,0,backward
orz303d,803,9779.4,321.392,321.392,275,88,0,backward
orz303d,804,7502.6,323.966,323.966,290,55,0,backward
orz303d,805,9393.2,323.563,323.563,278,86,0,backward
orz303d,806,9446,322.463,322.463,274,92,0,backward
orz303d,807,9229.4,323.492,323.492,280,82,0,backward
orz303d,808,8392.6,320.392,320.392,274,74,0,backward
orz303d,809,8365.8,322.806,322.806,276,76,0,backward
orz303d,810,9179.6,327.806,327.806,281,86,0,backward
orz303d,811,9592.4,325.22,325.22,278,88,0,backward
orz303d,812,7923.8,324.392,324.392,278,64,0,backward
orz303d,813,10026.4,327.049,327.049,279,83,0,backward
orz303d,814,9285.6,325.978,325.978,280,84,0,backward
orz303d,815,8973.2,326.291,326.291,277,81,0,backward
orz303d,816,9294.6,326.948,326.948,276,85,0,backward
orz303d,817,8781.6,324.078,324.078,281,80,0,backward
orz303d,818,9507.6,324.463,324.463,276,91,0,backward
orz303d,819,7879.4,325.551,325.551,292,60,0,backward
orz303d,820,9464.2,331.806,331.806,285,85,0,backward
orz303d,821,9156.4,331.392,331.392,285,86,0,backward
orz303d,822,9613.8,329.664,329.664,287,88,0,backward
orz303d,823,9030.8,330.907,330.907,287,82,0,backward
orz303d,824,10223,329.877,329.877,281,85,0,backward
orz303d,825,9629.6,329.492,329.492,286,85,0,backward
orz303d,826,9483,329.078,329.078,286,85,0,backward
orz303d,827,8900.6,329.321,329.321,285,83,0,backward
orz303d,828,10131.2,328.563,328.563,283,82,0,backward
orz303d,829,9005,331.421,331.421,290,68,0,backward
orz303d,830,8954.4,333.877,333.877,285,81,0,backward
orz303d,831,10232.6,332.463,332.463,284,90,0,backward
orz303d,832,11080.4,332.392,332.392,286,93,0,backward
orz303d,833,8805.4,334.907,334.907,291,66,0,backward
orz303d,834,9377.2,332.735,332.735,288,85,0,backward
orz303d,835,8666.4,333.492,333.492,290,68,0,backward
orz303d,836,8623.8,332.392,332.392,286,75,0,backward
orz303d,837,9337.6,332.563,332.563,287,88,0,backward
orz303d,838,11617.8,334.22,334.22,287,97,0,backward
orz303d,839,9177.8,332.321,332.321,288,84,0,backward
orz303d,840,11778,338.463,338.463,290,86,0,backward
orz303d,841,8801,337.049,337.049,289,94,0,backward
orz303d,842,7707.4,337.635,337.635,290,76,0,backward
orz303d,843,8808.8,336.664,336.664,294,82,0,backward
orz303d,844,7979.2,336.392,336.392,290,79,0,backward
orz303d,845,8012.2,337.534,337.534,287,85,0,backward
orz303d,846,7934.8,337.22,337.22,290,82,0,backward
orz303d,847,7563.8,337.492,337.492,294,67,0,backward
orz303d,848,8462.2,339.806,339.806,293,84,0,backward
orz303d,849,8269.4,337.563,337.563,292,88,0,backward
orz303d,850,7956.6,341.635,341.635,294,85,0,backward
orz303d,851,8204.4,343.877,343.877,295,88,0,backward
orz303d,852,8237.2,341.463,341.463,293,77,0,backward
orz303d,853,9072.2,340.978,340.978,295,83,0,backward
orz303d,854,8141.8,343.563,343.563,298,82,0,backward
orz303d,855,8001,343.635,343.635,296,85,0,backward
orz303d,856,8196.2,340.806,340.806,294,87,0,backward
orz303d,857,7829.6,340.463,340.463,292,80,0,backward
orz303d,858,8184.6,340.777,340.777,289,85,0,backward
orz303d,859,7779.6,340.463,340.463,292,80,0,backward
orz303d,860,7783.6,346.049,346.049,298,77,0,backward
orz303d,861,7414.4,345.635,345.635,298,67,0,backward
orz303d,862,8520.4,347.978,347.978,302,87,0,backward
orz303d,863,8481,345.22,345.22,298,89,0,backward
orz303d,864,8199.8,345.635,345.635,298,85,0,backward
orz303d,865,8329.4,344.534,344.534,294,89,0,backward
orz303d,866,8918.6,346.12,346.12,296,97,0,backward
orz303d,867,8459.4,345.706,345.706,296,89,0,backward
orz303d,868,9950.2,347.877,347.877,299,99,0,backward
orz303d,869,10196.6,346.291,346.291,297,97,0,backward
orz303d,870,10522,351.291,351.291,302,104,0,backward
orz303d,871,8764.8,349.877,349.877,301,89,0,backward
orz303d,872,8511,350.12,350.12,300,98,0,backward
orz303d,873,9581.8,349.291,349.291,300,96,0,backward
orz303d,874,10413.2,348.291,348.291,299,95,0,backward
orz303d,875,8062.4,348.563,348.563,303,85,0,backward
orz303d,876,9055.8,349.321,349.321,305,91,0,backward
orz303d,877,9111.6,348.735,348.735,304,93,0,backward
orz303d,878,9239.2,351.12,351.12,301,95,0,backward
orz303d,879,10352.2,348.434,348.434,295,102,0,backward
orz303d,880,9547.8,354.019,354.019,301,95,0,backward
orz303d,881,8246,352.291,352.291,303,89,0,backward
orz303d,882,8793.6,354.777,354.777,303,99,0,backward
orz303d,883,9168.4,355.706,355.706,306,89,0,backward
orz303d,884,9960.4,353.22,353.22,306,98,0,backward
orz303d,885,8599.8,352.978,352.978,307,81,0,backward
orz303d,886,8404.8,355.049,355.049,307,95,0,backward
orz303d,887,10118.2,352.848,352.848,299,102,0,backward
orz303d,888,10781.2,353.161,353.161,296,99,0,backward
orz303d,889,9352,352.676,352.676,298,98,0,backward
orz303d,890,8652.8,358.362,358.362,307,97,0,backward
orz303d,891,10153,357.534,357.534,307,100,0,backward
orz303d,892,8787.8,357.877,357.877,309,84,0,backward
orz303d,893,8786.6,358.291,358.291,309,98,0,backward
orz303d,894,8646.8,359.291,359.291,310,97,0,backward
orz303d,895,8946.2,359.534,359.534,309,101,0,backward
orz303d,896,9122.4,358.534,358.534,308,92,0,backward
orz303d,897,9923,358.877,358.877,310,83,0,backward
orz303d,898,9747.8,359.534,359.534,309,89,0,backward
orz303d,899,9383.6,358.12,358.12,308,91,0,backward
orz303d,900,8906.4,360.948,360.948,310,102,0,backward
orz303d,901,8584.8,362.948,362.948,312,95,0,backward
orz303d,902,8430.8,360.362,360.362,309,97,0,backward
orz303d,903,8966.6,363.806,363.806,317,96,0,backward
orz303d,904,8583.2,362.534,362.534,312,94,0,backward
orz303d,905,10279.8,363.333,363.333,307,111,0,backward
orz303d,906,9674.2,362.676,362.676,308,104,0,backward
orz303d,907,9442.8,360.12,360.12,310,97,0,backward
orz303d,908,9471.2,363.635,363.635,316,84,0,backward
orz303d,909,9548.8,361.22,361.22,314,80,0,backward
orz303d,910,8792.6,365.948,365.948,315,96,0,backward
orz303d,911,8796,364.049,364.049,316,98,0,backward
orz303d,912,8798.4,366.12,366.12,316,95,0,backward
orz303d,913,8807,365.635,365.635,318,97,0,backward
orz303d,914,9382,366.362,366.362,315,96,0,backward
orz303d,915,9435,365.777,365.777,314,90,0,backward
orz303d,916,8437.8,367.877,367.877,319,89,0,backward
orz303d,917,10027.6,364.877,364.877,316,89,0,backward
orz303d,918,11922,365.019,365.019,312,100,0,backward
orz303d,919,10188.6,366.434,366.434,313,92,0,backward
orz303d,920,8997.2,369.362,369.362,318,102,0,backward
orz303d,921,8699.8,369.362,369.362,318,95,0,backward
orz303d,922,8745.8,369.049,369.049,321,86,0,backward
orz303d,923,9245,369.191,369.191,317,107,0,backward
orz303d,924,9151,371.049,371.049,323,103,0,backward
orz303d,925,9269.8,369.676,369.676,315,92,0,backward
orz303d,926,9362,371.22,371.22,324,91,0,backward
orz303d,927,10151.6,370.593,370.593,330,88,0,backward
orz303d,928,8162.2,369.22,369.22,322,78,0,backward
orz303d,929,9993,371.534,371.534,321,91,0,backward
orz303d,930,9277.2,375.706,375.706,326,100,0,backward
orz303d,931,9260.6,374.12,374.12,324,105,0,backward
orz303d,932,9134.4,373.049,373.049,325,100,0,backward
orz303d,933,9491,372.362,372.362,321,90,0,backward
orz303d,934,8990.8,374.534,374.534,324,95,0,backward
orz303d,935,9221.8,374.291,374.291,325,93,0,backward
orz303d,936,9895.8,375.605,375.605,323,97,0,backward
orz303d,937,9881.2,373.676,373.676,319,96,0,backward
orz303d,938,10365,372.392,372.392,326,102,0,backward
orz303d,939,10278.6,373.605,373.605,321,84,0,backward
orz303d,940,9432.4,379.191,379.191,327,104,0,backward
orz303d,941,9384.8,376.463,376.463,328,101,0,backward
orz303d,942,9745.2,377.362,377.362,326,95,0,backward
orz303d,943,9799.6,377.291,377.291,328,99,0,backward
orz303d,944,9673.6,378.434,378.434,325,95,0,backward
orz303d,945,9488.6,378.605,378.605,326,93,0,backward
orz303d,946,9692.2,376.434,376.434,323,97,0,backward
orz303d,947,9400,376.848,376.848,323,92,0,backward
orz303d,948,10886.4,378.635,378.635,331,111,0,backward
orz303d,949,11242,377.291,377.291,328,79,0,backward
orz303d,950,9118.2,383.948,383.948,333,94,0,backward
orz303d,951,9740.4,382.706,382.706,333,102,0,backward
orz303d,952,10458.8,381.948,381.948,331,104,0,backward
orz303d,953,10565.6,383.605,383.605,331,82,0,backward
orz303d,954,9776,380.936,380.936,342,93,0,backward
orz303d,955,10014.4,383.706,383.706,334,111,0,backward
orz303d,956,10126.6,383.948,383.948,333,107,0,backward
orz303d,957,10699,380.848,380.848,327,100,0,backward
orz303d,958,10738.2,380.534,380.534,330,80,0,backward
orz303d,959,10319.2,382.635,382.635,335,115,0,backward
orz303d,960,9149.6,387.191,387.191,335,94,0,backward
orz303d,961,9326,385.777,385.777,334,102,0,backward
orz303d,962,9600.4,387.706,387.706,338,104,0,backward
orz303d,963,9736.8,385.706,385.706,336,101,0,backward
orz303d,964,10933,386.434,386.434,333,106,0,backward
orz303d,965,9981,385.848,385.848,332,96,0,backward
orz303d,966,8919.8,386.291,386.291,337,100,0,backward
orz303d,967,8160.6,386.777,386.777,335,92,0,backward
orz303d,968,10187.8,387.99,387.99,330,101,0,backward
orz303d,969,8908.6,386.049,386.049,338,77,0,backward
orz303d,970,9771,388.191,388.191,336,98,0,backward
orz303d,971,10270.6,391.434,391.434,338,101,0,backward
orz303d,972,10356.8,389.161,389.161,332,101,0,backward
orz303d,973,10193,388.676,388.676,334,76,0,backward
orz303d,974,10295.6,388.333,388.333,332,109,0,backward
orz303d,975,9040.8,389.12,389.12,339,84,0,backward
orz303d,976,10222.4,388.836,388.836,347,92,0,backward
orz303d,977,10995,389.392,389.392,343,120,0,backward
orz303d,978,9021,389.421,389.421,348,87,0,backward
orz303d,979,10621.4,388.877,388.877,340,120,0,backward
orz303d,980,10006.2,392.605,392.605,340,110,0,backward
orz303d,981,9868.8,392.362,392.362,341,111,0,backward
orz303d,982,10117.6,394.605,394.605,342,114,0,backward
orz303d,983,10739.6,395.919,395.919,340,110,0,backward
orz303d,984,10352.6,393.505,393.505,338,99,0,backward
orz303d,985,11536.8,394.362,394.362,343,126,0,backward
orz303d,986,8973,393.291,393.291,344,84,0,backward
orz303d,987,11184.8,395.049,395.049,347,126,0,backward
orz303d,988,8771.4,392.12,392.12,342,84,0,backward
orz303d,989,9476.6,395.25,395.25,353,92,0,backward
orz303d,990,10838,398.848,398.848,345,116,0,backward
orz303d,991,10852.6,397.12,397.12,347,113,0,backward
orz303d,992,9912.4,399.049,399.049,351,92,0,backward
orz303d,993,10960.4,397.262,397.262,343,109,0,backward
orz303d,994,11220.6,397.434,397.434,344,113,0,backward
orz303d,995,10290.4,398.777,398.777,347,112,0,backward
orz303d,996,10864.2,396.848,396.848,343,120,0,backward
orz303d,997,10600,397.635,397.635,350,121,0,backward
orz303d,998,11151,397.362,397.362,346,115,0,backward
orz303d,999,9720.6,398.706,398.706,349,92,0,backward
orz303d,1000,10476.4,400.534,400.534,350,116,0,backward
orz303d,1001,10355.6,401.463,401.463,353,120,0,backward
orz303d,1002,10193,402.191,402.191,350,110,0,backward
orz303d,1003,10246.4,400.635,400.635,353,119,0,backward
orz303d,1004,10168.8,403.262,403.262,349,110,0,backward
orz303d,1005,10619.6,403.605,403.605,351,117,0,backward
orz303d,1006,10602.2,402.777,402.777,351,113,0,backward
orz303d,1007,10143,403.362,403.362,352,106,0,backward
orz303d,1008,10430.8,401.362,401.362,350,100,0,backward
orz303d,1009,10284.8,403.605,403.605,351,112,0,backward
orz303d,1010,10507.8,404.191,404.191,352,118,0,backward
orz303d,1011,9738.8,405.777,405.777,354,96,0,backward
orz303d,1012,10525.2,406.09,406.09,351,113,0,backward
orz303d,1013,10423.8,406.12,406.12,356,117,0,backward
orz303d,1014,10578,405.948,405.948,355,119,0,backward
orz303d,1015,10069.8,405.019,405.019,352,115,0,backward
orz303d,1016,9461.8,405.019,405.019,352,98,0,backward
orz303d,1017,10215.6,404.948,404.948,354,116,0,backward
orz303d,1018,10434.6,406.848,406.848,353,120,0,backward
orz303d,1019,10473,407.09,407.09,352,119,0,backward
orz303d,1020,9815.6,409.534,409.534,359,99,0,backward
orz303d,1021,10830.6,410.676,410.676,356,120,0,backward
orz303d,1022,10478,411.262,411.262,357,120,0,backward
orz303d,1023,9714.8,409.362,409.362,358,98,0,backward
orz303d,1024,10017.8,410.191,410.191,358,118,0,backward
orz303d,1025,10369.2,411.019,411.019,358,109,0,backward
orz303d,1026,10118.2,411.919,411.919,356,115,0,backward
orz303d,1027,10416,410.747,410.747,354,112,0,backward
orz303d,1028,9814.4,409.262,409.262,355,94,0,backward
orz303d,1029,9573.2,410.09,410.09,355,108,0,backward
orz303d,1030,9625.4,412.534,412.534,362,98,0,backward
orz303d,1031,10276.4,413.434,413.434,360,117,0,backward
orz303d,1032,10324.2,412.191,412.191,360,118,0,backward
orz303d,1033,10178.6,415.676,415.676,361,121,0,backward
orz303d,1034,10610.4,414.262,414.262,360,106,0,backward
orz303d,1035,10949.8,412.09,412.09,357,122,0,backward
orz303d,1036,11126,413.676,413.676,359,121,0,backward
orz303d,1037,10271.4,412.576,412.576,355,109,0,backward
orz303d,1038,10520.4,415.019,415.019,362,118,0,backward
orz303d,1039,10666.2,413.262,413.262,359,116,0,backward
orz303d,1040,11008.4,419.09,419.09,364,121,0,backward
orz303d,1041,11138,417.676,417.676,363,123,0,backward
orz303d,1042,10885.6,419.99,419.99,362,121,0,backward
orz303d,1043,10008.4,417.09,417.09,362,114,0,backward
orz303d,1044,10390.6,416.505,416.505,361,119,0,backward
orz303d,1045,9973.6,419.576,419.576,362,113,0,backward
orz303d,1046,10426.4,418.919,418.919,363,118,0,backward
orz303d,1047,10270,416.647,416.647,357,110,0,backward
orz303d,1048,10272.6,418.404,418.404,360,121,0,backward
orz303d,1049,9687.8,418.818,418.818,360,110,0,backward
orz303d,1050,10267.2,422.019,422.019,369,117,0,backward
orz303d,1051,10602.2,422.262,422.262,368,115,0,backward
orz303d,1052,11231.2,422.404,422.404,364,124,0,backward
orz303d,1053,10596.2,420.161,420.161,363,116,0,backward
orz303d,1054,11677.6,423.09,423.09,368,121,0,backward
orz303d,1055,10382,422.434,422.434,369,106,0,backward
orz303d,1056,11353.8,421.404,421.404,363,125,0,backward
orz303d,1057,10820.2,423.647,423.647,364,122,0,backward
orz303d,1058,10529.2,421.818,421.818,363,125,0,backward
orz303d,1059,13298.6,422.019,422.019,369,108,0,backward
orz303d,1060,10853.6,426.777,426.777,375,119,0,backward
orz303d,1061,12008.8,424.676,424.676,370,130,0,backward
orz303d,1062,10810.6,425.676,425.676,371,116,0,backward
orz303d,1063,11028.8,424.061,424.061,364,120,0,backward
orz303d,1064,11103.8,425.818,425.818,367,123,0,backward
orz303d,1065,10809.2,425.818,425.818,367,122,0,backward
orz303d,1066,10339.2,426.061,426.061,366,119,0,backward
orz303d,1067,10741.8,427.919,427.919,372,122,0,backward
orz303d,1068,10537.8,427.676,427.676,373,119,0,backward
orz303d,1069,10912.8,425.434,425.434,372,116,0,backward
orz303d,1070,9999.6,428.262,428.262,374,111,0,backward
orz303d,1071,11077.4,431.404,431.404,373,127,0,backward
orz303d,1072,10566.2,429.576,429.576,372,111,0,backward
orz303d,1073,10912.6,429.747,429.747,373,121,0,backward
orz303d,1074,10117,429.99,429.99,372,108,0,backward
orz303d,1075,15413.8,428.191,428.191,376,119,0,backward
orz303d,1076,11449.8,428.747,428.747,372,126,0,backward
orz303d,1077,14851.6,430.019,430.019,377,130,0,backward
orz303d,1078,10992.8,430.061,430.061,370,120,0,backward
orz303d,1079,12443.6,431.635,431.635,384,101,0,backward
orz303d,1080,10812.6,435.161,435.161,378,123,0,backward
orz303d,1081,10311.6,432.09,432.09,377,112,0,backward
orz303d,1082,10597.6,434.848,434.848,381,112,0,backward
orz303d,1083,10709.6,435.747,435.747,379,122,0,backward
orz303d,1084,10795,433.404,433.404,375,124,0,backward
orz303d,1085,13099.2,432.09,432.09,377,129,0,backward
orz303d,1086,11296.8,432.635,432.635,385,102,0,backward
orz303d,1087,11211,432.777,432.777,381,91,0,backward
orz303d,1088,10317,433.706,433.706,384,90,0,backward
orz303d,1089,11294.2,432.99,432.99,375,122,0,backward
orz303d,1090,11374.4,437.019,437.019,384,119,0,backward
orz303d,1091,11559.4,438.161,438.161,381,129,0,backward
orz303d,1092,11386.6,437.505,437.505,382,128,0,backward
orz303d,1093,11249.8,436.505,436.505,381,130,0,backward
orz303d,1094,10993,438.99,438.99,381,130,0,backward
orz303d,1095,11740,438.818,438.818,380,127,0,backward
orz303d,1096,10786.6,439.233,439.233,380,112,0,backward
orz303d,1097,10729.6,439.333,439.333,383,126,0,backward
orz303d,1098,11128,438.161,438.161,381,125,0,backward
orz303d,1099,11038.2,439.233,439.233,380,127,0,backward
orz303d,1100,10783.8,440.747,440.747,384,130,0,backward
orz303d,1101,11062.4,440.99,440.99,383,126,0,backward
orz303d,1102,10786.8,443.576,443.576,386,128,0,backward
orz303d,1103,11020,441.647,441.647,382,127,0,backward
orz303d,1104,11045.2,440.747,440.747,384,125,0,backward
orz303d,1105,11162,442.889,442.889,382,129,0,backward
orz303d,1106,10979.4,443.99,443.99,386,124,0,backward
orz303d,1107,11181.6,443.333,443.333,387,129,0,backward
orz303d,1108,10802.4,440.233,440.233,381,122,0,backward
orz303d,1109,12361,443.706,443.706,394,109,0,backward
orz303d,1110,11556.8,447.404,447.404,389,132,0,backward
orz303d,1111,13818.6,445.161,445.161,388,133,0,backward
orz303d,1112,11274.8,447.161,447.161,390,131,0,backward
orz303d,1113,10623.2,446.818,446.818,388,123,0,backward
orz303d,1114,11049.6,444.404,444.404,386,130,0,backward
orz303d,1115,11022.4,445.647,445.647,386,131,0,backward
orz303d,1116,10709.4,445.647,445.647,386,121,0,backward
orz303d,1117,11125.4,446.09,446.09,391,130,0,backward
orz303d,1118,10650.6,444.233,444.233,385,125,0,backward
orz303d,1119,10681.6,445.404,445.404,387,129,0,backward
orz303d,1120,10651.2,448.818,448.818,390,126,0,backward
orz303d,1121,10305.2,450.061,450.061,390,127,0,backward
orz303d,1122,11363.2,449.161,449.161,392,136,0,backward
orz303d,1123,12921,448.233,448.233,389,126,0,backward
orz303d,1124,9930.2,448.333,448.333,392,131,0,backward
orz303d,1125,9794.6,448.161,448.161,391,125,0,backward
orz303d,1126,9816.6,448.505,448.505,393,134,0,backward
orz303d,1127,10103.2,450.161,450.161,393,133,0,backward
orz303d,1128,10095.8,448.375,448.375,385,126,0,backward
orz303d,1129,13584.2,449.233,449.233,390,132,0,backward
orz303d,1130,10074.4,452.233,452.233,393,125,0,backward
orz303d,1131,10043.2,453.718,453.718,392,130,0,backward
orz303d,1132,10249.4,454.475,454.475,394,132,0,backward
orz303d,1133,10805.8,452.818,452.818,394,138,0,backward
orz303d,1134,13335.8,454.96,454.96,392,135,0,backward
orz303d,1135,12709.8,454.718,454.718,393,130,0,backward
orz303d,1136,11602.2,452.919,452.919,397,111,0,backward
orz303d,1137,12120.8,455.889,455.889,395,131,0,backward
orz303d,1138,10170.8,453.777,453.777,402,110,0,backward
orz303d,1139,10926.6,452.676,452.676,398,115,0,backward
orz303d,1140,14047.4,456.404,456.404,398,136,0,backward
orz303d,1141,10303,457.889,457.889,397,134,0,backward
orz303d,1142,10489.8,458.132,458.132,396,140,0,backward
orz303d,1143,10138,456.96,456.96,394,138,0,backward
orz303d,1144,10890.8,459.818,459.818,401,138,0,backward
orz303d,1145,9896,458.546,458.546,396,132,0,backward
orz303d,1146,10561.8,459.304,459.304,398,138,0,backward
orz303d,1147,12250.6,456.475,456.475,396,134,0,backward
orz303d,1148,10478.4,458.848,458.848,405,109,0,backward
orz303d,1149,10451,458.505,458.505,403,113,0,backward
