map,scenid,tcost,distance,expect,steps,access,r,itype
orz704d,0,1556.6,3,2,3,3,2,backward
orz704d,1,896.8,3.41421,2.41421,3,4,2,backward
orz704d,2,787,3,3,3,1,2,backward
orz704d,3,741,3.41421,3.41421,3,2,2,backward
orz704d,4,764.4,4.41421,2.41421,4,2,2,backward
orz704d,5,745.6,3.41421,2,3,2,2,backward
orz704d,6,802.8,4.82843,2.82843,4,2,2,backward
orz704d,7,815.2,4.82843,3.82843,4,2,2,backward
orz704d,8,606.6,3.82843,2.41421,3,2,2,backward
orz704d,9,1118.2,5.41421,4.82843,5,3,2,backward
orz704d,10,640.6,4.41421,4.41421,4,1,2,backward
orz704d,11,1036.8,7,7,7,2,2,backward
orz704d,12,1040.2,6.82843,6.82843,6,4,2,backward
orz704d,13,729.6,5.24264,5.24264,4,2,2,backward
orz704d,14,627.8,5.24264,5.24264,4,2,2,backward
orz704d,15,656.6,6.65685,6.65685,5,1,2,backward
orz704d,16,629.4,5.82843,5.82843,5,1,2,backward
orz704d,17,1152.6,8,7.41421,8,2,2,backward
orz704d,18,631.4,6.65685,6.65685,5,1,2,backward
orz704d,19,859.4,8.65685,8.65685,7,1,2,backward
orz704d,20,1291.2,11,10.4142,11,2,2,backward
orz704d,21,1106.6,10.8284,10.8284,10,1,2,backward
orz704d,22,877.6,10.0711,9.48528,8,2,2,backward
orz704d,23,1050.2,11.4853,10.0711,9,2,2,backward
orz704d,24,1007.4,9.82843,9.82843,9,2,2,backward
orz704d,25,990.8,9.82843,9.82843,9,2,2,backward
orz704d,26,1110,12.0711,10.6569,10,2,2,backward
orz704d,27,1054.8,12.0711,11.4853,10,2,2,backward
orz704d,28,1152.8,10,9.41421,10,2,2,backward
orz704d,29,1403,13.4142,12,13,2,2,backward
orz704d,30,1191,12.4142,12.4142,12,1,2,backward
orz704d,31,1310.4,13.4142,13.4142,13,2,2,backward
orz704d,32,1656.4,15.0711,13.6569,13,3,2,backward
orz704d,33,1307.2,14.2426,14.2426,13,1,2,backward
orz704d,34,1778.2,15.6569,15.6569,14,5,2,backward
orz704d,35,1488,16.4853,15.8995,14,2,2,backward
orz704d,36,1103,13.0711,13.0711,11,1,2,backward
orz704d,37,1337.8,13.6569,13.6569,12,2,2,backward
orz704d,38,1720.6,16.8284,15.4142,16,2,2,backward
orz704d,39,1478.2,16.0711,16.0711,14,4,2,backward
orz704d,40,1538.4,16.2426,16.2426,15,2,2,backward
orz704d,41,1596.2,17.0711,17.0711,15,2,2,backward
orz704d,42,1776.4,18,18,18,1,2,backward
orz704d,43,1506.8,17.2426,16.6569,16,2,2,backward
orz704d,44,1641.2,17.6569,17.6569,16,2,2,backward
orz704d,45,1554.4,18.6569,18.6569,17,1,2,backward
orz704d,46,1633.8,19.2426,18.4142,18,2,2,backward
orz704d,47,1868.8,18.8995,18.8995,16,2,2,backward
orz704d,48,1775,18.6569,18.6569,17,3,2,backward
orz704d,49,2103.4,22.8284,22.8284,22,3,2,backward
orz704d,50,2059.6,23.4142,22,23,2,2,backward
orz704d,51,2059.8,22.7279,21.8995,19,5,2,backward
orz704d,52,1766.8,21.0711,20.2426,19,2,2,backward
orz704d,53,2186.8,23.8995,23.8995,21,3,2,backward
orz704d,54,1991,22.4142,22.4142,22,2,2,backward
orz704d,55,2078.8,21.6569,21.6569,20,5,2,backward
orz704d,56,1753.4,21.2426,20.4142,20,5,2,backward
orz704d,57,1938.6,23.8284,23.8284,23,1,2,backward
orz704d,58,1782.8,21.4142,21.4142,21,1,2,backward
orz704d,59,2260,26.6569,26.6569,25,4,2,backward
orz704d,60,2462.4,27.8995,27.8995,25,4,2,backward
orz704d,61,1622.6,26.2426,24.8284,25,3,2,backward
orz704d,62,1583,27.2426,27.2426,26,2,2,backward
orz704d,63,2131.2,24.3137,24.3137,21,5,2,backward
orz704d,64,2299.8,25.8995,25.8995,23,4,2,backward
orz704d,65,1397.8,24.6569,24.6569,23,2,2,backward
orz704d,66,1564,25.2426,25.2426,24,3,2,backward
orz704d,67,1628.8,27.6569,27.0711,26,3,2,backward
orz704d,68,2240.2,27.6274,27.6274,21,6,2,backward
orz704d,69,2329.8,29.4853,28.6569,27,4,2,backward
orz704d,70,1741.8,28.4142,28.4142,28,2,2,backward
orz704d,71,1795.6,29.8284,29.8284,29,3,2,backward
orz704d,72,1997.8,31.6569,31.6569,30,3,2,backward
orz704d,73,2598.2,30.3137,30.3137,27,5,2,backward
orz704d,74,1793,30.6569,30.6569,29,3,2,backward
orz704d,75,2058.6,30.8284,30.8284,30,4,2,backward
orz704d,76,2091.4,30.0711,29.4853,28,5,2,backward
orz704d,77,1921,30.4853,30.4853,28,5,2,backward
orz704d,78,2101.4,30.4142,30.4142,30,5,2,backward
orz704d,79,2186,35.4853,34.6569,33,3,2,backward
orz704d,80,2198.6,33.3137,33.3137,30,6,2,backward
orz704d,81,2272,34.8995,34.8995,32,7,2,backward
orz704d,82,2351,33.4142,32,33,4,2,backward
orz704d,83,2338.4,34.0711,34.0711,32,6,2,backward
orz704d,84,2068,33.4853,32.0711,31,4,2,backward
orz704d,85,1945.2,33.4853,33.4853,31,4,2,backward
orz704d,86,2342,35.4853,35.4853,33,7,2,backward
orz704d,87,2477.6,37.7279,35.7279,34,3,2,backward
orz704d,88,2115.6,34.4853,33.6569,32,3,2,backward
orz704d,89,1960.8,37.2426,37.2426,36,3,2,backward
orz704d,90,2532.2,38.9706,38.9706,34,8,2,backward
orz704d,91,2819.8,39.8284,38.4142,39,4,2,backward
orz704d,92,2088,38.3137,38.3137,35,7,2,backward
orz704d,93,2053.2,38.8995,38.3137,36,7,2,backward
orz704d,94,2027.8,41.5563,39.5563,37,4,2,backward
orz704d,95,2427.2,39.5563,39.5563,35,2,2,backward
orz704d,96,2562.6,38.0711,36.6569,36,4,2,backward
orz704d,97,2618.8,38.8284,38,38,4,2,backward
orz704d,98,2116.6,38.8995,37.3137,36,4,2,backward
orz704d,99,2014.8,41.7279,41.7279,38,3,2,backward
orz704d,100,2467.6,41.9706,41.1421,37,4,2,backward
orz704d,101,2909.8,43.5563,42.9706,39,8,2,backward
orz704d,102,2603,40.2426,40.2426,39,4,2,backward
orz704d,103,2322.4,43.0711,43.0711,41,4,2,backward
orz704d,104,2610.8,41.1421,40.5563,37,8,2,backward
orz704d,105,2334,42.799,42.799,37,7,2,backward
orz704d,106,2005.6,40.6569,40.6569,39,4,2,backward
orz704d,107,4962,43.6569,43.6569,42,3,2,backward
orz704d,108,2384,42.3137,42.3137,39,7,2,backward
orz704d,109,2257.6,46.5563,46.5563,42,3,2,backward
orz704d,110,2373.2,44.5563,44.5563,40,8,2,backward
orz704d,111,2494,45.4142,44,45,4,2,backward
orz704d,112,2467.6,47.8995,47.8995,45,4,2,backward
orz704d,113,2058,44.9706,44.9706,40,5,2,backward
orz704d,114,2660.2,46.6274,46.6274,40,8,2,backward
orz704d,115,2683.8,47.0711,47.0711,45,5,2,backward
orz704d,116,3059.6,46.9706,45.5563,42,4,2,backward
orz704d,117,2431.2,44.8284,44.2426,44,4,2,backward
orz704d,118,2746,45.3848,44.799,40,6,2,backward
orz704d,119,2941,50.0416,49.4558,43,6,2,backward
orz704d,120,2502.8,48.799,48.799,43,5,2,backward
orz704d,121,3442.4,50.8995,50.8995,48,5,2,backward
orz704d,122,2852,51.0711,50.4853,49,6,2,backward
orz704d,123,3232.6,49.6274,48.2132,43,7,2,backward
orz704d,124,3126.8,49.9706,49.9706,45,4,2,backward
orz704d,125,3073.4,51.8284,50.4142,51,6,2,backward
orz704d,126,3074.8,50.4558,49.6274,43,7,2,backward
orz704d,127,2704.2,51.0711,49.6569,49,6,2,backward
orz704d,128,2531.6,49.2426,49.2426,48,5,2,backward
orz704d,129,2980.8,54.0416,53.4558,47,7,2,backward
orz704d,130,3531,55.0416,55.0416,48,8,2,backward
orz704d,131,3684.2,53.8995,52.4853,51,6,2,backward
orz704d,132,2838.4,52.8995,52.8995,50,5,2,backward
orz704d,133,3730,54.8995,54.8995,52,5,2,backward
orz704d,134,3159.4,53.4142,53.4142,53,6,2,backward
orz704d,135,3624,55.2132,54.3848,49,9,2,backward
orz704d,136,3548.8,54.9706,54.9706,50,8,2,backward
orz704d,137,2855.2,52.2426,52.2426,51,6,2,backward
orz704d,138,3137,55.6569,55.6569,54,5,2,backward
orz704d,139,3846.6,57.9706,57.1421,53,9,2,backward
orz704d,140,3105.4,57.9706,57.9706,53,6,2,backward
orz704d,141,3170.4,57.4853,57.4853,55,6,2,backward
orz704d,142,3266,58.0711,58.0711,56,5,2,backward
orz704d,143,3318.6,59.4853,58.6569,57,6,2,backward
orz704d,144,3176.4,57.8284,57,57,6,2,backward
orz704d,145,3835.2,58.3137,56.8995,55,6,2,backward
orz704d,146,3578.4,60.3137,58.8995,57,8,2,backward
orz704d,147,4014.2,59.5563,59.5563,55,9,2,backward
orz704d,148,3068.4,57.4853,57.4853,55,6,2,backward
orz704d,149,3406.4,61.5563,60.9706,57,6,2,backward
orz704d,150,3500.6,63.2132,62.6274,57,8,2,backward
orz704d,151,3489,62.3137,62.3137,59,7,2,backward
orz704d,152,3386.8,63.6274,63.0416,57,8,2,backward
orz704d,153,3438.2,61.8995,61.0711,59,7,2,backward
orz704d,154,3293,62.3848,61.799,57,8,2,backward
orz704d,155,3335.8,60.6569,60.6569,59,7,2,backward
orz704d,156,3330.2,61.0711,61.0711,59,7,2,backward
orz704d,157,3947,64.4142,63.8284,64,8,2,backward
orz704d,158,4053.8,62.2843,62.2843,54,10,2,backward
orz704d,159,4370.6,66.0416,66.0416,59,11,2,backward
orz704d,160,4915.8,69.2132,67.799,63,15,2,backward
orz704d,161,5212.6,67.3137,66.3137,64,16,2,backward
orz704d,162,3945.2,65.8995,65.8995,63,8,2,backward
orz704d,163,4019.4,66.0711,66.0711,64,9,2,backward
orz704d,164,4320,64.6274,64.6274,58,10,2,backward
orz704d,165,4381.6,67.6274,67.6274,61,11,2,backward
orz704d,166,3739.8,64.4853,64.4853,62,7,2,backward
orz704d,167,3749.8,65.8995,64.4853,63,8,2,backward
orz704d,168,4160.8,67.8995,67.8995,65,11,2,backward
orz704d,169,4950.8,71.4558,70.4558,64,18,2,backward
orz704d,170,4120.2,68.4853,68.4853,66,8,2,backward
orz704d,171,5319.6,73.6274,71.9706,67,18,2,backward
orz704d,172,6532.6,68.8701,68.8701,61,10,2,backward
orz704d,173,3707,70.8995,70.8995,68,12,2,backward
orz704d,174,4050,70.2426,70.2426,69,13,2,backward
orz704d,175,3799.6,68.5563,68.5563,64,12,2,backward
orz704d,176,4202.2,72.2843,71.4558,64,18,2,backward
orz704d,177,3870.8,71.3137,70.4853,68,14,2,backward
orz704d,178,3697.2,69.2426,69.2426,68,12,2,backward
orz704d,179,3522,73.5563,72.9706,69,11,2,backward
orz704d,180,3601.8,74.3137,74.3137,71,13,2,backward
orz704d,181,4349.6,75.2426,75.2426,74,17,2,backward
orz704d,182,4168.2,75.6569,75.6569,74,17,2,backward
orz704d,183,4153.6,75.2132,74.3848,69,17,2,backward
orz704d,184,3735.6,73.3137,73.3137,70,12,2,backward
orz704d,185,3447.6,73.4853,73.4853,71,13,2,backward
orz704d,186,3723.4,73.5563,72.9706,69,12,2,backward
orz704d,187,3742.4,75.0416,75.0416,68,14,2,backward
orz704d,188,3881.4,75.3848,75.3848,70,12,2,backward
orz704d,189,4301.6,77.0416,76.4558,70,15,2,backward
orz704d,190,3901.4,76.7279,76.1421,73,12,2,backward
orz704d,191,4211.8,76.8995,76.8995,74,16,2,backward
orz704d,192,4038.6,77.8995,77.8995,75,17,2,backward
orz704d,193,4512.4,77.4142,77.4142,77,19,2,backward
orz704d,194,4138.8,77.9706,76.5563,73,16,2,backward
orz704d,195,4092.4,77.4853,76.0711,75,17,2,backward
orz704d,196,3923.4,76.2426,76.2426,75,16,2,backward
orz704d,197,3862.8,76.7279,76.7279,73,14,2,backward
orz704d,198,4467,79.8995,78.4853,77,20,2,backward
