map,scenid,tcost,distance,expect,steps,r
ca_caverns2,0,2968.8,7.07107,7.07107,6,16
ca_caverns2,1,1894.2,6.82843,6.82843,7,16
ca_caverns2,2,1700,7.24264,7.24264,7,16
ca_caverns2,3,1584,7.07107,7.07107,6,16
ca_caverns2,4,771.4,4.41421,4.41421,5,16
ca_caverns2,5,1158.6,5,5,6,16
ca_caverns2,6,681.6,5,5,6,16
ca_caverns2,7,1680,7.41421,7.41421,8,16
ca_caverns2,8,1702.6,7.24264,7.24264,7,16
ca_caverns2,9,1362.8,6.82843,6.82843,7,16
ca_caverns2,10,1975.6,9.65685,9.65685,9,16
ca_caverns2,11,2433.2,11.8995,11.8995,10,16
ca_caverns2,12,1992.2,10.6569,10.6569,10,16
ca_caverns2,13,1808.2,10.8284,10.8284,11,16
ca_caverns2,14,2198.2,10.4853,10.4853,9,16
ca_caverns2,15,1652.4,9.65685,9.65685,9,16
ca_caverns2,16,2070.6,10.6569,10.6569,10,16
ca_caverns2,17,2007.2,9.65685,9.65685,9,16
ca_caverns2,18,1604.8,9.07107,9.07107,8,16
ca_caverns2,19,1577.2,8.82843,8.82843,9,16
ca_caverns2,20,2495.4,14.2426,14.2426,14,16
ca_caverns2,21,2645.6,13.8284,13.8284,14,16
ca_caverns2,22,2372.8,15.0711,15.0711,14,16
ca_caverns2,23,3538.4,17.0711,15.8995,16,16
ca_caverns2,24,2801.6,15.8995,15.8995,14,16
ca_caverns2,25,2609.6,15.6569,15.6569,15,16
ca_caverns2,26,2233,12.4853,12.4853,11,16
ca_caverns2,27,2583.6,13.4853,13.4853,12,16
ca_caverns2,28,7187.6,15.4853,15.4853,14,16
ca_caverns2,29,1920.8,12.0711,12.0711,11,16
ca_caverns2,30,2562.2,17.2426,17.2426,17,16
ca_caverns2,31,3273.4,19.4142,19.4142,20,16
ca_caverns2,32,3428.8,19.6569,19.6569,19,16
ca_caverns2,33,2746.2,18.6569,18.6569,18,16
ca_caverns2,34,4497.2,22.4853,19.6569,21,16
ca_caverns2,35,3241,19.8284,19.8284,20,16
ca_caverns2,36,2806.4,18.3137,18.3137,16,16
ca_caverns2,37,3320.6,19.3848,19.3848,15,16
ca_caverns2,38,3034.4,17.4853,17.4853,16,16
ca_caverns2,39,3214.4,16.8995,16.0711,15,16
ca_caverns2,40,3729.4,23.8995,23.8995,22,16
ca_caverns2,41,3097.6,23.2426,23.2426,23,16
ca_caverns2,42,3717.6,23.1421,23.1421,20,16
ca_caverns2,43,5056.8,27.3137,23.6569,25,16
ca_caverns2,44,4119.4,25.7279,23.4853,23,16
ca_caverns2,45,3854.2,22.4853,22.4853,21,16
ca_caverns2,46,4270.8,21.5563,21.5563,18,16
ca_caverns2,47,4154.2,20.3137,20.3137,18,16
ca_caverns2,48,3913,23.1421,20.0711,20,16
ca_caverns2,49,3245,21.3137,21.3137,19,16
ca_caverns2,50,4178.4,24.4142,24.4142,25,16
ca_caverns2,51,3937,25.4853,25.4853,24,16
ca_caverns2,52,5608.4,28.799,26.5563,24,16
ca_caverns2,53,3960,25.4853,25.4853,24,16
ca_caverns2,54,4469.6,25.8995,25.8995,24,16
ca_caverns2,55,4768.2,27.2132,27.2132,22,16
ca_caverns2,56,4503,27.3848,27.3848,23,16
ca_caverns2,57,4266.2,27.3137,26.4853,25,16
ca_caverns2,58,4297.2,28.1421,25.6569,25,16
ca_caverns2,59,3963.2,24.3137,24.3137,22,16
ca_caverns2,60,6990.2,32.4853,30.2426,31,16
ca_caverns2,61,5437,32.0711,31.2426,31,16
ca_caverns2,62,4704.4,29.9706,29.9706,26,16
ca_caverns2,63,5716,28.9706,28.9706,25,16
ca_caverns2,64,5694.4,31.1421,31.1421,28,16
ca_caverns2,65,6157.6,32.4853,30.8284,31,16
ca_caverns2,66,5306,30.3848,30.3848,26,16
ca_caverns2,67,8751,35.6274,31.1421,30,16
ca_caverns2,68,8260.2,36.9706,31.0711,33,16
ca_caverns2,69,5112,28.7279,28.7279,26,16
ca_caverns2,70,30832.6,34.9706,32.9706,31,16
ca_caverns2,71,6134.2,34.1421,34.1421,31,16
ca_caverns2,72,20554.2,32.5563,32.5563,29,16
ca_caverns2,73,6070.2,34.799,33.9706,30,16
ca_caverns2,74,5910.6,33.3848,33.3848,29,16
ca_caverns2,75,8476.6,38.2132,34.8995,33,16
ca_caverns2,76,5721,32.6569,32.6569,32,16
ca_caverns2,77,5042.2,32.8284,32.8284,33,16
ca_caverns2,78,5901,37.1421,34.0711,34,16
ca_caverns2,79,5968.8,34.6569,34.6569,34,16
ca_caverns2,80,6854.6,37.5563,37.5563,34,16
ca_caverns2,81,11016.6,36.799,36.799,32,16
ca_caverns2,82,6562.4,37.0416,37.0416,31,16
ca_caverns2,83,5920.6,37.4142,37.4142,38,16
ca_caverns2,84,8340.4,41.6274,36.3137,36,16
ca_caverns2,85,19739.2,43.799,39.4558,39,16
ca_caverns2,86,9126.6,36.5563,36.5563,33,16
ca_caverns2,87,5527.8,38.6569,38.6569,38,16
ca_caverns2,88,8011.2,39.9411,39.9411,31,16
ca_caverns2,89,19761.8,41.5563,38.4853,38,16
ca_caverns2,90,8251.8,42.4853,42.4853,41,16
ca_caverns2,91,6668.6,41.6569,41.6569,41,16
ca_caverns2,92,7189.8,43.8995,43.8995,42,16
ca_caverns2,93,38094.4,47.2843,42.799,40,16
ca_caverns2,94,7972,42.6985,42.6985,35,16
ca_caverns2,95,22293.4,41.0711,41.0711,40,16
ca_caverns2,96,81693.4,48.8701,42.8701,42,16
ca_caverns2,97,8007.8,40.6274,40.6274,35,16
ca_caverns2,98,39364.4,54.5269,42.7279,46,16
ca_caverns2,99,8953.2,45.4558,40.9706,39,16
ca_caverns2,100,8412.4,46.8284,46.8284,47,16
ca_caverns2,101,7261.8,47.1421,44.6569,44,16
ca_caverns2,102,7795.4,44.6569,44.6569,44,16
ca_caverns2,103,13839.6,52.2843,47.6985,45,16
ca_caverns2,104,7843.8,44.8284,44.8284,45,16
ca_caverns2,105,9253.8,49.6985,47.3553,42,16
ca_caverns2,106,111361,48.799,45.9706,44,16
ca_caverns2,107,8500.2,44.9706,44.1421,41,16
ca_caverns2,108,20441.8,51.5563,45.0711,48,16
ca_caverns2,109,9235,46.4264,46.4264,35,16
ca_caverns2,110,276280,52.3553,49.8701,43,16
ca_caverns2,111,10318.6,56.2132,51.1421,51,16
ca_caverns2,112,29485.6,60.598,48.3137,50,16
ca_caverns2,113,11182.2,53.5269,51.2843,45,16
ca_caverns2,114,23405.6,58.3553,51.3848,49,16
ca_caverns2,115,9168,50.7696,50.7696,41,16
ca_caverns2,116,26654.2,53.6274,50.799,48,16
ca_caverns2,117,9259.4,50.9411,50.9411,42,16
ca_caverns2,118,10453.8,48.5563,48.5563,45,16
ca_caverns2,119,9652,51.2132,50.3848,46,16
ca_caverns2,120,12227.4,53.598,52.7696,43,16
ca_caverns2,121,16552.4,56.2132,53.7279,51,16
ca_caverns2,122,12143.6,57.1421,54.8995,54,16
ca_caverns2,123,116783,54.799,52.2132,50,16
ca_caverns2,124,19364.4,66.4264,53.799,55,16
ca_caverns2,125,32711.6,61.5269,53.6274,53,16
ca_caverns2,126,15508,57.2843,52.799,50,16
ca_caverns2,127,10068.4,53.3137,52.4853,51,16
ca_caverns2,128,75259.8,55.5563,54.9706,52,16
ca_caverns2,129,244582,57.6985,55.9411,50,16
ca_caverns2,130,100016,57.5563,57.5563,54,16
ca_caverns2,131,11746.4,57.2132,57.2132,52,16
ca_caverns2,132,72737.4,61.5269,59.0416,53,16
ca_caverns2,133,12152.8,62.1127,59.2843,54,16
ca_caverns2,134,11714.4,58.6274,56.9706,53,16
ca_caverns2,135,10223.2,57.6985,57.6985,50,16
ca_caverns2,136,15817.4,60.9411,57.6274,52,16
ca_caverns2,137,357021,57.1421,57.1421,54,16
ca_caverns2,138,12178,59.0122,59.0122,48,16
ca_caverns2,139,12468.6,56.2843,56.2843,49,16
ca_caverns2,140,11798.6,62.5269,62.5269,54,16
ca_caverns2,141,14988.4,62.9411,62.1127,54,16
ca_caverns2,142,13404.4,62.4264,61.598,51,16
ca_caverns2,143,21187.2,70.1127,63.9706,62,16
ca_caverns2,144,12736.6,60.6274,60.6274,55,16
ca_caverns2,145,13573.6,63.2843,63.2843,56,16
ca_caverns2,146,37602.6,71.5269,63.2843,63,16
ca_caverns2,147,12282.2,63.8406,63.8406,52,16
ca_caverns2,148,13963,62.9706,62.3848,59,16
ca_caverns2,149,18574.6,72.8406,60.4558,61,16
ca_caverns2,150,13703.2,69.1838,67.7696,59,16
ca_caverns2,151,214083,72.4264,66.0416,61,16
ca_caverns2,152,13529.4,69.8701,64.3137,63,16
ca_caverns2,153,13504.4,66.0122,65.1838,55,16
ca_caverns2,154,294951,64.7279,64.7279,62,16
ca_caverns2,155,31862.8,68.8701,64.9706,62,16
ca_caverns2,156,13032.2,67.2132,64.1421,62,16
ca_caverns2,157,21959,69.4264,65.7696,58,16
ca_caverns2,158,13343.6,65.8406,65.0122,54,16
ca_caverns2,159,48057.8,66.9706,66.9706,63,16
ca_caverns2,160,14873.8,70.5563,70.5563,67,16
ca_caverns2,161,27895.8,71.5563,71.5563,68,16
ca_caverns2,162,566129,71.4558,71.4558,65,16
ca_caverns2,163,24668.2,69.4558,69.4558,63,16
ca_caverns2,164,85997.6,71.9411,69.1127,63,16
ca_caverns2,165,19192.4,77.5269,69.3848,69,16
ca_caverns2,166,248821,69.8995,69.8995,68,16
ca_caverns2,167,15065.6,72.0416,71.2132,66,16
ca_caverns2,168,27286.8,75.0833,69.4264,62,16
ca_caverns2,169,134902,68.2548,68.2548,56,16
ca_caverns2,170,90119.4,84.8406,75.9706,73,16
ca_caverns2,171,2.01367e+06,75.8995,75.8995,74,16
ca_caverns2,172,15055.2,77.4853,75.2426,76,16
ca_caverns2,173,189699,72.9411,72.9411,64,16
ca_caverns2,174,15322.4,78.1127,75.0416,70,16
ca_caverns2,175,21374.4,75.1421,74.3137,72,16
ca_caverns2,176,67702.8,90.0833,75.799,77,16
ca_caverns2,177,85612,74.8701,74.0416,68,16
ca_caverns2,178,183765,75.8406,75.8406,64,16
ca_caverns2,179,16215,75.598,75.598,65,16
ca_caverns2,180,17066.6,81.9706,79.3848,78,16
ca_caverns2,181,18821,81.1127,76.6274,73,16
ca_caverns2,182,16703,79.6569,79.6569,79,16
ca_caverns2,183,102908,91.2254,77.7696,74,16
ca_caverns2,184,199659,77.9706,77.9706,74,16
ca_caverns2,185,26484.6,84.6274,78.7279,79,16
ca_caverns2,186,15313.6,80.1127,76.799,72,16
ca_caverns2,187,995139,79.1838,79.1838,69,16
ca_caverns2,188,990951,76.2843,76.2843,69,16
ca_caverns2,189,1.48166e+06,80.5563,78.8995,77,16
ca_caverns2,190,466190,81.799,81.799,77,16
ca_caverns2,191,79986.8,82.2843,82.2843,75,16
ca_caverns2,192,1.16377e+06,81.5685,81.5685,66,16
ca_caverns2,193,35476.6,89.0833,82.9411,76,16
ca_caverns2,194,18340.2,86.7401,83.669,72,16
ca_caverns2,195,280689,81.4558,80.6274,75,16
ca_caverns2,196,17228.8,87.8701,83.9706,81,16
ca_caverns2,197,19006,81.3259,80.4975,67,16
ca_caverns2,198,187222,83.8112,83.8112,67,16
ca_caverns2,199,78123.4,90.2548,83.5269,78,16
ca_caverns2,200,17747.6,86.9117,86.0833,73,16
ca_caverns2,201,144004,91.4264,87.1838,80,16
ca_caverns2,202,18633.6,87.6274,87.6274,82,16
ca_caverns2,203,86716.4,97.1543,87.4558,82,16
ca_caverns2,204,19335,90.2548,86.3553,78,16
ca_caverns2,205,569471,91.5685,87.9117,76,16
ca_caverns2,206,89951.8,85.6274,85.6274,80,16
ca_caverns2,207,324344,84.2843,84.2843,77,16
ca_caverns2,208,21970.2,89.8112,87.3259,73,16
ca_caverns2,209,30764.2,89.4264,87.1838,78,16
ca_caverns2,210,25280.6,92.3553,88.2132,83,16
ca_caverns2,211,1.14547e+06,90.0538,90.0538,72,16
ca_caverns2,212,28119.2,93.5269,88.5563,85,16
ca_caverns2,213,627787,89.4975,89.4975,76,16
ca_caverns2,214,172968,88.0833,88.0833,75,16
ca_caverns2,215,128268,91.0416,91.0416,85,16
ca_caverns2,216,497621,93.4264,90.9411,82,16
ca_caverns2,217,21749,96.4264,89.6985,85,16
ca_caverns2,218,202273,90.9706,90.9706,87,16
ca_caverns2,219,22315.4,91.6274,90.799,86,16
ca_caverns2,220,272282,105.983,93.6985,90,16
ca_caverns2,221,320678,94.598,94.598,84,16
ca_caverns2,222,130220,97.4264,93.2843,86,16
ca_caverns2,223,302325,95.7401,95.7401,81,16
ca_caverns2,224,121147,95.2843,95.2843,88,16
ca_caverns2,225,506667,94.6274,94.6274,89,16
ca_caverns2,226,22973,100.012,95.5269,89,16
ca_caverns2,227,677912,93.7696,93.7696,84,16
ca_caverns2,228,20625.2,92.3848,92.3848,88,16
ca_caverns2,229,317745,95.4558,94.0416,89,16
ca_caverns2,230,432982,96.669,96.669,84,16
ca_caverns2,231,1.11056e+06,99.5269,99.5269,91,16
ca_caverns2,232,178430,105.74,98.1838,91,16
ca_caverns2,233,1.40896e+06,96.2132,96.2132,91,16
ca_caverns2,234,27065.2,104.326,99.0122,90,16
ca_caverns2,235,26857.8,102.841,96.9411,91,16
ca_caverns2,236,24805.6,100.983,98.397,85,16
ca_caverns2,237,224819,97.799,97.799,93,16
ca_caverns2,238,38311.6,97.6274,97.6274,92,16
ca_caverns2,239,320636,96.2548,96.2548,84,16
ca_caverns2,240,75759.4,108.983,101.426,93,16
ca_caverns2,241,22860.2,105.355,102.527,96,16
ca_caverns2,242,28333.6,110.941,101.385,102,16
ca_caverns2,243,217830,102.87,102.87,96,16
ca_caverns2,244,522338,103.456,101.799,97,16
ca_caverns2,245,23127.2,103.882,101.397,85,16
ca_caverns2,246,509525,101.397,101.397,85,16
ca_caverns2,247,900505,100.012,100.012,89,16
ca_caverns2,248,126320,101.627,101.627,96,16
ca_caverns2,249,207107,102.74,102.74,88,16
ca_caverns2,250,626819,104.355,104.355,95,16
ca_caverns2,251,449156,107.184,107.184,97,16
ca_caverns2,252,126285,106.012,104.355,95,16
ca_caverns2,253,1.50304e+06,107.598,106.77,97,16
ca_caverns2,254,472813,106.598,106.598,96,16
ca_caverns2,255,56988.4,110.64,107.326,93,16
ca_caverns2,256,22752.2,108.64,104.74,91,16
ca_caverns2,257,499902,105.355,105.355,96,16
ca_caverns2,258,68009.4,105.598,105.598,95,16
ca_caverns2,259,230725,114.326,104.627,100,16
ca_caverns2,260,214818,119.811,110.355,103,16
ca_caverns2,261,357390,109.054,109.054,91,16
ca_caverns2,262,28262.6,113.569,110.497,98,16
ca_caverns2,263,2.99023e+06,109.213,109.213,104,16
ca_caverns2,264,47072.2,115.355,109.799,106,16
ca_caverns2,265,682042,109.113,109.113,101,16
ca_caverns2,266,625577,109.912,109.912,96,16
ca_caverns2,267,1.09581e+06,111.397,111.397,95,16
ca_caverns2,268,73208.8,118.811,108.426,102,16
ca_caverns2,269,615178,108.042,108.042,102,16
ca_caverns2,270,1.17661e+06,116.912,115.255,103,16
ca_caverns2,271,84252,112.77,112.77,103,16
ca_caverns2,272,397097,112.355,112.355,103,16
ca_caverns2,273,29832.6,121.983,115.598,106,16
ca_caverns2,274,101431,123.497,113.456,110,16
ca_caverns2,275,30086.6,115.255,113.012,103,16
ca_caverns2,276,29938.8,117.912,114.598,104,16
ca_caverns2,277,423280,112.184,112.184,102,16
ca_caverns2,278,284170,113.456,113.456,107,16
ca_caverns2,279,307715,113.971,113.971,110,16
ca_caverns2,280,432120,121.811,119.326,105,16
ca_caverns2,281,1.46907e+06,119.154,119.154,104,16
ca_caverns2,282,926460,117.083,117.083,104,16
ca_caverns2,283,524758,130.64,118.255,113,16
ca_caverns2,284,840563,119.154,118.326,104,16
ca_caverns2,285,99830.6,134.64,118.698,117,16
ca_caverns2,286,1.79063e+06,119.841,119.841,108,16
ca_caverns2,287,46075.6,121.61,117.711,99,16
ca_caverns2,288,434187,119.941,119.941,111,16
ca_caverns2,289,418504,118.255,118.255,106,16
ca_caverns2,290,69416.4,126.598,123.284,116,16
ca_caverns2,291,1.49915e+06,122.054,122.054,104,16
ca_caverns2,292,218890,122.627,122.627,117,16
ca_caverns2,293,412080,120.113,120.113,112,16
ca_caverns2,294,39607.2,125.054,120.912,107,16
ca_caverns2,295,653808,122.083,122.083,109,16
ca_caverns2,296,315393,120.799,120.799,116,16
ca_caverns2,297,138567,123.527,123.527,115,16
ca_caverns2,298,1.30346e+06,122.74,121.912,108,16
ca_caverns2,299,242296,123.255,123.255,111,16
ca_caverns2,300,1.70691e+06,126.882,126.882,108,16
ca_caverns2,301,34503,128.184,126.527,118,16
ca_caverns2,302,2.60638e+06,127.426,124.113,116,16
ca_caverns2,303,146836,125.77,125.77,116,16
ca_caverns2,304,1.37489e+06,124.912,124.912,111,16
ca_caverns2,305,153389,124.941,124.941,116,16
ca_caverns2,306,2.63694e+06,124.113,124.113,116,16
ca_caverns2,307,1.26719e+06,127.012,127.012,116,16
ca_caverns2,308,480802,127.598,127.598,117,16
ca_caverns2,309,312605,124.598,124.598,114,16
ca_caverns2,310,1.02405e+06,131.326,131.326,117,16
ca_caverns2,311,605604,129.397,129.397,113,16
ca_caverns2,312,571500,131.355,131.355,122,16
ca_caverns2,313,988272,138.083,129.598,125,16
ca_caverns2,314,255923,139.539,130.083,119,16
ca_caverns2,315,38822.2,134.054,129.083,116,16
ca_caverns2,316,288756,128.87,128.87,122,16
ca_caverns2,317,597852,129.912,129.912,116,16
ca_caverns2,318,137615,139.255,128.385,127,16
ca_caverns2,319,826925,133.882,131.397,115,16
ca_caverns2,320,1.7326e+06,135.598,135.598,125,16
ca_caverns2,321,380614,133.87,133.87,127,16
ca_caverns2,322,2.72686e+06,135.213,135.213,130,16
ca_caverns2,323,138439,144.054,133.184,126,16
ca_caverns2,324,298601,133.284,133.284,126,16
ca_caverns2,325,217569,132.983,132.983,117,16
ca_caverns2,326,409128,132.912,132.912,119,16
ca_caverns2,327,243209,132.941,132.941,124,16
ca_caverns2,328,1.73928e+06,135.255,135.255,123,16
ca_caverns2,329,233860,135.598,135.598,125,16
ca_caverns2,330,1.72449e+06,138.669,138.669,126,16
ca_caverns2,331,201956,139.841,139.841,128,16
ca_caverns2,332,732331,137.711,137.711,118,16
ca_caverns2,333,1.45454e+06,148.64,139.184,131,16
ca_caverns2,334,175811,138.012,138.012,127,16
ca_caverns2,335,2.16793e+06,136.539,136.539,116,16
ca_caverns2,336,33789.4,142.912,138.184,129,16
ca_caverns2,337,2.42114e+06,136.983,136.983,121,16
ca_caverns2,338,88345.4,147.368,139.569,126,16
ca_caverns2,339,1.533e+06,139.468,139.468,121,16
ca_caverns2,340,1.32494e+06,153.368,143.083,132,16
ca_caverns2,341,1.55301e+06,143.113,142.284,135,16
ca_caverns2,342,518700,142.698,142.698,135,16
ca_caverns2,343,434650,145.497,140.77,132,16
ca_caverns2,344,295182,149.468,142.841,131,16
ca_caverns2,345,2.55229e+06,143.598,143.598,133,16
ca_caverns2,346,2.32115e+06,143.426,143.426,132,16
ca_caverns2,347,1.85589e+06,143.811,143.811,127,16
ca_caverns2,348,43442.2,149.225,141.426,132,16
ca_caverns2,349,3.10089e+06,142.012,142.012,131,16
ca_caverns2,350,771516,158.681,147.569,134,16
ca_caverns2,351,4.10085e+06,144.042,144.042,138,16
ca_caverns2,352,184805,145.983,145.983,130,16
ca_caverns2,353,696663,146.012,146.012,135,16
ca_caverns2,354,72098.8,153.397,144.184,137,16
ca_caverns2,355,786905,147.669,147.669,135,16
ca_caverns2,356,1.11874e+06,144.497,144.497,131,16
ca_caverns2,357,1.65309e+06,144.225,144.225,127,16
ca_caverns2,358,581168,147.841,147.841,136,16
ca_caverns2,359,632757,148.841,145.77,137,16
ca_caverns2,360,771153,150.497,150.497,137,16
ca_caverns2,361,558171,148.497,148.497,135,16
ca_caverns2,362,649276,151.698,151.698,144,16
ca_caverns2,363,599125,148.598,148.598,138,16
ca_caverns2,364,1.15977e+06,149.841,148.184,138,16
ca_caverns2,365,535071,150.255,150.255,138,16
ca_caverns2,366,2.47359e+06,151.811,151.811,135,16
ca_caverns2,367,2.55947e+06,148.054,148.054,130,16
ca_caverns2,368,1.26546e+06,148.326,148.326,134,16
ca_caverns2,369,4.79652e+06,148.355,148.355,139,16
ca_caverns2,370,404358,157.74,153.012,143,16
ca_caverns2,371,2.60647e+06,155.296,155.296,136,16
ca_caverns2,372,712217,154.326,154.326,140,16
ca_caverns2,373,789815,152.426,152.426,141,16
ca_caverns2,374,3.52528e+06,154.054,153.225,136,16
ca_caverns2,375,1.98571e+06,155.841,155.841,144,16
ca_caverns2,376,1.65267e+06,154.326,153.497,140,16
ca_caverns2,377,1.84445e+06,152.184,152.184,142,16
ca_caverns2,378,1.77623e+06,161.154,155.012,146,16
ca_caverns2,379,749473,152.912,152.912,139,16
ca_caverns2,380,1.0063e+06,157.882,157.882,139,16
ca_caverns2,381,3.39181e+06,158.853,158.853,135,16
ca_caverns2,382,4.31533e+06,158.527,158.527,150,16
ca_caverns2,383,42197.8,163.569,158.841,148,16
ca_caverns2,384,570074,167.095,159.882,142,16
ca_caverns2,385,4.99314e+06,159.497,156.426,146,16
ca_caverns2,386,133775,158.983,158.983,143,16
ca_caverns2,387,1.52173e+06,159.326,157.083,145,16
ca_caverns2,388,49381.4,163.853,158.882,140,16
ca_caverns2,389,228877,159.539,159.539,139,16
ca_caverns2,390,1.00473e+06,162.083,162.083,149,16
ca_caverns2,391,845299,162.77,160.527,153,16
ca_caverns2,392,351069,163.426,163.426,152,16
ca_caverns2,393,221170,161.113,161.113,153,16
ca_caverns2,394,3.24952e+06,163.125,163.125,143,16
ca_caverns2,395,1.196e+06,163.497,163.497,150,16
ca_caverns2,396,3.26332e+06,163.882,163.882,145,16
ca_caverns2,397,213001,162.74,162.74,148,16
ca_caverns2,398,393166,163.012,163.012,152,16
ca_caverns2,399,342953,161.669,161.669,149,16
ca_caverns2,400,4.34219e+06,168.811,165.74,152,16
ca_caverns2,401,677143,165.497,165.497,152,16
ca_caverns2,402,2.01496e+06,166.468,166.468,148,16
ca_caverns2,403,692845,166.154,166.154,151,16
ca_caverns2,404,464846,166.841,166.841,155,16
ca_caverns2,405,878900,165.74,165.74,151,16
ca_caverns2,406,474459,165.77,165.77,156,16
ca_caverns2,407,1.61932e+06,165.598,165.598,155,16
ca_caverns2,408,105793,168.255,165.184,156,16
ca_caverns2,409,882480,164.77,164.77,155,16
ca_caverns2,410,2.10552e+06,169.841,169.841,158,16
ca_caverns2,411,1.46481e+06,170.225,170.225,153,16
ca_caverns2,412,2.60106e+06,171.74,171.74,157,16
ca_caverns2,413,2.22514e+06,170.267,170.267,146,16
ca_caverns2,414,571318,169.326,169.326,155,16
ca_caverns2,415,4.32615e+06,168.941,168.941,160,16
ca_caverns2,416,249600,169.598,169.598,159,16
ca_caverns2,417,456203,168.882,168.882,150,16
ca_caverns2,418,1.2854e+06,170.64,170.64,153,16
ca_caverns2,419,285005,168.497,168.497,155,16
ca_caverns2,420,456072,173.225,173.225,156,16
ca_caverns2,421,522080,173.439,173.439,150,16
ca_caverns2,422,1.67207e+06,174.711,174.711,155,16
ca_caverns2,423,367258,172.669,172.669,160,16
ca_caverns2,424,6.16239e+06,173.811,173.811,157,16
ca_caverns2,425,4.23188e+06,175.154,175.154,160,16
ca_caverns2,426,683668,172.426,172.426,161,16
ca_caverns2,427,962333,173.598,173.598,163,16
ca_caverns2,428,1.52941e+06,172.154,172.154,157,16
ca_caverns2,429,5.74263e+06,172.912,172.912,159,16
ca_caverns2,430,336051,178.497,178.497,165,16
ca_caverns2,431,4.1276e+06,177.569,177.569,162,16
ca_caverns2,432,1.81539e+06,177.397,177.397,161,16
ca_caverns2,433,236109,179.841,179.841,168,16
ca_caverns2,434,445667,178.125,178.125,158,16
ca_caverns2,435,1.00005e+06,178.882,178.882,160,16
ca_caverns2,436,716568,185.64,179.74,168,16
ca_caverns2,437,1.22452e+06,177.497,177.497,164,16
ca_caverns2,438,774626,178.255,178.255,166,16
ca_caverns2,439,2.32368e+06,177.095,177.095,152,16
ca_caverns2,440,1.20431e+06,190.397,182.012,174,16
ca_caverns2,441,2.11843e+06,181.296,180.125,162,16
ca_caverns2,442,348186,182.397,182.397,166,16
ca_caverns2,443,947247,182.61,182.61,160,16
ca_caverns2,444,213834,183.154,183.154,168,16
ca_caverns2,445,54809.8,188.167,181.782,161,16
ca_caverns2,446,3.17151e+06,184.439,181.368,161,16
ca_caverns2,447,308862,182.782,182.782,161,16
ca_caverns2,448,1.54772e+06,186.61,182.711,164,16
ca_caverns2,449,4.81466e+06,180.941,180.941,172,16
ca_caverns2,450,3.31576e+06,185.811,185.811,169,16
ca_caverns2,451,1.20468e+06,187.468,187.468,169,16
ca_caverns2,452,1.65947e+06,187.882,187.882,169,16
ca_caverns2,453,857533,186.154,186.154,171,16
ca_caverns2,454,272535,196.782,185.083,175,16
ca_caverns2,455,463981,187.569,187.569,172,16
ca_caverns2,456,983713,185.326,185.326,171,16
ca_caverns2,457,338021,187.912,187.912,174,16
ca_caverns2,458,6.03697e+06,187.054,185.397,169,16
ca_caverns2,459,396014,185.225,185.225,168,16
ca_caverns2,460,253685,191.326,191.326,177,16
ca_caverns2,461,860267,191.811,191.811,175,16
ca_caverns2,462,1.4904e+06,191.598,191.598,181,16
ca_caverns2,463,789552,188.912,188.912,175,16
ca_caverns2,464,257562,189.669,189.669,177,16
ca_caverns2,465,1.12212e+06,189.983,189.983,174,16
ca_caverns2,466,433712,189.669,189.669,177,16
ca_caverns2,467,842633,190.255,190.255,178,16
ca_caverns2,468,311369,188.669,188.669,176,16
ca_caverns2,469,6.41715e+06,191.497,191.497,178,16
ca_caverns2,470,395742,195.983,195.983,180,16
ca_caverns2,471,1.88815e+06,195.255,195.255,183,16
ca_caverns2,472,566333,194.083,194.083,181,16
ca_caverns2,473,5.97814e+06,193.853,193.853,170,16
ca_caverns2,474,1.22054e+06,193.74,193.74,179,16
ca_caverns2,475,4.58558e+06,194.711,194.711,175,16
ca_caverns2,476,1.09772e+06,193.225,193.225,176,16
ca_caverns2,477,613235,194.74,194.74,180,16
ca_caverns2,478,790830,192.397,192.397,176,16
ca_caverns2,479,1.58996e+06,195.912,195.912,182,16
ca_caverns2,480,236328,197.64,197.64,180,16
ca_caverns2,481,2.57852e+06,196.64,196.64,179,16
ca_caverns2,482,2.21898e+06,199.255,199.255,187,16
ca_caverns2,483,329665,196.497,196.497,183,16
ca_caverns2,484,275564,198.811,197.154,182,16
ca_caverns2,485,579152,198.912,198.912,185,16
ca_caverns2,486,872599,199.225,199.225,182,16
ca_caverns2,487,1.84754e+06,197.255,197.255,185,16
ca_caverns2,488,1.93981e+06,199.497,199.497,186,16
ca_caverns2,489,2.22298e+06,196.912,196.912,183,16
ca_caverns2,490,3.77375e+06,203.439,202.61,180,16
ca_caverns2,491,351335,203.468,200.154,185,16
ca_caverns2,492,4.9746e+06,202.74,202.74,188,16
ca_caverns2,493,427869,200.409,200.409,172,16
ca_caverns2,494,1.24301e+06,201.782,201.782,180,16
ca_caverns2,495,1.40308e+06,200.439,200.439,177,16
ca_caverns2,496,2.0512e+06,200.711,200.711,181,16
ca_caverns2,497,1.55537e+06,203.983,203.983,188,16
ca_caverns2,498,1.12068e+06,200.497,200.497,187,16
ca_caverns2,499,2.45844e+06,202.74,202.74,188,16
ca_caverns2,500,1.9066e+06,205.468,205.468,187,16
ca_caverns2,501,1.55735e+06,207.811,207.811,191,16
ca_caverns2,502,336958,207.154,207.154,192,16
ca_caverns2,503,1.67007e+06,206.326,206.326,192,16
ca_caverns2,504,1.39781e+06,207.296,207.296,188,16
ca_caverns2,505,302336,204.326,204.326,190,16
ca_caverns2,506,4.2199e+06,204.853,204.853,181,16
ca_caverns2,507,3.52616e+06,207.054,207.054,189,16
ca_caverns2,508,365188,207.912,207.912,194,16
ca_caverns2,509,1.26416e+06,204.853,204.853,181,16
ca_caverns2,510,267735,211.882,211.882,193,16
ca_caverns2,511,539421,210.083,210.083,197,16
ca_caverns2,512,329145,208.012,208.012,197,16
ca_caverns2,513,950682,210.711,210.711,191,16
ca_caverns2,514,1.92765e+06,210.539,210.539,190,16
ca_caverns2,515,488587,210.125,210.125,190,16
ca_caverns2,516,679402,211.225,211.225,194,16
ca_caverns2,517,753166,211.669,211.083,199,16
ca_caverns2,518,1.80635e+06,208.468,208.468,190,16
ca_caverns2,519,1.10398e+06,210.61,210.61,188,16
ca_caverns2,520,5.26093e+06,213.439,213.439,190,16
ca_caverns2,521,1.42918e+06,215.681,215.681,191,16
ca_caverns2,522,1.21871e+06,214.468,214.468,196,16
ca_caverns2,523,614137,215.882,215.882,197,16
ca_caverns2,524,2.3243e+06,213.64,213.64,196,16
ca_caverns2,525,776612,213.983,213.983,198,16
ca_caverns2,526,8.86968e+06,214.811,214.811,198,16
ca_caverns2,527,3.48087e+06,212.912,212.912,199,16
ca_caverns2,528,1.45646e+06,212.882,212.882,194,16
ca_caverns2,529,703585,213.024,213.024,190,16
ca_caverns2,530,1.96856e+06,216.924,216.924,191,16
ca_caverns2,531,756827,217.569,217.569,202,16
ca_caverns2,532,363084,219.74,219.74,205,16
ca_caverns2,533,1.30499e+06,218.054,218.054,200,16
ca_caverns2,534,799989,217.497,217.497,204,16
ca_caverns2,535,1.16198e+06,216.853,216.853,193,16
ca_caverns2,536,1.49713e+06,225.811,219.669,209,16
ca_caverns2,537,2.96466e+06,216.225,216.225,199,16
ca_caverns2,538,1.52147e+06,218.882,218.882,200,16
ca_caverns2,539,583276,219.569,219.569,204,16
ca_caverns2,540,7.53159e+06,221.296,221.296,202,16
ca_caverns2,541,893567,221.125,221.125,201,16
ca_caverns2,542,966586,221.326,221.326,207,16
ca_caverns2,543,427403,222.083,222.083,209,16
ca_caverns2,544,1.28174e+06,222.569,220.326,207,16
ca_caverns2,545,636293,221.882,221.882,203,16
ca_caverns2,546,944206,223.681,223.681,199,16
ca_caverns2,547,524995,224.439,223.61,201,16
ca_caverns2,548,4.35976e+06,220.569,220.569,205,16
ca_caverns2,549,1.36342e+06,223.782,223.782,202,16
ca_caverns2,550,818266,225.368,225.368,204,16
ca_caverns2,551,716466,224.569,224.569,209,16
ca_caverns2,552,174732,227.326,227.326,213,16
ca_caverns2,553,9.58484e+06,225.267,225.267,201,16
ca_caverns2,554,1.47949e+06,225.853,225.853,202,16
ca_caverns2,555,460332,227.912,227.912,214,16
ca_caverns2,556,1.19723e+06,226.267,226.267,202,16
ca_caverns2,557,1.44557e+06,227.439,227.439,204,16
ca_caverns2,558,1.35748e+06,226.326,225.497,212,16
ca_caverns2,559,2.7256e+06,225.953,225.953,205,16
ca_caverns2,560,8.52689e+06,230.983,230.983,215,16
ca_caverns2,561,3.08986e+06,230.61,230.61,208,16
ca_caverns2,562,9.01401e+06,231.024,231.024,208,16
ca_caverns2,563,1.39338e+06,231.095,231.095,206,16
ca_caverns2,564,1.19451e+06,231.338,231.338,205,16
ca_caverns2,565,884027,231.782,231.782,210,16
ca_caverns2,566,342642,231.125,228.64,211,16
ca_caverns2,567,951417,229.397,229.397,213,16
ca_caverns2,568,2.22406e+06,229.397,229.397,213,16
ca_caverns2,569,1.58705e+06,230.782,230.782,209,16
ca_caverns2,570,331035,233.468,233.468,215,16
ca_caverns2,571,1.84116e+06,235.61,235.61,213,16
ca_caverns2,572,1.1743e+06,235.154,235.154,220,16
ca_caverns2,573,1.68457e+06,234.267,234.267,210,16
ca_caverns2,574,1.29027e+06,232.882,232.882,214,16
ca_caverns2,575,633599,232.054,232.054,214,16
ca_caverns2,576,786822,233.681,233.681,209,16
ca_caverns2,577,532668,235.154,235.154,220,16
ca_caverns2,578,863710,235.368,235.368,214,16
ca_caverns2,579,3.60899e+06,233.296,233.296,214,16
ca_caverns2,580,2.97192e+06,236.61,236.61,214,16
ca_caverns2,581,667606,238.338,238.338,212,16
ca_caverns2,582,1.9729e+06,239.054,239.054,221,16
ca_caverns2,583,4.30069e+06,237.267,237.267,213,16
ca_caverns2,584,989961,239.711,239.711,220,16
ca_caverns2,585,1.13504e+06,239.167,239.167,212,16
ca_caverns2,586,971867,236.853,236.853,213,16
ca_caverns2,587,1.8812e+06,238.439,238.439,215,16
ca_caverns2,588,5.61631e+06,238.853,238.853,215,16
ca_caverns2,589,2.39496e+06,239.581,239.581,212,16
ca_caverns2,590,4.54529e+06,243.095,243.095,218,16
ca_caverns2,591,2.39628e+06,242.468,242.468,224,16
ca_caverns2,592,1.01969e+06,240.711,240.711,221,16
ca_caverns2,593,423769,243.581,243.581,216,16
ca_caverns2,594,2.99424e+06,243.711,243.711,224,16
ca_caverns2,595,1.83119e+06,241.539,241.539,221,16
ca_caverns2,596,3.29032e+06,240.782,240.782,219,16
ca_caverns2,597,770450,243.296,243.296,224,16
ca_caverns2,598,887347,243.439,243.439,220,16
ca_caverns2,599,926156,241.51,241.51,216,16
ca_caverns2,600,2.17911e+06,245.912,245.912,232,16
ca_caverns2,601,2.13202e+06,247.497,247.497,234,16
ca_caverns2,602,829115,244.095,244.095,219,16
ca_caverns2,603,1.15223e+06,245.326,245.326,231,16
ca_caverns2,604,892676,244.137,244.137,212,16
ca_caverns2,605,741964,245.752,245.752,219,16
ca_caverns2,606,917517,245.953,245.953,225,16
ca_caverns2,607,1.11969e+06,247.953,247.953,227,16
ca_caverns2,608,727159,244.409,244.409,216,16
ca_caverns2,609,951490,246.095,246.095,221,16
ca_caverns2,610,437349,248.995,248.995,221,16
ca_caverns2,611,2.25975e+06,250.581,250.581,223,16
ca_caverns2,612,5.29772e+06,248.652,248.652,219,16
ca_caverns2,613,728740,251.853,251.853,228,16
ca_caverns2,614,2.88573e+06,250.296,250.296,231,16
ca_caverns2,615,344539,249.711,249.711,230,16
ca_caverns2,616,1.31998e+06,257.853,250.296,234,16
ca_caverns2,617,502589,250.439,250.439,227,16
ca_caverns2,618,2.73938e+06,248.924,248.924,223,16
ca_caverns2,619,1.37836e+06,250.167,250.167,223,16
ca_caverns2,620,1.28567e+06,254.196,254.196,232,16
ca_caverns2,621,908294,253.681,253.681,229,16
ca_caverns2,622,4.05492e+06,252.267,252.267,228,16
ca_caverns2,623,1.27957e+06,252.681,252.681,228,16
ca_caverns2,624,8.06146e+06,253.267,253.267,229,16
ca_caverns2,625,1.10349e+06,252.196,252.196,230,16
ca_caverns2,626,731949,252.882,252.882,234,16
ca_caverns2,627,846103,253.225,253.225,236,16
ca_caverns2,628,680377,254.711,254.711,235,16
ca_caverns2,629,3.22157e+06,252.51,252.51,227,16
ca_caverns2,630,568771,259.882,259.882,241,16
ca_caverns2,631,1.56597e+06,259.652,259.652,230,16
ca_caverns2,632,1.72028e+06,257.823,257.823,229,16
ca_caverns2,633,2.45855e+06,259.439,259.439,236,16
ca_caverns2,634,1.68967e+06,256.095,256.095,231,16
ca_caverns2,635,796729,258.581,258.581,231,16
ca_caverns2,636,7.2813e+06,257.924,257.924,232,16
ca_caverns2,637,8.48527e+06,257.853,257.853,234,16
ca_caverns2,638,3.22899e+06,256.794,256.794,223,16
ca_caverns2,639,890431,256.924,256.924,231,16
ca_caverns2,640,1.18278e+06,261.581,261.581,234,16
ca_caverns2,641,964891,262.581,262.581,235,16
ca_caverns2,642,879848,262.752,262.752,236,16
ca_caverns2,643,2.30279e+06,262.338,262.338,236,16
ca_caverns2,644,1.79714e+06,263.439,263.439,240,16
ca_caverns2,645,1.54479e+06,263.066,263.066,233,16
ca_caverns2,646,1.35112e+06,260.238,260.238,231,16
ca_caverns2,647,601041,263.74,263.74,249,16
ca_caverns2,648,3.71286e+06,260.752,260.752,234,16
ca_caverns2,649,1.28593e+06,261.167,261.167,234,16
ca_caverns2,650,690644,266.853,266.853,243,16
ca_caverns2,651,1.6944e+06,266.338,266.338,240,16
ca_caverns2,652,4.30381e+06,267.953,267.953,247,16
ca_caverns2,653,576843,268.024,267.196,245,16
ca_caverns2,654,1.20544e+06,264.551,264.551,232,16
ca_caverns2,655,6.52125e+06,267.125,267.125,247,16
ca_caverns2,656,2.70237e+06,266.853,266.853,243,16
ca_caverns2,657,3.17541e+06,267.752,267.752,241,16
ca_caverns2,658,798376,265.439,265.439,242,16
ca_caverns2,659,1.88112e+06,265.167,265.167,238,16
ca_caverns2,660,2.58273e+06,269.61,269.61,247,16
ca_caverns2,661,882311,268.681,268.681,244,16
ca_caverns2,662,3.08085e+06,270.338,270.338,244,16
ca_caverns2,663,1.51757e+06,269.752,269.752,243,16
ca_caverns2,664,4.06478e+06,270.782,270.782,249,16
ca_caverns2,665,1.77217e+06,271.983,271.983,256,16
ca_caverns2,666,1.18294e+06,271.551,271.551,239,16
ca_caverns2,667,203949,270.823,269.995,242,16
ca_caverns2,668,574356,270.652,270.652,241,16
ca_caverns2,669,1.73809e+06,269.853,269.853,246,16
ca_caverns2,670,2.34192e+06,273.309,273.309,242,16
ca_caverns2,671,728933,272.054,272.054,254,16
ca_caverns2,672,532594,272.983,272.983,257,16
ca_caverns2,673,4.48696e+06,272.167,272.167,245,16
ca_caverns2,674,951320,275.823,275.823,247,16
ca_caverns2,675,1.25525e+06,275.409,275.409,247,16
ca_caverns2,676,2.1017e+06,277.924,273.196,252,16
ca_caverns2,677,1.42144e+06,273.882,273.882,255,16
ca_caverns2,678,4.64774e+06,272.51,272.51,247,16
ca_caverns2,679,851901,274.409,274.409,246,16
ca_caverns2,680,1.32173e+06,278.238,278.238,249,16
ca_caverns2,681,2.00951e+06,279.51,276.581,254,16
ca_caverns2,682,1.37898e+06,279.652,279.652,250,16
ca_caverns2,683,3.8861e+06,278.711,278.711,259,16
ca_caverns2,684,1.02687e+06,279.539,279.539,259,16
ca_caverns2,685,2.38432e+06,277.368,277.368,256,16
ca_caverns2,686,1.6025e+06,277.409,277.409,249,16
ca_caverns2,687,859086,277.681,277.681,253,16
ca_caverns2,688,575614,279.167,279.167,252,16
ca_caverns2,689,1.85447e+06,278.309,278.309,247,16
ca_caverns2,690,1.84541e+06,280.338,280.338,254,16
ca_caverns2,691,1.31418e+06,282.024,282.024,259,16
ca_caverns2,692,741895,281.238,281.238,252,16
ca_caverns2,693,766037,280.995,280.995,253,16
ca_caverns2,694,3.8266e+06,282.267,282.267,258,16
ca_caverns2,695,720395,287.723,283.48,256,16
ca_caverns2,696,670156,283.551,283.551,251,16
ca_caverns2,697,5.09492e+06,280.267,280.267,256,16
ca_caverns2,698,1.50778e+06,282.095,282.095,257,16
ca_caverns2,699,8.18961e+06,280.267,280.267,256,16
ca_caverns2,700,3.39954e+06,286.752,286.752,260,16
ca_caverns2,701,1.48842e+06,287.652,287.652,258,16
ca_caverns2,702,1.71483e+06,287.309,287.309,256,16
ca_caverns2,703,1.31023e+06,286.652,286.652,257,16
ca_caverns2,704,2.53433e+06,287.38,287.38,254,16
ca_caverns2,705,3.29145e+06,286.279,286.279,250,16
ca_caverns2,706,2.5578e+06,285.752,284.924,259,16
ca_caverns2,707,613988,284.154,284.154,269,16
ca_caverns2,708,1.08204e+06,285.551,285.551,253,16
ca_caverns2,709,2.08861e+06,287.853,287.853,264,16
ca_caverns2,710,626442,291.581,291.581,264,16
ca_caverns2,711,7.88748e+06,290.681,290.681,266,16
ca_caverns2,712,503710,293.551,290.238,261,16
ca_caverns2,713,3.74431e+06,289.894,289.894,259,16
ca_caverns2,714,4.22886e+06,291.468,291.468,273,16
ca_caverns2,715,1.82137e+06,292.338,291.167,266,16
ca_caverns2,716,1.02362e+06,290.054,290.054,272,16
ca_caverns2,717,1.28607e+06,291.095,291.095,266,16
ca_caverns2,718,7.82039e+06,288.48,288.48,258,16
ca_caverns2,719,5.21099e+06,289.338,289.338,263,16
ca_caverns2,720,489363,298.551,292.752,266,16
ca_caverns2,721,3.42579e+06,294.551,294.551,262,16
ca_caverns2,722,1.11941e+06,294.865,294.865,259,16
ca_caverns2,723,519472,294.238,294.238,265,16
ca_caverns2,724,825072,292.439,292.439,269,16
ca_caverns2,725,1.02143e+06,295.338,295.338,269,16
ca_caverns2,726,1.8529e+06,295.894,295.894,265,16
ca_caverns2,727,813769,293.752,293.752,267,16
ca_caverns2,728,1.87735e+06,293.238,293.238,264,16
ca_caverns2,729,1.94531e+06,292.652,292.652,263,16
ca_caverns2,730,977766,296.137,296.137,264,16
ca_caverns2,731,1.83881e+06,298.48,298.48,268,16
ca_caverns2,732,2.07609e+06,297.167,297.167,270,16
ca_caverns2,733,7.07351e+06,299.823,299.823,271,16
ca_caverns2,734,1.70786e+06,299.522,299.522,262,16
ca_caverns2,735,2.04201e+06,296.38,296.38,263,16
ca_caverns2,736,4.67275e+06,298.125,298.125,278,16
ca_caverns2,737,4.76556e+06,298.924,298.924,273,16
ca_caverns2,738,2.17656e+06,296.51,296.51,271,16
ca_caverns2,739,1.18717e+06,299.61,299.61,277,16
ca_caverns2,740,2.07996e+06,302.409,302.409,274,16
ca_caverns2,741,2.74665e+06,301.368,301.368,280,16
ca_caverns2,742,1.00405e+06,300.409,300.409,272,16
ca_caverns2,743,2.39433e+06,303.238,303.238,274,16
ca_caverns2,744,705616,301.167,301.167,274,16
ca_caverns2,745,846422,301.581,301.581,274,16
ca_caverns2,746,1.55075e+06,301.995,301.995,274,16
ca_caverns2,747,5.44132e+06,301.652,301.652,272,16
ca_caverns2,748,5.78651e+06,300.024,300.024,277,16
ca_caverns2,749,8.0851e+06,302.995,302.995,275,16
ca_caverns2,750,1.77439e+06,306.066,306.066,276,16
ca_caverns2,751,5.43694e+06,306.066,306.066,276,16
ca_caverns2,752,1.03657e+06,305.024,304.196,282,16
ca_caverns2,753,8.89759e+06,306.723,306.723,275,16
ca_caverns2,754,1.19709e+06,307.409,307.409,279,16
ca_caverns2,755,1.98421e+06,305.238,305.238,276,16
ca_caverns2,756,1.42738e+06,304.066,304.066,274,16
ca_caverns2,757,3.39972e+06,308.723,307.066,277,16
ca_caverns2,758,799108,305.853,305.853,282,16
ca_caverns2,759,2.79443e+06,304.539,304.539,284,16
ca_caverns2,760,1.88214e+06,312.752,308.853,286,16
ca_caverns2,761,3.87421e+06,309.238,309.238,280,16
ca_caverns2,762,1.5973e+06,310.823,310.823,282,16
ca_caverns2,763,2.24693e+06,308.966,308.137,276,16
ca_caverns2,764,5.0057e+06,309.238,309.238,280,16
ca_caverns2,765,1.29114e+06,311.811,311.811,295,16
ca_caverns2,766,8.235e+06,311.752,311.752,285,16
ca_caverns2,767,1.441e+06,310.024,310.024,287,16
ca_caverns2,768,4.76561e+06,308.409,308.409,280,16
ca_caverns2,769,2.69438e+06,310.752,310.752,284,16
ca_caverns2,770,1.42698e+06,314.865,314.037,279,16
ca_caverns2,771,2.72602e+06,313.167,313.167,286,16
ca_caverns2,772,3.5868e+06,313.924,313.924,288,16
ca_caverns2,773,585863,315.338,315.338,289,16
ca_caverns2,774,5.82405e+06,315.48,315.48,285,16
ca_caverns2,775,1.43273e+06,315.894,315.894,285,16
ca_caverns2,776,5.7213e+06,315.924,315.924,290,16
ca_caverns2,777,2.19869e+06,314.208,314.208,280,16
ca_caverns2,778,1.36237e+06,315.397,315.397,299,16
ca_caverns2,779,597396,315.995,315.995,288,16
ca_caverns2,780,1.91656e+06,318.137,318.137,286,16
ca_caverns2,781,614137,318.853,318.853,295,16
ca_caverns2,782,1.87545e+06,319.924,319.924,294,16
ca_caverns2,783,2.70196e+06,317.752,317.752,291,16
ca_caverns2,784,2.55617e+06,317.095,317.095,292,16
ca_caverns2,785,4.56106e+06,316.894,316.894,286,16
ca_caverns2,786,3.21703e+06,317.309,317.309,286,16
ca_caverns2,787,1.20514e+06,316.137,316.137,284,16
ca_caverns2,788,1.15958e+06,319.066,319.066,289,16
ca_caverns2,789,2.542e+06,318.238,318.238,289,16
ca_caverns2,790,1.08306e+06,320.48,320.48,290,16
ca_caverns2,791,4.68491e+06,321.48,321.48,291,16
ca_caverns2,792,3.94759e+06,320.338,320.338,294,16
ca_caverns2,793,698075,323.569,323.569,308,16
ca_caverns2,794,2.28089e+06,323.853,323.853,300,16
ca_caverns2,795,8.81075e+06,321.409,321.409,293,16
ca_caverns2,796,1.78851e+06,321.137,321.137,289,16
ca_caverns2,797,6.60355e+06,321.167,321.167,294,16
ca_caverns2,798,1.80792e+06,320.794,320.794,287,16
ca_caverns2,799,2.32194e+06,320.865,320.865,285,16
ca_caverns2,800,5.15912e+06,324.409,324.409,296,16
ca_caverns2,801,1.22637e+07,325.238,325.238,296,16
ca_caverns2,802,1.29488e+06,324.61,324.61,302,16
ca_caverns2,803,1.99647e+06,326.894,326.894,296,16
ca_caverns2,804,900475,334.865,327.894,299,16
ca_caverns2,805,3.5652e+06,325.095,325.095,300,16
ca_caverns2,806,2.10885e+06,327.924,327.924,302,16
ca_caverns2,807,1.99407e+06,325.924,325.924,300,16
ca_caverns2,808,4.58893e+06,326.108,326.108,289,16
ca_caverns2,809,3.57927e+06,327.936,327.936,290,16
ca_caverns2,810,1.58408e+06,331.279,331.279,295,16
ca_caverns2,811,1.19212e+06,329.894,329.894,299,16
ca_caverns2,812,1.37475e+06,329.995,329.995,302,16
ca_caverns2,813,1.43963e+06,331.208,331.208,297,16
ca_caverns2,814,3.65165e+06,331.853,331.853,308,16
ca_caverns2,815,1.33299e+06,329.764,328.108,291,16
ca_caverns2,816,3.63096e+06,328.338,328.338,302,16
ca_caverns2,817,1.82404e+06,330.066,330.066,300,16
ca_caverns2,818,1.11298e+06,329.066,329.066,299,16
ca_caverns2,819,1.3886e+06,331.823,331.823,303,16
ca_caverns2,820,1.11318e+06,333.61,333.61,311,16
ca_caverns2,821,1.70808e+06,332.865,332.865,297,16
ca_caverns2,822,5.88641e+06,332.48,332.48,302,16
ca_caverns2,823,2.241e+06,333.267,333.267,309,16
ca_caverns2,824,1.68123e+06,333.48,333.48,303,16
ca_caverns2,825,1.46862e+06,332.551,332.551,300,16
ca_caverns2,826,3.55317e+06,336.38,334.723,303,16
ca_caverns2,827,1.00889e+06,333.309,333.309,302,16
ca_caverns2,828,1.154e+06,333.894,333.894,303,16
ca_caverns2,829,4.50408e+06,332.966,332.966,300,16
ca_caverns2,830,3.12151e+06,336.894,336.894,306,16
ca_caverns2,831,2.89132e+06,339.794,339.794,306,16
ca_caverns2,832,2.04393e+06,338.066,338.066,308,16
ca_caverns2,833,5.04634e+06,339.48,339.48,309,16
ca_caverns2,834,1.91567e+06,336.936,336.936,299,16
ca_caverns2,835,2.12813e+06,337.723,337.723,306,16
ca_caverns2,836,1.72484e+06,338.108,337.279,301,16
ca_caverns2,837,1.69913e+06,337.936,337.936,300,16
ca_caverns2,838,1.98235e+06,337.794,337.794,304,16
ca_caverns2,839,2.45778e+06,339.622,339.622,305,16
ca_caverns2,840,1.54838e+06,342.137,342.137,310,16
ca_caverns2,841,863902,341.238,341.238,312,16
ca_caverns2,842,1.63551e+06,343.581,343.581,316,16
ca_caverns2,843,5.5396e+06,341.794,341.794,308,16
ca_caverns2,844,5.70624e+06,341.723,341.723,310,16
ca_caverns2,845,1.72448e+06,343.823,343.823,315,16
ca_caverns2,846,1.94345e+06,341.823,341.823,313,16
ca_caverns2,847,1.41662e+06,341.208,340.38,307,16
ca_caverns2,848,6.98796e+06,340.137,340.137,308,16
ca_caverns2,849,813812,342.924,342.924,317,16
ca_caverns2,850,540360,346.995,346.995,319,16
ca_caverns2,851,2.0751e+06,345.167,345.167,318,16
ca_caverns2,852,1.66772e+06,345.238,345.238,316,16
ca_caverns2,853,1.92018e+06,346.836,346.836,306,16
ca_caverns2,854,2.74907e+06,345.622,345.622,311,16
ca_caverns2,855,1.15896e+06,347.409,347.409,319,16
ca_caverns2,856,8.97576e+06,345.681,345.681,321,16
ca_caverns2,857,1.29506e+06,345.551,345.551,313,16
ca_caverns2,858,2.66508e+06,345.794,345.794,312,16
ca_caverns2,859,2.27328e+06,346.522,346.522,309,16
ca_caverns2,860,945098,351.622,351.622,317,16
ca_caverns2,861,1.14199e+06,349.409,349.409,321,16
ca_caverns2,862,4.62408e+06,349.238,349.238,320,16
ca_caverns2,863,5.33431e+06,348.693,348.693,312,16
ca_caverns2,864,1.05508e+07,348.238,348.238,319,16
ca_caverns2,865,6.13361e+06,350.723,350.723,319,16
ca_caverns2,866,1.19505e+06,348.279,348.279,312,16
ca_caverns2,867,3.37603e+06,351.179,351.179,312,16
ca_caverns2,868,3.19934e+06,349.25,349.25,308,16
ca_caverns2,869,658647,348.539,348.539,328,16
ca_caverns2,870,2.46266e+06,353.865,353.865,318,16
ca_caverns2,871,2.1517e+06,355.066,355.066,325,16
ca_caverns2,872,5.57308e+06,353.894,353.894,323,16
ca_caverns2,873,2.07429e+06,354.522,354.522,317,16
ca_caverns2,874,1.90091e+06,353.108,353.108,316,16
ca_caverns2,875,4.95064e+06,353.551,353.551,321,16
ca_caverns2,876,6.72498e+06,354.279,354.279,318,16
ca_caverns2,877,2.06468e+06,355.38,355.38,322,16
ca_caverns2,878,1.89112e+06,354.723,353.894,323,16
ca_caverns2,879,2.78918e+06,352.167,352.167,325,16
ca_caverns2,880,2.47295e+06,358.451,358.451,323,16
ca_caverns2,881,5.26995e+06,358.238,358.238,329,16
ca_caverns2,882,3.16434e+06,362.007,358.108,322,16
ca_caverns2,883,3.66883e+06,362.409,358.51,334,16
ca_caverns2,884,1.02254e+06,359.137,359.137,327,16
ca_caverns2,885,2.18611e+06,359.764,359.764,321,16
ca_caverns2,886,4.66005e+06,359.066,359.066,329,16
ca_caverns2,887,4.15542e+06,356.622,356.622,322,16
ca_caverns2,888,2.78553e+06,357.794,357.794,324,16
ca_caverns2,889,2.94621e+06,357.522,357.522,320,16
ca_caverns2,890,1.75668e+06,363.551,363.551,331,16
ca_caverns2,891,1.90424e+06,360.238,360.238,331,16
ca_caverns2,892,2.88617e+06,363.007,360.764,323,16
ca_caverns2,893,939614,361.238,361.238,332,16
ca_caverns2,894,2.17005e+06,364.764,363.108,326,16
ca_caverns2,895,3.26445e+06,362.108,362.108,325,16
ca_caverns2,896,5.87388e+06,360.622,360.622,326,16
ca_caverns2,897,1.00963e+06,362.35,362.35,324,16
ca_caverns2,898,1.89555e+06,363.693,363.693,327,16
ca_caverns2,899,2.06052e+06,361.664,361.664,320,16
ca_caverns2,900,6.45629e+06,366.794,366.794,333,16
ca_caverns2,901,1.47205e+06,366.966,366.966,334,16
ca_caverns2,902,1.92825e+06,365.309,365.309,334,16
ca_caverns2,903,5.78491e+06,367.279,367.279,331,16
ca_caverns2,904,1.53277e+06,369.279,367.622,333,16
ca_caverns2,905,1.42735e+06,367.551,367.551,335,16
ca_caverns2,906,1.55527e+06,366.137,366.137,334,16
ca_caverns2,907,1.51542e+06,366.794,366.794,333,16
ca_caverns2,908,2.60986e+06,365.836,365.836,325,16
ca_caverns2,909,1.03319e+06,366.693,366.693,330,16
ca_caverns2,910,1.4822e+06,370.451,370.451,335,16
ca_caverns2,911,1.63036e+06,369.794,369.794,336,16
ca_caverns2,912,8.04925e+06,371.007,371.007,331,16
ca_caverns2,913,632777,368.095,368.095,343,16
ca_caverns2,914,2.57403e+06,369.108,369.108,332,16
ca_caverns2,915,3.39777e+06,372.35,371.522,334,16
ca_caverns2,916,6.37005e+06,371.551,371.551,339,16
ca_caverns2,917,3.57428e+06,370.208,370.208,336,16
ca_caverns2,918,1.05978e+07,370.279,370.279,334,16
ca_caverns2,919,4.08504e+06,368.894,368.894,338,16
ca_caverns2,920,1.94997e+06,374.279,374.279,338,16
ca_caverns2,921,2.02744e+06,372.137,372.137,340,16
ca_caverns2,922,6.05449e+06,375.392,374.563,330,16
ca_caverns2,923,7.1571e+06,372.208,372.208,338,16
ca_caverns2,924,2.12006e+06,375.279,375.279,339,16
ca_caverns2,925,1.28705e+06,375.38,375.38,342,16
ca_caverns2,926,2.24234e+06,372.894,372.894,342,16
ca_caverns2,927,667503,373.853,373.853,350,16
ca_caverns2,928,2.79207e+06,378.321,375.25,335,16
ca_caverns2,929,7.49708e+06,372.35,372.35,334,16
ca_caverns2,930,3.39573e+06,376.693,376.693,340,16
ca_caverns2,931,1.46432e+06,379.078,379.078,337,16
ca_caverns2,932,1.24899e+07,377.593,377.593,338,16
ca_caverns2,933,1.89985e+06,378.309,378.309,347,16
ca_caverns2,934,1.13575e+06,379.693,379.693,343,16
ca_caverns2,935,1.20426e+07,377.309,377.309,346,16
ca_caverns2,936,7.01021e+06,379.693,379.693,343,16
ca_caverns2,937,1.44662e+06,376.38,376.38,343,16
ca_caverns2,938,2.63146e+06,378.48,378.48,348,16
ca_caverns2,939,1.2493e+06,379.936,379.936,342,16
ca_caverns2,940,3.74733e+06,383.007,383.007,343,16
ca_caverns2,941,1.73328e+06,383.551,383.551,351,16
ca_caverns2,942,1.56123e+06,382.764,382.764,344,16
ca_caverns2,943,9.09876e+06,383.522,383.522,346,16
ca_caverns2,944,3.99302e+06,381.622,381.622,347,16
ca_caverns2,945,1.99829e+06,383.279,383.279,347,16
ca_caverns2,946,3.57874e+06,380.421,380.421,340,16
ca_caverns2,947,1.6335e+06,381.551,381.551,349,16
ca_caverns2,948,2.20426e+06,382.451,380.208,347,16
ca_caverns2,949,2.19375e+06,381.38,381.38,348,16
ca_caverns2,950,3.52213e+06,387.037,386.208,352,16
ca_caverns2,951,1.88626e+06,385.551,385.551,353,16
ca_caverns2,952,3.22092e+06,387.622,387.622,353,16
ca_caverns2,953,2.08081e+06,387.35,387.35,349,16
ca_caverns2,954,5.35061e+06,387.007,387.007,347,16
ca_caverns2,955,8.35919e+06,385.108,385.108,348,16
ca_caverns2,956,1.01245e+07,386.936,386.936,349,16
ca_caverns2,957,1.4781e+06,387.35,385.693,349,16
ca_caverns2,958,1.94254e+06,385.279,385.279,349,16
ca_caverns2,959,959994,386.409,386.409,358,16
ca_caverns2,960,1.14846e+06,388.066,388.066,358,16
ca_caverns2,961,3.16101e+06,389.865,388.208,354,16
ca_caverns2,962,1.39394e+06,390.492,390.492,348,16
ca_caverns2,963,1.32316e+07,389.652,389.652,360,16
ca_caverns2,964,7.95793e+06,391.522,391.522,354,16
ca_caverns2,965,2.80373e+06,388.936,388.936,351,16
ca_caverns2,966,1.26046e+06,389.551,389.551,357,16
ca_caverns2,967,6.42318e+06,391.593,388.522,352,16
ca_caverns2,968,2.15372e+06,389.279,389.279,353,16
ca_caverns2,969,4.0045e+06,389.421,388.593,349,16
ca_caverns2,970,3.26148e+06,392.693,392.693,356,16
ca_caverns2,971,6.43166e+06,393.108,393.108,356,16
ca_caverns2,972,1.77783e+06,394.966,394.966,362,16
ca_caverns2,973,3.3032e+06,393.622,393.622,359,16
ca_caverns2,974,3.36607e+06,394.35,393.522,356,16
ca_caverns2,975,5.55784e+06,394.622,392.966,360,16
ca_caverns2,976,1.16909e+06,393.723,393.723,362,16
ca_caverns2,977,3.18275e+06,394.522,394.522,357,16
ca_caverns2,978,2.21198e+06,398.179,394.865,359,16
ca_caverns2,979,1.53781e+06,394.693,393.865,358,16
ca_caverns2,980,1.4289e+07,398.622,398.622,364,16
ca_caverns2,981,9.84259e+06,399.522,399.522,362,16
ca_caverns2,982,1.28177e+07,398.551,398.551,366,16
ca_caverns2,983,5.79705e+06,397.037,397.037,362,16
ca_caverns2,984,1.23759e+07,397.907,397.078,355,16
ca_caverns2,985,3.71401e+06,396.25,396.25,355,16
ca_caverns2,986,1.81541e+06,398.25,398.25,357,16
ca_caverns2,987,1.60972e+06,397.693,397.693,361,16
ca_caverns2,988,4.43583e+06,397.108,396.279,360,16
ca_caverns2,989,2.8813e+06,399.522,399.522,362,16
ca_caverns2,990,1.8182e+06,401.463,401.463,354,16
ca_caverns2,991,3.30295e+06,404.522,402.764,367,16
ca_caverns2,992,1.68517e+06,402.279,402.279,366,16
ca_caverns2,993,1.79778e+06,400.794,400.794,367,16
ca_caverns2,994,2.67048e+06,401.794,401.794,368,16
ca_caverns2,995,5.62487e+06,404.35,403.522,366,16
ca_caverns2,996,6.66762e+06,400.764,400.764,362,16
ca_caverns2,997,1.52373e+06,403.865,403.865,368,16
ca_caverns2,998,8.39059e+06,402.179,400.522,363,16
ca_caverns2,999,912415,410.936,402.551,373,16
ca_caverns2,1000,1.58715e+06,408.522,407.693,371,16
ca_caverns2,1001,2.79395e+06,407.865,407.865,372,16
ca_caverns2,1002,2.73441e+06,407.007,407.007,367,16
ca_caverns2,1003,2.17493e+06,407.451,406.865,372,16
ca_caverns2,1004,2.21004e+06,404.836,404.836,364,16
ca_caverns2,1005,1.78034e+06,406.35,406.35,368,16
ca_caverns2,1006,4.05378e+06,405.007,405.007,365,16
ca_caverns2,1007,3.07744e+06,407.421,407.421,367,16
ca_caverns2,1008,2.87598e+06,413.877,407.492,366,16
ca_caverns2,1009,2.21115e+06,406.108,406.108,369,16
ca_caverns2,1010,5.93549e+06,410.693,410.693,374,16
ca_caverns2,1011,1.66655e+06,411.108,411.108,374,16
ca_caverns2,1012,2.11867e+06,410.007,410.007,370,16
ca_caverns2,1013,7.5328e+06,411.936,411.936,374,16
ca_caverns2,1014,7.13827e+06,408.966,408.966,376,16
ca_caverns2,1015,2.95286e+06,408.108,408.108,371,16
ca_caverns2,1016,8.96321e+06,409.149,409.149,365,16
ca_caverns2,1017,6.20011e+06,408.764,408.764,370,16
ca_caverns2,1018,3.03393e+06,408.078,408.078,366,16
ca_caverns2,1019,1.61125e+07,408.108,408.108,371,16
ca_caverns2,1020,3.51461e+06,413.936,413.108,376,16
ca_caverns2,1021,2.78962e+06,414.764,413.936,376,16
ca_caverns2,1022,5.34703e+06,415.279,415.279,379,16
ca_caverns2,1023,1.6212e+06,414.35,414.35,376,16
ca_caverns2,1024,3.53157e+06,412.622,412.622,378,16
ca_caverns2,1025,1.06031e+06,414.865,414.865,379,16
ca_caverns2,1026,1.63151e+06,415.35,415.35,377,16
ca_caverns2,1027,3.34276e+06,426.777,415.664,376,16
ca_caverns2,1028,3.06911e+06,416.936,414.693,379,16
ca_caverns2,1029,2.24993e+06,412.35,412.35,374,16
ca_caverns2,1030,1.49172e+06,421.179,416.693,382,16
ca_caverns2,1031,1.70902e+06,416.936,416.936,379,16
ca_caverns2,1032,2.4121e+06,416.421,416.421,376,16
ca_caverns2,1033,2.64171e+06,421.593,417.936,382,16
ca_caverns2,1034,1.79807e+06,417.037,417.037,382,16
ca_caverns2,1035,1.72457e+06,416.764,416.764,378,16
ca_caverns2,1036,7.2733e+06,417.907,417.907,375,16
ca_caverns2,1037,2.85989e+06,421.664,417.522,380,16
ca_caverns2,1038,3.523e+06,419.007,419.007,379,16
ca_caverns2,1039,1.73255e+06,416.593,416.593,377,16
ca_caverns2,1040,5.4373e+06,421.25,421.25,380,16
ca_caverns2,1041,3.08831e+06,421.007,420.179,381,16
ca_caverns2,1042,3.1597e+06,423.492,420.421,381,16
ca_caverns2,1043,1.72093e+06,420.179,420.179,381,16
ca_caverns2,1044,1.89371e+06,422.522,422.522,385,16
ca_caverns2,1045,1.75289e+06,420.279,420.279,384,16
ca_caverns2,1046,5.78572e+06,423.836,423.836,383,16
ca_caverns2,1047,2.43975e+06,420.25,420.25,379,16
ca_caverns2,1048,1.98013e+06,422.492,422.492,380,16
ca_caverns2,1049,1.44116e+07,422.764,422.764,384,16
ca_caverns2,1050,1.80896e+06,424.664,424.664,383,16
ca_caverns2,1051,1.65853e+06,425.936,425.936,388,16
ca_caverns2,1052,1.62798e+06,425.35,425.35,387,16
ca_caverns2,1053,5.04781e+06,424.907,424.907,382,16
ca_caverns2,1054,5.23206e+06,426.321,426.321,383,16
ca_caverns2,1055,1.06269e+06,424.492,424.492,382,16
ca_caverns2,1056,2.36251e+06,424.25,424.25,383,16
ca_caverns2,1057,1.95211e+06,424.836,424.836,384,16
ca_caverns2,1058,3.217e+06,427.664,427.078,386,16
ca_caverns2,1059,2.20803e+06,426.35,426.35,388,16
ca_caverns2,1060,1.17034e+07,429.664,429.664,388,16
ca_caverns2,1061,7.21282e+06,429.007,429.007,389,16
ca_caverns2,1062,2.3331e+06,430.836,430.836,390,16
ca_caverns2,1063,1.39708e+06,430.108,430.108,393,16
ca_caverns2,1064,1.78969e+06,430.392,430.392,385,16
ca_caverns2,1065,8.00636e+06,431.078,431.078,389,16
ca_caverns2,1066,1.64372e+06,428.551,428.551,396,16
ca_caverns2,1067,2.30724e+06,429.563,429.563,385,16
ca_caverns2,1068,2.28204e+06,430.907,430.907,388,16
ca_caverns2,1069,1.66198e+06,431.421,431.421,391,16
ca_caverns2,1070,2.04478e+06,434.279,434.279,398,16
ca_caverns2,1071,2.34894e+06,434.421,434.421,394,16
ca_caverns2,1072,7.83801e+06,436.735,434.492,393,16
ca_caverns2,1073,2.73627e+06,433.764,433.764,395,16
ca_caverns2,1074,2.35559e+06,434.907,434.907,392,16
ca_caverns2,1075,2.48894e+06,432.007,432.007,392,16
ca_caverns2,1076,1.96153e+06,432.108,432.108,395,16
ca_caverns2,1077,1.50307e+06,434.179,434.179,395,16
ca_caverns2,1078,5.27604e+06,433.049,433.049,386,16
ca_caverns2,1079,2.20138e+06,432.978,432.978,388,16
ca_caverns2,1080,5.78515e+06,438.108,438.108,401,16
ca_caverns2,1081,4.17941e+06,437.593,436.764,398,16
ca_caverns2,1082,1.14926e+07,438.149,438.149,394,16
ca_caverns2,1083,1.18641e+07,436.321,436.321,393,16
ca_caverns2,1084,2.22544e+06,438.907,438.907,396,16
ca_caverns2,1085,8.26935e+06,437.865,437.865,402,16
ca_caverns2,1086,2.69229e+06,436.451,436.451,401,16
ca_caverns2,1087,1.56199e+06,436.907,436.907,394,16
ca_caverns2,1088,2.45972e+06,439.907,439.907,397,16
ca_caverns2,1089,6.03046e+06,439.764,439.764,401,16
ca_caverns2,1090,2.07889e+06,442.622,442.622,408,16
ca_caverns2,1091,2.96125e+06,441.764,441.764,403,16
ca_caverns2,1092,6.74149e+06,443.806,443.806,398,16
ca_caverns2,1093,1.16677e+07,443.321,443.321,400,16
ca_caverns2,1094,2.11322e+06,441.836,441.836,401,16
ca_caverns2,1095,2.55604e+06,440.492,440.492,398,16
ca_caverns2,1096,1.39714e+07,443.877,443.877,396,16
ca_caverns2,1097,1.6481e+06,443.764,443.764,405,16
ca_caverns2,1098,2.07883e+06,442.836,442.836,402,16
ca_caverns2,1099,3.11173e+06,440.007,440.007,400,16
ca_caverns2,1100,1.04407e+07,444.149,444.149,400,16
ca_caverns2,1101,2.9226e+06,446.392,446.392,401,16
ca_caverns2,1102,7.01977e+06,453.149,447.007,409,16
ca_caverns2,1103,1.03444e+07,447.522,446.693,410,16
ca_caverns2,1104,2.16679e+06,447.421,447.421,407,16
ca_caverns2,1105,5.74321e+06,445.25,445.25,404,16
ca_caverns2,1106,2.12022e+06,447.078,446.25,405,16
ca_caverns2,1107,1.77154e+06,446.492,446.492,404,16
ca_caverns2,1108,2.13657e+06,445.593,445.593,406,16
ca_caverns2,1109,1.25024e+07,445.563,445.563,401,16
ca_caverns2,1110,1.96394e+06,451.25,451.25,410,16
ca_caverns2,1111,1.85376e+06,449.078,449.078,407,16
ca_caverns2,1112,4.96864e+06,449.451,449.451,414,16
ca_caverns2,1113,1.08141e+06,451.149,451.149,407,16
ca_caverns2,1114,1.98581e+06,451.492,451.492,409,16
ca_caverns2,1115,1.84048e+06,451.179,451.179,412,16
ca_caverns2,1116,4.21835e+06,448.492,448.492,406,16
ca_caverns2,1117,1.94498e+06,450.936,450.936,413,16
ca_caverns2,1118,2.0696e+06,451.522,451.522,414,16
ca_caverns2,1119,1.81067e+06,450.22,450.22,404,16
ca_caverns2,1120,1.18846e+07,453.948,453.948,404,16
ca_caverns2,1121,2.05533e+06,457.007,455.35,417,16
ca_caverns2,1122,2.47824e+06,454.735,454.735,411,16
ca_caverns2,1123,1.63453e+07,454.877,454.877,407,16
ca_caverns2,1124,2.33159e+06,453.735,453.735,410,16
ca_caverns2,1125,3.59227e+06,453.635,453.635,407,16
ca_caverns2,1126,2.24989e+06,457.321,453.907,414,16
ca_caverns2,1127,1.76831e+06,453.179,453.179,414,16
ca_caverns2,1128,6.12806e+06,455.635,455.635,409,16
ca_caverns2,1129,5.7204e+06,453.179,453.179,414,16
ca_caverns2,1130,2.2129e+06,457.735,457.735,414,16
ca_caverns2,1131,3.25599e+06,459.777,459.777,409,16
ca_caverns2,1132,1.54935e+07,457.463,457.463,410,16
ca_caverns2,1133,3.34395e+06,458.25,458.25,417,16
ca_caverns2,1134,1.45191e+06,459.421,459.421,419,16
ca_caverns2,1135,3.96313e+06,456.522,456.522,419,16
ca_caverns2,1136,1.92382e+06,456.593,456.593,417,16
ca_caverns2,1137,2.09228e+06,456.593,456.593,417,16
ca_caverns2,1138,1.9211e+06,456.836,456.836,416,16
ca_caverns2,1139,3.05848e+06,459.693,459.693,423,16
ca_caverns2,1140,3.23318e+06,460.421,460.421,420,16
ca_caverns2,1141,2.53277e+06,461.563,461.563,417,16
ca_caverns2,1142,1.68655e+07,461.706,461.706,413,16
ca_caverns2,1143,1.89034e+06,461.321,461.321,418,16
ca_caverns2,1144,1.63714e+06,462.291,460.877,414,16
ca_caverns2,1145,1.81317e+06,465.664,463.179,424,16
ca_caverns2,1146,2.80408e+06,461.978,461.978,417,16
ca_caverns2,1147,5.35398e+06,461.007,461.007,421,16
ca_caverns2,1148,9.50813e+06,463.664,463.664,422,16
ca_caverns2,1149,1.27274e+07,460.362,460.362,410,16
ca_caverns2,1150,2.22274e+06,465.35,465.35,427,16
ca_caverns2,1151,7.38124e+06,466.12,466.12,417,16
ca_caverns2,1152,1.60241e+06,470.25,467.179,429,16
ca_caverns2,1153,1.45539e+07,466.534,466.534,417,16
ca_caverns2,1154,3.01938e+06,466.806,466.806,421,16
ca_caverns2,1155,6.99431e+06,467.007,467.007,427,16
ca_caverns2,1156,2.16788e+06,464.563,464.563,420,16
ca_caverns2,1157,4.81167e+06,466.35,466.35,428,16
ca_caverns2,1158,4.63982e+06,464.09,464.09,410,16
ca_caverns2,1159,2.03166e+06,466.149,466.149,422,16
ca_caverns2,1160,3.28111e+06,468.049,468.049,421,16
ca_caverns2,1161,2.12434e+06,471.078,471.078,429,16
ca_caverns2,1162,5.33142e+06,470.179,470.179,431,16
ca_caverns2,1163,2.71869e+06,468.735,468.735,425,16
ca_caverns2,1164,8.89651e+06,473.049,469.978,426,16
ca_caverns2,1165,3.1507e+06,468.191,468.191,417,16
ca_caverns2,1166,2.25865e+06,468.434,468.434,416,16
ca_caverns2,1167,6.69992e+06,468.007,468.007,428,16
ca_caverns2,1168,3.66474e+06,472.321,471.492,429,16
ca_caverns2,1169,2.08711e+06,468.593,468.593,429,16
ca_caverns2,1170,2.50033e+06,473.706,473.12,425,16
ca_caverns2,1171,1.67491e+06,473.836,473.007,433,16
ca_caverns2,1172,2.2558e+06,474.948,474.948,425,16
ca_caverns2,1173,7.74406e+06,473.191,473.191,422,16
ca_caverns2,1174,5.52024e+06,474.948,474.948,425,16
ca_caverns2,1175,3.29281e+06,473.35,473.35,435,16
ca_caverns2,1176,1.97928e+06,474.179,474.179,435,16
ca_caverns2,1177,1.61796e+06,472.563,472.563,428,16
ca_caverns2,1178,3.078e+06,475.534,475.534,426,16
ca_caverns2,1179,5.24028e+06,472.534,472.534,423,16
ca_caverns2,1180,2.17075e+06,476.078,476.078,434,16
ca_caverns2,1181,5.46109e+06,478.877,478.877,431,16
ca_caverns2,1182,2.95288e+06,478.22,476.463,432,16
ca_caverns2,1183,6.13372e+06,488.12,478.907,439,16
ca_caverns2,1184,3.24717e+06,478.25,478.25,437,16
ca_caverns2,1185,7.50514e+06,479.22,479.22,433,16
ca_caverns2,1186,2.57671e+06,477.978,477.978,433,16
ca_caverns2,1187,1.67843e+06,483.191,479.291,432,16
ca_caverns2,1188,3.52584e+06,479.321,479.321,436,16
ca_caverns2,1189,2.53622e+06,479.22,479.22,433,16
ca_caverns2,1190,3.02113e+06,481.664,481.664,440,16
ca_caverns2,1191,2.72949e+06,480.664,480.664,439,16
ca_caverns2,1192,4.28632e+06,481.149,481.149,437,16
ca_caverns2,1193,2.75948e+06,483.706,483.706,435,16
ca_caverns2,1194,9.23408e+06,482.978,482.978,438,16
ca_caverns2,1195,2.04069e+06,482.25,482.25,441,16
ca_caverns2,1196,1.77516e+06,484.09,480.191,430,16
ca_caverns2,1197,2.08177e+06,481.291,481.291,433,16
ca_caverns2,1198,1.53925e+06,483.978,483.978,439,16
ca_caverns2,1199,5.33747e+06,480.463,480.463,433,16
ca_caverns2,1200,7.43777e+06,485.706,485.706,437,16
ca_caverns2,1201,3.71675e+06,485.777,485.777,435,16
ca_caverns2,1202,1.68056e+06,487.321,487.321,444,16
ca_caverns2,1203,1.77032e+06,486.593,486.593,447,16
ca_caverns2,1204,1.68186e+06,487.534,487.534,438,16
ca_caverns2,1205,1.64506e+06,486.563,484.907,442,16
ca_caverns2,1206,3.20986e+06,486.362,486.362,436,16
ca_caverns2,1207,4.65325e+06,484.848,484.019,432,16
ca_caverns2,1208,2.84963e+06,486.806,486.806,441,16
ca_caverns2,1209,2.08961e+06,484.735,484.735,441,16
ca_caverns2,1210,3.56167e+06,488.291,488.291,440,16
ca_caverns2,1211,2.11348e+06,490.392,490.392,445,16
ca_caverns2,1212,1.7302e+06,490.492,489.907,448,16
ca_caverns2,1213,1.77265e+06,490.806,489.978,445,16
ca_caverns2,1214,1.8214e+06,491.049,491.049,444,16
ca_caverns2,1215,3.53506e+06,491.948,491.948,442,16
ca_caverns2,1216,2.25341e+06,491.735,490.907,448,16
ca_caverns2,1217,2.01129e+06,491.149,491.149,447,16
ca_caverns2,1218,3.27421e+06,491.463,491.463,444,16
ca_caverns2,1219,1.20698e+07,491.463,490.635,444,16
ca_caverns2,1220,2.06617e+06,494.22,494.22,448,16
ca_caverns2,1221,2.45329e+06,495.605,495.605,444,16
ca_caverns2,1222,3.93139e+06,492.392,492.392,447,16
ca_caverns2,1223,6.3542e+06,492.22,492.22,446,16
ca_caverns2,1224,3.30727e+06,492.421,492.421,452,16
ca_caverns2,1225,3.24982e+06,494.392,494.392,449,16
ca_caverns2,1226,2.91169e+06,493.735,493.735,450,16
ca_caverns2,1227,2.36222e+06,497.463,495.706,450,16
ca_caverns2,1228,1.82295e+07,492.291,492.291,444,16
ca_caverns2,1229,6.59403e+06,493.706,493.706,445,16
ca_caverns2,1230,2.41187e+06,499.848,499.848,447,16
ca_caverns2,1231,7.90357e+06,498.22,498.22,452,16
ca_caverns2,1232,2.18716e+06,500.22,498.463,454,16
ca_caverns2,1233,2.65562e+06,499.019,499.019,447,16
ca_caverns2,1234,3.43509e+06,497.392,496.563,452,16
ca_caverns2,1235,2.73615e+06,499.463,499.463,452,16
ca_caverns2,1236,2.96064e+06,498.25,498.25,457,16
ca_caverns2,1237,3.78735e+06,498.492,498.492,456,16
ca_caverns2,1238,1.80015e+06,497.492,497.492,455,16
ca_caverns2,1239,6.2459e+06,496.291,496.291,448,16
ca_caverns2,1240,2.47126e+06,500.505,500.505,446,16
ca_caverns2,1241,7.8144e+06,502.191,502.191,451,16
ca_caverns2,1242,3.32273e+06,502.806,502.806,457,16
ca_caverns2,1243,9.7202e+06,502.333,502.333,447,16
ca_caverns2,1244,1.60283e+06,500.078,500.078,458,16
ca_caverns2,1245,4.68179e+06,503.463,503.463,456,16
ca_caverns2,1246,2.53541e+06,502.291,500.635,454,16
ca_caverns2,1247,6.29158e+06,503.664,503.664,462,16
ca_caverns2,1248,2.92939e+06,503.12,503.12,454,16
ca_caverns2,1249,4.23074e+06,501.735,501.735,458,16
ca_caverns2,1250,6.35043e+06,506.291,506.291,458,16
ca_caverns2,1251,3.14877e+06,506.563,506.563,462,16
ca_caverns2,1252,2.67475e+06,506.877,506.877,459,16
ca_caverns2,1253,3.2435e+06,507.948,507.12,458,16
ca_caverns2,1254,6.19176e+06,505.848,505.848,453,16
ca_caverns2,1255,2.0797e+06,516.777,506.392,466,16
ca_caverns2,1256,1.10289e+07,504.534,504.534,455,16
ca_caverns2,1257,2.32224e+06,504.978,504.978,460,16
ca_caverns2,1258,4.68909e+06,504.978,504.978,460,16
ca_caverns2,1259,2.4378e+06,505.635,505.635,459,16
ca_caverns2,1260,4.17054e+06,509.505,509.505,455,16
ca_caverns2,1261,3.73073e+06,510.534,510.534,461,16
ca_caverns2,1262,1.92681e+06,510.563,510.563,466,16
ca_caverns2,1263,1.27994e+07,511.463,510.635,464,16
ca_caverns2,1264,4.09018e+06,509.948,509.948,460,16
ca_caverns2,1265,2.4904e+06,512.262,511.676,459,16
ca_caverns2,1266,7.77832e+06,508.463,508.463,461,16
ca_caverns2,1267,1.90872e+06,512.806,508.907,467,16
ca_caverns2,1268,2.50237e+06,510.362,510.362,460,16
ca_caverns2,1269,7.27852e+06,509.09,509.09,455,16
ca_caverns2,1270,3.64388e+06,515.262,515.262,462,16
ca_caverns2,1271,3.41136e+06,512.948,512.948,463,16
ca_caverns2,1272,3.63224e+06,514.806,514.806,469,16
ca_caverns2,1273,2.78658e+06,514.505,513.676,460,16
ca_caverns2,1274,3.66284e+06,513.534,513.534,464,16
ca_caverns2,1275,8.31137e+06,513.919,513.919,459,16
ca_caverns2,1276,3.31413e+06,515.919,515.919,461,16
ca_caverns2,1277,2.77265e+06,513.291,513.291,465,16
ca_caverns2,1278,1.34019e+07,515.635,515.635,469,16
ca_caverns2,1279,2.89408e+06,517.605,515.948,466,16
ca_caverns2,1280,2.66764e+06,518.777,518.777,468,16
ca_caverns2,1281,3.25347e+06,516.463,516.463,469,16
ca_caverns2,1282,5.14841e+06,516.706,516.706,468,16
ca_caverns2,1283,1.97081e+06,518.806,518.806,473,16
ca_caverns2,1284,2.21438e+06,518.635,518.635,472,16
ca_caverns2,1285,3.12392e+06,518.534,518.534,469,16
ca_caverns2,1286,2.61901e+06,517.463,517.463,470,16
ca_caverns2,1287,2.39881e+06,519.12,519.12,470,16
ca_caverns2,1288,5.45034e+06,517.019,516.434,465,16
ca_caverns2,1289,2.75773e+06,517.806,517.806,472,16
ca_caverns2,1290,3.02073e+06,522.291,522.291,474,16
ca_caverns2,1291,1.96362e+06,520.362,520.362,470,16
ca_caverns2,1292,2.378e+06,523.404,522.576,466,16
ca_caverns2,1293,3.6041e+06,523.505,523.505,469,16
ca_caverns2,1294,2.49664e+06,527.434,523.534,475,16
ca_caverns2,1295,2.85173e+06,520.404,520.404,463,16
ca_caverns2,1296,3.20147e+06,523.049,523.049,476,16
ca_caverns2,1297,2.58801e+06,521.362,521.362,471,16
ca_caverns2,1298,3.19057e+06,520.321,520.321,477,16
ca_caverns2,1299,2.96699e+06,521.978,521.978,477,16
ca_caverns2,1300,2.62174e+06,524.647,524.647,466,16
ca_caverns2,1301,4.35206e+06,527.647,527.647,469,16
ca_caverns2,1302,1.35119e+07,526.362,526.362,476,16
ca_caverns2,1303,3.53619e+06,524.161,524.161,468,16
ca_caverns2,1304,6.11905e+06,524.605,524.605,473,16
ca_caverns2,1305,5.84168e+06,527.362,527.362,477,16
ca_caverns2,1306,2.40176e+06,525.191,524.019,474,16
ca_caverns2,1307,2.43371e+06,525.291,525.291,477,16
ca_caverns2,1308,2.83701e+06,527.505,527.505,473,16
ca_caverns2,1309,3.02221e+06,526.647,526.647,468,16
ca_caverns2,1310,3.40624e+06,531.22,531.22,485,16
ca_caverns2,1311,1.06236e+07,531.362,530.534,481,16
ca_caverns2,1312,2.84624e+06,530.676,530.676,477,16
ca_caverns2,1313,2.15912e+06,531.463,530.877,484,16
ca_caverns2,1314,3.0566e+06,529.191,529.191,478,16
ca_caverns2,1315,3.31577e+06,533.647,531.404,475,16
ca_caverns2,1316,1.47858e+07,528.434,528.434,476,16
ca_caverns2,1317,8.34466e+06,530.99,530.99,474,16
ca_caverns2,1318,4.00869e+06,531.777,531.777,481,16
ca_caverns2,1319,2.70246e+06,530.534,528.777,481,16
ca_caverns2,1320,5.7751e+06,535.99,535.99,479,16
ca_caverns2,1321,3.29834e+06,532.635,532.635,486,16
ca_caverns2,1322,4.82263e+06,536.647,534.404,478,16
ca_caverns2,1323,4.15155e+06,536.362,533.291,486,16
ca_caverns2,1324,2.75596e+06,532.362,532.362,482,16
ca_caverns2,1325,6.23156e+06,534.576,532.818,478,16
ca_caverns2,1326,2.88367e+06,534.676,534.676,481,16
ca_caverns2,1327,5.6542e+06,535.12,535.12,486,16
ca_caverns2,1328,6.07414e+06,534.605,534.605,483,16
ca_caverns2,1329,2.52025e+06,534.617,532.132,471,16
ca_caverns2,1330,8.32909e+06,539.789,537.304,477,16
ca_caverns2,1331,1.49151e+07,538.576,538.576,482,16
ca_caverns2,1332,3.53451e+06,537.505,537.505,483,16
ca_caverns2,1333,2.60522e+06,539.86,539.032,475,16
ca_caverns2,1334,2.57513e+06,536.09,536.09,482,16
ca_caverns2,1335,2.85244e+06,542.274,539.789,477,16
ca_caverns2,1336,1.08795e+07,538.96,537.203,477,16
ca_caverns2,1337,4.56304e+06,542.546,538.061,481,16
ca_caverns2,1338,4.8537e+06,540.889,539.132,481,16
ca_caverns2,1339,8.48708e+06,539.747,538.919,484,16
ca_caverns2,1340,2.39037e+06,542.576,542.576,486,16
ca_caverns2,1341,3.42585e+06,541.262,541.262,488,16
ca_caverns2,1342,4.25976e+06,543.362,543.362,493,16
ca_caverns2,1343,2.3779e+06,543.647,543.647,485,16
ca_caverns2,1344,2.3096e+06,542.676,542.676,489,16
ca_caverns2,1345,5.1813e+06,540.789,540.789,478,16
ca_caverns2,1346,3.09734e+06,540.019,540.019,488,16
ca_caverns2,1347,2.48608e+06,543.505,543.505,489,16
ca_caverns2,1348,2.66083e+06,542.019,540.262,490,16
ca_caverns2,1349,4.10914e+06,541.99,540.233,485,16
ca_caverns2,1350,2.17435e+06,548.262,546.505,495,16
ca_caverns2,1351,3.74719e+06,544.818,544.818,487,16
ca_caverns2,1352,7.36697e+06,544.09,544.09,490,16
ca_caverns2,1353,2.70205e+06,546.09,546.09,492,16
ca_caverns2,1354,2.47951e+06,546.99,546.99,490,16
ca_caverns2,1355,3.53048e+06,545.505,545.505,491,16
ca_caverns2,1356,5.59185e+06,545.132,545.132,484,16
ca_caverns2,1357,9.88075e+06,549.304,547.061,489,16
ca_caverns2,1358,2.87371e+06,547.605,544.534,496,16
ca_caverns2,1359,2.79773e+06,546.99,546.99,490,16
ca_caverns2,1360,3.64669e+06,551.889,549.647,492,16
ca_caverns2,1361,3.95228e+06,548.718,548.718,488,16
ca_caverns2,1362,2.42122e+06,551.333,551.333,496,16
ca_caverns2,1363,3.97035e+06,550.534,550.534,501,16
ca_caverns2,1364,2.74387e+06,549.99,549.99,493,16
ca_caverns2,1365,9.75719e+06,554.132,551.889,493,16
ca_caverns2,1366,1.45765e+06,550.919,550.919,496,16
ca_caverns2,1367,5.7437e+06,550.99,550.99,494,16
ca_caverns2,1368,1.87538e+06,549.404,549.404,492,16
ca_caverns2,1369,6.82547e+06,551.718,549.475,491,16
ca_caverns2,1370,1.63482e+06,559.99,553.848,503,16
ca_caverns2,1371,6.04735e+06,554.647,553.818,496,16
ca_caverns2,1372,1.82482e+07,553.333,553.333,498,16
ca_caverns2,1373,7.09116e+06,553.505,553.505,499,16
ca_caverns2,1374,2.92649e+06,552.333,552.333,497,16
ca_caverns2,1375,2.74583e+06,552.262,552.262,499,16
ca_caverns2,1376,4.34592e+06,553.948,553.948,504,16
ca_caverns2,1377,2.65656e+06,553.747,553.747,498,16
ca_caverns2,1378,2.215e+06,552.747,552.747,497,16
ca_caverns2,1379,2.35336e+06,557.404,552.919,500,16
ca_caverns2,1380,3.25287e+06,558.747,558.747,503,16
ca_caverns2,1381,2.89637e+06,557.061,557.061,498,16
ca_caverns2,1382,1.16616e+07,557.688,557.688,492,16
ca_caverns2,1383,3.16178e+06,564.99,559.676,508,16
ca_caverns2,1384,1.17778e+07,562.061,559.818,503,16
ca_caverns2,1385,1.06724e+07,556.161,556.161,500,16
ca_caverns2,1386,2.38495e+06,558.647,558.647,500,16
ca_caverns2,1387,2.88318e+06,557.061,557.061,498,16
ca_caverns2,1388,4.41069e+06,559.161,559.161,503,16
ca_caverns2,1389,8.61546e+06,559.333,559.333,504,16
ca_caverns2,1390,3.93418e+06,563.09,563.09,509,16
ca_caverns2,1391,2.29589e+06,561.576,561.576,505,16
ca_caverns2,1392,1.09066e+07,562.747,562.747,507,16
ca_caverns2,1393,5.949e+06,562.647,562.647,504,16
ca_caverns2,1394,7.04447e+06,560.161,560.161,504,16
ca_caverns2,1395,3.73836e+06,562.99,561.233,506,16
ca_caverns2,1396,2.34008e+06,562.96,560.718,501,16
ca_caverns2,1397,2.32078e+06,561.404,561.404,504,16
ca_caverns2,1398,5.31598e+06,564.617,562.375,501,16
ca_caverns2,1399,3.43994e+06,563.576,563.576,507,16
ca_caverns2,1400,4.00948e+06,567.676,567.676,514,16
ca_caverns2,1401,7.13533e+06,569.617,567.86,506,16
ca_caverns2,1402,1.91317e+07,564.818,564.818,507,16
ca_caverns2,1403,3.21918e+06,566.404,566.404,509,16
ca_caverns2,1404,1.07256e+07,567.576,567.576,511,16
ca_caverns2,1405,6.90959e+06,565.475,565.475,506,16
ca_caverns2,1406,2.77043e+06,570.818,566.919,513,16
ca_caverns2,1407,4.76932e+06,566.99,566.99,510,16
ca_caverns2,1408,2.28485e+06,567.233,567.233,509,16
ca_caverns2,1409,1.18949e+07,566.233,566.233,508,16
ca_caverns2,1410,6.10462e+06,568.475,568.475,509,16
ca_caverns2,1411,5.08319e+06,570.919,570.919,516,16
ca_caverns2,1412,2.26444e+06,580.345,571.475,513,16
ca_caverns2,1413,2.40814e+06,570.061,570.061,511,16
ca_caverns2,1414,6.32681e+06,571.09,571.09,517,16
ca_caverns2,1415,1.49197e+07,569.688,569.688,504,16
ca_caverns2,1416,2.36179e+06,569.304,569.304,509,16
ca_caverns2,1417,2.46098e+06,570.161,569.576,514,16
ca_caverns2,1418,1.77165e+06,580.517,569.061,514,16
ca_caverns2,1419,3.08315e+06,574.404,570.505,517,16
ca_caverns2,1420,2.7749e+06,576.818,575.99,519,16
ca_caverns2,1421,2.72842e+06,575.747,575.747,520,16
ca_caverns2,1422,3.0627e+06,581.446,572.818,517,16
ca_caverns2,1423,3.70566e+06,573.919,573.919,519,16
ca_caverns2,1424,3.95573e+06,572.676,572.676,519,16
ca_caverns2,1425,1.16954e+07,572.747,572.747,517,16
ca_caverns2,1426,1.55319e+06,578.718,574.818,518,16
ca_caverns2,1427,2.31676e+06,574.304,572.061,514,16
ca_caverns2,1428,2.3922e+06,573.233,572.404,515,16
ca_caverns2,1429,3.2746e+06,586.831,575.475,517,16
ca_caverns2,1430,9.78311e+06,579.647,579.647,521,16
ca_caverns2,1431,1.00379e+07,578.576,578.576,522,16
ca_caverns2,1432,6.26029e+06,576.262,576.262,523,16
ca_caverns2,1433,5.87701e+06,590.245,579.132,520,16
ca_caverns2,1434,4.81424e+06,578.161,578.161,522,16
ca_caverns2,1435,4.43659e+06,578.404,578.404,521,16
ca_caverns2,1436,8.27702e+06,579.404,579.404,522,16
ca_caverns2,1437,3.07949e+06,579.647,579.647,521,16
ca_caverns2,1438,1.09239e+07,579.061,579.061,520,16
ca_caverns2,1439,1.4614e+07,579.889,579.889,520,16
ca_caverns2,1440,9.28894e+06,583.647,583.647,525,16
ca_caverns2,1441,5.3127e+06,586.203,582.304,523,16
ca_caverns2,1442,6.76965e+06,581.233,581.233,523,16
ca_caverns2,1443,2.69643e+06,582.404,581.576,525,16
ca_caverns2,1444,2.50228e+06,593.073,581.96,522,16
ca_caverns2,1445,5.7123e+06,580.718,580.718,520,16
ca_caverns2,1446,7.49137e+06,581.203,581.203,518,16
ca_caverns2,1447,8.96336e+06,582.96,582.96,521,16
ca_caverns2,1448,7.32889e+06,583.475,583.475,524,16
ca_caverns2,1449,1.45532e+07,580.546,580.546,519,16
ca_caverns2,1450,3.76847e+06,595.245,584.132,525,16
ca_caverns2,1451,5.67502e+06,586.475,586.475,527,16
ca_caverns2,1452,4.08332e+06,585.718,585.718,525,16
ca_caverns2,1453,4.24406e+06,585.889,585.889,526,16
ca_caverns2,1454,1.22944e+07,587.061,587.061,528,16
ca_caverns2,1455,3.08113e+06,585.233,585.233,527,16
ca_caverns2,1456,1.04164e+07,584.818,584.818,527,16
ca_caverns2,1457,2.9355e+06,596.487,585.375,525,16
ca_caverns2,1458,4.46511e+06,585.576,585.576,529,16
ca_caverns2,1459,1.24855e+07,584.061,584.061,525,16
