map,scenid,tcost,distance,expect,steps,r
ca_caverns2prc,0,2662.4,6.24264,6.24264,6,8
ca_caverns2prc,1,1565.8,6,6,7,8
ca_caverns2prc,2,1581.2,6.24264,6.24264,6,8
ca_caverns2prc,3,986.2,4.82843,4.82843,5,8
ca_caverns2prc,4,1112.4,6.82843,6.82843,7,8
ca_caverns2prc,5,1166,4.41421,4.41421,5,8
ca_caverns2prc,6,1265.8,6.24264,6.24264,6,8
ca_caverns2prc,7,1115.6,5.82843,5.82843,6,8
ca_caverns2prc,8,1578.8,7.82843,7.82843,8,8
ca_caverns2prc,9,1181.4,6,6,7,8
ca_caverns2prc,10,2750.2,11.0711,11.0711,10,8
ca_caverns2prc,11,1494,8,8,9,8
ca_caverns2prc,12,1460,8.41421,8.41421,9,8
ca_caverns2prc,13,1556.4,8.24264,8.24264,8,8
ca_caverns2prc,14,1610,8.48528,8.48528,7,8
ca_caverns2prc,15,1503,8.48528,8.48528,7,8
ca_caverns2prc,16,1698.2,9.48528,9.48528,8,8
ca_caverns2prc,17,1290.2,8.82843,8.82843,9,8
ca_caverns2prc,18,1635.8,9.07107,9.07107,8,8
ca_caverns2prc,19,1887,9.82843,9.82843,10,8
ca_caverns2prc,20,2480,14.8995,14.8995,13,8
ca_caverns2prc,21,2666.4,13.4853,13.4853,12,8
ca_caverns2prc,22,2434.8,13.7279,13.7279,11,8
ca_caverns2prc,23,2183.6,13.8284,13.8284,14,8
ca_caverns2prc,24,2006.2,12.2426,12.2426,12,8
ca_caverns2prc,25,2027,13.6569,13.6569,13,8
ca_caverns2prc,26,2370.8,13.7279,13.7279,11,8
ca_caverns2prc,27,2350.8,14.8284,14.8284,15,8
ca_caverns2prc,28,2689.4,15.4853,15.4853,14,8
ca_caverns2prc,29,2035.4,12.6569,12.6569,12,8
ca_caverns2prc,30,3733,19.5563,19.5563,16,8
ca_caverns2prc,31,2623.2,16.8995,16.8995,15,8
ca_caverns2prc,32,2517,16.8284,16.8284,17,8
ca_caverns2prc,33,2534.2,16,16,17,8
ca_caverns2prc,34,2450.8,16.4142,16.4142,17,8
ca_caverns2prc,35,6368,22.3137,19.4853,20,8
ca_caverns2prc,36,2761.8,18,18,19,8
ca_caverns2prc,37,3085.8,19.4853,19.4853,18,8
ca_caverns2prc,38,3761,20.8995,17.4853,19,8
ca_caverns2prc,39,2991.2,17.4853,17.4853,16,8
ca_caverns2prc,40,3389.2,23.2426,23.2426,23,8
ca_caverns2prc,41,14534.8,21.5563,21.5563,18,8
ca_caverns2prc,42,3557.4,20.0711,20.0711,19,8
ca_caverns2prc,43,3413.4,20.799,20.799,16,8
ca_caverns2prc,44,3565.6,23.4142,23.4142,24,8
ca_caverns2prc,45,3244.4,20.6569,20.6569,20,8
ca_caverns2prc,46,3308.8,21.3137,21.3137,19,8
ca_caverns2prc,47,3809.6,22.7279,22.7279,20,8
ca_caverns2prc,48,3306.8,21.799,21.799,17,8
ca_caverns2prc,49,3722.8,22.1421,20.4853,19,8
ca_caverns2prc,50,4125.6,27.2426,27.2426,27,8
ca_caverns2prc,51,4080.8,27.4853,27.4853,26,8
ca_caverns2prc,52,4352.6,27.2132,27.2132,22,8
ca_caverns2prc,53,4170,24.5563,24.5563,21,8
ca_caverns2prc,54,4084.2,25.3848,25.3848,21,8
ca_caverns2prc,55,3476.8,25.4853,25.4853,24,8
ca_caverns2prc,56,4708.8,27.3848,27.3848,23,8
ca_caverns2prc,57,4376.8,26.4142,26.4142,27,8
ca_caverns2prc,58,4972,26.4558,26.4558,20,8
ca_caverns2prc,59,6960.4,29.9706,24.8995,26,8
ca_caverns2prc,60,4197.4,28.1421,28.1421,25,8
ca_caverns2prc,61,5577.8,31.8284,31.8284,32,8
ca_caverns2prc,62,5254.6,30.1421,30.1421,27,8
ca_caverns2prc,63,4957.8,28.2132,28.2132,23,8
ca_caverns2prc,64,5217.6,31.8284,31.8284,32,8
ca_caverns2prc,65,4798.4,29.8284,29.8284,30,8
ca_caverns2prc,66,4788.8,30.3137,30.3137,28,8
ca_caverns2prc,67,4607.4,28.7279,28.7279,26,8
ca_caverns2prc,68,11181.4,32.3848,30.3848,28,8
ca_caverns2prc,69,5556.4,31.3848,31.3848,27,8
ca_caverns2prc,70,6286.6,35.5269,35.5269,27,8
ca_caverns2prc,71,6180,33.7279,33.7279,31,8
ca_caverns2prc,72,21289.2,34.0711,34.0711,33,8
ca_caverns2prc,73,6378,37.1127,35.4558,29,8
ca_caverns2prc,74,6432.8,34.8701,34.8701,28,8
ca_caverns2prc,75,9771.2,41.8701,35.6274,35,8
ca_caverns2prc,76,4613.4,33.4142,33.4142,34,8
ca_caverns2prc,77,5530.6,33.1421,32.5563,30,8
ca_caverns2prc,78,6068.6,34.1421,34.1421,31,8
ca_caverns2prc,79,7879.4,40.5563,35.8701,37,8
ca_caverns2prc,80,5426.6,37.0711,37.0711,36,8
ca_caverns2prc,81,62055,39.9706,39.1421,36,8
ca_caverns2prc,82,5477.6,36.6569,36.6569,36,8
ca_caverns2prc,83,7609,39.8995,39.8995,38,8
ca_caverns2prc,84,7079,40.2132,39.3848,35,8
ca_caverns2prc,85,5964,40.4853,37.6569,39,8
ca_caverns2prc,86,6211.2,38.1421,38.1421,35,8
ca_caverns2prc,87,7064,37.3848,37.3848,33,8
ca_caverns2prc,88,6758.2,39.2426,39.2426,39,8
ca_caverns2prc,89,7031.8,39.0416,38.2132,33,8
ca_caverns2prc,90,16863,42.1421,42.1421,39,8
ca_caverns2prc,91,7583.4,41.2132,40.3848,36,8
ca_caverns2prc,92,107309,42.5563,42.5563,39,8
ca_caverns2prc,93,7989.8,42.1421,42.1421,39,8
ca_caverns2prc,94,6701.2,42.8995,41.2426,41,8
ca_caverns2prc,95,6766.6,41.2132,40.3848,36,8
ca_caverns2prc,96,8002,40.3553,40.3553,31,8
ca_caverns2prc,97,81796.2,43.7279,42.8995,41,8
ca_caverns2prc,98,32843.2,40.1421,40.1421,37,8
ca_caverns2prc,99,8749,42.3553,42.3553,33,8
ca_caverns2prc,100,109434,45.5563,45.5563,42,8
ca_caverns2prc,101,9403.2,47.0416,47.0416,41,8
ca_caverns2prc,102,66898.6,50.2132,46.8995,45,8
ca_caverns2prc,103,8709.4,44.0122,44.0122,33,8
ca_caverns2prc,104,8606.4,44.5563,44.5563,41,8
ca_caverns2prc,105,8926.8,47.9411,47.9411,39,8
ca_caverns2prc,106,7625.6,45.3848,44.799,41,8
ca_caverns2prc,107,7880.2,45.8701,45.0416,39,8
ca_caverns2prc,108,143516,47.7279,47.7279,45,8
ca_caverns2prc,109,9669.2,46.9411,46.9411,38,8
ca_caverns2prc,110,10521.6,53.5269,49.6274,45,8
ca_caverns2prc,111,7964.8,48.2426,48.2426,48,8
ca_caverns2prc,112,9156,50.1421,50.1421,47,8
ca_caverns2prc,113,145752,51.1421,50.3137,48,8
ca_caverns2prc,114,10660.4,50.4558,50.4558,44,8
ca_caverns2prc,115,9021.6,50.8284,50.8284,51,8
ca_caverns2prc,116,153668,51.3848,50.5563,47,8
ca_caverns2prc,117,237026,48.2132,48.2132,43,8
ca_caverns2prc,118,91238,49.7279,49.7279,47,8
ca_caverns2prc,119,8227.2,51.8995,50.2426,50,8
ca_caverns2prc,120,12028.6,56.0833,55.2548,43,8
ca_caverns2prc,121,10431.6,57.2843,55.6274,50,8
ca_caverns2prc,122,10975,57.4558,55.799,51,8
ca_caverns2prc,123,146680,53.0416,53.0416,47,8
ca_caverns2prc,124,12123,55.3848,54.799,51,8
ca_caverns2prc,125,9688.6,53.4853,53.4853,52,8
ca_caverns2prc,126,9083,52.8995,52.8995,51,8
ca_caverns2prc,127,9906.4,54.1838,54.1838,44,8
ca_caverns2prc,128,12041.4,53.1421,53.1421,50,8
ca_caverns2prc,129,10415.2,53.5269,52.6985,45,8
ca_caverns2prc,130,11847.4,57.6985,56.8701,50,8
ca_caverns2prc,131,11876,58.0122,58.0122,47,8
ca_caverns2prc,132,10871.8,58.5563,57.7279,55,8
ca_caverns2prc,133,10695.8,58.8995,58.8995,57,8
ca_caverns2prc,134,72493.2,56.6274,56.6274,51,8
ca_caverns2prc,135,82219.6,57.9706,57.9706,54,8
ca_caverns2prc,136,81778.8,58.6985,58.6985,51,8
ca_caverns2prc,137,11574,59.6274,58.799,54,8
ca_caverns2prc,138,217528,56.4558,56.4558,50,8
ca_caverns2prc,139,30236.2,65.7696,59.6274,56,8
ca_caverns2prc,140,111076,60.2132,60.2132,55,8
ca_caverns2prc,141,76483.2,60.3848,60.3848,56,8
ca_caverns2prc,142,17451.8,64.3848,63.5563,60,8
ca_caverns2prc,143,33470,63.9706,63.9706,60,8
ca_caverns2prc,144,12676.4,61.7696,61.7696,52,8
ca_caverns2prc,145,11513.6,60.0833,60.0833,47,8
ca_caverns2prc,146,11260.4,62.598,62.598,52,8
ca_caverns2prc,147,14024.4,65.9411,63.6985,57,8
ca_caverns2prc,148,11431.2,61.6274,61.6274,56,8
ca_caverns2prc,149,355892,63.2132,63.2132,58,8
ca_caverns2prc,150,307246,64.4558,64.4558,58,8
ca_caverns2prc,151,67526,67.6985,66.8701,60,8
ca_caverns2prc,152,80337.6,66.6274,65.799,61,8
ca_caverns2prc,153,11201.8,66.6569,66.6569,66,8
ca_caverns2prc,154,12137.4,67.2843,66.4558,60,8
ca_caverns2prc,155,315144,67.0416,67.0416,61,8
ca_caverns2prc,156,81355.6,65.1838,65.1838,55,8
ca_caverns2prc,157,12434.2,70.4558,67.3848,64,8
ca_caverns2prc,158,240303,67.6985,67.6985,60,8
ca_caverns2prc,159,233029,65.8995,65.8995,64,8
ca_caverns2prc,160,167664,69.8701,69.8701,63,8
ca_caverns2prc,161,11480.4,69.3848,68.5563,65,8
ca_caverns2prc,162,13904.4,70.8995,70.8995,69,8
ca_caverns2prc,163,68495.8,68.1127,68.1127,60,8
ca_caverns2prc,164,15546.4,69.4975,68.669,56,8
ca_caverns2prc,165,86285.4,71.6985,71.6985,64,8
ca_caverns2prc,166,480326,71.799,71.799,67,8
ca_caverns2prc,167,211037,71.7696,68.6985,62,8
ca_caverns2prc,168,53425,71.8995,71.8995,70,8
ca_caverns2prc,169,14173.4,68.7401,68.7401,54,8
ca_caverns2prc,170,81790.6,74.598,74.598,64,8
ca_caverns2prc,171,72646.6,77.2843,73.3848,70,8
ca_caverns2prc,172,106101,76.4975,73.4264,63,8
ca_caverns2prc,173,22048.2,73.1421,73.1421,70,8
ca_caverns2prc,174,98777.4,74.1127,74.1127,66,8
ca_caverns2prc,175,392967,75.799,75.799,71,8
ca_caverns2prc,176,53634.2,75.3848,75.3848,71,8
ca_caverns2prc,177,266395,75.2843,75.2843,68,8
ca_caverns2prc,178,46795.4,73.2132,73.2132,68,8
ca_caverns2prc,179,16142,73.8406,73.0122,62,8
ca_caverns2prc,180,17756.6,82.1127,77.6274,74,8
ca_caverns2prc,181,81804.8,76.0833,76.0833,63,8
ca_caverns2prc,182,452714,78.2843,78.2843,71,8
ca_caverns2prc,183,51659.8,76.2548,76.2548,64,8
ca_caverns2prc,184,391096,76.9706,76.9706,73,8
ca_caverns2prc,185,14042.6,78.4853,77.6569,77,8
ca_caverns2prc,186,12938.4,78.799,77.3848,74,8
ca_caverns2prc,187,151025,79.0416,79.0416,73,8
ca_caverns2prc,188,168697,79.2548,79.2548,67,8
ca_caverns2prc,189,16514,77.7696,76.9411,68,8
ca_caverns2prc,190,94852,82.669,81.8406,70,8
ca_caverns2prc,191,105435,81.1838,81.1838,71,8
ca_caverns2prc,192,337866,82.4558,82.4558,76,8
ca_caverns2prc,193,185939,82.1838,82.1838,72,8
ca_caverns2prc,194,104659,82.4558,82.4558,76,8
ca_caverns2prc,195,16680.8,84.3137,81.2426,82,8
ca_caverns2prc,196,19634,80.2132,80.2132,75,8
ca_caverns2prc,197,112041,80.2843,80.2843,73,8
ca_caverns2prc,198,505799,80.0416,80.0416,74,8
ca_caverns2prc,199,32966.4,84.4264,82.7696,73,8
ca_caverns2prc,200,134041,86.4264,86.4264,75,8
ca_caverns2prc,201,244405,84.9411,84.9411,76,8
ca_caverns2prc,202,431105,85.9411,85.1127,77,8
ca_caverns2prc,203,273920,85.6985,85.6985,78,8
ca_caverns2prc,204,18726.6,89.4264,85.5269,78,8
ca_caverns2prc,205,929321,85.1838,85.1838,75,8
ca_caverns2prc,206,18309.8,85.669,84.8406,73,8
ca_caverns2prc,207,715904,85.4264,85.4264,74,8
ca_caverns2prc,208,166387,90.8701,87.5563,84,8
ca_caverns2prc,209,91581.6,84.9411,84.9411,76,8
ca_caverns2prc,210,28073.4,92.1127,89.8701,84,8
ca_caverns2prc,211,247680,91.2548,91.2548,79,8
ca_caverns2prc,212,77284.2,88.5563,88.5563,85,8
ca_caverns2prc,213,224883,91.6985,91.6985,84,8
ca_caverns2prc,214,445013,88.8406,88.8406,77,8
ca_caverns2prc,215,673463,88.598,88.598,78,8
ca_caverns2prc,216,18286.4,91.669,91.669,79,8
ca_caverns2prc,217,486533,91.0122,91.0122,80,8
ca_caverns2prc,218,68192.2,91.3137,91.3137,89,8
ca_caverns2prc,219,882954,90.5269,90.5269,82,8
ca_caverns2prc,220,224581,92.3553,92.3553,83,8
ca_caverns2prc,221,474365,93.7696,93.7696,84,8
ca_caverns2prc,222,1.96369e+06,94.6274,94.6274,89,8
ca_caverns2prc,223,75928.2,95.4264,95.4264,84,8
ca_caverns2prc,224,124014,94.3553,94.3553,85,8
ca_caverns2prc,225,384853,94.6274,94.6274,89,8
ca_caverns2prc,226,602391,94.7696,94.7696,85,8
ca_caverns2prc,227,495934,99.2843,95.3848,92,8
ca_caverns2prc,228,1.13447e+06,93.9117,93.0833,80,8
ca_caverns2prc,229,783048,93.0416,93.0416,87,8
ca_caverns2prc,230,74978.8,97.598,97.598,87,8
ca_caverns2prc,231,486151,97.598,97.598,87,8
ca_caverns2prc,232,171658,99.8701,99.8701,93,8
ca_caverns2prc,233,305303,100.397,97.0833,84,8
ca_caverns2prc,234,105088,96.5563,96.5563,93,8
ca_caverns2prc,235,523104,100.426,97.1127,89,8
ca_caverns2prc,236,54370.6,96.3848,96.3848,92,8
ca_caverns2prc,237,758492,99.669,99.669,87,8
ca_caverns2prc,238,463651,97.2548,97.2548,85,8
ca_caverns2prc,239,312206,98.3259,98.3259,84,8
ca_caverns2prc,240,197865,100.213,100.213,95,8
ca_caverns2prc,241,132918,102.426,102.426,91,8
ca_caverns2prc,242,329135,101.627,101.627,96,8
ca_caverns2prc,243,142514,101.728,101.728,99,8
ca_caverns2prc,244,235113,100.912,100.912,87,8
ca_caverns2prc,245,25351,103.385,103.385,99,8
ca_caverns2prc,246,45359,104.77,102.284,95,8
ca_caverns2prc,247,198196,103.669,103.669,91,8
ca_caverns2prc,248,679943,101.255,100.426,89,8
ca_caverns2prc,249,253080,102.012,101.184,91,8
ca_caverns2prc,250,29294.8,114.184,106.385,104,8
ca_caverns2prc,251,21824.2,104.657,104.657,104,8
ca_caverns2prc,252,335506,108.284,107.456,101,8
ca_caverns2prc,253,235989,107.497,107.497,94,8
ca_caverns2prc,254,22519.6,104.728,104.728,102,8
ca_caverns2prc,255,866225,105.456,105.456,99,8
ca_caverns2prc,256,326241,104.527,104.527,96,8
ca_caverns2prc,257,126918,108.225,104.912,91,8
ca_caverns2prc,258,23683.4,111.971,107.728,108,8
ca_caverns2prc,259,273085,112.255,107.284,100,8
ca_caverns2prc,260,1.05561e+06,110.669,110.669,98,8
ca_caverns2prc,261,246970,111.598,111.598,101,8
ca_caverns2prc,262,323512,109.255,109.255,97,8
ca_caverns2prc,263,519843,109.556,109.556,106,8
ca_caverns2prc,264,239980,109.527,109.527,101,8
ca_caverns2prc,265,283646,108.184,108.184,98,8
ca_caverns2prc,266,389606,113.184,108.213,103,8
ca_caverns2prc,267,505941,111.012,111.012,100,8
ca_caverns2prc,268,181837,109.77,109.77,100,8
ca_caverns2prc,269,1.98541e+06,110.74,110.74,96,8
ca_caverns2prc,270,175824,113.113,113.113,105,8
ca_caverns2prc,271,95809.6,112.497,112.497,99,8
ca_caverns2prc,272,836930,114.284,112.627,107,8
ca_caverns2prc,273,351676,114.841,114.841,103,8
ca_caverns2prc,274,553851,115.971,115.971,112,8
ca_caverns2prc,275,33436.4,116.225,115.397,99,8
ca_caverns2prc,276,172938,115.083,115.083,102,8
ca_caverns2prc,277,174324,112.77,112.77,103,8
ca_caverns2prc,278,486542,115.882,115.882,97,8
ca_caverns2prc,279,421530,113.87,113.87,107,8
ca_caverns2prc,280,252115,119.912,119.912,106,8
ca_caverns2prc,281,221879,118.456,118.456,112,8
ca_caverns2prc,282,761538,118.569,117.74,103,8
ca_caverns2prc,283,178011,117.698,117.698,110,8
ca_caverns2prc,284,202728,116.184,116.184,106,8
ca_caverns2prc,285,404394,118.669,118.669,106,8
ca_caverns2prc,286,1.65876e+06,117.799,117.799,113,8
ca_caverns2prc,287,521879,118.012,118.012,107,8
ca_caverns2prc,288,885366,117.698,117.698,110,8
ca_caverns2prc,289,319746,117.113,117.113,109,8
ca_caverns2prc,290,1.01915e+06,120.054,120.054,102,8
ca_caverns2prc,291,56137.4,128.355,123.627,119,8
ca_caverns2prc,292,395943,125.598,121.113,115,8
ca_caverns2prc,293,396956,122.527,122.527,114,8
ca_caverns2prc,294,35664.4,123.071,123.071,122,8
ca_caverns2prc,295,484940,122.711,122.711,103,8
ca_caverns2prc,296,118816,120.941,120.941,112,8
ca_caverns2prc,297,464667,120.284,120.284,113,8
ca_caverns2prc,298,985561,122.255,121.426,110,8
ca_caverns2prc,299,222066,122.698,122.698,115,8
ca_caverns2prc,300,384451,130.497,126.012,117,8
ca_caverns2prc,301,643682,125.841,125.841,114,8
ca_caverns2prc,302,152816,127.042,127.042,121,8
ca_caverns2prc,303,92253.4,125.497,124.669,112,8
ca_caverns2prc,304,1.07958e+06,127.296,127.296,108,8
ca_caverns2prc,305,896540,124.74,124.74,110,8
ca_caverns2prc,306,49718,133.598,127.698,123,8
ca_caverns2prc,307,130985,127.012,127.012,116,8
ca_caverns2prc,308,181453,124.627,124.627,119,8
ca_caverns2prc,309,453958,125.698,125.698,118,8
ca_caverns2prc,310,196318,131.941,130.527,123,8
ca_caverns2prc,311,228717,128.154,128.154,113,8
ca_caverns2prc,312,1.05444e+06,131.983,131.983,116,8
ca_caverns2prc,313,269421,129.284,129.284,122,8
ca_caverns2prc,314,569482,131.598,131.598,121,8
ca_caverns2prc,315,712785,129.799,129.799,125,8
ca_caverns2prc,316,719438,128.941,128.113,120,8
ca_caverns2prc,317,224319,128.711,128.711,109,8
ca_caverns2prc,318,625204,128.711,128.711,109,8
ca_caverns2prc,319,1.29052e+06,128.912,128.912,115,8
ca_caverns2prc,320,466779,134.569,134.569,119,8
ca_caverns2prc,321,158842,132.284,132.284,125,8
ca_caverns2prc,322,622596,133.882,133.882,115,8
ca_caverns2prc,323,419461,132.698,132.698,125,8
ca_caverns2prc,324,271114,135.326,135.326,121,8
ca_caverns2prc,325,1.16145e+06,132.368,132.368,111,8
ca_caverns2prc,326,1.70803e+06,132.184,132.184,122,8
ca_caverns2prc,327,169616,132.284,132.284,125,8
ca_caverns2prc,328,192587,132.598,132.598,122,8
ca_caverns2prc,329,999365,134.882,134.882,116,8
ca_caverns2prc,330,39718,144.941,137.971,136,8
ca_caverns2prc,331,118594,137.154,137.154,122,8
ca_caverns2prc,332,214246,137.267,137.267,113,8
ca_caverns2prc,333,222855,137.397,137.397,121,8
ca_caverns2prc,334,1.00067e+06,140.811,139.983,124,8
ca_caverns2prc,335,660658,136.61,136.61,114,8
ca_caverns2prc,336,1.56761e+06,139.255,139.255,127,8
ca_caverns2prc,337,1.41594e+06,136.782,136.782,115,8
ca_caverns2prc,338,352796,136.556,136.556,133,8
ca_caverns2prc,339,741063,138.74,138.74,124,8
ca_caverns2prc,340,525770,143.77,143.77,134,8
ca_caverns2prc,341,209700,140.669,140.669,128,8
ca_caverns2prc,342,833397,142.255,142.255,130,8
ca_caverns2prc,343,323876,141.184,141.184,131,8
ca_caverns2prc,344,222050,143.912,140.841,130,8
ca_caverns2prc,345,1.00015e+06,141.841,141.841,130,8
ca_caverns2prc,346,1.65041e+06,142.77,142.77,133,8
ca_caverns2prc,347,362271,148.355,143.385,139,8
ca_caverns2prc,348,636469,143.669,143.669,131,8
ca_caverns2prc,349,468143,148.012,143.042,137,8
ca_caverns2prc,350,633215,144.397,144.397,128,8
ca_caverns2prc,351,235422,145.941,145.941,137,8
ca_caverns2prc,352,247847,146.669,146.669,134,8
ca_caverns2prc,353,552390,147.113,146.284,139,8
ca_caverns2prc,354,926459,146.113,146.113,138,8
ca_caverns2prc,355,494192,145.012,145.012,134,8
ca_caverns2prc,356,2.22244e+06,147.569,147.569,132,8
ca_caverns2prc,357,363603,146.77,146.77,137,8
ca_caverns2prc,358,164924,145.77,145.77,136,8
ca_caverns2prc,359,455045,147.154,147.154,132,8
ca_caverns2prc,360,1.40846e+06,151.468,151.468,133,8
ca_caverns2prc,361,120064,149.799,149.799,145,8
ca_caverns2prc,362,2.1029e+06,148.77,148.77,139,8
ca_caverns2prc,363,302618,156.569,151.598,141,8
ca_caverns2prc,364,330449,150.196,150.196,128,8
ca_caverns2prc,365,415325,150.811,150.811,134,8
ca_caverns2prc,366,953410,150.184,150.184,140,8
ca_caverns2prc,367,480097,150.983,150.154,135,8
ca_caverns2prc,368,256275,148.497,148.497,135,8
ca_caverns2prc,369,404041,149.368,149.368,128,8
ca_caverns2prc,370,189348,154.569,154.569,139,8
ca_caverns2prc,371,239647,152.125,152.125,132,8
ca_caverns2prc,372,399530,155.799,155.799,151,8
ca_caverns2prc,373,156782,153.527,153.527,145,8
ca_caverns2prc,374,285233,153.426,153.426,142,8
ca_caverns2prc,375,763224,155.61,155.61,133,8
ca_caverns2prc,376,327901,155.527,155.527,147,8
ca_caverns2prc,377,1.24907e+06,154.539,152.882,134,8
ca_caverns2prc,378,278628,155.255,155.255,143,8
ca_caverns2prc,379,678339,152.397,152.397,136,8
ca_caverns2prc,380,1.08162e+06,156.539,156.539,136,8
ca_caverns2prc,381,1.56663e+06,158.569,158.569,143,8
ca_caverns2prc,382,260675,159.77,158.941,150,8
ca_caverns2prc,383,520549,157.012,157.012,146,8
ca_caverns2prc,384,465998,156.054,156.054,138,8
ca_caverns2prc,385,853362,158.598,158.598,148,8
ca_caverns2prc,386,393047,158.255,158.255,146,8
ca_caverns2prc,387,151311,156.569,156.569,141,8
ca_caverns2prc,388,542744,158.669,158.669,146,8
ca_caverns2prc,389,1.32336e+06,159.64,159.64,142,8
ca_caverns2prc,390,385586,162.456,162.456,156,8
ca_caverns2prc,391,697127,161.225,161.225,144,8
ca_caverns2prc,392,427600,166.113,161.627,158,8
ca_caverns2prc,393,1.79937e+06,160.054,160.054,142,8
ca_caverns2prc,394,263599,161.598,161.598,151,8
ca_caverns2prc,395,617952,160.983,160.983,145,8
ca_caverns2prc,396,294757,160.681,160.681,136,8
ca_caverns2prc,397,867592,161.225,161.225,144,8
ca_caverns2prc,398,238726,161.184,161.184,151,8
ca_caverns2prc,399,346839,161.368,161.368,140,8
ca_caverns2prc,400,194584,167.782,167.782,146,8
ca_caverns2prc,401,457330,167.497,167.497,154,8
ca_caverns2prc,402,529694,166.853,166.853,143,8
ca_caverns2prc,403,869114,166.539,166.539,146,8
ca_caverns2prc,404,1.67256e+06,166.326,166.326,152,8
ca_caverns2prc,405,205217,167.983,167.983,152,8
ca_caverns2prc,406,464620,166.024,166.024,143,8
ca_caverns2prc,407,203336,167.397,164.811,151,8
ca_caverns2prc,408,356493,166.326,166.326,152,8
ca_caverns2prc,409,435769,166.255,166.255,154,8
ca_caverns2prc,410,299284,173.154,170.669,158,8
ca_caverns2prc,411,3.0058e+06,171.569,171.569,156,8
ca_caverns2prc,412,1.17861e+06,169.042,169.042,163,8
ca_caverns2prc,413,884399,176.397,170.841,160,8
ca_caverns2prc,414,3.1199e+06,170.782,170.782,149,8
ca_caverns2prc,415,308064,171.598,171.598,161,8
ca_caverns2prc,416,1.05378e+06,168.284,168.284,161,8
ca_caverns2prc,417,3.84057e+06,168.882,168.882,150,8
ca_caverns2prc,418,742714,168.539,168.539,148,8
ca_caverns2prc,419,2.05126e+06,170.527,170.527,162,8
ca_caverns2prc,420,892454,175.953,175.953,155,8
ca_caverns2prc,421,2.52807e+06,175.054,175.054,157,8
ca_caverns2prc,422,70667.6,175.569,173.326,160,8
ca_caverns2prc,423,186986,174.598,174.598,164,8
ca_caverns2prc,424,1.09333e+06,174.225,173.397,157,8
ca_caverns2prc,425,1.4615e+06,175.74,175.74,161,8
ca_caverns2prc,426,3.24635e+06,175.841,175.841,164,8
ca_caverns2prc,427,980234,172.924,172.924,147,8
ca_caverns2prc,428,555425,172.64,172.64,155,8
ca_caverns2prc,429,310100,175.669,175.669,163,8
ca_caverns2prc,430,222006,176.368,176.368,155,8
ca_caverns2prc,431,302681,176.711,176.711,157,8
ca_caverns2prc,432,405211,178.87,177.213,172,8
ca_caverns2prc,433,683120,177.669,177.669,165,8
ca_caverns2prc,434,362395,179.539,179.539,159,8
ca_caverns2prc,435,765012,179.569,179.569,164,8
ca_caverns2prc,436,198525,180.125,178.368,160,8
ca_caverns2prc,437,649577,184.054,179.083,166,8
ca_caverns2prc,438,4.2964e+06,178.196,178.196,156,8
ca_caverns2prc,439,1.36365e+06,178.782,178.782,157,8
ca_caverns2prc,440,388343,185.941,183.456,177,8
ca_caverns2prc,441,519014,180.083,180.083,167,8
ca_caverns2prc,442,760467,182.77,182.77,173,8
ca_caverns2prc,443,700163,181.439,181.439,158,8
ca_caverns2prc,444,296659,181.497,181.497,168,8
ca_caverns2prc,445,60183.8,181.527,180.698,173,8
ca_caverns2prc,446,1.20525e+06,181.012,181.012,170,8
ca_caverns2prc,447,395609,183.397,183.397,167,8
ca_caverns2prc,448,304850,183.983,183.983,168,8
ca_caverns2prc,449,216007,183.74,183.74,169,8
ca_caverns2prc,450,1.23749e+06,184.983,184.154,169,8
ca_caverns2prc,451,460992,187.64,187.64,170,8
ca_caverns2prc,452,375134,184.154,184.154,169,8
ca_caverns2prc,453,339376,185.811,185.811,169,8
ca_caverns2prc,454,737273,187.439,187.439,164,8
ca_caverns2prc,455,620332,187.941,187.113,179,8
ca_caverns2prc,456,189014,185.355,185.355,176,8
ca_caverns2prc,457,186431,186.912,186.912,173,8
ca_caverns2prc,458,363736,185.225,185.225,168,8
ca_caverns2prc,459,778294,187.539,187.539,167,8
ca_caverns2prc,460,433172,190.468,190.468,172,8
ca_caverns2prc,461,182831,191.355,191.355,182,8
ca_caverns2prc,462,314583,188.167,188.167,161,8
ca_caverns2prc,463,506995,190.184,190.184,180,8
ca_caverns2prc,464,721605,190.083,190.083,177,8
ca_caverns2prc,465,959065,189.426,189.426,178,8
ca_caverns2prc,466,1.42924e+06,189.497,189.497,176,8
ca_caverns2prc,467,1.96672e+06,188.468,188.468,170,8
ca_caverns2prc,468,343471,188.669,188.669,176,8
ca_caverns2prc,469,719376,191.581,191.581,164,8
ca_caverns2prc,470,1.18872e+06,195.539,195.539,175,8
ca_caverns2prc,471,511142,193.953,193.953,173,8
ca_caverns2prc,472,318156,193.497,193.497,180,8
ca_caverns2prc,473,2.65909e+06,192.355,192.355,183,8
ca_caverns2prc,474,1.08409e+06,193.255,193.255,181,8
ca_caverns2prc,475,504732,192.51,192.51,167,8
ca_caverns2prc,476,1.23017e+06,194.681,194.681,170,8
ca_caverns2prc,477,532425,192.125,192.125,172,8
ca_caverns2prc,478,142620,194.711,194.711,175,8
ca_caverns2prc,479,1.26227e+06,195.225,195.225,178,8
ca_caverns2prc,480,346556,196.497,196.497,183,8
ca_caverns2prc,481,995695,199.74,199.74,185,8
ca_caverns2prc,482,1.52184e+06,196.74,196.74,182,8
ca_caverns2prc,483,340607,199.569,199.569,184,8
ca_caverns2prc,484,469056,198.539,198.539,178,8
ca_caverns2prc,485,543682,196.61,196.61,174,8
ca_caverns2prc,486,402650,198.426,198.426,187,8
ca_caverns2prc,487,3.45023e+06,198.083,198.083,185,8
ca_caverns2prc,488,391887,196.581,196.581,169,8
ca_caverns2prc,489,629097,199.912,199.912,186,8
ca_caverns2prc,490,914603,200.681,200.681,176,8
ca_caverns2prc,491,505407,200.238,200.238,171,8
ca_caverns2prc,492,794057,204.941,200.799,196,8
ca_caverns2prc,493,2.0453e+06,201.368,201.368,180,8
ca_caverns2prc,494,641561,203.024,203.024,180,8
ca_caverns2prc,495,801988,202.711,202.711,183,8
ca_caverns2prc,496,345941,200.497,200.497,187,8
ca_caverns2prc,497,310454,203.811,203.811,187,8
ca_caverns2prc,498,858603,203.983,203.983,188,8
ca_caverns2prc,499,391698,203.154,203.154,188,8
ca_caverns2prc,500,4.78323e+06,207.61,207.61,185,8
ca_caverns2prc,501,295254,207.326,207.326,193,8
ca_caverns2prc,502,1.46504e+06,205.326,205.326,191,8
ca_caverns2prc,503,264718,207.154,207.154,192,8
ca_caverns2prc,504,341447,205.983,205.983,190,8
ca_caverns2prc,505,429532,205.083,205.083,192,8
ca_caverns2prc,506,696607,207.811,207.811,191,8
ca_caverns2prc,507,476975,206.225,206.225,189,8
ca_caverns2prc,508,823264,204.368,204.368,183,8
ca_caverns2prc,509,465258,205.882,205.882,187,8
ca_caverns2prc,510,572709,208.853,208.853,185,8
ca_caverns2prc,511,526111,209.296,209.296,190,8
ca_caverns2prc,512,1.08716e+06,211.669,211.669,199,8
ca_caverns2prc,513,312691,208.882,208.882,190,8
ca_caverns2prc,514,736423,208.225,208.225,191,8
ca_caverns2prc,515,352699,208.125,208.125,188,8
ca_caverns2prc,516,480462,209.054,209.054,191,8
ca_caverns2prc,517,360352,208.083,208.083,195,8
ca_caverns2prc,518,2.1262e+06,208.64,208.64,191,8
ca_caverns2prc,519,774687,210.225,210.225,193,8
ca_caverns2prc,520,702269,214.681,214.681,190,8
ca_caverns2prc,521,908995,215.569,215.569,200,8
ca_caverns2prc,522,577984,213.024,213.024,190,8
ca_caverns2prc,523,909515,214.468,214.468,196,8
ca_caverns2prc,524,4.12935e+06,212.184,212.184,202,8
ca_caverns2prc,525,1.31445e+06,213.083,213.083,200,8
ca_caverns2prc,526,3.03594e+06,214.426,214.426,203,8
ca_caverns2prc,527,2.00995e+06,214.024,214.024,191,8
ca_caverns2prc,528,354692,212.669,212.669,200,8
ca_caverns2prc,529,555706,212.569,212.569,197,8
ca_caverns2prc,530,690917,216.51,216.51,191,8
ca_caverns2prc,531,693195,218.811,218.811,202,8
ca_caverns2prc,532,533072,218.841,218.841,207,8
ca_caverns2prc,533,432840,219.912,219.912,206,8
ca_caverns2prc,534,519557,219.882,219.882,201,8
ca_caverns2prc,535,784049,218.669,218.669,206,8
ca_caverns2prc,536,2.07153e+06,216.397,216.397,200,8
ca_caverns2prc,537,166208,218.912,218.912,205,8
ca_caverns2prc,538,1.05156e+06,216.054,216.054,198,8
ca_caverns2prc,539,663031,219.912,219.912,206,8
ca_caverns2prc,540,844662,221.054,221.054,203,8
ca_caverns2prc,541,523842,222.196,222.196,200,8
ca_caverns2prc,542,570957,223.024,222.196,200,8
ca_caverns2prc,543,1.1487e+06,223.811,223.811,207,8
ca_caverns2prc,544,974708,221.326,221.326,207,8
ca_caverns2prc,545,718169,220.326,220.326,206,8
ca_caverns2prc,546,1.75754e+06,223.882,223.882,205,8
ca_caverns2prc,547,429751,221.167,221.167,194,8
ca_caverns2prc,548,1.30385e+06,225.698,223.213,218,8
ca_caverns2prc,549,516591,223.255,223.255,211,8
ca_caverns2prc,550,939110,225.439,225.439,202,8
ca_caverns2prc,551,765620,226.095,226.095,201,8
ca_caverns2prc,552,422053,225.267,225.267,201,8
ca_caverns2prc,553,2.32999e+06,225.167,225.167,198,8
ca_caverns2prc,554,421325,224.225,224.225,207,8
ca_caverns2prc,555,423054,225.326,225.326,211,8
ca_caverns2prc,556,712898,227.74,227.74,213,8
ca_caverns2prc,557,718850,224.338,224.338,198,8
ca_caverns2prc,558,1.12834e+06,227.681,226.853,203,8
ca_caverns2prc,559,2.28159e+06,227.225,227.225,210,8
ca_caverns2prc,560,1.01308e+06,230.51,230.51,205,8
ca_caverns2prc,561,527991,231.539,231.539,211,8
ca_caverns2prc,562,1.15526e+06,231.953,231.953,211,8
ca_caverns2prc,563,760418,228.64,228.64,211,8
ca_caverns2prc,564,401526,231.296,231.296,212,8
ca_caverns2prc,565,491478,230.355,230.355,221,8
ca_caverns2prc,566,473280,231.569,231.569,216,8
ca_caverns2prc,567,421298,230.054,230.054,212,8
ca_caverns2prc,568,1.7674e+06,228.497,228.497,215,8
ca_caverns2prc,569,738454,233.669,228.698,221,8
ca_caverns2prc,570,664133,234.74,234.74,220,8
ca_caverns2prc,571,1.72983e+06,232.983,232.983,217,8
ca_caverns2prc,572,589289,235.711,235.711,216,8
ca_caverns2prc,573,299196,235.125,235.125,215,8
ca_caverns2prc,574,789088,235.811,235.811,219,8
ca_caverns2prc,575,2.2216e+06,233.569,233.569,218,8
ca_caverns2prc,576,414804,234.468,234.468,216,8
ca_caverns2prc,577,1.00616e+06,235.397,235.397,219,8
ca_caverns2prc,578,1.64713e+06,232.551,232.551,200,8
ca_caverns2prc,579,796262,235.681,235.681,211,8
ca_caverns2prc,580,658856,236.74,236.74,222,8
ca_caverns2prc,581,647872,238.823,237.995,210,8
ca_caverns2prc,582,945113,237.368,237.368,216,8
ca_caverns2prc,583,740389,238.024,238.024,215,8
ca_caverns2prc,584,827996,238.267,238.267,214,8
ca_caverns2prc,585,2.11431e+06,238.267,238.267,214,8
ca_caverns2prc,586,1.23627e+06,239.581,239.581,212,8
ca_caverns2prc,587,520403,241.012,236.042,230,8
ca_caverns2prc,588,791997,237.539,237.539,217,8
ca_caverns2prc,589,533096,242.74,237.77,228,8
ca_caverns2prc,590,2.43486e+06,242.024,242.024,219,8
ca_caverns2prc,591,692958,242.225,242.225,225,8
ca_caverns2prc,592,922241,241.125,241.125,221,8
ca_caverns2prc,593,602508,241.782,241.782,220,8
ca_caverns2prc,594,562842,241.439,241.439,218,8
ca_caverns2prc,595,364564,240.569,240.569,225,8
ca_caverns2prc,596,849391,240.154,240.154,225,8
ca_caverns2prc,597,1.41567e+06,242.924,242.095,217,8
ca_caverns2prc,598,5.74489e+06,243.598,243.598,233,8
ca_caverns2prc,599,975214,242.48,240.823,212,8
ca_caverns2prc,600,997965,244.238,244.238,215,8
ca_caverns2prc,601,524485,247.995,247.995,220,8
ca_caverns2prc,602,468429,246.853,246.853,223,8
ca_caverns2prc,603,2.5013e+06,246.51,246.51,221,8
ca_caverns2prc,604,736166,246.095,246.095,221,8
ca_caverns2prc,605,520395,245.924,245.924,220,8
ca_caverns2prc,606,1.11703e+06,245.012,245.012,234,8
ca_caverns2prc,607,2.19712e+06,247.238,247.238,218,8
ca_caverns2prc,608,1.34227e+06,247.853,247.853,224,8
ca_caverns2prc,609,540856,245.397,245.397,229,8
ca_caverns2prc,610,1.02944e+06,251.409,251.409,223,8
ca_caverns2prc,611,856073,250.752,250.752,224,8
ca_caverns2prc,612,1.38427e+06,251.853,251.853,228,8
ca_caverns2prc,613,1.68501e+06,249.225,249.225,232,8
ca_caverns2prc,614,620386,251.539,251.539,231,8
ca_caverns2prc,615,650779,250.924,249.267,225,8
ca_caverns2prc,616,599257,251.966,251.966,219,8
ca_caverns2prc,617,2.12916e+06,250.823,250.823,222,8
ca_caverns2prc,618,1.30116e+06,249.095,249.095,224,8
ca_caverns2prc,619,522554,251.024,250.196,228,8
ca_caverns2prc,620,1.03718e+06,255.296,255.296,236,8
ca_caverns2prc,621,835537,255.966,255.966,223,8
ca_caverns2prc,622,508535,255.882,255.882,237,8
ca_caverns2prc,623,809176,255.309,255.309,224,8
ca_caverns2prc,624,398620,255.853,255.853,232,8
ca_caverns2prc,625,893141,255.338,255.338,229,8
ca_caverns2prc,626,520295,253.439,253.439,230,8
ca_caverns2prc,627,1.01296e+06,252.225,252.225,235,8
ca_caverns2prc,628,1.011e+06,255.64,255.64,238,8
ca_caverns2prc,629,1.63465e+06,252.167,252.167,225,8
ca_caverns2prc,630,1.11916e+06,257.823,257.823,229,8
ca_caverns2prc,631,782845,262.196,258.054,240,8
ca_caverns2prc,632,907086,259.296,259.296,240,8
ca_caverns2prc,633,1.18338e+06,256.309,256.309,225,8
ca_caverns2prc,634,681871,257.782,257.782,236,8
ca_caverns2prc,635,814323,256.51,256.51,231,8
ca_caverns2prc,636,567977,259.823,259.823,231,8
ca_caverns2prc,637,892018,256.51,256.51,231,8
ca_caverns2prc,638,480748,258.167,258.167,231,8
ca_caverns2prc,639,1.97782e+06,257.912,257.912,244,8
ca_caverns2prc,640,498378,262.154,262.154,247,8
ca_caverns2prc,641,554386,260.64,260.64,243,8
ca_caverns2prc,642,778615,260.711,260.711,241,8
ca_caverns2prc,643,896428,262.752,262.752,236,8
ca_caverns2prc,644,542400,263.439,263.439,240,8
ca_caverns2prc,645,655111,263.752,263.752,237,8
ca_caverns2prc,646,487397,261.51,261.51,236,8
ca_caverns2prc,647,419811,260.267,260.267,236,8
ca_caverns2prc,648,1.03593e+06,261.782,260.953,240,8
ca_caverns2prc,649,634192,263.995,263.995,236,8
ca_caverns2prc,650,1.15373e+06,264.782,264.782,243,8
ca_caverns2prc,651,749844,267.752,267.752,241,8
ca_caverns2prc,652,598350,265.439,265.439,242,8
ca_caverns2prc,653,945499,264.681,264.681,240,8
ca_caverns2prc,654,1.07814e+06,267.681,267.681,243,8
ca_caverns2prc,655,561968,267.083,267.083,254,8
ca_caverns2prc,656,1.10981e+06,267.539,267.539,247,8
ca_caverns2prc,657,555860,264.853,264.853,241,8
ca_caverns2prc,658,759210,265.054,265.054,247,8
ca_caverns2prc,659,625833,265.267,265.267,241,8
ca_caverns2prc,660,1.11555e+06,270.693,269.279,234,8
ca_caverns2prc,661,1.16738e+06,271.711,271.711,252,8
ca_caverns2prc,662,1.2894e+06,269.983,269.983,254,8
ca_caverns2prc,663,555903,268.007,268.007,228,8
ca_caverns2prc,664,1.08573e+06,270.066,270.066,240,8
ca_caverns2prc,665,1.00733e+06,268.61,268.61,246,8
ca_caverns2prc,666,1.55961e+06,270.983,270.154,255,8
ca_caverns2prc,667,498229,270.338,270.338,244,8
ca_caverns2prc,668,983770,269.066,269.066,239,8
ca_caverns2prc,669,741667,270.953,270.953,250,8
ca_caverns2prc,670,560058,274.397,274.397,258,8
ca_caverns2prc,671,1.46263e+06,274.125,274.125,254,8
ca_caverns2prc,672,485747,273.397,273.397,257,8
ca_caverns2prc,673,547767,273.196,273.196,251,8
ca_caverns2prc,674,876404,272.711,272.711,253,8
ca_caverns2prc,675,1.13685e+06,273.539,273.539,253,8
ca_caverns2prc,676,562883,274.61,274.61,252,8
ca_caverns2prc,677,591604,272.681,272.681,248,8
ca_caverns2prc,678,801975,274.267,274.267,250,8
ca_caverns2prc,679,819860,274.409,274.409,246,8
ca_caverns2prc,680,5.54792e+06,279.225,279.225,262,8
ca_caverns2prc,681,1.43896e+06,276.125,276.125,256,8
ca_caverns2prc,682,812577,278.125,278.125,258,8
ca_caverns2prc,683,1.37538e+06,278.468,276.811,260,8
ca_caverns2prc,684,699434,276.61,276.61,254,8
ca_caverns2prc,685,1.35091e+06,276.61,276.61,254,8
ca_caverns2prc,686,1.31758e+06,276.167,276.167,249,8
ca_caverns2prc,687,519809,279.853,279.853,256,8
ca_caverns2prc,688,1.513e+06,276.723,276.723,245,8
ca_caverns2prc,689,588696,276.024,276.024,253,8
ca_caverns2prc,690,1.06393e+06,280.48,280.48,250,8
ca_caverns2prc,691,3.24227e+06,283.74,282.912,269,8
ca_caverns2prc,692,1.11423e+06,283.196,283.196,261,8
ca_caverns2prc,693,772966,282.853,282.853,259,8
ca_caverns2prc,694,685517,283.125,283.125,263,8
ca_caverns2prc,695,747714,281.154,281.154,266,8
ca_caverns2prc,696,615141,283.167,283.167,256,8
ca_caverns2prc,697,753546,280.409,280.409,252,8
ca_caverns2prc,698,586754,280.723,280.723,249,8
ca_caverns2prc,699,823568,283.681,283.681,259,8
ca_caverns2prc,700,1.71504e+06,286.267,286.267,262,8
ca_caverns2prc,701,2.47875e+06,284.167,284.167,257,8
ca_caverns2prc,702,1.20681e+06,284.51,284.51,259,8
ca_caverns2prc,703,554590,284.539,284.539,264,8
ca_caverns2prc,704,957836,287.723,287.723,256,8
ca_caverns2prc,705,918171,284.066,284.066,254,8
ca_caverns2prc,706,5.20312e+06,284.326,284.326,270,8
ca_caverns2prc,707,882086,287.095,287.095,262,8
ca_caverns2prc,708,555024,286.539,286.539,266,8
ca_caverns2prc,709,984430,284.338,284.338,258,8
ca_caverns2prc,710,1.11167e+06,291.681,291.681,267,8
ca_caverns2prc,711,1.20988e+06,289.681,289.681,265,8
ca_caverns2prc,712,3.25289e+06,288.125,288.125,268,8
ca_caverns2prc,713,2.20218e+06,290.539,289.711,270,8
ca_caverns2prc,714,5.25058e+06,288.569,288.569,273,8
ca_caverns2prc,715,1.29097e+06,290.539,290.539,270,8
ca_caverns2prc,716,626962,288.823,288.823,260,8
ca_caverns2prc,717,1.14774e+06,291.468,291.468,273,8
ca_caverns2prc,718,1.72475e+06,288.569,288.569,273,8
ca_caverns2prc,719,1.24808e+06,289.924,289.924,264,8
ca_caverns2prc,720,588242,294.61,294.61,272,8
ca_caverns2prc,721,927676,292.723,292.723,261,8
ca_caverns2prc,722,555922,294.823,294.823,266,8
ca_caverns2prc,723,1.36041e+06,294.368,294.368,273,8
ca_caverns2prc,724,663163,293.551,293.551,261,8
ca_caverns2prc,725,942552,293.983,293.983,278,8
ca_caverns2prc,726,691146,294.752,294.752,268,8
ca_caverns2prc,727,1.16207e+06,294.409,294.409,266,8
ca_caverns2prc,728,2.60077e+06,295.296,294.468,276,8
ca_caverns2prc,729,756303,294.551,294.551,262,8
ca_caverns2prc,730,951191,299.409,299.409,271,8
ca_caverns2prc,731,692086,297.095,297.095,272,8
ca_caverns2prc,732,493267,296.267,296.267,272,8
ca_caverns2prc,733,667930,296.167,296.167,269,8
ca_caverns2prc,734,1.04269e+06,298.066,298.066,268,8
ca_caverns2prc,735,1.81068e+06,296.451,296.451,261,8
ca_caverns2prc,736,1.24124e+06,299.894,299.894,269,8
ca_caverns2prc,737,1.79778e+06,299.054,299.054,281,8
ca_caverns2prc,738,1.074e+06,298.522,298.522,261,8
ca_caverns2prc,739,710067,299.037,299.037,264,8
ca_caverns2prc,740,1.68053e+06,301.622,301.622,267,8
ca_caverns2prc,741,801443,301.853,301.853,278,8
ca_caverns2prc,742,836260,303.752,303.752,277,8
ca_caverns2prc,743,1.42125e+06,303.539,303.539,283,8
ca_caverns2prc,744,695817,301.752,301.752,275,8
ca_caverns2prc,745,1.2534e+06,303.924,303.924,278,8
ca_caverns2prc,746,1.00636e+06,303.865,303.865,268,8
ca_caverns2prc,747,807172,303.238,303.238,274,8
ca_caverns2prc,748,1.99863e+06,300.966,300.966,268,8
ca_caverns2prc,749,748245,303.569,303.569,288,8
ca_caverns2prc,750,799281,306.167,306.167,279,8
ca_caverns2prc,751,1.14271e+06,306.723,306.723,275,8
ca_caverns2prc,752,1.54085e+06,308.267,307.681,284,8
ca_caverns2prc,753,819715,305.167,305.167,278,8
ca_caverns2prc,754,2.0012e+06,304.279,304.279,268,8
ca_caverns2prc,755,1.58998e+06,305.338,305.338,279,8
ca_caverns2prc,756,860011,306.125,306.125,286,8
ca_caverns2prc,757,1.47445e+06,305.167,305.167,278,8
ca_caverns2prc,758,1.04392e+06,305.238,305.238,276,8
ca_caverns2prc,759,1.59257e+06,304.196,304.196,282,8
ca_caverns2prc,760,783338,309.764,309.764,271,8
ca_caverns2prc,761,622817,310.037,310.037,275,8
ca_caverns2prc,762,798653,308.208,308.208,274,8
ca_caverns2prc,763,1.04527e+06,310.38,310.38,277,8
ca_caverns2prc,764,930546,310.936,310.936,273,8
ca_caverns2prc,765,783471,310.409,310.409,282,8
ca_caverns2prc,766,1.25134e+06,311.936,311.936,274,8
ca_caverns2prc,767,944783,311.581,311.581,284,8
ca_caverns2prc,768,532014,311.652,311.652,282,8
ca_caverns2prc,769,469781,311.066,311.066,281,8
ca_caverns2prc,770,769513,312.936,312.936,275,8
ca_caverns2prc,771,1.02495e+06,315.225,313.569,298,8
ca_caverns2prc,772,1.04266e+06,313.539,313.539,293,8
ca_caverns2prc,773,2.08495e+06,314.551,314.551,282,8
ca_caverns2prc,774,1.90527e+06,315.61,315.61,293,8
ca_caverns2prc,775,1.52802e+06,313.468,313.468,295,8
ca_caverns2prc,776,2.90157e+06,314.581,314.581,287,8
ca_caverns2prc,777,799039,313.179,313.179,274,8
ca_caverns2prc,778,942192,316.25,315.421,275,8
ca_caverns2prc,779,2.62513e+06,312.137,312.137,280,8
ca_caverns2prc,780,1.20256e+06,318.024,318.024,295,8
ca_caverns2prc,781,998941,317.095,317.095,292,8
ca_caverns2prc,782,1.00856e+06,317.48,317.48,287,8
ca_caverns2prc,783,521749,318.154,318.154,303,8
ca_caverns2prc,784,791298,319.823,319.823,291,8
ca_caverns2prc,785,1.40128e+06,319.581,319.581,292,8
ca_caverns2prc,786,3.35844e+06,316.823,316.823,288,8
ca_caverns2prc,787,817515,317.782,317.782,296,8
ca_caverns2prc,788,641781,316.279,316.279,280,8
ca_caverns2prc,789,1.76791e+06,316.409,316.409,288,8
ca_caverns2prc,790,1.70833e+06,321.451,321.451,286,8
ca_caverns2prc,791,1.01175e+06,325.539,323.882,305,8
ca_caverns2prc,792,521926,322.823,322.823,294,8
ca_caverns2prc,793,687965,322.966,322.966,290,8
ca_caverns2prc,794,887923,322.723,322.723,291,8
ca_caverns2prc,795,668466,320.095,320.095,295,8
ca_caverns2prc,796,1.63304e+06,321.794,321.794,288,8
ca_caverns2prc,797,824536,321.238,321.238,292,8
ca_caverns2prc,798,1.09691e+06,322.48,322.48,292,8
ca_caverns2prc,799,2.42554e+06,320.196,320.196,298,8
ca_caverns2prc,800,1.07646e+06,326.208,326.208,292,8
ca_caverns2prc,801,1.00739e+06,324.137,324.137,292,8
ca_caverns2prc,802,1.31913e+06,327.238,327.238,298,8
ca_caverns2prc,803,1.15325e+06,324.782,324.196,303,8
ca_caverns2prc,804,816867,325.752,325.752,299,8
ca_caverns2prc,805,952753,327.208,327.208,293,8
ca_caverns2prc,806,1.07681e+06,327.439,327.439,304,8
ca_caverns2prc,807,1.85346e+06,324.492,324.492,282,8
ca_caverns2prc,808,1.46924e+06,326.368,326.368,305,8
ca_caverns2prc,809,991174,324.652,324.652,295,8
ca_caverns2prc,810,2.18902e+06,328.208,328.208,294,8
ca_caverns2prc,811,1.87791e+06,330.622,330.622,296,8
ca_caverns2prc,812,873994,328.551,328.551,296,8
ca_caverns2prc,813,1.03186e+06,329.321,329.321,286,8
ca_caverns2prc,814,1.88009e+06,330.38,329.551,297,8
ca_caverns2prc,815,1.28527e+06,329.309,329.309,298,8
ca_caverns2prc,816,928751,331.693,331.693,295,8
ca_caverns2prc,817,767938,331.894,331.066,301,8
ca_caverns2prc,818,1.05673e+06,328.681,328.681,304,8
ca_caverns2prc,819,887926,328.794,328.794,295,8
ca_caverns2prc,820,1.4941e+06,334.309,334.309,303,8
ca_caverns2prc,821,1.19788e+06,335.35,335.35,297,8
ca_caverns2prc,822,1.43063e+06,334.368,334.368,313,8
ca_caverns2prc,823,886521,335.451,335.451,300,8
ca_caverns2prc,824,781030,332.622,332.622,298,8
ca_caverns2prc,825,1.31918e+06,333.137,333.137,301,8
ca_caverns2prc,826,1.50966e+06,334.125,334.125,314,8
ca_caverns2prc,827,1.18207e+06,334.622,334.622,300,8
ca_caverns2prc,828,1.58971e+06,333.309,333.309,302,8
ca_caverns2prc,829,796473,334.007,334.007,294,8
ca_caverns2prc,830,1.23089e+06,338.48,338.48,308,8
ca_caverns2prc,831,1.38448e+06,336.522,336.522,299,8
ca_caverns2prc,832,1.38831e+06,337.522,337.522,300,8
ca_caverns2prc,833,1.06077e+06,336.296,336.296,317,8
ca_caverns2prc,834,1.4034e+06,338.095,338.095,313,8
ca_caverns2prc,835,592999,338.581,338.581,311,8
ca_caverns2prc,836,1.35903e+06,339.309,339.309,308,8
ca_caverns2prc,837,1.20723e+06,337.622,337.622,303,8
ca_caverns2prc,838,899893,336.078,336.078,294,8
ca_caverns2prc,839,1.86472e+06,336.865,336.865,301,8
ca_caverns2prc,840,1.80561e+06,343.865,343.865,308,8
ca_caverns2prc,841,2.08127e+06,342.681,342.681,318,8
ca_caverns2prc,842,802567,343.309,343.309,312,8
ca_caverns2prc,843,1.52559e+06,342.953,342.953,322,8
ca_caverns2prc,844,1.57867e+06,343.108,343.108,306,8
ca_caverns2prc,845,1.30677e+06,342.894,342.894,312,8
ca_caverns2prc,846,1.48441e+06,341.279,341.279,305,8
ca_caverns2prc,847,912784,343.794,343.794,310,8
ca_caverns2prc,848,2.52543e+06,342.451,342.451,307,8
ca_caverns2prc,849,1.68857e+06,340.823,340.823,312,8
ca_caverns2prc,850,514687,344.137,344.137,312,8
ca_caverns2prc,851,702864,345.309,345.309,314,8
ca_caverns2prc,852,824670,345.622,345.622,311,8
ca_caverns2prc,853,3.12124e+06,346.764,346.764,308,8
ca_caverns2prc,854,694675,345.095,345.095,320,8
ca_caverns2prc,855,1.04734e+06,344.865,344.865,309,8
ca_caverns2prc,856,1.30251e+06,347.681,347.681,323,8
ca_caverns2prc,857,1.01976e+06,344.522,344.522,307,8
ca_caverns2prc,858,764190,345.309,345.309,314,8
ca_caverns2prc,859,1.91455e+06,344.764,344.764,306,8
ca_caverns2prc,860,2.26666e+06,351.924,351.924,326,8
ca_caverns2prc,861,999450,351.38,351.38,318,8
ca_caverns2prc,862,907803,348.936,348.936,311,8
ca_caverns2prc,863,1.16175e+06,354.38,351.894,321,8
ca_caverns2prc,864,1.6958e+06,349.38,349.38,316,8
ca_caverns2prc,865,904322,350.764,350.764,312,8
ca_caverns2prc,866,1.39996e+06,348.865,348.865,313,8
ca_caverns2prc,867,1.00116e+06,350.451,350.451,315,8
ca_caverns2prc,868,1.15937e+06,349.995,349.995,322,8
ca_caverns2prc,869,2.13738e+06,351.764,351.764,313,8
ca_caverns2prc,870,1.11194e+06,354.007,354.007,314,8
ca_caverns2prc,871,1.13945e+06,355.723,355.723,324,8
ca_caverns2prc,872,1.34324e+06,354.095,354.095,329,8
ca_caverns2prc,873,720025,355.995,355.995,328,8
ca_caverns2prc,874,1.22922e+06,355.167,355.167,328,8
ca_caverns2prc,875,1.06793e+06,352.267,352.267,328,8
ca_caverns2prc,876,2.82518e+06,353.309,353.309,322,8
ca_caverns2prc,877,1.11981e+06,354.267,354.267,330,8
ca_caverns2prc,878,1.52325e+06,352.208,352.208,318,8
ca_caverns2prc,879,1.86674e+06,353.995,353.995,326,8
ca_caverns2prc,880,1.21689e+06,359.451,359.451,324,8
ca_caverns2prc,881,1.82298e+06,359.61,359.61,337,8
ca_caverns2prc,882,2.34463e+06,359.38,359.38,326,8
ca_caverns2prc,883,1.53836e+06,358.309,358.309,327,8
ca_caverns2prc,884,1.54841e+06,356.652,356.652,327,8
ca_caverns2prc,885,1.09158e+06,356.137,356.137,324,8
ca_caverns2prc,886,1.59918e+06,357.522,357.522,320,8
ca_caverns2prc,887,1.69594e+06,358.179,358.179,319,8
ca_caverns2prc,888,1.91021e+06,356.622,356.622,322,8
ca_caverns2prc,889,815917,357.622,357.622,323,8
ca_caverns2prc,890,2.15399e+06,362.35,362.35,324,8
ca_caverns2prc,891,4.62673e+06,361.551,361.551,329,8
ca_caverns2prc,892,1.86644e+06,362.664,362.664,321,8
ca_caverns2prc,893,1.08213e+06,360.108,360.108,323,8
ca_caverns2prc,894,1.91895e+06,362.279,362.279,326,8
ca_caverns2prc,895,1.73233e+06,362.593,362.593,323,8
ca_caverns2prc,896,1.3516e+06,362.894,362.894,332,8
ca_caverns2prc,897,1.34012e+06,361.995,361.995,334,8
ca_caverns2prc,898,1.55465e+06,364.007,363.421,324,8
ca_caverns2prc,899,961567,363.48,363.48,333,8
ca_caverns2prc,900,1.19367e+06,365.368,365.368,344,8
ca_caverns2prc,901,2.16306e+06,365.693,365.693,329,8
ca_caverns2prc,902,742350,365.551,365.551,333,8
ca_caverns2prc,903,1.82993e+06,365.238,365.238,336,8
ca_caverns2prc,904,1.32093e+06,365.752,365.752,339,8
ca_caverns2prc,905,945109,367.966,367.966,335,8
ca_caverns2prc,906,999042,367.078,367.078,325,8
ca_caverns2prc,907,2.14926e+06,365.279,365.279,329,8
ca_caverns2prc,908,2.11151e+06,365.936,365.936,328,8
ca_caverns2prc,909,1.28224e+06,365.865,365.865,330,8
ca_caverns2prc,910,919504,368.35,368.35,330,8
ca_caverns2prc,911,1.78356e+06,371.865,371.865,336,8
ca_caverns2prc,912,3.03086e+06,368.652,368.652,339,8
ca_caverns2prc,913,1.37795e+06,368.066,368.066,338,8
ca_caverns2prc,914,932996,370.279,370.279,334,8
ca_caverns2prc,915,1.20241e+06,370.794,370.794,337,8
ca_caverns2prc,916,1.24482e+06,369.764,369.764,331,8
ca_caverns2prc,917,1.99758e+06,369.894,369.894,339,8
ca_caverns2prc,918,768324,368.037,368.037,333,8
ca_caverns2prc,919,1.09473e+06,369.35,369.35,331,8
ca_caverns2prc,920,1.13263e+06,372.622,372.622,338,8
ca_caverns2prc,921,2.63161e+06,373.38,373.38,340,8
ca_caverns2prc,922,1.11729e+06,373.179,373.179,334,8
ca_caverns2prc,923,2.82975e+06,375.38,374.551,342,8
ca_caverns2prc,924,809397,373.167,373.167,346,8
ca_caverns2prc,925,1.24501e+06,373.823,373.823,345,8
ca_caverns2prc,926,957805,375.421,375.421,335,8
ca_caverns2prc,927,735447,374.309,374.309,343,8
ca_caverns2prc,928,5.51925e+06,372.936,372.936,335,8
ca_caverns2prc,929,2.45157e+06,375.693,375.693,339,8
ca_caverns2prc,930,1.44218e+06,376.995,376.995,349,8
ca_caverns2prc,931,1.15607e+06,376.196,376.196,354,8
ca_caverns2prc,932,1.81574e+06,378.179,378.179,339,8
ca_caverns2prc,933,1.15181e+06,379.723,379.723,348,8
ca_caverns2prc,934,1.15798e+06,379.492,378.664,337,8
ca_caverns2prc,935,1.32204e+06,377.024,377.024,354,8
ca_caverns2prc,936,3.28088e+06,376.865,376.865,341,8
ca_caverns2prc,937,5.22631e+06,376.208,376.208,342,8
ca_caverns2prc,938,2.3744e+06,376.752,376.752,350,8
ca_caverns2prc,939,1.56735e+06,378.309,378.309,347,8
ca_caverns2prc,940,1.0379e+06,383.794,383.794,350,8
ca_caverns2prc,941,3.46013e+06,382.652,382.652,353,8
ca_caverns2prc,942,1.07823e+06,382.936,382.35,345,8
ca_caverns2prc,943,1.75769e+06,382.208,382.208,348,8
ca_caverns2prc,944,1.91564e+06,381.966,381.966,349,8
ca_caverns2prc,945,2.45082e+06,380.007,380.007,340,8
ca_caverns2prc,946,1.67838e+06,380.693,380.693,344,8
ca_caverns2prc,947,953565,380.794,380.794,347,8
ca_caverns2prc,948,2.60321e+06,382.421,382.421,342,8
ca_caverns2prc,949,1.87408e+06,384.309,383.48,353,8
ca_caverns2prc,950,1.03695e+06,385.966,385.966,353,8
ca_caverns2prc,951,2.31094e+06,384.522,384.522,347,8
ca_caverns2prc,952,2.30989e+06,387.865,387.865,352,8
ca_caverns2prc,953,4.67963e+06,385.421,385.421,345,8
ca_caverns2prc,954,748280,385.794,385.794,352,8
ca_caverns2prc,955,1.33551e+06,385.196,385.196,363,8
ca_caverns2prc,956,1.62756e+06,386.652,386.652,357,8
ca_caverns2prc,957,3.2275e+06,385.693,385.693,349,8
ca_caverns2prc,958,2.55137e+06,387.563,387.563,343,8
ca_caverns2prc,959,3.37359e+06,386.38,386.38,353,8
ca_caverns2prc,960,864933,389.894,389.894,359,8
ca_caverns2prc,961,820462,391.38,391.38,358,8
ca_caverns2prc,962,2.22617e+06,389.321,389.321,346,8
ca_caverns2prc,963,2.27925e+06,389.208,389.208,355,8
ca_caverns2prc,964,1.72372e+06,389.049,389.049,342,8
ca_caverns2prc,965,1.16243e+06,389.38,389.38,356,8
ca_caverns2prc,966,2.898e+06,390.693,390.693,354,8
ca_caverns2prc,967,1.06334e+06,390.978,390.978,346,8
ca_caverns2prc,968,1.09186e+06,389.593,389.593,350,8
ca_caverns2prc,969,1.71979e+06,388.149,388.149,344,8
ca_caverns2prc,970,1.72661e+06,395.35,395.35,357,8
ca_caverns2prc,971,1.25919e+06,392.622,392.622,358,8
ca_caverns2prc,972,1.88723e+06,393.066,393.066,363,8
ca_caverns2prc,973,1.71241e+06,392.522,392.522,355,8
ca_caverns2prc,974,760589,394.823,394.823,366,8
ca_caverns2prc,975,1.66313e+06,392.066,392.066,362,8
ca_caverns2prc,976,1.2211e+06,395.966,395.966,363,8
ca_caverns2prc,977,789019,393.35,393.35,355,8
ca_caverns2prc,978,1.47814e+06,394.907,394.907,352,8
ca_caverns2prc,979,1.14677e+06,393.635,392.806,347,8
ca_caverns2prc,980,716495,397.208,397.208,363,8
ca_caverns2prc,981,794436,397.652,397.652,368,8
ca_caverns2prc,982,963468,397.794,397.794,364,8
ca_caverns2prc,983,1.77981e+06,398.137,397.309,366,8
ca_caverns2prc,984,2.8225e+06,397.551,397.551,365,8
ca_caverns2prc,985,1.23284e+06,396.095,396.095,371,8
ca_caverns2prc,986,1.8894e+06,398.936,398.936,361,8
ca_caverns2prc,987,4.26209e+06,397.794,397.794,364,8
ca_caverns2prc,988,3.07374e+06,399.551,399.551,367,8
ca_caverns2prc,989,1.22733e+06,397.078,397.078,355,8
ca_caverns2prc,990,1.7025e+06,402.007,402.007,362,8
ca_caverns2prc,991,1.15267e+06,402.966,402.966,370,8
ca_caverns2prc,992,1.24737e+06,403.735,403.735,360,8
ca_caverns2prc,993,1.18621e+06,403.321,403.321,360,8
ca_caverns2prc,994,2.36137e+06,400.291,400.291,352,8
ca_caverns2prc,995,1.38443e+06,401.563,401.563,357,8
ca_caverns2prc,996,1.28742e+06,403.723,403.723,372,8
ca_caverns2prc,997,1.56364e+06,402.522,402.522,365,8
ca_caverns2prc,998,1.84396e+06,403.622,403.622,369,8
ca_caverns2prc,999,888148,402.966,402.966,370,8
ca_caverns2prc,1000,1.40296e+06,406.392,406.392,361,8
ca_caverns2prc,1001,1.07573e+06,406.279,406.279,370,8
ca_caverns2prc,1002,2.13525e+06,404.451,404.451,369,8
ca_caverns2prc,1003,3.05424e+06,407.22,407.22,361,8
ca_caverns2prc,1004,1.58109e+06,404.463,404.463,357,8
ca_caverns2prc,1005,1.11893e+06,407.551,406.723,375,8
ca_caverns2prc,1006,1.30875e+06,404.078,404.078,362,8
ca_caverns2prc,1007,1.43871e+06,404.836,404.836,364,8
ca_caverns2prc,1008,844317,406.208,406.208,372,8
ca_caverns2prc,1009,1.28694e+06,405.078,405.078,363,8
ca_caverns2prc,1010,2.86406e+06,411.593,411.593,372,8
ca_caverns2prc,1011,2.87195e+06,409.551,409.551,377,8
ca_caverns2prc,1012,1.5793e+06,411.664,411.664,370,8
ca_caverns2prc,1013,1.52662e+06,411.563,411.563,367,8
ca_caverns2prc,1014,890667,412.622,411.794,378,8
ca_caverns2prc,1015,3.04114e+06,411.137,411.137,379,8
ca_caverns2prc,1016,1.3596e+06,410.492,410.492,368,8
ca_caverns2prc,1017,1.71728e+06,411.622,411.622,377,8
ca_caverns2prc,1018,1.48386e+06,411.865,411.865,376,8
ca_caverns2prc,1019,1.42068e+06,409.622,409.037,375,8
ca_caverns2prc,1020,1.18681e+06,412.664,412.664,371,8
ca_caverns2prc,1021,2.01401e+06,414.066,414.066,384,8
ca_caverns2prc,1022,1.12616e+06,413.078,413.078,371,8
ca_caverns2prc,1023,1.96504e+06,422.049,415.907,375,8
ca_caverns2prc,1024,2.83913e+06,415.049,414.463,368,8
ca_caverns2prc,1025,2.05646e+06,414.622,414.622,380,8
ca_caverns2prc,1026,775994,412.693,412.693,376,8
ca_caverns2prc,1027,6.32293e+06,413.492,413.492,371,8
ca_caverns2prc,1028,3.72274e+06,415.179,415.179,376,8
ca_caverns2prc,1029,1.05676e+06,413.735,413.735,370,8
ca_caverns2prc,1030,1.37459e+06,416.291,416.291,368,8
ca_caverns2prc,1031,964264,416.38,416.38,383,8
ca_caverns2prc,1032,2.76907e+06,419.12,419.12,370,8
ca_caverns2prc,1033,1.41211e+06,417.806,416.978,372,8
ca_caverns2prc,1034,1.67302e+06,419.522,419.522,382,8
ca_caverns2prc,1035,1.43132e+06,416.836,416.836,376,8
ca_caverns2prc,1036,4.75622e+06,419.037,419.037,384,8
ca_caverns2prc,1037,1.93256e+06,418.049,416.291,371,8
ca_caverns2prc,1038,3.51828e+06,419.877,419.291,372,8
ca_caverns2prc,1039,1.42871e+06,418.693,418.693,382,8
ca_caverns2prc,1040,1.81176e+06,420.007,420.007,380,8
ca_caverns2prc,1041,1.51845e+06,420.806,420.806,375,8
ca_caverns2prc,1042,1.70519e+06,422.22,422.22,376,8
ca_caverns2prc,1043,1.31927e+06,421.078,421.078,379,8
ca_caverns2prc,1044,5.39866e+06,421.078,421.078,379,8
ca_caverns2prc,1045,1.9627e+06,421.179,421.179,382,8
ca_caverns2prc,1046,1.32368e+06,422.22,422.22,376,8
ca_caverns2prc,1047,1.68588e+06,420.622,420.622,386,8
ca_caverns2prc,1048,1.41334e+06,423.836,423.836,383,8
ca_caverns2prc,1049,2.34122e+06,421.208,421.208,387,8
ca_caverns2prc,1050,1.54523e+06,427.262,427.262,374,8
ca_caverns2prc,1051,1.2627e+06,426.22,425.392,380,8
ca_caverns2prc,1052,3.00476e+06,427.463,427.463,380,8
ca_caverns2prc,1053,3.10985e+06,426.551,425.723,394,8
ca_caverns2prc,1054,1.22345e+06,424.563,424.563,380,8
ca_caverns2prc,1055,2.42811e+06,424.936,424.35,387,8
ca_caverns2prc,1056,2.5039e+06,427.836,427.836,387,8
ca_caverns2prc,1057,1.65524e+06,425.049,425.049,378,8
ca_caverns2prc,1058,1.52211e+06,427.291,427.291,379,8
ca_caverns2prc,1059,4.16343e+06,425.179,425.179,386,8
ca_caverns2prc,1060,2.25549e+06,430.007,430.007,390,8
ca_caverns2prc,1061,2.62588e+06,431.635,431.635,385,8
ca_caverns2prc,1062,3.13943e+06,428.35,428.35,390,8
ca_caverns2prc,1063,4.41033e+06,429.806,429.806,384,8
ca_caverns2prc,1064,1.09538e+06,428.451,428.451,393,8
ca_caverns2prc,1065,1.38432e+06,431.966,431.966,399,8
ca_caverns2prc,1066,1.26772e+06,429.777,429.777,379,8
ca_caverns2prc,1067,1.94995e+06,431.208,431.208,397,8
ca_caverns2prc,1068,1.47045e+06,430.706,430.706,382,8
ca_caverns2prc,1069,2.47888e+06,429.635,429.635,383,8
ca_caverns2prc,1070,1.85875e+06,434.108,434.108,397,8
ca_caverns2prc,1071,1.59619e+06,433.894,433.894,403,8
ca_caverns2prc,1072,930094,435.551,435.551,403,8
ca_caverns2prc,1073,2.15724e+06,435.12,434.291,386,8
ca_caverns2prc,1074,1.11901e+06,433.735,433.735,390,8
ca_caverns2prc,1075,2.27545e+06,433.451,433.451,398,8
ca_caverns2prc,1076,1.34402e+06,433.309,433.309,402,8
ca_caverns2prc,1077,2.4172e+06,434.693,434.693,398,8
ca_caverns2prc,1078,1.75079e+06,432.522,432.522,395,8
ca_caverns2prc,1079,1.85312e+06,434.635,434.635,388,8
ca_caverns2prc,1080,1.87185e+06,436.563,436.563,392,8
ca_caverns2prc,1081,1.53992e+06,438.622,438.622,404,8
ca_caverns2prc,1082,3.50692e+06,439.078,439.078,397,8
ca_caverns2prc,1083,1.88587e+06,437.12,437.12,388,8
ca_caverns2prc,1084,1.14121e+06,436.137,436.137,404,8
ca_caverns2prc,1085,1.51984e+06,437.534,437.534,388,8
ca_caverns2prc,1086,5.35215e+06,436.948,436.948,387,8
ca_caverns2prc,1087,1.33896e+06,439.794,439.794,406,8
ca_caverns2prc,1088,2.91971e+06,437.563,437.563,393,8
ca_caverns2prc,1089,1.27441e+06,436.978,436.978,392,8
ca_caverns2prc,1090,1.65818e+06,442.865,442.865,407,8
ca_caverns2prc,1091,2.36426e+06,442.505,442.505,388,8
ca_caverns2prc,1092,1.23514e+06,443.806,442.978,398,8
ca_caverns2prc,1093,2.25335e+06,443.291,443.291,395,8
ca_caverns2prc,1094,1.63385e+06,443.806,443.806,398,8
ca_caverns2prc,1095,2.43357e+06,442.09,442.09,388,8
ca_caverns2prc,1096,1.65909e+06,443.451,443.451,408,8
ca_caverns2prc,1097,1.57264e+06,440.108,440.108,403,8
ca_caverns2prc,1098,3.06199e+06,443.463,443.463,396,8
ca_caverns2prc,1099,3.58e+06,441.522,441.522,404,8
ca_caverns2prc,1100,2.58654e+06,445.037,445.037,410,8
ca_caverns2prc,1101,1.62666e+06,446.22,446.22,400,8
ca_caverns2prc,1102,1.94457e+06,446.936,446.936,409,8
ca_caverns2prc,1103,1.21209e+06,447.291,447.291,399,8
ca_caverns2prc,1104,2.51954e+06,445.208,445.208,411,8
ca_caverns2prc,1105,2.46027e+06,447.35,447.35,409,8
ca_caverns2prc,1106,1.9193e+06,445.635,445.635,399,8
ca_caverns2prc,1107,1.86388e+06,447.936,447.936,410,8
ca_caverns2prc,1108,892219,445.321,445.321,402,8
ca_caverns2prc,1109,956063,447.25,447.25,406,8
ca_caverns2prc,1110,1.72692e+06,451.279,451.279,415,8
ca_caverns2prc,1111,2.67667e+06,449.161,449.161,393,8
ca_caverns2prc,1112,1.61841e+06,449.747,449.747,394,8
ca_caverns2prc,1113,2.30699e+06,449.434,449.434,397,8
ca_caverns2prc,1114,1.78002e+06,449.676,449.676,396,8
ca_caverns2prc,1115,1.7933e+06,450.392,450.392,405,8
ca_caverns2prc,1116,1.70174e+06,450.362,450.362,400,8
ca_caverns2prc,1117,1.25173e+06,452.451,451.622,417,8
ca_caverns2prc,1118,1.14851e+06,448.907,448.907,406,8
ca_caverns2prc,1119,971126,448.806,448.806,403,8
ca_caverns2prc,1120,1.60261e+06,455.208,455.208,421,8
ca_caverns2prc,1121,1.40325e+06,453.12,453.12,404,8
ca_caverns2prc,1122,930590,454.894,454.894,424,8
ca_caverns2prc,1123,1.66607e+06,455.676,455.676,402,8
ca_caverns2prc,1124,1.57553e+06,455.037,455.037,420,8
ca_caverns2prc,1125,1.55152e+06,452.451,452.451,417,8
ca_caverns2prc,1126,3.94666e+06,454.764,454.764,416,8
ca_caverns2prc,1127,1.44991e+06,452.362,452.362,402,8
ca_caverns2prc,1128,1.76976e+06,452.522,452.522,415,8
ca_caverns2prc,1129,1.89468e+06,452.108,452.108,415,8
ca_caverns2prc,1130,1.71572e+06,456.693,456.693,420,8
ca_caverns2prc,1131,4.14731e+06,457.919,457.919,403,8
ca_caverns2prc,1132,4.80324e+06,456.735,456.735,413,8
ca_caverns2prc,1133,1.91895e+06,456.877,456.877,409,8
ca_caverns2prc,1134,1.6522e+06,459.392,459.392,414,8
ca_caverns2prc,1135,1.53355e+06,457.291,457.291,409,8
ca_caverns2prc,1136,3.06585e+06,459.463,459.463,412,8
ca_caverns2prc,1137,1.25684e+06,458.492,458.492,416,8
ca_caverns2prc,1138,2.51502e+06,457.421,457.421,417,8
ca_caverns2prc,1139,1.77089e+06,458.037,458.037,423,8
ca_caverns2prc,1140,2.11951e+06,461.191,461.191,410,8
ca_caverns2prc,1141,2.33627e+06,463.764,463.764,425,8
ca_caverns2prc,1142,1.63116e+06,460.12,460.12,411,8
ca_caverns2prc,1143,2.28677e+06,462.262,462.262,409,8
ca_caverns2prc,1144,2.4505e+06,462.664,462.664,421,8
ca_caverns2prc,1145,1.40115e+06,460.706,460.706,412,8
ca_caverns2prc,1146,3.82966e+06,462.291,462.291,414,8
ca_caverns2prc,1147,3.4789e+06,461.747,461.747,406,8
ca_caverns2prc,1148,1.0086e+06,463.894,463.894,433,8
ca_caverns2prc,1149,952173,461.794,461.794,428,8
ca_caverns2prc,1150,2.18757e+06,467.019,467.019,415,8
ca_caverns2prc,1151,1.32118e+06,464.551,464.551,432,8
ca_caverns2prc,1152,1.65623e+06,465.421,465.421,425,8
ca_caverns2prc,1153,1.23954e+06,466.019,466.019,414,8
ca_caverns2prc,1154,2.58088e+06,467.635,467.635,421,8
ca_caverns2prc,1155,1.6579e+06,464.179,464.179,425,8
ca_caverns2prc,1156,2.54181e+06,467.12,467.12,418,8
ca_caverns2prc,1157,2.0245e+06,464.593,464.593,425,8
ca_caverns2prc,1158,2.32717e+06,467.061,467.061,408,8
ca_caverns2prc,1159,1.7577e+06,466.764,466.764,428,8
ca_caverns2prc,1160,1.17858e+06,470.291,470.291,422,8
ca_caverns2prc,1161,1.81014e+06,468.392,468.392,423,8
ca_caverns2prc,1162,1.99365e+06,471.676,471.676,418,8
ca_caverns2prc,1163,1.90483e+06,468.262,468.262,415,8
ca_caverns2prc,1164,2.11029e+06,469.664,469.664,428,8
ca_caverns2prc,1165,1.85189e+06,470.037,470.037,435,8
ca_caverns2prc,1166,1.70389e+06,469.22,469.22,423,8
ca_caverns2prc,1167,4.12806e+06,469.647,469.647,411,8
ca_caverns2prc,1168,1.78814e+06,470.421,470.421,430,8
ca_caverns2prc,1169,1.83715e+06,469.362,469.362,419,8
ca_caverns2prc,1170,1.64287e+06,475.966,475.966,443,8
ca_caverns2prc,1171,1.95458e+06,472.919,472.919,418,8
ca_caverns2prc,1172,1.2013e+06,474.291,474.291,426,8
ca_caverns2prc,1173,1.74664e+06,472.706,472.706,424,8
ca_caverns2prc,1174,4.40574e+06,474.706,474.706,426,8
ca_caverns2prc,1175,959209,474.622,474.622,440,8
ca_caverns2prc,1176,1.60255e+06,472.605,472.605,421,8
ca_caverns2prc,1177,2.08798e+06,472.534,472.534,423,8
ca_caverns2prc,1178,1.27939e+06,473.291,473.291,425,8
ca_caverns2prc,1179,1.95302e+06,475.605,475.605,424,8
ca_caverns2prc,1180,1.58671e+06,476.676,476.676,423,8
ca_caverns2prc,1181,1.78481e+06,477.534,477.534,428,8
ca_caverns2prc,1182,1.84156e+06,477.434,477.434,425,8
ca_caverns2prc,1183,884873,477.693,477.693,441,8
ca_caverns2prc,1184,2.21602e+06,479.078,479.078,437,8
ca_caverns2prc,1185,2.23409e+06,477.25,477.25,436,8
ca_caverns2prc,1186,1.61307e+06,477.22,477.22,431,8
ca_caverns2prc,1187,1.78988e+06,476.806,476.806,431,8
ca_caverns2prc,1188,1.86324e+06,477.007,477.007,437,8
ca_caverns2prc,1189,2.07002e+06,478.836,478.836,438,8
ca_caverns2prc,1190,1.20826e+06,483.635,483.635,437,8
ca_caverns2prc,1191,1.74564e+06,482.492,482.492,440,8
ca_caverns2prc,1192,3.73935e+06,482.978,482.978,438,8
ca_caverns2prc,1193,2.05428e+06,483.836,483.836,443,8
ca_caverns2prc,1194,1.10045e+06,481.735,481.735,438,8
ca_caverns2prc,1195,1.7196e+06,483.664,483.664,442,8
ca_caverns2prc,1196,1.64214e+06,480.563,480.563,436,8
ca_caverns2prc,1197,1.60738e+06,483.563,483.563,439,8
ca_caverns2prc,1198,2.04463e+06,482.635,482.635,436,8
ca_caverns2prc,1199,2.03376e+06,483.706,483.706,435,8
ca_caverns2prc,1200,2.20593e+06,484.877,484.877,437,8
ca_caverns2prc,1201,1.69878e+06,484.948,484.948,435,8
ca_caverns2prc,1202,1.95774e+06,486.22,486.22,440,8
ca_caverns2prc,1203,1.94586e+06,486.693,486.693,450,8
ca_caverns2prc,1204,1.77656e+06,485.321,485.321,442,8
ca_caverns2prc,1205,2.02613e+06,487.108,487.108,450,8
ca_caverns2prc,1206,1.49163e+06,484.605,484.605,433,8
ca_caverns2prc,1207,1.63474e+06,487.948,487.948,438,8
ca_caverns2prc,1208,1.94823e+06,485.747,485.747,430,8
ca_caverns2prc,1209,2.60141e+06,487.919,487.919,433,8
ca_caverns2prc,1210,1.93241e+06,490.061,490.061,431,8
ca_caverns2prc,1211,1.61765e+06,490.321,489.492,447,8
ca_caverns2prc,1212,2.155e+06,488.593,488.593,449,8
ca_caverns2prc,1213,1.59527e+06,490.291,490.291,442,8
ca_caverns2prc,1214,2.86946e+06,491.534,491.534,442,8
ca_caverns2prc,1215,4.32665e+06,491.191,491.191,440,8
ca_caverns2prc,1216,3.15047e+06,490.191,490.191,439,8
ca_caverns2prc,1217,1.64449e+06,488.22,488.22,442,8
ca_caverns2prc,1218,1.72305e+06,488.534,488.534,439,8
ca_caverns2prc,1219,2.19721e+06,490.421,490.421,450,8
ca_caverns2prc,1220,2.09698e+06,493.262,493.262,440,8
ca_caverns2prc,1221,1.74274e+06,492.576,492.576,436,8
ca_caverns2prc,1222,1.87171e+06,492.806,492.806,447,8
ca_caverns2prc,1223,2.17508e+06,493.978,493.978,449,8
ca_caverns2prc,1224,2.86957e+06,492.09,492.09,438,8
ca_caverns2prc,1225,2.05003e+06,492.019,492.019,440,8
ca_caverns2prc,1226,1.71876e+06,492.434,492.434,440,8
ca_caverns2prc,1227,2.13677e+06,492.877,492.877,445,8
ca_caverns2prc,1228,2.12224e+06,493.291,493.291,445,8
ca_caverns2prc,1229,2.35872e+06,493.576,493.576,437,8
ca_caverns2prc,1230,1.92389e+06,498.078,498.078,456,8
ca_caverns2prc,1231,2.14976e+06,496.233,496.233,438,8
ca_caverns2prc,1232,3.40074e+06,496.09,496.09,442,8
ca_caverns2prc,1233,1.48433e+06,497.434,497.434,445,8
ca_caverns2prc,1234,2.11746e+06,497.321,497.321,454,8
ca_caverns2prc,1235,1.84642e+06,497.475,497.475,438,8
ca_caverns2prc,1236,2.47743e+06,498.764,498.764,460,8
ca_caverns2prc,1237,1.7233e+06,497.179,497.179,458,8
ca_caverns2prc,1238,2.08537e+06,497.534,497.534,448,8
ca_caverns2prc,1239,1.52069e+06,496.049,496.049,449,8
ca_caverns2prc,1240,1.34136e+06,501.635,501.635,455,8
ca_caverns2prc,1241,2.68369e+06,503.375,503.375,441,8
ca_caverns2prc,1242,1.89414e+06,503.421,503.421,463,8
ca_caverns2prc,1243,1.79794e+06,503.522,503.522,466,8
ca_caverns2prc,1244,2.66935e+06,503.563,503.563,459,8
ca_caverns2prc,1245,2.24977e+06,500.936,500.936,463,8
ca_caverns2prc,1246,2.08663e+06,503.463,503.463,456,8
ca_caverns2prc,1247,3.86483e+06,502.492,502.492,460,8
ca_caverns2prc,1248,1.63495e+06,502.25,502.25,461,8
ca_caverns2prc,1249,2.20876e+06,500.108,500.108,463,8
ca_caverns2prc,1250,3.86013e+06,507.463,507.463,460,8
ca_caverns2prc,1251,2.12978e+06,505.617,505.617,442,8
ca_caverns2prc,1252,1.85997e+06,507.664,507.664,466,8
ca_caverns2prc,1253,1.22647e+06,505.049,505.049,458,8
ca_caverns2prc,1254,1.81881e+06,504.593,504.593,465,8
ca_caverns2prc,1255,2.70359e+06,507.333,507.333,452,8
ca_caverns2prc,1256,1.6788e+06,504.492,504.492,462,8
ca_caverns2prc,1257,2.50562e+06,505.676,505.676,452,8
ca_caverns2prc,1258,1.97544e+06,506.09,506.09,452,8
ca_caverns2prc,1259,3.48887e+06,505.534,505.534,456,8
ca_caverns2prc,1260,3.76588e+06,508.978,508.978,464,8
ca_caverns2prc,1261,1.80379e+06,510.161,510.161,454,8
ca_caverns2prc,1262,1.84696e+06,511.777,511.777,461,8
ca_caverns2prc,1263,1.43861e+06,510.22,510.22,464,8
ca_caverns2prc,1264,1.6192e+06,510.149,510.149,466,8
ca_caverns2prc,1265,2.03666e+06,509.061,509.061,450,8
ca_caverns2prc,1266,1.97084e+06,509.777,509.777,459,8
ca_caverns2prc,1267,1.71603e+06,510.421,510.421,470,8
ca_caverns2prc,1268,1.96712e+06,509.96,509.96,448,8
ca_caverns2prc,1269,1.66443e+06,510.22,510.22,464,8
ca_caverns2prc,1270,1.17929e+06,513.463,513.463,466,8
ca_caverns2prc,1271,5.34906e+06,512.463,512.463,465,8
ca_caverns2prc,1272,3.33456e+06,515.362,515.362,465,8
ca_caverns2prc,1273,7.18759e+06,512.978,512.149,468,8
ca_caverns2prc,1274,1.82656e+06,513.789,513.789,451,8
ca_caverns2prc,1275,3.44579e+06,514.049,513.22,467,8
ca_caverns2prc,1276,3.1092e+06,515.09,515.09,461,8
ca_caverns2prc,1277,1.31139e+06,515.049,515.049,468,8
ca_caverns2prc,1278,2.06636e+06,512.647,512.647,454,8
ca_caverns2prc,1279,1.67338e+06,515.806,515.806,470,8
ca_caverns2prc,1280,1.52586e+06,518.12,518.12,469,8
ca_caverns2prc,1281,1.18546e+06,519.563,519.563,475,8
ca_caverns2prc,1282,1.47337e+06,516.434,516.434,464,8
ca_caverns2prc,1283,1.88164e+06,517.362,516.534,467,8
ca_caverns2prc,1284,1.74328e+06,516.262,516.262,463,8
ca_caverns2prc,1285,3.1583e+06,518.446,518.446,454,8
ca_caverns2prc,1286,2.00896e+06,518.12,518.12,469,8
ca_caverns2prc,1287,1.75195e+06,522.647,519.333,464,8
ca_caverns2prc,1288,2.60748e+06,516.475,516.475,457,8
ca_caverns2prc,1289,3.20833e+06,519.291,519.291,471,8
ca_caverns2prc,1290,1.40267e+06,523.12,523.12,474,8
ca_caverns2prc,1291,1.84173e+06,523.262,523.262,470,8
ca_caverns2prc,1292,3.49501e+06,523.463,523.463,476,8
ca_caverns2prc,1293,3.3728e+06,523.777,523.777,473,8
ca_caverns2prc,1294,1.49396e+06,522.203,522.203,459,8
ca_caverns2prc,1295,2.0314e+06,521.505,521.505,467,8
ca_caverns2prc,1296,2.04901e+06,523.919,523.919,469,8
ca_caverns2prc,1297,3.32325e+06,520.191,520.191,469,8
ca_caverns2prc,1298,1.31038e+06,520.806,520.806,475,8
ca_caverns2prc,1299,2.27967e+06,521.22,521.22,475,8
ca_caverns2prc,1300,2.15554e+06,526.676,526.676,473,8
ca_caverns2prc,1301,2.10899e+06,526.375,526.375,464,8
ca_caverns2prc,1302,1.71219e+06,527.948,527.948,478,8
ca_caverns2prc,1303,5.23303e+06,525.262,525.262,472,8
ca_caverns2prc,1304,2.50787e+06,525.877,525.291,478,8
ca_caverns2prc,1305,2.21841e+06,525.96,525.96,464,8
ca_caverns2prc,1306,2.23893e+06,527.161,526.333,471,8
ca_caverns2prc,1307,2.11714e+06,526.132,526.132,465,8
ca_caverns2prc,1308,3.59061e+06,526.605,526.605,475,8
ca_caverns2prc,1309,1.23054e+06,525.978,525.978,481,8
ca_caverns2prc,1310,3.71668e+06,529.434,528.605,477,8
ca_caverns2prc,1311,2.6138e+06,529.576,529.576,473,8
ca_caverns2prc,1312,2.94024e+06,531.706,531.706,483,8
ca_caverns2prc,1313,2.27382e+06,533.848,529.948,481,8
ca_caverns2prc,1314,2.00211e+06,531.291,531.291,483,8
ca_caverns2prc,1315,1.90413e+06,529.262,529.262,476,8
ca_caverns2prc,1316,2.34145e+06,528.617,528.617,465,8
ca_caverns2prc,1317,1.28385e+06,530.049,530.049,483,8
ca_caverns2prc,1318,2.74987e+06,529.534,529.534,480,8
ca_caverns2prc,1319,2.82993e+06,528.688,528.688,463,8
ca_caverns2prc,1320,2.35212e+06,534.434,534.434,482,8
ca_caverns2prc,1321,2.1196e+06,535.191,535.191,484,8
ca_caverns2prc,1322,2.25464e+06,532.191,532.191,481,8
ca_caverns2prc,1323,1.71512e+06,535.546,535.546,474,8
ca_caverns2prc,1324,3.44535e+06,534.505,534.505,480,8
ca_caverns2prc,1325,2.2109e+06,533.948,533.948,484,8
ca_caverns2prc,1326,2.13395e+06,535.617,535.617,472,8
ca_caverns2prc,1327,4.89605e+06,535.291,535.291,487,8
ca_caverns2prc,1328,1.98029e+06,534.032,534.032,470,8
ca_caverns2prc,1329,3.425e+06,535.534,535.534,486,8
ca_caverns2prc,1330,1.71072e+06,538.96,538.96,477,8
ca_caverns2prc,1331,2.43897e+06,536.676,536.676,483,8
ca_caverns2prc,1332,3.46968e+06,538.049,538.049,491,8
ca_caverns2prc,1333,2.69036e+06,536.676,536.676,483,8
ca_caverns2prc,1334,3.75922e+06,536.463,536.463,489,8
ca_caverns2prc,1335,1.71432e+06,536.931,536.931,470,8
ca_caverns2prc,1336,1.47132e+06,538.291,538.291,490,8
ca_caverns2prc,1337,3.75808e+06,538.262,537.434,485,8
ca_caverns2prc,1338,2.07177e+06,536.362,536.362,486,8
ca_caverns2prc,1339,1.69037e+06,536.463,536.463,489,8
ca_caverns2prc,1340,2.67214e+06,543.848,543.848,491,8
ca_caverns2prc,1341,1.627e+06,542.806,542.806,497,8
ca_caverns2prc,1342,2.47362e+06,542.848,542.262,490,8
ca_caverns2prc,1343,1.18023e+06,541.049,541.049,494,8
ca_caverns2prc,1344,1.93098e+06,542.718,542.718,482,8
ca_caverns2prc,1345,2.00344e+06,542.777,542.777,492,8
ca_caverns2prc,1346,2.69125e+06,543.919,543.919,489,8
ca_caverns2prc,1347,3.69738e+06,543.534,543.534,494,8
ca_caverns2prc,1348,3.06273e+06,541.032,541.032,477,8
ca_caverns2prc,1349,2.37732e+06,542.931,542.931,476,8
ca_caverns2prc,1350,3.52276e+06,546.12,545.291,497,8
ca_caverns2prc,1351,3.17248e+06,545.274,545.274,480,8
ca_caverns2prc,1352,2.81686e+06,545.416,545.416,476,8
ca_caverns2prc,1353,2.06749e+06,544.191,544.191,493,8
ca_caverns2prc,1354,3.34775e+06,544.605,544.605,493,8
ca_caverns2prc,1355,1.9164e+06,547.635,547.635,501,8
ca_caverns2prc,1356,4.38623e+06,545.948,545.12,496,8
ca_caverns2prc,1357,3.56996e+06,545.919,545.919,491,8
ca_caverns2prc,1358,3.33023e+06,544.174,544.174,476,8
ca_caverns2prc,1359,5.18756e+06,547.463,547.463,500,8
ca_caverns2prc,1360,7.77208e+06,549.647,548.818,491,8
ca_caverns2prc,1361,4.99955e+06,550.877,550.049,503,8
ca_caverns2prc,1362,1.766e+06,549.191,549.191,498,8
ca_caverns2prc,1363,2.0272e+06,548.99,548.99,492,8
ca_caverns2prc,1364,3.43879e+06,550.99,550.99,494,8
ca_caverns2prc,1365,2.9535e+06,551.002,550.416,482,8
ca_caverns2prc,1366,3.14883e+06,549.818,549.818,492,8
ca_caverns2prc,1367,5.01116e+06,549.706,549.706,501,8
ca_caverns2prc,1368,3.28933e+06,551.161,551.161,495,8
ca_caverns2prc,1369,2.14429e+06,550.99,550.99,494,8
ca_caverns2prc,1370,5.03366e+06,554.463,554.463,507,8
ca_caverns2prc,1371,1.64241e+06,552.362,552.362,502,8
ca_caverns2prc,1372,3.43916e+06,553.931,553.103,487,8
ca_caverns2prc,1373,1.31584e+06,554.635,554.635,508,8
ca_caverns2prc,1374,3.38209e+06,552.191,552.191,501,8
ca_caverns2prc,1375,2.10857e+06,552.233,552.233,494,8
ca_caverns2prc,1376,2.66786e+06,555.647,555.647,497,8
ca_caverns2prc,1377,2.65959e+06,552.416,552.416,483,8
ca_caverns2prc,1378,5.17966e+06,554.777,554.777,504,8
ca_caverns2prc,1379,2.07872e+06,553.505,553.505,499,8
ca_caverns2prc,1380,3.47467e+06,557.676,557.676,504,8
ca_caverns2prc,1381,2.04187e+06,558.919,558.919,504,8
ca_caverns2prc,1382,1.60668e+06,559.392,559.392,514,8
ca_caverns2prc,1383,3.15115e+06,557.517,557.517,491,8
ca_caverns2prc,1384,3.9377e+06,557.948,557.948,508,8
ca_caverns2prc,1385,3.36437e+06,558.262,558.262,505,8
ca_caverns2prc,1386,3.47611e+06,559.061,559.061,500,8
ca_caverns2prc,1387,1.34205e+06,559.12,559.12,510,8
ca_caverns2prc,1388,2.30298e+06,559.233,559.233,501,8
ca_caverns2prc,1389,1.81679e+06,559.233,559.233,501,8
ca_caverns2prc,1390,3.51871e+06,562.534,562.534,513,8
ca_caverns2prc,1391,1.44652e+06,561.818,561.818,504,8
ca_caverns2prc,1392,1.27004e+06,562.877,562.877,515,8
ca_caverns2prc,1393,4.5979e+06,563.659,563.659,493,8
ca_caverns2prc,1394,3.79053e+06,560.12,560.12,511,8
ca_caverns2prc,1395,3.49018e+06,563.948,563.948,514,8
ca_caverns2prc,1396,3.30459e+06,560.576,560.576,504,8
ca_caverns2prc,1397,2.06334e+06,563.718,563.718,503,8
ca_caverns2prc,1398,3.3247e+06,560.12,560.12,511,8
ca_caverns2prc,1399,1.90535e+06,560.132,560.132,499,8
ca_caverns2prc,1400,2.46262e+06,566.161,566.161,510,8
ca_caverns2prc,1401,4.83565e+06,565.706,565.706,517,8
ca_caverns2prc,1402,1.67895e+06,567.777,567.777,517,8
ca_caverns2prc,1403,3.14862e+06,566.919,566.919,512,8
ca_caverns2prc,1404,4.09148e+06,565.919,565.919,511,8
ca_caverns2prc,1405,2.67334e+06,564.86,564.86,500,8
ca_caverns2prc,1406,1.88042e+06,564.877,564.877,517,8
ca_caverns2prc,1407,3.20513e+06,566.747,566.747,511,8
ca_caverns2prc,1408,3.71034e+06,567.831,567.831,498,8
ca_caverns2prc,1409,3.77657e+06,564.12,564.12,515,8
ca_caverns2prc,1410,1.36137e+06,568.877,568.877,521,8
ca_caverns2prc,1411,3.50358e+06,569.747,569.747,514,8
ca_caverns2prc,1412,3.53951e+06,571.362,571.362,521,8
ca_caverns2prc,1413,2.09458e+06,568.475,568.475,509,8
ca_caverns2prc,1414,3.74982e+06,568.362,568.362,518,8
ca_caverns2prc,1415,2.61114e+06,571.789,571.789,509,8
ca_caverns2prc,1416,1.33722e+06,571.049,571.049,524,8
ca_caverns2prc,1417,3.26923e+06,570.22,570.22,524,8
ca_caverns2prc,1418,4.31241e+06,568.475,568.475,509,8
ca_caverns2prc,1419,3.33609e+06,570.061,570.061,511,8
ca_caverns2prc,1420,1.95256e+06,572.191,572.191,521,8
ca_caverns2prc,1421,1.55456e+06,575.617,575.617,512,8
ca_caverns2prc,1422,3.40748e+06,573.233,573.233,515,8
ca_caverns2prc,1423,3.32534e+06,574.291,574.291,526,8
ca_caverns2prc,1424,3.13193e+06,576.375,575.789,514,8
ca_caverns2prc,1425,1.30191e+06,573.806,573.806,528,8
ca_caverns2prc,1426,2.77619e+06,573.688,573.688,508,8
ca_caverns2prc,1427,1.81774e+06,574.061,574.061,515,8
ca_caverns2prc,1428,2.47272e+06,575.747,575.747,520,8
ca_caverns2prc,1429,1.771e+06,572.605,572.605,521,8
ca_caverns2prc,1430,3.55721e+06,577.818,577.818,520,8
ca_caverns2prc,1431,4.96354e+06,577.877,577.877,530,8
ca_caverns2prc,1432,3.69835e+06,577.605,577.605,526,8
ca_caverns2prc,1433,3.46152e+06,576.475,576.475,517,8
ca_caverns2prc,1434,3.65022e+06,578.706,578.706,530,8
ca_caverns2prc,1435,1.55505e+06,578.706,578.706,530,8
ca_caverns2prc,1436,1.38289e+06,577.806,577.806,532,8
ca_caverns2prc,1437,3.5933e+06,578.387,578.387,504,8
ca_caverns2prc,1438,2.09485e+06,576.718,576.718,516,8
ca_caverns2prc,1439,3.06153e+06,578.233,578.233,520,8
ca_caverns2prc,1440,1.87984e+06,583.759,583.759,516,8
ca_caverns2prc,1441,1.33718e+06,583.463,583.463,536,8
ca_caverns2prc,1442,3.82125e+06,581.517,580.931,515,8
ca_caverns2prc,1443,3.6953e+06,582.688,582.688,517,8
ca_caverns2prc,1444,4.75768e+06,580.191,580.191,529,8
ca_caverns2prc,1445,3.67935e+06,581.747,581.747,526,8
ca_caverns2prc,1446,4.88251e+06,583.049,583.049,536,8
ca_caverns2prc,1447,3.9783e+06,581.605,581.605,530,8
ca_caverns2prc,1448,4.9578e+06,580.291,580.291,532,8
ca_caverns2prc,1449,2.0891e+06,580.132,580.132,519,8
ca_caverns2prc,1450,1.38637e+06,587.049,587.049,540,8
ca_caverns2prc,1451,2.40131e+06,585.617,585.617,522,8
ca_caverns2prc,1452,3.26981e+06,586.706,586.706,538,8
ca_caverns2prc,1453,2.61895e+06,586.032,586.032,522,8
ca_caverns2prc,1454,4.06311e+06,587.12,586.291,538,8
ca_caverns2prc,1455,4.83038e+06,585.848,585.848,533,8
ca_caverns2prc,1456,3.34281e+06,587.919,587.919,533,8
ca_caverns2prc,1457,4.19452e+06,586.174,586.174,518,8
ca_caverns2prc,1458,3.77234e+06,587.848,587.848,535,8
ca_caverns2prc,1459,2.06263e+06,585.688,585.103,520,8
ca_caverns2prc,1460,1.28669e+06,590.96,590.96,529,8
ca_caverns2prc,1461,3.18673e+06,589.831,589.831,520,8
ca_caverns2prc,1462,2.51703e+06,590.688,590.103,525,8
ca_caverns2prc,1463,4.30272e+06,591.274,591.274,526,8
ca_caverns2prc,1464,1.36021e+06,588.375,588.375,526,8
ca_caverns2prc,1465,4.09473e+06,589.132,589.132,528,8
ca_caverns2prc,1466,1.57513e+06,589.174,589.174,521,8
ca_caverns2prc,1467,2.27558e+06,591.002,591.002,522,8
ca_caverns2prc,1468,3.47242e+06,590.517,590.517,524,8
ca_caverns2prc,1469,1.54202e+06,590.86,590.86,526,8
ca_caverns2prc,1470,1.37776e+06,594.12,594.12,545,8
ca_caverns2prc,1471,3.37273e+06,595.049,595.049,548,8
ca_caverns2prc,1472,1.56972e+06,594.848,594.019,542,8
ca_caverns2prc,1473,3.60062e+06,592.262,592.262,539,8
ca_caverns2prc,1474,4.94959e+06,593.333,593.333,538,8
ca_caverns2prc,1475,1.66957e+06,594.375,594.375,532,8
ca_caverns2prc,1476,2.27122e+06,594.588,594.002,526,8
ca_caverns2prc,1477,1.4861e+06,594.061,594.061,535,8
ca_caverns2prc,1478,1.48227e+06,596.049,594.635,549,8
ca_caverns2prc,1479,4.90013e+06,593.877,593.877,546,8
ca_caverns2prc,1480,3.43104e+06,596.446,596.446,532,8
ca_caverns2prc,1481,3.63039e+06,599.99,599.99,543,8
ca_caverns2prc,1482,5.18763e+06,599.96,599.96,538,8
ca_caverns2prc,1483,3.64772e+06,597.191,597.191,546,8
ca_caverns2prc,1484,1.97914e+06,596.576,596.576,540,8
ca_caverns2prc,1485,4.04898e+06,599.174,599.174,531,8
ca_caverns2prc,1486,2.02008e+06,598.375,598.375,536,8
ca_caverns2prc,1487,2.22668e+06,597.99,597.99,541,8
ca_caverns2prc,1488,3.11527e+06,598.446,597.86,534,8
ca_caverns2prc,1489,4.83908e+06,599.747,599.747,544,8
ca_caverns2prc,1490,2.88518e+06,602.446,601.86,538,8
ca_caverns2prc,1491,2.36451e+06,602.818,602.818,545,8
ca_caverns2prc,1492,2.70389e+06,603.416,602.831,534,8
ca_caverns2prc,1493,2.63584e+06,601.99,601.99,545,8
ca_caverns2prc,1494,2.73646e+06,601.002,600.416,532,8
ca_caverns2prc,1495,3.08905e+06,604.103,603.517,538,8
ca_caverns2prc,1496,2.11803e+06,603.061,603.061,544,8
ca_caverns2prc,1497,4.01961e+06,601.103,601.103,535,8
ca_caverns2prc,1498,1.53378e+06,602.132,602.132,541,8
ca_caverns2prc,1499,4.25489e+06,600.446,600.446,536,8
ca_caverns2prc,1500,2.04898e+06,604.233,604.233,546,8
ca_caverns2prc,1501,4.21333e+06,607.475,607.475,548,8
ca_caverns2prc,1502,3.30168e+06,605.103,604.517,539,8
ca_caverns2prc,1503,1.97853e+06,605.86,605.86,541,8
ca_caverns2prc,1504,1.78007e+06,606.203,606.203,543,8
ca_caverns2prc,1505,3.87579e+06,605.517,605.517,539,8
ca_caverns2prc,1506,3.81813e+06,605.747,605.747,550,8
ca_caverns2prc,1507,3.0972e+06,607.517,607.517,541,8
ca_caverns2prc,1508,3.42445e+06,608.103,607.517,542,8
ca_caverns2prc,1509,3.95788e+06,605.103,605.103,539,8
ca_caverns2prc,1510,2.3897e+06,608.161,608.161,552,8
ca_caverns2prc,1511,2.95031e+06,609.688,609.103,544,8
ca_caverns2prc,1512,1.27459e+06,610.203,610.203,547,8
ca_caverns2prc,1513,5.34451e+06,611.747,611.747,556,8
ca_caverns2prc,1514,1.65898e+06,609.061,609.061,550,8
ca_caverns2prc,1515,5.77378e+06,608.718,608.718,548,8
ca_caverns2prc,1516,1.45048e+06,609.889,609.889,550,8
ca_caverns2prc,1517,4.66991e+06,608.789,608.203,546,8
ca_caverns2prc,1518,4.99526e+06,611.203,611.203,548,8
ca_caverns2prc,1519,4.31318e+06,611.174,611.174,543,8
ca_caverns2prc,1520,1.64436e+06,613.061,613.061,554,8
ca_caverns2prc,1521,2.24919e+06,613.889,613.889,554,8
ca_caverns2prc,1522,2.74577e+06,612.688,612.688,547,8
ca_caverns2prc,1523,4.96977e+06,614.416,614.416,545,8
ca_caverns2prc,1524,6.52107e+06,614.931,614.345,548,8
ca_caverns2prc,1525,2.53722e+06,614.345,613.759,547,8
ca_caverns2prc,1526,2.00093e+06,615.233,615.233,557,8
ca_caverns2prc,1527,4.33065e+06,613.345,613.345,546,8
ca_caverns2prc,1528,1.5107e+06,614.203,614.203,551,8
ca_caverns2prc,1529,4.40571e+06,614.617,614.617,551,8
ca_caverns2prc,1530,5.31866e+06,618.688,618.103,553,8
ca_caverns2prc,1531,2.61526e+06,618.659,618.659,548,8
ca_caverns2prc,1532,5.98743e+06,618.375,618.375,556,8
ca_caverns2prc,1533,3.23067e+06,619.647,619.647,561,8
ca_caverns2prc,1534,5.96813e+06,618.233,618.233,560,8
ca_caverns2prc,1535,2.79162e+06,619.475,619.475,560,8
ca_caverns2prc,1536,4.27883e+06,618.889,618.889,559,8
ca_caverns2prc,1537,1.43728e+06,619.475,619.475,560,8
ca_caverns2prc,1538,1.27677e+06,618.617,618.617,555,8
ca_caverns2prc,1539,4.27223e+06,618.818,618.818,561,8
ca_caverns2prc,1540,2.10173e+06,620.759,620.759,553,8
ca_caverns2prc,1541,5.6009e+06,623.517,622.931,557,8
ca_caverns2prc,1542,4.28702e+06,622.718,622.718,562,8
ca_caverns2prc,1543,4.25533e+06,622.475,622.475,563,8
ca_caverns2prc,1544,2.33905e+06,622.818,622.818,565,8
ca_caverns2prc,1545,5.20003e+06,622.446,622.446,558,8
ca_caverns2prc,1546,1.50929e+06,621.475,621.475,562,8
ca_caverns2prc,1547,1.51825e+06,622.517,622.517,556,8
ca_caverns2prc,1548,4.29268e+06,622.132,622.132,561,8
ca_caverns2prc,1549,4.19163e+06,621.404,621.404,564,8
ca_caverns2prc,1550,5.71792e+06,625.061,625.061,566,8
ca_caverns2prc,1551,1.86253e+06,625.233,625.233,567,8
ca_caverns2prc,1552,1.67121e+06,626.688,626.688,561,8
ca_caverns2prc,1553,4.79935e+06,624.96,624.96,563,8
ca_caverns2prc,1554,1.44109e+06,624.86,624.86,560,8
ca_caverns2prc,1555,1.74804e+06,627.546,627.546,566,8
ca_caverns2prc,1556,1.80081e+06,625.475,625.475,566,8
ca_caverns2prc,1557,7.08043e+06,627.061,627.061,568,8
ca_caverns2prc,1558,5.29026e+06,624.617,624.617,561,8
ca_caverns2prc,1559,4.8917e+06,624.617,624.617,561,8
