map,scenid,tcost,distance,expect,steps,r
dr_slavers,0,2382.2,5.65685,5.65685,5,32
dr_slavers,1,1781.8,5.41421,5.41421,6,32
dr_slavers,2,2212.4,7.41421,7.41421,8,32
dr_slavers,3,1469,4.82843,4.82843,5,32
dr_slavers,4,1344.8,5.41421,5.41421,6,32
dr_slavers,5,1373.2,5.41421,5.41421,6,32
dr_slavers,6,1232,4,4,5,32
dr_slavers,7,1504.4,6.41421,6.41421,7,32
dr_slavers,8,1382.6,5.82843,5.82843,6,32
dr_slavers,9,1231.6,6,6,7,32
dr_slavers,10,2978.8,11.8995,11.8995,10,32
dr_slavers,11,2024.8,9.82843,9.82843,10,32
dr_slavers,12,1617.8,8.82843,8.82843,9,32
dr_slavers,13,2353.4,11.8284,11.8284,12,32
dr_slavers,14,2206.6,10.6569,10.6569,10,32
dr_slavers,15,2578.4,11.4853,11.4853,10,32
dr_slavers,16,1651.8,8.41421,8.41421,9,32
dr_slavers,17,1845.8,9.41421,9.41421,10,32
dr_slavers,18,1505.8,8.41421,8.41421,9,32
dr_slavers,19,4442,8.82843,8.82843,9,32
dr_slavers,20,2714.2,12.4142,12.4142,13,32
dr_slavers,21,2673.2,13.8995,13.8995,12,32
dr_slavers,22,2280.4,13.4853,13.4853,12,32
dr_slavers,23,1572.4,12.4142,12.4142,13,32
dr_slavers,24,2258.4,12.8995,12.8995,11,32
dr_slavers,25,2509.8,15.8284,15.8284,16,32
dr_slavers,26,3729.6,15.6569,15.0711,15,32
dr_slavers,27,2751.4,12.6569,12.6569,12,32
dr_slavers,28,2660.2,12.3137,12.3137,10,32
dr_slavers,29,2954,12.3137,12.3137,10,32
dr_slavers,30,4250.6,19.1421,19.1421,16,32
dr_slavers,31,3230.6,16.6569,16.6569,16,32
dr_slavers,32,4229.4,19.5563,19.5563,16,32
dr_slavers,33,3882.8,18.7279,18.7279,16,32
dr_slavers,34,3730,19.5563,19.5563,16,32
dr_slavers,35,2879.8,19.4142,19.4142,20,32
dr_slavers,36,2733.2,17.8284,17.8284,18,32
dr_slavers,37,2414.8,18.4142,18.4142,19,32
dr_slavers,38,2602.4,17.1421,17.1421,14,32
dr_slavers,39,3011.2,17.9706,17.9706,14,32
dr_slavers,40,3955,20.799,20.799,16,32
dr_slavers,41,4514,20.8995,20.8995,19,32
dr_slavers,42,4578.8,22.1421,22.1421,19,32
dr_slavers,43,4549,23.2132,23.2132,18,32
dr_slavers,44,3734.8,23.3137,23.3137,21,32
dr_slavers,45,5281.6,23.4142,23.4142,24,32
dr_slavers,46,4506.8,21.8284,21.8284,22,32
dr_slavers,47,4881.4,24.3137,23.4853,22,32
dr_slavers,48,4895.8,23.1421,23.1421,20,32
dr_slavers,49,3744,23.7279,23.7279,21,32
dr_slavers,50,3997.8,27.4142,27.4142,28,32
dr_slavers,51,5131.6,27.4853,27.4853,26,32
dr_slavers,52,3679,26.4853,26.4853,25,32
dr_slavers,53,5600,25.2132,25.2132,20,32
dr_slavers,54,4426.4,27.1421,27.1421,24,32
dr_slavers,55,5925.2,26.8995,26.8995,25,32
dr_slavers,56,4382,27.2426,27.2426,27,32
dr_slavers,57,5336.8,26.9706,26.9706,23,32
dr_slavers,58,6733.6,29.1421,27.4853,26,32
dr_slavers,59,4979,26.9706,26.9706,23,32
dr_slavers,60,5805.8,28.8284,28.8284,29,32
dr_slavers,61,4740.6,28.5563,28.5563,25,32
dr_slavers,62,5074,31.3137,31.3137,29,32
dr_slavers,63,6790.2,32.7279,31.8995,30,32
dr_slavers,64,5395,29.8995,29.0711,28,32
dr_slavers,65,6881.8,31.6274,31.6274,26,32
dr_slavers,66,6912.8,32.9706,28.4853,29,32
dr_slavers,67,4374.6,30.4142,30.4142,31,32
dr_slavers,68,7605.6,30.7279,30.7279,28,32
dr_slavers,69,6312.6,31.2426,31.2426,31,32
dr_slavers,70,10356.2,38.3137,35.8284,36,32
dr_slavers,71,6370.4,34.6274,34.6274,29,32
dr_slavers,72,6575,37.9706,33.4853,34,32
dr_slavers,73,5695.2,33.8284,33.8284,34,32
dr_slavers,74,5541.8,32.4142,32.4142,33,32
dr_slavers,75,7843.8,34.4558,34.4558,28,32
dr_slavers,76,4678.4,32.8284,32.8284,33,32
dr_slavers,77,5797.8,32.0416,32.0416,26,32
dr_slavers,78,5934.8,32.8701,32.8701,26,32
dr_slavers,79,6408.4,33.8995,33.8995,32,32
dr_slavers,80,6195.6,38.4853,38.4853,37,32
dr_slavers,81,7897.6,39.799,38.9706,35,32
dr_slavers,82,7419.8,37.3553,37.3553,28,32
dr_slavers,83,6727.6,42.1421,38.2426,39,32
dr_slavers,84,5826.8,38.6569,37.8284,38,32
dr_slavers,85,9312.4,41.8701,39.6274,35,32
dr_slavers,86,7816.8,39.0416,39.0416,33,32
dr_slavers,87,8055.6,38.7279,38.7279,36,32
dr_slavers,88,7033.6,38.2132,36.5563,33,32
dr_slavers,89,8746.2,42.1421,37.0711,39,32
dr_slavers,90,7456.4,42.8701,41.2132,36,32
dr_slavers,91,12716.6,50.0416,43.3137,44,32
dr_slavers,92,8748.8,42.8701,42.8701,36,32
dr_slavers,93,7804.4,42.1421,42.1421,39,32
dr_slavers,94,8571.6,42.4853,42.4853,41,32
dr_slavers,95,10210,45.9706,42.3137,42,32
dr_slavers,96,7622.6,45.2132,40.7279,40,32
dr_slavers,97,8756.4,41.1127,41.1127,33,32
dr_slavers,98,7798,41.3137,41.3137,39,32
dr_slavers,99,8397.8,43.0416,43.0416,37,32
dr_slavers,100,7830.4,47.3848,45.7279,43,32
dr_slavers,101,9984.8,46.3137,45.4853,44,32
dr_slavers,102,8823.4,45.1127,45.1127,37,32
dr_slavers,103,8785.8,44.799,44.799,40,32
dr_slavers,104,10171,49.9706,46.3137,46,32
dr_slavers,105,10206.6,47.1838,47.1838,37,32
dr_slavers,106,8922.6,48.2843,46.8701,41,32
dr_slavers,107,8128.4,45.6569,45.6569,45,32
dr_slavers,108,9893,45.3137,45.3137,43,32
dr_slavers,109,10144.6,47.2548,47.2548,35,32
dr_slavers,110,11447.2,51.6569,51.6569,51,32
dr_slavers,111,8351.2,50.4142,50.4142,51,32
dr_slavers,112,10230.8,48.7696,48.7696,39,32
dr_slavers,113,9896.8,52.1421,51.3137,49,32
dr_slavers,114,9838,50.4853,50.4853,49,32
dr_slavers,115,11332.2,50.3137,49.1421,48,32
dr_slavers,116,9747.4,51.3848,50.5563,47,32
dr_slavers,117,9951.8,49.7279,49.7279,47,32
dr_slavers,118,9653,50.7696,50.7696,41,32
dr_slavers,119,11596.8,52.4853,51.8995,51,32
dr_slavers,120,10748.4,54.5563,52.8995,51,32
dr_slavers,121,10642,54.3137,53.1421,52,32
dr_slavers,122,12176.4,52.2132,52.2132,47,32
dr_slavers,123,12451.2,60.1421,54.8284,57,32
dr_slavers,124,10300,52.8701,52.8701,46,32
dr_slavers,125,12242.4,54.4558,54.4558,48,32
dr_slavers,126,12207.4,55.7279,55.7279,53,32
dr_slavers,127,10819.2,53.4975,53.4975,40,32
dr_slavers,128,9186.6,55.3848,55.3848,51,32
dr_slavers,129,12174,54.3848,53.5563,50,32
dr_slavers,130,12065.2,61.5269,59.8701,53,32
dr_slavers,131,17154,69.6985,59.8995,62,32
dr_slavers,132,14853.8,65.6985,56.7279,58,32
dr_slavers,133,11720.8,58.1127,58.1127,50,32
dr_slavers,134,11227.6,56.4142,56.4142,57,32
dr_slavers,135,10861.6,60.7696,59.3553,51,32
dr_slavers,136,14035.6,62.5563,58.0711,59,32
dr_slavers,137,12761.6,57.5269,57.5269,49,32
dr_slavers,138,13975.6,61.3259,59.9117,47,32
dr_slavers,139,11923.8,56.9117,56.9117,43,32
dr_slavers,140,10605.2,61,61,62,32
dr_slavers,141,14340.2,62.7279,61.0711,60,32
dr_slavers,142,10975.6,60.3137,60.3137,58,32
dr_slavers,143,15220.4,61.3553,60.7696,52,32
dr_slavers,144,11844.8,63.8995,63.8995,62,32
dr_slavers,145,10284,63.7279,63.7279,61,32
dr_slavers,146,13637.4,64.9411,63.2843,56,32
dr_slavers,147,15299,64.799,62.3137,60,32
dr_slavers,148,11413.8,64.3848,62.7279,60,32
dr_slavers,149,15052.8,68.6274,61.3137,63,32
dr_slavers,150,14317,64.0416,64.0416,58,32
dr_slavers,151,17366,71.4975,66.7696,58,32
dr_slavers,152,12840.8,67.4853,67.4853,66,32
dr_slavers,153,14865.2,65.8701,64.2132,59,32
dr_slavers,154,14077.8,72.9706,67.6569,69,32
dr_slavers,155,11854,65.8284,65.8284,66,32
dr_slavers,156,13647.8,67.3848,64.8995,63,32
dr_slavers,157,15903.6,68.5269,66.0416,60,32
dr_slavers,158,13814.8,74.2132,66.0711,69,32
dr_slavers,159,16143.8,65.9411,65.9411,57,32
dr_slavers,160,13184.4,73.5269,69.0416,65,32
dr_slavers,161,12590.8,68.6569,68.6569,68,32
dr_slavers,162,18224,70.3137,69.4853,68,32
dr_slavers,163,16737.4,72.4853,70.4853,71,32
dr_slavers,164,18036.2,74.5269,68.3848,66,32
dr_slavers,165,15059.4,72.7279,71.0711,70,32
dr_slavers,166,15521,69.2548,69.2548,57,32
dr_slavers,167,15067.8,72.799,69.7279,68,32
dr_slavers,168,70859.6,84.5269,71.5563,76,32
dr_slavers,169,30339.2,75.5269,69.7279,67,32
dr_slavers,170,26520.4,74.9706,72.4853,71,32
dr_slavers,171,14791.6,75.6569,75.6569,75,32
dr_slavers,172,16931.8,76.3848,72.2426,72,32
dr_slavers,173,14115.6,75.0711,75.0711,74,32
dr_slavers,174,18554.2,81.4558,74.1421,75,32
dr_slavers,175,16175.4,74.1838,74.1838,64,32
dr_slavers,176,13005,72.8284,72.8284,73,32
dr_slavers,177,16527,78.1838,74.2843,68,32
dr_slavers,178,16773.6,77.3848,74.0711,73,32
dr_slavers,179,19314,87.598,75.799,77,32
dr_slavers,180,17489,80.3137,79.4853,78,32
dr_slavers,181,17448,76.8701,76.0416,70,32
dr_slavers,182,14948.4,79.8995,79.8995,78,32
dr_slavers,183,27573.6,82.9411,77.9706,74,32
dr_slavers,184,18015.8,77.2132,76.0416,72,32
dr_slavers,185,16028.4,79.1421,79.1421,76,32
dr_slavers,186,16340.4,80.3848,77.0711,76,32
dr_slavers,187,16523,80.5563,78.8995,77,32
dr_slavers,188,16937.8,80.3137,78.6569,78,32
dr_slavers,189,13092.4,80.9706,79.3137,77,32
dr_slavers,190,28971.4,93.2843,83.7279,86,32
dr_slavers,191,33208.8,87.3848,82.6569,83,32
dr_slavers,192,55454.2,93.6985,82.8701,86,32
dr_slavers,193,15958.8,81.4142,81.4142,82,32
dr_slavers,194,24530.2,89.0122,83.1127,78,32
dr_slavers,195,37606.6,96.8406,80.5563,85,32
dr_slavers,196,22564.6,91.7696,83.6274,82,32
dr_slavers,197,28771,82.6274,80.9706,77,32
dr_slavers,198,17967.4,85.3137,80.2426,83,32
dr_slavers,199,16505.2,83.5269,80.2132,75,32
dr_slavers,200,136621,95.8701,86.9411,89,32
dr_slavers,201,129119,99.5269,86.0711,91,32
dr_slavers,202,20381.2,85.669,85.0833,73,32
dr_slavers,203,61921,102.355,87.9706,93,32
dr_slavers,204,19656,85.3137,85.3137,83,32
dr_slavers,205,19046.4,90.8406,86.3553,79,32
dr_slavers,206,36231,92.5269,85.799,84,32
dr_slavers,207,56251.2,97.5269,86.2132,89,32
dr_slavers,208,20612.8,93.3553,85.799,84,32
dr_slavers,209,20925.4,87.2843,85.6274,80,32
dr_slavers,210,18669,89.3137,88.4853,87,32
dr_slavers,211,32360.6,89.3848,88.799,85,32
dr_slavers,212,23930.8,93.0416,88.8995,87,32
dr_slavers,213,849074,91.4853,90.8995,90,32
dr_slavers,214,23002.6,94.9411,91.6274,86,32
dr_slavers,215,36564.4,94.7696,88.9706,85,32
dr_slavers,216,18914,89.6569,88.8284,89,32
dr_slavers,217,66376.8,92.0416,89.799,86,32
dr_slavers,218,21011.2,96.598,88.2132,86,32
dr_slavers,219,19532.4,89.9706,89.9706,86,32
dr_slavers,220,64017.8,106.184,95.3553,96,32
dr_slavers,221,157829,111.497,95.5563,98,32
dr_slavers,222,142930,99.4558,94.9706,93,32
dr_slavers,223,73407.8,108.497,94.9411,95,32
dr_slavers,224,24129.4,102.527,95.799,94,32
dr_slavers,225,86827.4,96.3553,94.3553,87,32
dr_slavers,226,373298,97.1838,95.1838,87,32
dr_slavers,227,70598.2,108.841,94.6985,97,32
dr_slavers,228,175929,96.598,92.3553,86,32
dr_slavers,229,20795.6,94.1421,93.5563,91,32
dr_slavers,230,26652.2,103.426,99.5269,92,32
dr_slavers,231,350405,96.6274,96.6274,91,32
dr_slavers,232,24393.6,98.4558,98.4558,92,32
dr_slavers,233,24058.4,104.426,98.6274,93,32
dr_slavers,234,29102.4,106.113,99.6274,98,32
dr_slavers,235,84503.4,109.355,98.7279,100,32
dr_slavers,236,27576.6,107.255,96.0416,95,32
dr_slavers,237,75578.8,109.841,96.3848,98,32
dr_slavers,238,22061.2,99.4853,98.8995,98,32
dr_slavers,239,23585.6,100.385,98.1421,96,32
dr_slavers,240,55953.8,114.77,102.627,105,32
dr_slavers,241,24811.6,109.698,101.213,102,32
dr_slavers,242,26528.4,109.083,103.284,96,32
dr_slavers,243,1.40623e+06,107.142,103.385,104,32
dr_slavers,244,23190.6,102.627,100.385,97,32
dr_slavers,245,27184,119.012,101.899,108,32
dr_slavers,246,40170.4,106.284,102.87,99,32
dr_slavers,247,30300.2,113.426,103.87,102,32
dr_slavers,248,22417.4,103.397,101.154,87,32
dr_slavers,249,37179.6,108.77,100.728,99,32
dr_slavers,250,26180,110.456,107.385,104,32
dr_slavers,251,26900,109.598,106.77,99,32
dr_slavers,252,26792,107.841,104.527,96,32
dr_slavers,253,27981.4,117.983,105.941,102,32
dr_slavers,254,1.49357e+06,120.184,107.698,110,32
dr_slavers,255,26717.6,105.698,105.698,98,32
dr_slavers,256,95313.8,121.569,107.284,106,32
dr_slavers,257,31586.6,118.154,106.113,103,32
dr_slavers,258,29743.2,111.669,104.941,99,32
dr_slavers,259,26563,107.485,107.485,106,32
dr_slavers,260,205763,132.569,110.142,117,32
dr_slavers,261,82328.2,121.497,109.497,108,32
dr_slavers,262,29794,118.527,110.627,110,32
dr_slavers,263,62993.8,120.77,108.87,111,32
dr_slavers,264,34352.6,113.912,110.012,100,32
dr_slavers,265,1.21598e+06,116.497,110.698,103,32
dr_slavers,266,24529.4,109.527,108.698,101,32
dr_slavers,267,108733,124.397,108.113,108,32
dr_slavers,268,32097.4,114.184,109.213,104,32
dr_slavers,269,169999,113.012,110.184,102,32
dr_slavers,270,59245.2,129.74,115.456,115,32
dr_slavers,271,58952.4,123.841,115.012,112,32
dr_slavers,272,2.26897e+06,120.426,114.87,109,32
dr_slavers,273,119587,115.87,113.87,109,32
dr_slavers,274,30507.4,120.87,115.314,114,32
dr_slavers,275,37477.2,123.87,113.485,117,32
dr_slavers,276,54349.8,122.669,115.941,110,32
dr_slavers,277,32372,117.012,114.77,106,32
dr_slavers,278,1.17346e+06,120.527,115.941,112,32
dr_slavers,279,59172.6,117.154,112.669,102,32
dr_slavers,280,28794,125.74,116.426,111,32
dr_slavers,281,28062.4,121.971,119.728,118,32
dr_slavers,282,27779,122.284,118.385,115,32
dr_slavers,283,27229.8,117.828,117.828,118,32
dr_slavers,284,27820,125.698,118.142,118,32
dr_slavers,285,31943,121.142,118.657,118,32
dr_slavers,286,30378.4,132.77,117.314,123,32
dr_slavers,287,85138.8,133.61,117.912,111,32
dr_slavers,288,174115,118.213,118.213,113,32
dr_slavers,289,50688,134.255,116.314,122,32
dr_slavers,290,59904.8,128.326,121.941,114,32
dr_slavers,291,28358.2,128.426,120.87,117,32
dr_slavers,292,126263,126.941,121.385,118,32
dr_slavers,293,42520.2,141.326,121.142,127,32
dr_slavers,294,59073,131.912,123.87,118,32
dr_slavers,295,1.50844e+06,122.255,120.598,110,32
dr_slavers,296,30594,128.426,121.698,117,32
dr_slavers,297,351378,124.556,123.728,121,32
dr_slavers,298,357967,131.255,120.627,119,32
dr_slavers,299,42458.6,123.64,120.811,106,32
dr_slavers,300,35953.2,131.799,124.485,127,32
dr_slavers,301,1.92681e+06,129.012,127.841,118,32
dr_slavers,302,114880,142.811,125.113,126,32
dr_slavers,303,1.19249e+06,126.627,126.627,121,32
dr_slavers,304,38018.6,144.397,127.042,128,32
dr_slavers,305,40333.8,132.74,126.012,118,32
dr_slavers,306,393078,154.681,126.941,130,32
dr_slavers,307,39984.4,130.024,125.054,107,32
dr_slavers,308,887639,126.627,126.627,121,32
dr_slavers,309,45416.2,134.698,125.385,127,32
dr_slavers,310,1.44421e+06,138.527,131.456,130,32
dr_slavers,311,46023,147.811,131.87,131,32
dr_slavers,312,1.85729e+06,129.326,129.326,115,32
dr_slavers,313,81372,139.669,129.184,127,32
dr_slavers,314,342994,143.296,128.669,124,32
dr_slavers,315,3.94221e+06,140.426,129.799,129,32
dr_slavers,316,32726.8,129.971,129.971,126,32
dr_slavers,317,124463,132.326,130.326,118,32
dr_slavers,318,130435,138.154,131.77,123,32
dr_slavers,319,168205,148.569,131.255,133,32
dr_slavers,320,433731,135.426,135.426,124,32
dr_slavers,321,419711,138.569,134.912,123,32
dr_slavers,322,1.68352e+06,135.971,135.971,132,32
dr_slavers,323,58211.2,160.74,134.899,146,32
dr_slavers,324,826299,133.87,133.87,127,32
dr_slavers,325,39153.4,134.77,133.113,125,32
dr_slavers,326,371820,140.698,134.899,133,32
dr_slavers,327,40968,143.083,135.184,130,32
dr_slavers,328,1.83919e+06,141.426,132.456,130,32
dr_slavers,329,58561.6,144.284,135.456,137,32
dr_slavers,330,4.23403e+06,141.497,139.012,128,32
dr_slavers,331,3.52667e+06,137.497,137.497,124,32
dr_slavers,332,2.13189e+06,140.255,137.184,128,32
dr_slavers,333,2.44815e+06,161.054,139.071,143,32
dr_slavers,334,90279.6,156.368,137.841,135,32
dr_slavers,335,50500.2,152.154,137.042,137,32
dr_slavers,336,958370,136.154,136.154,121,32
dr_slavers,337,62717,144.368,136.811,123,32
dr_slavers,338,1.42054e+06,138.355,138.355,129,32
dr_slavers,339,35580.8,146.113,137.971,138,32
dr_slavers,340,2.52175e+06,151.255,141.841,139,32
dr_slavers,341,502840,154.267,143.054,130,32
dr_slavers,342,507372,142.154,142.154,127,32
dr_slavers,343,2.85013e+06,154.983,143.426,139,32
dr_slavers,344,4.24442e+06,152.012,142.698,141,32
dr_slavers,345,40024.2,146.669,140.527,134,32
dr_slavers,346,46232.6,143.485,143.485,142,32
dr_slavers,347,114093,164.054,141.042,146,32
dr_slavers,348,42083.2,142.556,140.899,139,32
dr_slavers,349,519367,145.77,143.284,136,32
dr_slavers,350,366719,151.397,145.012,135,32
dr_slavers,351,3.09689e+06,161.711,145.971,142,32
dr_slavers,352,113382,169.569,145.485,154,32
dr_slavers,353,41769,151.468,144.012,133,32
dr_slavers,354,40272.2,148.456,144.556,142,32
dr_slavers,355,2.09058e+06,146.113,146.113,138,32
dr_slavers,356,44540.4,151.296,144.326,132,32
dr_slavers,357,41874.8,152.426,144.627,141,32
dr_slavers,358,3.83212e+06,145.569,145.569,130,32
dr_slavers,359,258363,146.527,146.527,138,32
dr_slavers,360,3.65354e+06,150.74,150.74,136,32
dr_slavers,361,9.15817e+06,155.698,150.728,148,32
dr_slavers,362,62118.8,154.811,148.184,138,32
dr_slavers,363,47011.6,158.054,151.326,140,32
dr_slavers,364,144301,179.409,150.74,151,32
dr_slavers,365,319626,149.368,149.368,128,32
dr_slavers,366,511542,148.184,148.184,138,32
dr_slavers,367,112420,161.853,150.397,138,32
dr_slavers,368,1.40036e+07,149.87,149.87,143,32
dr_slavers,369,85180.4,156.225,148.184,139,32
dr_slavers,370,3.43557e+06,155.083,155.083,142,32
dr_slavers,371,56386.8,162.355,155.627,153,32
dr_slavers,372,266472,154.941,154.941,146,32
dr_slavers,373,268346,155.569,153.083,140,32
dr_slavers,374,636328,152.799,152.213,148,32
dr_slavers,375,96438.2,159.154,154.184,144,32
dr_slavers,376,82480.2,163.64,155.598,146,32
dr_slavers,377,673815,152.083,152.083,139,32
dr_slavers,378,2.35032e+06,154.669,154.669,142,32
dr_slavers,379,1.31927e+06,155.012,155.012,144,32
dr_slavers,380,144364,159.912,156.598,146,32
dr_slavers,381,44372.4,158.213,157.385,153,32
dr_slavers,382,70859.8,167.811,156.012,151,32
dr_slavers,383,1.11506e+06,157.154,157.154,142,32
dr_slavers,384,1.88324e+06,158.184,158.184,148,32
dr_slavers,385,64071.2,181.539,159.941,161,32
dr_slavers,386,4.35652e+06,156.326,156.326,142,32
dr_slavers,387,2.26106e+06,157.669,157.669,145,32
dr_slavers,388,8.28099e+06,159.983,159.983,144,32
dr_slavers,389,1.32536e+06,157.87,157.87,151,32
dr_slavers,390,2.47491e+06,161.983,161.983,146,32
dr_slavers,391,3.99746e+06,163.841,163.841,152,32
dr_slavers,392,558981,171.669,163.385,159,32
dr_slavers,393,70550.4,173.125,163.669,153,32
dr_slavers,394,1.0797e+06,161.87,161.042,155,32
dr_slavers,395,3.40697e+06,163.326,163.326,149,32
dr_slavers,396,3.17536e+06,188.208,160.083,154,32
dr_slavers,397,2.18372e+06,175.811,163.77,159,32
dr_slavers,398,3.78877e+06,163.267,160.196,139,32
dr_slavers,399,2.40063e+06,167.397,162.669,151,32
dr_slavers,400,1.22834e+06,167.669,167.669,155,32
dr_slavers,401,7.96512e+06,166.627,166.627,161,32
dr_slavers,402,8.84534e+06,167.527,167.527,159,32
dr_slavers,403,93413,174.924,166.882,149,32
dr_slavers,404,6.21685e+06,167.024,167.024,144,32
dr_slavers,405,55601.4,173.095,164.811,148,32
dr_slavers,406,76707,178.64,166.698,161,32
dr_slavers,407,3.5687e+06,166.326,166.326,152,32
dr_slavers,408,51842.2,183.912,165.728,170,32
dr_slavers,409,5.71395e+06,167.054,167.054,149,32
dr_slavers,410,6.95369e+06,170.841,170.841,159,32
dr_slavers,411,54896.6,194.267,171.841,170,32
dr_slavers,412,4.72726e+06,185.711,170.012,166,32
dr_slavers,413,6.35627e+06,169.941,169.941,161,32
dr_slavers,414,85045.4,180.912,171.456,167,32
dr_slavers,415,1.03281e+06,170.042,170.042,164,32
dr_slavers,416,8.77294e+06,170.426,170.426,159,32
dr_slavers,417,4.60186e+06,169.196,169.196,147,32
dr_slavers,418,7.26873e+06,182.811,170.627,166,32
dr_slavers,419,1.89935e+06,174.012,171.77,163,32
dr_slavers,420,5.58592e+06,175.397,175.397,159,32
dr_slavers,421,1.47017e+07,177.74,175.255,163,32
dr_slavers,422,4.12079e+06,172.095,172.095,147,32
dr_slavers,423,4.41773e+06,172.012,172.012,161,32
dr_slavers,424,4.83088e+06,182.539,174.255,162,32
dr_slavers,425,56226.4,178.799,175.485,174,32
dr_slavers,426,73088,186.598,175.77,176,32
dr_slavers,427,118108,193.225,172.213,176,32
dr_slavers,428,2.85052e+06,173.154,173.154,158,32
dr_slavers,429,66330.8,185.983,174.527,170,32
dr_slavers,430,59540.2,179.698,176.385,172,32
dr_slavers,431,90763.2,188.61,176.912,166,32
dr_slavers,432,4.11624e+06,183.74,178.184,169,32
dr_slavers,433,1.89565e+07,185.154,179.355,170,32
dr_slavers,434,1.69198e+06,177.983,177.154,162,32
dr_slavers,435,55865.2,185.74,179.598,171,32
dr_slavers,436,1.80194e+06,181.669,179.426,169,32
dr_slavers,437,4.41892e+06,179.054,179.054,161,32
dr_slavers,438,2.58388e+06,178.296,176.64,159,32
dr_slavers,439,90503.8,186.74,177.669,172,32
dr_slavers,440,3.16366e+06,183.338,182.51,157,32
dr_slavers,441,9.77443e+06,188.012,180.113,177,32
dr_slavers,442,55953.4,196.255,183.87,184,32
dr_slavers,443,188040,196.397,180.941,180,32
dr_slavers,444,402738,193.569,180.213,178,32
dr_slavers,445,2.07118e+06,181.841,181.841,170,32
dr_slavers,446,181998,193.095,182.468,168,32
dr_slavers,447,6.58809e+06,183.669,183.669,171,32
dr_slavers,448,6.43431e+06,202.811,183.314,186,32
dr_slavers,449,5.23126e+06,183.598,183.598,173,32
dr_slavers,450,56595,193.355,186.627,184,32
dr_slavers,451,4.61123e+06,200.853,186.184,177,32
dr_slavers,452,4.15505e+06,185.64,184.811,168,32
dr_slavers,453,6.07781e+06,184.953,184.953,164,32
dr_slavers,454,1.31953e+07,186.569,186.569,171,32
dr_slavers,455,1.55501e+07,192.456,187.485,186,32
dr_slavers,456,8.27335e+06,184.556,184.497,181,32
dr_slavers,457,197047,196.61,185.74,174,32
dr_slavers,458,58320.4,196.355,187.527,187,32
dr_slavers,459,8.91072e+06,185.77,185.77,176,32
dr_slavers,460,2.06265e+07,189.012,189.012,178,32
dr_slavers,461,5.18679e+06,188.61,188.61,166,32
dr_slavers,462,117716,208.74,190.113,194,32
dr_slavers,463,1.27602e+07,198.698,188.314,191,32
dr_slavers,464,76839.2,208.711,189.941,189,32
dr_slavers,465,1.76186e+07,192.012,191.184,181,32
dr_slavers,466,1.8356e+07,189.255,189.255,177,32
dr_slavers,467,327628,188.698,188.113,181,32
dr_slavers,468,90689.6,198.711,188.326,179,32
dr_slavers,469,88170.8,210.196,189.426,188,32
dr_slavers,470,66965.6,210.397,192.698,194,32
dr_slavers,471,177894,204.569,193.154,189,32
dr_slavers,472,69136,197.669,193.527,185,32
dr_slavers,473,67444.2,210.497,195.627,197,32
dr_slavers,474,2.97507e+06,192.74,192.74,178,32
dr_slavers,475,1.23171e+07,194.054,194.054,176,32
dr_slavers,476,199309,203.368,195.811,182,32
dr_slavers,477,748085,194.87,194.87,188,32
dr_slavers,478,4.88892e+06,195.426,195.426,184,32
dr_slavers,479,1.35279e+07,194.882,194.882,176,32
dr_slavers,480,200479,211.782,196.184,190,32
dr_slavers,481,8.34955e+06,199.284,199.284,192,32
dr_slavers,482,179103,206.953,197.154,186,32
dr_slavers,483,3.19918e+06,198.74,198.74,184,32
dr_slavers,484,6.41608e+06,199.569,199.569,184,32
dr_slavers,485,85700.2,222.64,199.87,205,32
dr_slavers,486,77013.8,204.054,196.74,186,32
dr_slavers,487,3.7437e+06,199.468,199.468,181,32
dr_slavers,488,7.29345e+06,198.255,198.255,186,32
dr_slavers,489,1.91391e+07,206.983,199.426,191,32
dr_slavers,490,178789,221.154,203.113,206,32
dr_slavers,491,1.41367e+07,210.012,200.799,199,32
dr_slavers,492,5.45429e+06,200.882,200.054,182,32
dr_slavers,493,1.13907e+07,200.296,200.296,181,32
dr_slavers,494,1.89315e+07,201.841,200.184,190,32
dr_slavers,495,1.86535e+07,203.841,203.841,192,32
dr_slavers,496,1.05384e+07,203.368,203.368,182,32
dr_slavers,497,4.53185e+06,202.255,202.255,190,32
dr_slavers,498,1.23873e+06,200.255,200.255,188,32
dr_slavers,499,6.41084e+06,203.782,203.782,182,32
dr_slavers,500,8.19796e+06,204.225,204.225,187,32
dr_slavers,501,324077,220.711,205.255,201,32
dr_slavers,502,1.44105e+07,206.64,205.811,189,32
dr_slavers,503,1.42055e+07,207.556,207.556,204,32
dr_slavers,504,1.09351e+06,212.74,205.569,198,32
dr_slavers,505,2.43344e+07,206.841,206.841,195,32
dr_slavers,506,6.68858e+06,214.184,207.213,204,32
dr_slavers,507,86322.2,229.368,207.527,208,32
dr_slavers,508,7.55532e+06,212.811,205.841,196,32
dr_slavers,509,1.87577e+07,207.941,205.456,199,32
dr_slavers,510,5.15516e+06,208.296,208.296,189,32
dr_slavers,511,2.09098e+06,215.74,209.983,201,32
dr_slavers,512,1.30516e+07,211.385,208.899,207,32
dr_slavers,513,135450,228.74,211.77,214,32
dr_slavers,514,168432,230.64,211.083,213,32
dr_slavers,515,1.96609e+07,213.74,211.255,199,32
dr_slavers,516,6.61182e+06,212.669,208.77,200,32
dr_slavers,517,8.62223e+06,211.527,211.527,203,32
dr_slavers,518,72637.4,215.255,211.012,203,32
dr_slavers,519,8.41251e+06,210.012,210.012,199,32
dr_slavers,520,7.25282e+06,216.326,215.497,202,32
dr_slavers,521,4.04912e+06,215.184,214.355,205,32
dr_slavers,522,7.21802e+06,213.983,213.983,198,32
dr_slavers,523,2.24962e+07,213.912,213.912,200,32
dr_slavers,524,1.2557e+06,212.213,212.213,207,32
dr_slavers,525,1.51594e+07,223.125,212.497,203,32
dr_slavers,526,8.26993e+06,219.012,213.456,208,32
dr_slavers,527,1.17822e+07,227.054,215.841,209,32
dr_slavers,528,1.77922e+06,215.225,215.225,198,32
dr_slavers,529,1.18155e+06,221.125,212.255,201,32
dr_slavers,530,1.87635e+06,217.326,217.326,203,32
dr_slavers,531,215567,246.066,216.326,216,32
dr_slavers,532,8.40756e+06,217.841,217.841,206,32
dr_slavers,533,2.23917e+07,216.841,216.841,205,32
dr_slavers,534,6.26092e+06,219.296,219.296,200,32
dr_slavers,535,8.14639e+06,216.74,216.74,202,32
dr_slavers,536,111965,233.225,217.426,216,32
dr_slavers,537,9.84903e+06,223.74,219.841,209,32
dr_slavers,538,9.10321e+06,222.64,216.255,205,32
dr_slavers,539,1.44177e+07,217.569,217.569,202,32
dr_slavers,540,268964,230.74,220.698,216,32
dr_slavers,541,3.89161e+06,223.024,220.782,200,32
dr_slavers,542,1.02533e+06,234.782,221.77,213,32
dr_slavers,543,3.2212e+06,221.012,221.012,210,32
dr_slavers,544,2.03129e+06,223.669,223.669,211,32
dr_slavers,545,5.4495e+06,220.326,220.326,206,32
dr_slavers,546,1.07034e+07,220.77,220.77,211,32
dr_slavers,547,919328,222.669,222.669,210,32
dr_slavers,548,87239.8,233.912,223.627,220,32
dr_slavers,549,5.05166e+06,240.125,222.184,220,32
dr_slavers,550,131820,226.627,224.142,221,32
dr_slavers,551,7.14616e+06,228.125,227.296,208,32
dr_slavers,552,132913,248.681,224.841,224,32
dr_slavers,553,1.84217e+07,227.971,227.971,224,32
dr_slavers,554,5.61152e+06,224.054,224.054,206,32
dr_slavers,555,156635,247.953,227.77,227,32
dr_slavers,556,1.14942e+07,228.083,227.255,215,32
dr_slavers,557,1.28467e+07,237.439,226.569,214,32
dr_slavers,558,2.6631e+06,224.497,224.497,211,32
dr_slavers,559,1.6187e+07,225.184,225.184,215,32
dr_slavers,560,8.90059e+06,231.368,231.368,210,32
dr_slavers,561,1.96205e+07,232.296,230.882,213,32
dr_slavers,562,483172,248.439,228.64,225,32
dr_slavers,563,1.43246e+07,230.213,230.213,225,32
dr_slavers,564,8.96131e+06,231.054,231.054,213,32
dr_slavers,565,8.36793e+06,228.397,228.397,212,32
dr_slavers,566,1.0097e+07,229.669,229.669,217,32
dr_slavers,567,1.52073e+07,230.154,230.154,215,32
dr_slavers,568,5.37043e+06,255.267,230.841,231,32
dr_slavers,569,5.04333e+06,229.912,229.912,216,32
dr_slavers,570,8.68655e+06,234.941,234.941,226,32
dr_slavers,571,1.522e+07,234.912,234.912,221,32
dr_slavers,572,1.14851e+06,235.326,235.326,221,32
dr_slavers,573,2.88509e+07,235.711,234.296,216,32
dr_slavers,574,1.3065e+07,234.74,232.497,220,32
dr_slavers,575,9.43184e+06,232.64,232.64,215,32
dr_slavers,576,9.55358e+06,233.255,233.255,221,32
dr_slavers,577,3.3184e+06,233.983,233.983,218,32
dr_slavers,578,166316,260.953,233.941,240,32
dr_slavers,579,2.24448e+07,232.983,232.983,217,32
dr_slavers,580,2.16877e+07,239.882,239.054,221,32
dr_slavers,581,5.57e+06,253.539,239.882,233,32
dr_slavers,582,3.38388e+06,238.426,238.426,227,32
dr_slavers,583,890927,241.054,239.397,223,32
dr_slavers,584,1.31896e+06,237.598,237.598,227,32
dr_slavers,585,1.27579e+07,237.598,237.598,227,32
dr_slavers,586,3.39027e+06,239.527,239.527,231,32
dr_slavers,587,1.18311e+06,246.184,236.426,236,32
dr_slavers,588,1.15236e+07,238.167,238.167,211,32
dr_slavers,589,7.88512e+06,238.083,238.083,225,32
dr_slavers,590,288760,259.196,242.953,237,32
dr_slavers,591,2.80893e+06,242.669,242.669,230,32
dr_slavers,592,8.59825e+06,241.368,241.368,220,32
dr_slavers,593,5.10384e+06,240.196,240.196,218,32
dr_slavers,594,6.18891e+06,242.64,242.64,225,32
dr_slavers,595,1.92512e+07,242.267,241.439,218,32
dr_slavers,596,7.21929e+06,243.953,243.953,223,32
dr_slavers,597,3.5359e+07,244.012,240.113,233,32
dr_slavers,598,1.71426e+07,243.77,243.77,234,32
dr_slavers,599,1.37653e+07,241.74,241.74,227,32
dr_slavers,600,1.64824e+07,244.882,244.882,226,32
dr_slavers,601,1.29861e+07,247.468,245.811,229,32
dr_slavers,602,2.71664e+07,249.811,246.497,233,32
dr_slavers,603,1.00298e+07,246.569,246.569,231,32
dr_slavers,604,3.97247e+06,246.853,246.853,223,32
dr_slavers,605,9.80031e+06,245.024,245.024,222,32
dr_slavers,606,1.1092e+07,248.368,247.539,227,32
dr_slavers,607,3.32463e+07,247.184,247.184,237,32
dr_slavers,608,1.03446e+07,250.468,244.912,232,32
dr_slavers,609,2.30677e+07,244.113,244.113,236,32
dr_slavers,610,1.21574e+07,248.054,248.054,230,32
dr_slavers,611,1.90614e+07,251.882,251.054,233,32
dr_slavers,612,2.39552e+07,251.355,251.355,242,32
dr_slavers,613,3.35526e+07,250.539,249.711,230,32
dr_slavers,614,397849,253.64,249.983,236,32
dr_slavers,615,3.87516e+06,254.338,251.024,228,32
dr_slavers,616,1.45595e+07,251.338,251.338,225,32
dr_slavers,617,2.18282e+07,253.669,248.355,241,32
dr_slavers,618,4.2734e+06,250.669,250.669,238,32
dr_slavers,619,2.63767e+07,259.125,249.184,239,32
dr_slavers,620,3.72357e+07,253.782,253.782,232,32
dr_slavers,621,1.39621e+07,254.61,254.61,232,32
dr_slavers,622,2.03511e+07,256.782,253.368,235,32
dr_slavers,623,2.61248e+07,252.711,252.711,233,32
dr_slavers,624,7.38109e+06,252.196,252.196,230,32
dr_slavers,625,1.27902e+07,253.468,253.468,235,32
dr_slavers,626,1.21171e+07,255.669,255.669,243,32
dr_slavers,627,6.02464e+06,255.426,255.426,244,32
dr_slavers,628,248616,264.539,255.711,244,32
dr_slavers,629,1.69944e+06,254.468,254.468,236,32
dr_slavers,630,7.68474e+06,258.61,258.61,236,32
dr_slavers,631,7.15464e+06,259.64,259.64,242,32
dr_slavers,632,1.15774e+07,258.296,258.296,239,32
dr_slavers,633,4.53966e+07,257.811,256.154,241,32
dr_slavers,634,3.30423e+06,257.569,257.569,242,32
dr_slavers,635,3.26918e+07,258.569,258.569,243,32
dr_slavers,636,9.85879e+06,256.569,256.569,241,32
dr_slavers,637,9.0698e+06,258.083,258.083,245,32
dr_slavers,638,1.4065e+07,258.924,258.924,233,32
dr_slavers,639,358917,265.64,257.782,248,32
dr_slavers,640,1.91949e+07,266.196,263.953,244,32
dr_slavers,641,1.2878e+06,262.569,261.983,247,32
dr_slavers,642,3.36059e+07,262.782,262.782,241,32
dr_slavers,643,297568,276.225,260.326,259,32
dr_slavers,644,1.66836e+07,263.012,263.012,252,32
dr_slavers,645,2.27009e+07,261.711,260.882,242,32
dr_slavers,646,2.27085e+07,263.711,262.882,244,32
dr_slavers,647,2.9715e+07,262.296,262.296,243,32
dr_slavers,648,1.40878e+07,262.698,262.698,255,32
dr_slavers,649,4.43025e+06,263.083,263.083,250,32
dr_slavers,650,1.68683e+06,267.841,267.841,256,32
dr_slavers,651,3.27658e+06,266.338,265.51,240,32
dr_slavers,652,870492,264.083,264.083,251,32
dr_slavers,653,1.28665e+07,270.468,264.912,252,32
dr_slavers,654,1.10964e+07,267.238,267.238,238,32
dr_slavers,655,1.83912e+06,264.368,264.368,243,32
dr_slavers,656,4.10744e+06,266.64,266.64,249,32
dr_slavers,657,1.42914e+07,264.527,264.527,256,32
dr_slavers,658,5.72693e+06,266.711,266.711,247,32
dr_slavers,659,3.85162e+07,267.581,267.581,240,32
dr_slavers,660,1.40927e+07,268.64,268.64,251,32
dr_slavers,661,1.32691e+06,270.711,270.711,251,32
dr_slavers,662,1.94512e+07,268.154,268.154,253,32
dr_slavers,663,107903,286.468,269.941,268,32
dr_slavers,664,2.39879e+07,269.598,269.598,259,32
dr_slavers,665,5.72046e+06,269.397,269.397,253,32
dr_slavers,666,114609,289.196,271.012,267,32
dr_slavers,667,1.54436e+07,270.083,270.083,257,32
dr_slavers,668,4.30669e+07,271.024,270.196,248,32
dr_slavers,669,3.78046e+07,269.669,269.669,257,32
dr_slavers,670,5.29357e+06,272.439,272.439,249,32
dr_slavers,671,348366,307.581,275.598,280,32
dr_slavers,672,5.18073e+06,272.439,272.439,249,32
dr_slavers,673,4.84873e+07,282.439,274.154,259,32
dr_slavers,674,4.83006e+07,276.054,273.569,258,32
dr_slavers,675,1.65033e+07,273.953,273.953,253,32
dr_slavers,676,3.23561e+06,273.841,273.841,262,32
dr_slavers,677,3.03323e+07,272.054,272.054,254,32
dr_slavers,678,2.42172e+07,272.711,272.711,253,32
dr_slavers,679,1.7898e+07,274.711,274.711,255,32
dr_slavers,680,1.25693e+07,276.782,276.782,255,32
dr_slavers,681,1.35589e+07,282.894,276.752,252,32
dr_slavers,682,1.23348e+07,276.284,276.284,269,32
dr_slavers,683,7.18183e+06,279.225,279.225,262,32
dr_slavers,684,4.93822e+06,297.61,279.083,275,32
dr_slavers,685,2.17239e+07,278.711,278.711,259,32
dr_slavers,686,1.90165e+07,279.225,278.397,262,32
dr_slavers,687,101547,294.953,276.77,274,32
dr_slavers,688,2.82536e+07,276.083,276.083,263,32
dr_slavers,689,1.14936e+06,276.569,276.569,261,32
dr_slavers,690,1.54592e+07,283.468,280.296,265,32
dr_slavers,691,4.69966e+06,281.711,281.711,262,32
dr_slavers,692,4.03761e+07,281.368,281.368,260,32
dr_slavers,693,1.50855e+07,282.196,282.196,260,32
dr_slavers,694,1.12771e+07,281.125,281.125,261,32
dr_slavers,695,1.45856e+07,283.569,283.569,268,32
dr_slavers,696,3.03173e+07,283.953,283.125,263,32
dr_slavers,697,2.28217e+07,287.267,281.125,263,32
dr_slavers,698,3.79925e+06,283.811,282.154,267,32
dr_slavers,699,2.20733e+07,289.51,283.953,264,32
dr_slavers,700,1.52896e+07,284.539,284.539,264,32
dr_slavers,701,4.58562e+06,285.953,285.953,265,32
dr_slavers,702,2.21037e+06,290.095,286.782,265,32
dr_slavers,703,1.76496e+07,293.238,287.095,264,32
dr_slavers,704,4.6247e+06,287.225,287.225,270,32
dr_slavers,705,3.62493e+07,285.196,285.196,263,32
dr_slavers,706,6.74304e+06,286.711,286.711,267,32
dr_slavers,707,1.01364e+06,289.468,286.983,271,32
dr_slavers,708,1.94667e+07,288.711,286.468,269,32
dr_slavers,709,1.29585e+07,285.125,285.125,265,32
dr_slavers,710,3.12007e+07,302.225,289.941,285,32
dr_slavers,711,1.25403e+06,313.309,288.154,282,32
dr_slavers,712,818043,291.811,290.154,275,32
dr_slavers,713,3.09495e+06,290.74,290.74,276,32
dr_slavers,714,8.9601e+06,289.125,289.125,269,32
dr_slavers,715,7.77989e+06,291.409,291.409,263,32
dr_slavers,716,3.97441e+07,290.439,290.439,267,32
dr_slavers,717,5.30867e+06,291.598,290.77,281,32
dr_slavers,718,6.1342e+06,289.397,289.397,273,32
dr_slavers,719,2.23475e+07,291.782,290.953,270,32
dr_slavers,720,4.31407e+07,292.539,292.539,272,32
dr_slavers,721,6.26392e+06,292.167,292.167,265,32
dr_slavers,722,4.26688e+07,298.154,293.426,283,32
dr_slavers,723,2.10946e+06,292.853,292.853,269,32
dr_slavers,724,1.12502e+07,295.841,295.841,284,32
dr_slavers,725,9.19851e+06,295.882,295.054,277,32
dr_slavers,726,1.57232e+07,293.397,293.397,277,32
dr_slavers,727,3.97319e+07,295.983,295.154,280,32
dr_slavers,728,3.04023e+07,292.024,292.024,269,32
dr_slavers,729,6.20159e+07,295.711,295.711,276,32
dr_slavers,730,1.91238e+07,303.823,297.681,275,32
dr_slavers,731,5.18369e+07,297.61,297.61,275,32
dr_slavers,732,3.05639e+06,299.711,299.711,280,32
dr_slavers,733,6.66167e+07,300.439,296.296,277,32
dr_slavers,734,2.14506e+07,300.953,298.711,280,32
dr_slavers,735,2.46062e+07,296.439,296.439,273,32
dr_slavers,736,5.94489e+06,297.64,297.64,280,32
dr_slavers,737,2.24474e+07,297.681,297.681,273,32
dr_slavers,738,3.64967e+06,297.61,297.61,275,32
dr_slavers,739,2.68545e+07,297.054,297.054,279,32
dr_slavers,740,5.43507e+07,302.51,301.681,277,32
dr_slavers,741,1.35141e+07,301.953,301.953,281,32
dr_slavers,742,1.06277e+07,302.61,302.61,280,32
dr_slavers,743,1.17632e+07,300.51,300.51,275,32
dr_slavers,744,4.00442e+07,300.539,300.539,280,32
dr_slavers,745,6.38335e+06,302.853,302.853,279,32
dr_slavers,746,3.57632e+07,303.539,303.539,283,32
dr_slavers,747,5.33677e+06,304.468,303.64,286,32
dr_slavers,748,3.42457e+07,300.711,300.711,281,32
dr_slavers,749,4.30851e+06,302.095,302.095,277,32
dr_slavers,750,4.65454e+07,307.397,304.912,291,32
dr_slavers,751,1.47553e+07,305.64,305.64,288,32
dr_slavers,752,2.64032e+06,304.64,304.64,287,32
dr_slavers,753,5.32885e+07,304.539,304.539,284,32
dr_slavers,754,3.30744e+06,304.782,304.782,283,32
dr_slavers,755,1.73541e+07,305.61,305.61,283,32
dr_slavers,756,1.7605e+07,331.51,304.439,306,32
dr_slavers,757,6.62342e+07,310.196,307.711,288,32
dr_slavers,758,5.26067e+06,307.409,306.581,279,32
dr_slavers,759,4.69588e+07,304.61,304.61,282,32
dr_slavers,760,2.06207e+07,311.539,311.539,291,32
dr_slavers,761,3.28246e+06,310.61,310.61,288,32
dr_slavers,762,1.07872e+07,309.74,309.74,295,32
dr_slavers,763,1.45123e+07,311.924,311.924,286,32
dr_slavers,764,4.37177e+06,311.267,311.267,287,32
dr_slavers,765,3.8248e+06,310.296,310.296,291,32
dr_slavers,766,7.36268e+06,313.024,310.782,290,32
dr_slavers,767,1.10711e+07,311.095,311.095,286,32
dr_slavers,768,1.22399e+07,309.095,309.095,284,32
dr_slavers,769,6.44667e+06,310.296,310.296,291,32
dr_slavers,770,4.74848e+07,319.326,315.426,305,32
dr_slavers,771,1.03865e+07,319.953,312.497,299,32
dr_slavers,772,1.66695e+07,313.894,313.894,283,32
dr_slavers,773,136838,323.882,314.426,305,32
dr_slavers,774,5.84133e+07,313.953,313.953,293,32
dr_slavers,775,1.37472e+07,318.368,314.468,297,32
dr_slavers,776,3.30098e+07,325.853,315.569,302,32
dr_slavers,777,6.31497e+07,317.953,315.368,297,32
dr_slavers,778,1.98657e+07,319.309,314.581,288,32
dr_slavers,779,1.13585e+07,315.539,315.539,295,32
dr_slavers,780,3.83484e+07,317.125,317.125,297,32
dr_slavers,781,2.69189e+07,318.012,318.012,307,32
dr_slavers,782,6.19724e+06,318.409,318.409,290,32
dr_slavers,783,1.34626e+07,317.853,317.853,294,32
dr_slavers,784,3.20213e+07,321.924,319.681,296,32
dr_slavers,785,3.8241e+07,318.74,317.083,304,32
dr_slavers,786,2.85448e+06,318.652,318.652,289,32
dr_slavers,787,3.1574e+06,318.823,318.823,290,32
dr_slavers,788,5.26645e+07,317.439,317.439,294,32
dr_slavers,789,5.77463e+06,319.338,319.338,293,32
dr_slavers,790,1.99256e+07,326.154,323.669,311,32
dr_slavers,791,9.28326e+06,323.167,323.167,296,32
dr_slavers,792,6.52213e+06,320.551,320.551,288,32
dr_slavers,793,6.76914e+06,320.652,320.652,291,32
dr_slavers,794,9.56066e+06,323.468,323.468,305,32
dr_slavers,795,6.23963e+06,322.652,322.652,293,32
dr_slavers,796,5.05399e+06,323.581,323.581,296,32
dr_slavers,797,9.37526e+06,323.924,323.095,298,32
dr_slavers,798,7.69056e+06,323.497,323.497,310,32
dr_slavers,799,4.03113e+07,321.468,321.468,303,32
dr_slavers,800,9.72522e+06,326.924,326.924,301,32
dr_slavers,801,7.50775e+07,330.338,327.853,304,32
dr_slavers,802,7.9229e+06,326.38,326.38,293,32
dr_slavers,803,8.47359e+06,326.693,326.693,290,32
dr_slavers,804,4.99526e+07,325.439,325.439,302,32
dr_slavers,805,3.68645e+07,325.669,325.669,313,32
dr_slavers,806,1.8663e+07,329.095,326.267,304,32
dr_slavers,807,6.85855e+07,327.581,325.095,300,32
dr_slavers,808,5.75309e+06,327.095,327.095,302,32
dr_slavers,809,2.90526e+07,326.711,324.468,307,32
dr_slavers,810,3.48664e+07,330.51,328.267,305,32
dr_slavers,811,4.74519e+07,330.439,330.439,307,32
dr_slavers,812,5.40686e+06,331.823,331.823,303,32
dr_slavers,813,1.01608e+07,335.995,329.024,308,32
dr_slavers,814,1.93478e+07,328.61,328.61,306,32
dr_slavers,815,7.88841e+07,332.823,330.338,304,32
dr_slavers,816,5.6698e+07,328.296,328.296,309,32
dr_slavers,817,4.35603e+06,328.752,328.752,302,32
dr_slavers,818,8.56136e+06,329.681,329.681,305,32
dr_slavers,819,3.49113e+07,330.51,329.681,305,32
dr_slavers,820,6.86256e+06,332.238,332.238,303,32
dr_slavers,821,5.90534e+06,332.681,332.681,308,32
dr_slavers,822,9.42842e+06,334.167,334.167,307,32
dr_slavers,823,5.72363e+06,335.066,335.066,305,32
dr_slavers,824,7.88793e+07,337.823,335.338,309,32
dr_slavers,825,4.29303e+06,332.723,332.723,301,32
dr_slavers,826,5.8589e+06,332.853,332.853,309,32
dr_slavers,827,5.57703e+07,332.681,332.681,308,32
dr_slavers,828,3.43612e+07,332.426,332.426,321,32
dr_slavers,829,7.13179e+06,335.066,335.066,305,32
dr_slavers,830,3.87493e+06,339.066,339.066,309,32
dr_slavers,831,5.59159e+07,342.711,339.64,323,32
dr_slavers,832,5.02197e+07,339.154,339.154,324,32
dr_slavers,833,4.03727e+07,341.296,339.054,322,32
dr_slavers,834,7.99705e+07,338.196,338.196,316,32
dr_slavers,835,7.75077e+06,337.894,337.894,307,32
dr_slavers,836,333390,338.64,336.154,321,32
dr_slavers,837,3.82319e+07,336.368,336.368,315,32
dr_slavers,838,5.37251e+06,338.581,338.581,311,32
dr_slavers,839,7.98572e+06,336.409,336.409,308,32
dr_slavers,840,5.56932e+06,343.894,342.238,313,32
dr_slavers,841,3.43798e+06,341.309,341.309,310,32
dr_slavers,842,4.16921e+07,340.154,340.154,325,32
dr_slavers,843,6.91334e+07,342.894,342.894,312,32
dr_slavers,844,3.01831e+07,341.497,341.497,328,32
dr_slavers,845,5.46406e+06,341.995,341.995,314,32
dr_slavers,846,4.07497e+07,343.681,343.681,319,32
dr_slavers,847,2.69105e+07,342.61,342.61,320,32
dr_slavers,848,3.66189e+06,343.48,343.48,313,32
dr_slavers,849,4.83469e+06,342.208,342.208,308,32
dr_slavers,850,3.68695e+07,347.167,344.924,320,32
dr_slavers,851,3.68967e+07,344.782,344.782,323,32
dr_slavers,852,8.09435e+06,347.48,347.48,317,32
dr_slavers,853,6.44015e+07,347.652,347.652,318,32
dr_slavers,854,345457,347.64,345.154,330,32
dr_slavers,855,8.68435e+07,349.652,347.167,320,32
dr_slavers,856,4.66462e+07,347.154,347.154,332,32
dr_slavers,857,4.35325e+07,346.338,346.338,320,32
dr_slavers,858,5.12522e+07,347.338,347.338,321,32
dr_slavers,859,9.69422e+06,347.622,345.137,313,32
dr_slavers,860,7.467e+06,353.38,350.894,320,32
dr_slavers,861,4.83724e+06,349.38,349.38,316,32
dr_slavers,862,4.83593e+06,348.865,348.865,313,32
dr_slavers,863,4.60441e+06,357.551,351.995,325,32
dr_slavers,864,3.82108e+06,349.238,349.238,320,32
dr_slavers,865,3.72015e+07,351.439,351.439,328,32
dr_slavers,866,3.90906e+07,351.439,349.196,328,32
dr_slavers,867,5.01919e+06,356.279,350.723,320,32
dr_slavers,868,9.43954e+07,351.823,349.338,323,32
dr_slavers,869,2.77733e+07,349.51,349.51,324,32
dr_slavers,870,8.22976e+07,357.066,354.581,327,32
dr_slavers,871,1.78838e+06,352.752,352.752,326,32
dr_slavers,872,1.00421e+08,357.853,355.368,334,32
dr_slavers,873,5.26947e+06,355.823,355.823,327,32
dr_slavers,874,9.91949e+07,353.539,353.539,333,32
dr_slavers,875,7.27737e+07,353.51,353.51,328,32
dr_slavers,876,3.06585e+07,354.581,354.581,327,32
dr_slavers,877,3.7535e+07,362.983,354.095,347,32
dr_slavers,878,4.13518e+07,355.154,355.154,340,32
dr_slavers,879,4.9134e+06,360.35,355.865,322,32
dr_slavers,880,6.97591e+06,360.338,358.681,334,32
dr_slavers,881,3.58487e+07,358.681,358.681,334,32
dr_slavers,882,1.05025e+07,362.421,357.936,322,32
dr_slavers,883,4.50364e+07,359.167,359.167,332,32
dr_slavers,884,8.66321e+06,358.238,358.238,329,32
dr_slavers,885,5.81101e+06,356.35,356.35,318,32
dr_slavers,886,6.73663e+07,358.681,358.681,334,32
dr_slavers,887,1.03606e+07,358.995,358.995,331,32
dr_slavers,888,6.829e+06,358.066,358.066,328,32
dr_slavers,889,7.66848e+06,358.693,357.865,322,32
dr_slavers,890,9.3425e+07,361.267,361.267,337,32
dr_slavers,891,6.58934e+06,364.522,362.865,327,32
dr_slavers,892,4.07753e+06,369.279,363.137,333,32
dr_slavers,893,7.18085e+06,365.35,361.451,327,32
dr_slavers,894,4.09265e+06,360.38,360.38,327,32
dr_slavers,895,4.08427e+07,362.368,362.368,341,32
dr_slavers,896,7.79492e+06,362.723,362.723,331,32
dr_slavers,897,1.87246e+07,361.811,361.811,345,32
dr_slavers,898,1.77079e+07,370.397,363.61,354,32
dr_slavers,899,5.26018e+06,372.865,362.238,337,32
dr_slavers,900,4.34313e+07,366.309,365.48,335,32
dr_slavers,901,8.26005e+07,366.024,366.024,343,32
dr_slavers,902,3.44388e+07,364.409,364.409,336,32
dr_slavers,903,2.7886e+07,366.652,366.652,337,32
dr_slavers,904,3.7281e+06,371.309,367.167,340,32
dr_slavers,905,4.46246e+06,367.894,367.894,337,32
dr_slavers,906,3.44177e+07,364.823,364.823,336,32
dr_slavers,907,1.51919e+07,366.61,366.61,344,32
dr_slavers,908,2.50868e+07,367.61,367.61,345,32
dr_slavers,909,8.35671e+06,373.392,367.007,328,32
dr_slavers,910,8.97308e+07,368.924,368.924,343,32
dr_slavers,911,6.92778e+06,370.037,370.037,335,32
dr_slavers,912,9.12008e+06,375.108,371.208,338,32
dr_slavers,913,9.13752e+07,369.853,369.853,346,32
dr_slavers,914,5.29146e+06,378.693,370.309,342,32
dr_slavers,915,3.22736e+07,371.167,371.167,344,32
dr_slavers,916,2.0477e+07,368.238,368.238,339,32
dr_slavers,917,9.96646e+06,370.723,369.066,339,32
dr_slavers,918,7.11116e+06,375.108,370.137,338,32
dr_slavers,919,4.94979e+06,370.794,370.794,337,32
dr_slavers,920,7.18912e+06,374.764,373.108,336,32
dr_slavers,921,7.26301e+06,375.894,375.894,345,32
dr_slavers,922,8.73075e+07,372.368,372.368,351,32
dr_slavers,923,2.74828e+07,380.208,373.137,346,32
dr_slavers,924,8.40064e+07,372.238,372.238,343,32
dr_slavers,925,1.04524e+07,379.421,373.037,339,32
dr_slavers,926,1.59768e+07,375.995,375.995,348,32
dr_slavers,927,6.7214e+06,373.865,373.865,338,32
dr_slavers,928,2.86347e+07,382.894,374.995,352,32
dr_slavers,929,3.33227e+07,373.238,373.238,344,32
dr_slavers,930,1.06491e+07,380.966,379.309,348,32
dr_slavers,931,2.79176e+07,388.581,378.196,361,32
dr_slavers,932,2.33005e+07,379.865,379.865,344,32
dr_slavers,933,9.36155e+06,384.149,376.35,340,32
dr_slavers,934,2.50418e+07,381.693,377.208,345,32
dr_slavers,935,4.17967e+06,385.078,379.522,343,32
dr_slavers,936,9.60298e+06,377.037,376.208,342,32
dr_slavers,937,8.9786e+06,382.836,377.279,342,32
dr_slavers,938,2.51718e+07,385.066,377.995,355,32
dr_slavers,939,3.51797e+07,385.723,378.652,354,32
dr_slavers,940,7.12065e+07,383.309,381.066,352,32
dr_slavers,941,8.68259e+07,380.095,380.095,355,32
dr_slavers,942,4.48267e+06,390.836,383.279,350,32
dr_slavers,943,8.61624e+06,383.693,380.622,347,32
dr_slavers,944,1.17363e+07,385.936,382.622,348,32
dr_slavers,945,2.50369e+07,390.38,382.48,357,32
dr_slavers,946,2.56998e+07,387.652,380.581,358,32
dr_slavers,947,2.42431e+07,399.823,382.51,371,32
dr_slavers,948,2.24865e+07,381.823,381.823,353,32
dr_slavers,949,1.40293e+07,382.522,382.522,345,32
