map,scenid,tcost,distance,expect,steps,r
ht_0_hightown_a3,0,2339.8,4.82843,4.82843,5,8
ht_0_hightown_a3,1,2979.6,7.82843,7.82843,8,8
ht_0_hightown_a3,2,1435.4,4.82843,4.82843,5,8
ht_0_hightown_a3,3,1820.8,7.07107,7.07107,6,8
ht_0_hightown_a3,4,1519.4,5.41421,5.41421,6,8
ht_0_hightown_a3,5,989.2,4.41421,4.41421,5,8
ht_0_hightown_a3,6,1793.6,7,7,8,8
ht_0_hightown_a3,7,1385.8,4.82843,4.82843,5,8
ht_0_hightown_a3,8,1777.6,7.41421,7.41421,8,8
ht_0_hightown_a3,9,1352.4,4.82843,4.82843,5,8
ht_0_hightown_a3,10,2334.4,11.8284,11.8284,12,8
ht_0_hightown_a3,11,2278.4,9.65685,9.65685,9,8
ht_0_hightown_a3,12,1650.2,9.41421,9.41421,10,8
ht_0_hightown_a3,13,2089,8.82843,8.82843,9,8
ht_0_hightown_a3,14,2923.8,11.4142,11.4142,12,8
ht_0_hightown_a3,15,1403.6,8.41421,8.41421,9,8
ht_0_hightown_a3,16,2934.2,10.8995,10.8995,9,8
ht_0_hightown_a3,17,2913.8,11.2426,11.2426,11,8
ht_0_hightown_a3,18,1749.2,8.48528,8.48528,7,8
ht_0_hightown_a3,19,2371,9.48528,9.48528,8,8
ht_0_hightown_a3,20,2958.2,14.0711,14.0711,13,8
ht_0_hightown_a3,21,2874.8,12.7279,12.7279,10,8
ht_0_hightown_a3,22,3537.2,13.0711,13.0711,12,8
ht_0_hightown_a3,23,2720.8,12.6569,12.6569,12,8
ht_0_hightown_a3,24,3459.8,14.3137,14.3137,12,8
ht_0_hightown_a3,25,3171.6,14.3137,14.3137,12,8
ht_0_hightown_a3,26,2186.8,13,13,14,8
ht_0_hightown_a3,27,3504.4,15.8995,15.8995,14,8
ht_0_hightown_a3,28,3430,14.8284,14.8284,15,8
ht_0_hightown_a3,29,2729.4,13.4853,13.4853,12,8
ht_0_hightown_a3,30,4085.2,19.1421,19.1421,16,8
ht_0_hightown_a3,31,4469.6,19.5563,19.5563,16,8
ht_0_hightown_a3,32,3695.6,17.0711,17.0711,16,8
ht_0_hightown_a3,33,3860.6,18.4142,18.4142,19,8
ht_0_hightown_a3,34,4555.6,18.5563,18.5563,15,8
ht_0_hightown_a3,35,3076.4,18.0711,18.0711,17,8
ht_0_hightown_a3,36,3409.4,16.7279,16.7279,14,8
ht_0_hightown_a3,37,3430.8,17.6569,17.6569,17,8
ht_0_hightown_a3,38,3777,17.4853,17.4853,16,8
ht_0_hightown_a3,39,3517.2,19.4853,19.4853,18,8
ht_0_hightown_a3,40,3702.6,21.0711,21.0711,20,8
ht_0_hightown_a3,41,4203.4,22.5563,22.5563,19,8
ht_0_hightown_a3,42,5378.6,23.2132,23.2132,18,8
ht_0_hightown_a3,43,5392.2,22.5563,22.5563,19,8
ht_0_hightown_a3,44,4006.8,20.8995,20.8995,19,8
ht_0_hightown_a3,45,4478.2,22.9706,22.9706,19,8
ht_0_hightown_a3,46,3486.8,20.9706,20.9706,17,8
ht_0_hightown_a3,47,4053.2,22.1421,22.1421,19,8
ht_0_hightown_a3,48,5063.2,22.4853,21.6569,21,8
ht_0_hightown_a3,49,4035.8,22.5563,22.5563,19,8
ht_0_hightown_a3,50,6209,26.3848,24.3848,22,8
ht_0_hightown_a3,51,5867.6,27.799,27.2132,23,8
ht_0_hightown_a3,52,3990.2,24.4853,24.4853,23,8
ht_0_hightown_a3,53,6524.8,27.9706,26.2132,24,8
ht_0_hightown_a3,54,4699.6,27.4142,27.4142,28,8
ht_0_hightown_a3,55,5629.8,29.0711,27.0711,28,8
ht_0_hightown_a3,56,6438.4,25.799,25.799,21,8
ht_0_hightown_a3,57,4329.4,25.1421,25.1421,22,8
ht_0_hightown_a3,58,3622.8,25,25,26,8
ht_0_hightown_a3,59,4262.8,27.2426,27.2426,27,8
ht_0_hightown_a3,60,4569.4,30.0711,30.0711,29,8
ht_0_hightown_a3,61,6136.6,28.2132,28.2132,23,8
ht_0_hightown_a3,62,5027.4,29.7279,29.7279,27,8
ht_0_hightown_a3,63,7497.6,31.8284,31.8284,32,8
ht_0_hightown_a3,64,5792.4,31.6569,30.8284,31,8
ht_0_hightown_a3,65,5771.4,30.2426,30.2426,30,8
ht_0_hightown_a3,66,5746,31.8995,31.8995,30,8
ht_0_hightown_a3,67,6592.8,30.7279,30.7279,28,8
ht_0_hightown_a3,68,6055.6,30.2426,30.2426,30,8
ht_0_hightown_a3,69,5666.8,29.3848,29.3848,25,8
ht_0_hightown_a3,70,5888.2,35.8284,35.8284,36,8
ht_0_hightown_a3,71,7024.2,34.7279,34.7279,32,8
ht_0_hightown_a3,72,6445,34.7279,34.7279,32,8
ht_0_hightown_a3,73,6724.8,35.3553,35.3553,26,8
ht_0_hightown_a3,74,5481.6,33.0711,33.0711,32,8
ht_0_hightown_a3,75,6607.8,35.3848,35.3848,31,8
ht_0_hightown_a3,76,7392.4,34.2132,34.2132,29,8
ht_0_hightown_a3,77,6574.2,33.2132,33.2132,28,8
ht_0_hightown_a3,78,6788.8,33.6569,33.6569,33,8
ht_0_hightown_a3,79,6531.4,35.7279,35.7279,33,8
ht_0_hightown_a3,80,8808.8,38.8284,38.8284,39,8
ht_0_hightown_a3,81,8214.4,39.6569,39.6569,39,8
ht_0_hightown_a3,82,7342.4,39.3848,38.5563,35,8
ht_0_hightown_a3,83,8104.6,37.9411,37.9411,29,8
ht_0_hightown_a3,84,8093,38.1421,38.1421,35,8
ht_0_hightown_a3,85,86456,42.8701,39.5563,36,8
ht_0_hightown_a3,86,8365.8,39.2132,38.3848,34,8
ht_0_hightown_a3,87,8879.8,38.1127,38.1127,30,8
ht_0_hightown_a3,88,8089.6,39.7696,39.7696,30,8
ht_0_hightown_a3,89,6297.4,38.4142,38.4142,39,8
ht_0_hightown_a3,90,8688.2,43.9411,43.9411,35,8
ht_0_hightown_a3,91,6973.2,41.4142,41.4142,42,8
ht_0_hightown_a3,92,118667,41.2132,40.3848,36,8
ht_0_hightown_a3,93,9833.4,42.0122,42.0122,31,8
ht_0_hightown_a3,94,16753.6,42.7279,42.1421,40,8
ht_0_hightown_a3,95,9646.8,43.4558,43.4558,37,8
ht_0_hightown_a3,96,8306.4,46.4558,43.3848,40,8
ht_0_hightown_a3,97,8604.6,43.4558,42.6274,37,8
ht_0_hightown_a3,98,7034.2,43.0711,42.2426,42,8
ht_0_hightown_a3,99,7688.6,44.6985,41.6274,37,8
ht_0_hightown_a3,100,7710,46.0711,46.0711,45,8
ht_0_hightown_a3,101,10152.8,51.7279,47.2426,49,8
ht_0_hightown_a3,102,12212.4,47.9706,47.9706,44,8
ht_0_hightown_a3,103,9619.2,46.2843,46.2843,39,8
ht_0_hightown_a3,104,8782.6,47.6274,46.799,42,8
ht_0_hightown_a3,105,9885.2,46.0711,46.0711,45,8
ht_0_hightown_a3,106,11108,50.3848,45.5563,46,8
ht_0_hightown_a3,107,8864.2,44.6569,44.6569,44,8
ht_0_hightown_a3,108,9797,47.9411,47.1127,39,8
ht_0_hightown_a3,109,10595.6,46.1127,46.1127,38,8
ht_0_hightown_a3,110,9427.2,50.799,50.799,46,8
ht_0_hightown_a3,111,11485.8,50.4264,50.4264,39,8
ht_0_hightown_a3,112,9924.8,48.598,48.0122,38,8
ht_0_hightown_a3,113,10326.4,49.4853,49.4853,48,8
ht_0_hightown_a3,114,9097.6,49.6274,49.6274,44,8
ht_0_hightown_a3,115,44360.8,48.4853,48.4853,47,8
ht_0_hightown_a3,116,11292.8,50.3137,50.3137,48,8
ht_0_hightown_a3,117,11668.2,50.8284,50.8284,51,8
ht_0_hightown_a3,118,167977,49.2132,49.2132,44,8
ht_0_hightown_a3,119,12597.6,50.0833,50.0833,37,8
ht_0_hightown_a3,120,11498.6,54.8701,53.2132,48,8
ht_0_hightown_a3,121,12737.6,54.6985,54.6985,47,8
ht_0_hightown_a3,122,10414.4,54.3137,54.3137,52,8
ht_0_hightown_a3,123,132770,53.3137,53.3137,51,8
ht_0_hightown_a3,124,17564,53.8995,53.8995,52,8
ht_0_hightown_a3,125,17656.2,57.4558,55.799,51,8
ht_0_hightown_a3,126,145205,53.7279,53.7279,51,8
ht_0_hightown_a3,127,14640.6,53.2132,53.2132,48,8
ht_0_hightown_a3,128,12626.6,56.2548,55.4264,44,8
ht_0_hightown_a3,129,9995.2,53.6569,53.6569,53,8
ht_0_hightown_a3,130,13389,56.6985,56.6985,49,8
ht_0_hightown_a3,131,12257,58.6274,58.6274,53,8
ht_0_hightown_a3,132,12263.6,56.9411,56.9411,48,8
ht_0_hightown_a3,133,10811,60.3137,58.0711,58,8
ht_0_hightown_a3,134,403710,59.2548,59.2548,47,8
ht_0_hightown_a3,135,15603.8,58.2426,58.2426,58,8
ht_0_hightown_a3,136,15259.8,56.6274,56.0416,51,8
ht_0_hightown_a3,137,12271,59.5563,59.5563,56,8
ht_0_hightown_a3,138,285342,59.6274,59.6274,54,8
ht_0_hightown_a3,139,39911.2,61.1127,58.1838,53,8
ht_0_hightown_a3,140,14942.2,66.2843,63.4558,59,8
ht_0_hightown_a3,141,17664.8,67.6985,63.598,60,8
ht_0_hightown_a3,142,307024,62.2132,62.2132,57,8
ht_0_hightown_a3,143,15664.4,62.1421,62.1421,59,8
ht_0_hightown_a3,144,16682.8,60.2426,60.2426,60,8
ht_0_hightown_a3,145,104224,62.0416,62.0416,56,8
ht_0_hightown_a3,146,15110.2,63.7696,62.598,54,8
ht_0_hightown_a3,147,249989,60.799,60.799,56,8
ht_0_hightown_a3,148,13906,61.4558,61.4558,55,8
ht_0_hightown_a3,149,14014,60.4264,60.4264,49,8
ht_0_hightown_a3,150,119997,67.4558,67.4558,61,8
ht_0_hightown_a3,151,12983.4,65.0711,65.0711,64,8
ht_0_hightown_a3,152,16320,66.9117,66.9117,53,8
ht_0_hightown_a3,153,16392.6,65.0416,64.2132,59,8
ht_0_hightown_a3,154,16859.6,64.9706,64.9706,61,8
ht_0_hightown_a3,155,323700,67.4558,67.4558,61,8
ht_0_hightown_a3,156,15563.4,64.9411,64.9411,56,8
ht_0_hightown_a3,157,14859.6,66.1127,66.1127,58,8
ht_0_hightown_a3,158,538266,66.1127,66.1127,58,8
ht_0_hightown_a3,159,250206,67.4853,67.4853,66,8
ht_0_hightown_a3,160,219013,73.2843,68.799,66,8
ht_0_hightown_a3,161,16377.8,68.8284,68.8284,69,8
ht_0_hightown_a3,162,17070,68.1421,68.1421,65,8
ht_0_hightown_a3,163,260780,70.7279,70.7279,68,8
ht_0_hightown_a3,164,15754.6,70.8701,70.0416,64,8
ht_0_hightown_a3,165,15077.8,70.4264,70.4264,59,8
ht_0_hightown_a3,166,13667.6,72.1838,71.3553,62,8
ht_0_hightown_a3,167,17515.8,69.4853,68.3137,68,8
ht_0_hightown_a3,168,16161.2,71.2548,71.2548,59,8
ht_0_hightown_a3,169,16158.2,74.8701,69.0122,68,8
ht_0_hightown_a3,170,15225.2,75.3137,73.3137,73,8
ht_0_hightown_a3,171,16024.8,72.2254,72.2254,55,8
ht_0_hightown_a3,172,17714.4,73.3553,72.5269,64,8
ht_0_hightown_a3,173,16002.4,73.598,73.598,63,8
ht_0_hightown_a3,174,408226,75.5563,75.5563,72,8
ht_0_hightown_a3,175,19732.4,75.8284,75.8284,76,8
ht_0_hightown_a3,176,344027,74.2132,74.2132,69,8
ht_0_hightown_a3,177,17722.8,74.6274,74.6274,69,8
ht_0_hightown_a3,178,537143,73.0711,73.0711,72,8
ht_0_hightown_a3,179,511165,81.0122,73.5563,70,8
ht_0_hightown_a3,180,17633.4,78.4975,78.4975,65,8
ht_0_hightown_a3,181,514434,79.4558,79.4558,73,8
ht_0_hightown_a3,182,44488.2,81.9117,77.669,68,8
ht_0_hightown_a3,183,133257,76.6985,76.6985,69,8
ht_0_hightown_a3,184,295585,83.3259,79.1838,69,8
ht_0_hightown_a3,185,224245,78.4975,78.4975,65,8
ht_0_hightown_a3,186,17537.4,79.4975,77.2548,66,8
ht_0_hightown_a3,187,18950.2,79.1543,79.1543,64,8
ht_0_hightown_a3,188,17470.8,76.9411,76.1127,68,8
ht_0_hightown_a3,189,18649,79.1127,79.1127,71,8
ht_0_hightown_a3,190,48282.8,84.6274,81.2132,79,8
ht_0_hightown_a3,191,803684,82.1127,82.1127,74,8
ht_0_hightown_a3,192,17052.8,81.0711,81.0711,80,8
ht_0_hightown_a3,193,225340,81.4558,81.4558,75,8
ht_0_hightown_a3,194,549255,83.669,83.669,71,8
ht_0_hightown_a3,195,135430,81.8701,81.8701,75,8
ht_0_hightown_a3,196,20936.4,83.4558,81.2132,77,8
ht_0_hightown_a3,197,18594.6,80.2132,80.2132,75,8
ht_0_hightown_a3,198,16613.8,83.1421,82.3137,80,8
ht_0_hightown_a3,199,469399,82.4558,82.4558,76,8
ht_0_hightown_a3,200,80686.8,92.0122,85.0416,81,8
ht_0_hightown_a3,201,478365,92.4975,84.9411,79,8
ht_0_hightown_a3,202,199285,87.8701,87.8701,81,8
ht_0_hightown_a3,203,21822.8,85.5269,85.5269,77,8
ht_0_hightown_a3,204,311935,87.4975,87.4975,74,8
ht_0_hightown_a3,205,22581.6,85.2843,85.2843,78,8
ht_0_hightown_a3,206,487038,84.5269,84.5269,76,8
ht_0_hightown_a3,207,28138,88.6396,87.8112,71,8
ht_0_hightown_a3,208,93066,88.0416,87.4558,82,8
ht_0_hightown_a3,209,20367.4,87.6985,87.6985,80,8
ht_0_hightown_a3,210,28302,89.1543,89.1543,74,8
ht_0_hightown_a3,211,98372.8,98.9117,91.4558,85,8
ht_0_hightown_a3,212,224493,96.0122,91.0416,85,8
ht_0_hightown_a3,213,24593.2,89.8701,89.8701,83,8
ht_0_hightown_a3,214,410083,89.5269,89.5269,81,8
ht_0_hightown_a3,215,228369,89.3137,89.3137,87,8
ht_0_hightown_a3,216,299893,89.8112,89.8112,73,8
ht_0_hightown_a3,217,110885,90.5269,90.5269,82,8
ht_0_hightown_a3,218,511298,95.5269,91.3848,87,8
ht_0_hightown_a3,219,26008.4,92.9411,90.6985,84,8
ht_0_hightown_a3,220,28957.4,95.1421,95.1421,92,8
ht_0_hightown_a3,221,153031,96.2548,95.4264,84,8
ht_0_hightown_a3,222,195507,95.0122,95.0122,84,8
ht_0_hightown_a3,223,252246,94.8284,94.8284,95,8
ht_0_hightown_a3,224,21498.6,93.7696,92.9411,84,8
ht_0_hightown_a3,225,68699,102.083,94.5269,89,8
ht_0_hightown_a3,226,513064,93.0122,93.0122,82,8
ht_0_hightown_a3,227,26590,92.3848,92.3848,88,8
ht_0_hightown_a3,228,137958,95.8822,94.2254,77,8
ht_0_hightown_a3,229,20671.8,94.0122,93.1838,83,8
ht_0_hightown_a3,230,228341,99.1127,99.1127,91,8
ht_0_hightown_a3,231,559960,99.7696,99.7696,90,8
ht_0_hightown_a3,232,29810.4,98.1838,98.1838,88,8
ht_0_hightown_a3,233,1.08244e+06,99.5563,98.7279,96,8
ht_0_hightown_a3,234,27259.4,101.971,99.7279,98,8
ht_0_hightown_a3,235,879154,105.77,99.9706,96,8
ht_0_hightown_a3,236,117483,97.1838,97.1838,87,8
ht_0_hightown_a3,237,541688,97.0833,97.0833,84,8
ht_0_hightown_a3,238,374207,102.669,96.8701,90,8
ht_0_hightown_a3,239,245407,98.9411,98.9411,90,8
ht_0_hightown_a3,240,193607,107.255,102.527,95,8
ht_0_hightown_a3,241,752180,100.184,100.184,90,8
ht_0_hightown_a3,242,566774,101.841,101.841,90,8
ht_0_hightown_a3,243,689656,101.74,101.74,87,8
ht_0_hightown_a3,244,32834.6,103.971,103.971,100,8
ht_0_hightown_a3,245,731698,105.912,100.113,92,8
ht_0_hightown_a3,246,24696.8,103.154,102.326,88,8
ht_0_hightown_a3,247,32101.8,105.426,101.527,94,8
ht_0_hightown_a3,248,399429,100.811,100.811,84,8
ht_0_hightown_a3,249,27451.4,106.042,102.385,100,8
ht_0_hightown_a3,250,452146,106.368,106.368,85,8
ht_0_hightown_a3,251,29428,109.213,106.385,104,8
ht_0_hightown_a3,252,29021.6,109.225,105.326,92,8
ht_0_hightown_a3,253,170761,106.598,106.598,96,8
ht_0_hightown_a3,254,862480,105.326,105.326,91,8
ht_0_hightown_a3,255,57166.8,112.184,107.698,102,8
ht_0_hightown_a3,256,278032,104.243,104.243,104,8
ht_0_hightown_a3,257,31190.8,110.113,107.284,102,8
ht_0_hightown_a3,258,687395,106.983,106.983,91,8
ht_0_hightown_a3,259,29579,107.74,107.74,93,8
ht_0_hightown_a3,260,107889,110.024,110.024,87,8
ht_0_hightown_a3,261,35278,109.681,109.681,85,8
ht_0_hightown_a3,262,189148,108.74,108.74,94,8
ht_0_hightown_a3,263,200257,108.255,108.255,96,8
ht_0_hightown_a3,264,5.50108e+06,110.456,110.456,104,8
ht_0_hightown_a3,265,32640,109.225,108.054,92,8
ht_0_hightown_a3,266,823534,109.598,108.77,99,8
ht_0_hightown_a3,267,92408.2,116.326,108.77,102,8
ht_0_hightown_a3,268,1.8739e+06,108.284,108.284,101,8
ht_0_hightown_a3,269,996349,109.296,109.296,90,8
ht_0_hightown_a3,270,236348,113.87,113.87,107,8
ht_0_hightown_a3,271,133887,115.669,113.184,103,8
ht_0_hightown_a3,272,33331.2,117.924,115.681,92,8
ht_0_hightown_a3,273,555000,114.243,114.243,114,8
ht_0_hightown_a3,274,707439,115.698,115.698,108,8
ht_0_hightown_a3,275,660219,115.426,115.426,104,8
ht_0_hightown_a3,276,1.70319e+06,113.385,113.385,109,8
ht_0_hightown_a3,277,211321,115.284,115.284,108,8
ht_0_hightown_a3,278,2.03555e+06,113.326,113.326,99,8
ht_0_hightown_a3,279,573115,121.782,114.326,100,8
ht_0_hightown_a3,280,34888,119.882,116.811,101,8
ht_0_hightown_a3,281,521186,119.368,119.368,98,8
ht_0_hightown_a3,282,51191.6,119.983,119.154,104,8
ht_0_hightown_a3,283,693516,118.539,118.539,98,8
ht_0_hightown_a3,284,1.13484e+06,116.368,116.368,95,8
ht_0_hightown_a3,285,1.56955e+06,117.113,117.113,109,8
ht_0_hightown_a3,286,694594,120.196,118.196,98,8
ht_0_hightown_a3,287,41068.4,118.657,118.657,118,8
ht_0_hightown_a3,288,1.61359e+06,117.326,117.326,103,8
ht_0_hightown_a3,289,1.5345e+06,118.284,118.284,111,8
ht_0_hightown_a3,290,591080,124.811,120.912,108,8
ht_0_hightown_a3,291,665527,121.497,121.497,108,8
ht_0_hightown_a3,292,44499,127.698,121.556,120,8
ht_0_hightown_a3,293,598593,121.426,121.426,110,8
ht_0_hightown_a3,294,2.98987e+06,123.497,123.497,110,8
ht_0_hightown_a3,295,1.48448e+06,120.539,120.539,100,8
ht_0_hightown_a3,296,1.22671e+06,121.426,121.426,110,8
ht_0_hightown_a3,297,2.87752e+06,123.941,123.941,115,8
ht_0_hightown_a3,298,629103,129.782,122.326,108,8
ht_0_hightown_a3,299,177418,129.054,121.255,111,8
ht_0_hightown_a3,300,783924,125.385,125.385,121,8
ht_0_hightown_a3,301,216880,127.971,127.971,124,8
ht_0_hightown_a3,302,519614,125.912,125.912,112,8
ht_0_hightown_a3,303,174991,133.853,126.397,110,8
ht_0_hightown_a3,304,305799,125.426,125.426,114,8
ht_0_hightown_a3,305,192530,133.569,126.113,118,8
ht_0_hightown_a3,306,133888,134.811,127.355,118,8
ht_0_hightown_a3,307,603365,124.225,124.225,107,8
ht_0_hightown_a3,308,543646,126.811,126.811,110,8
ht_0_hightown_a3,309,540905,127.355,127.355,118,8
ht_0_hightown_a3,310,52533.8,139.456,131.899,133,8
ht_0_hightown_a3,311,120875,133.882,129.74,115,8
ht_0_hightown_a3,312,1.34921e+06,128.912,128.912,115,8
ht_0_hightown_a3,313,444594,128.711,128.711,109,8
ht_0_hightown_a3,314,2.49018e+06,129.87,129.87,123,8
ht_0_hightown_a3,315,43580,134.77,130.284,125,8
ht_0_hightown_a3,316,3.01401e+06,129.983,129.983,114,8
ht_0_hightown_a3,317,971410,128.527,128.527,120,8
ht_0_hightown_a3,318,1.07321e+06,131.87,131.87,125,8
ht_0_hightown_a3,319,716501,130.468,130.468,112,8
ht_0_hightown_a3,320,627624,133.196,133.196,111,8
ht_0_hightown_a3,321,1.14056e+06,132.385,132.385,128,8
ht_0_hightown_a3,322,1.82434e+06,135.024,135.024,112,8
ht_0_hightown_a3,323,590391,135.882,135.882,117,8
ht_0_hightown_a3,324,382821,135.87,135.87,129,8
ht_0_hightown_a3,325,48598.6,137.811,133.326,121,8
ht_0_hightown_a3,326,39012.8,140.894,135.238,110,8
ht_0_hightown_a3,327,1.62606e+06,132.012,132.012,121,8
ht_0_hightown_a3,328,205553,137.397,134.569,121,8
ht_0_hightown_a3,329,647429,132.74,132.74,118,8
ht_0_hightown_a3,330,607079,139.782,139.782,118,8
ht_0_hightown_a3,331,125016,136.912,136.912,123,8
ht_0_hightown_a3,332,4.42558e+06,139.61,139.61,117,8
ht_0_hightown_a3,333,1.42707e+06,141.77,139.284,132,8
ht_0_hightown_a3,334,103195,139.385,139.385,135,8
ht_0_hightown_a3,335,970283,139.255,136.77,127,8
ht_0_hightown_a3,336,780074,136.74,136.74,122,8
ht_0_hightown_a3,337,43566.2,137.539,136.953,117,8
ht_0_hightown_a3,338,1.42914e+06,137.497,137.497,124,8
ht_0_hightown_a3,339,892184,139.569,139.569,124,8
ht_0_hightown_a3,340,1.48476e+06,140.255,140.255,128,8
ht_0_hightown_a3,341,750514,142.669,142.669,130,8
ht_0_hightown_a3,342,6.12162e+06,141.426,141.426,130,8
ht_0_hightown_a3,343,543764,142.539,142.539,122,8
ht_0_hightown_a3,344,2.17153e+06,141.669,141.669,129,8
ht_0_hightown_a3,345,2.49689e+06,143.012,143.012,132,8
ht_0_hightown_a3,346,1.36341e+06,141.598,141.598,131,8
ht_0_hightown_a3,347,395925,145.468,142.154,127,8
ht_0_hightown_a3,348,43415,144.456,143.627,138,8
ht_0_hightown_a3,349,282638,141.255,141.255,129,8
ht_0_hightown_a3,350,1.24992e+06,147.569,147.569,132,8
ht_0_hightown_a3,351,745271,152.196,144.74,130,8
ht_0_hightown_a3,352,1.49285e+06,152.326,147.841,138,8
ht_0_hightown_a3,353,165124,153.539,145.74,133,8
ht_0_hightown_a3,354,1.67676e+06,145.841,145.841,134,8
ht_0_hightown_a3,355,787583,145.698,145.698,138,8
ht_0_hightown_a3,356,402418,146.497,146.497,133,8
ht_0_hightown_a3,357,2.88607e+06,147.912,147.912,134,8
ht_0_hightown_a3,358,547137,146.284,146.284,139,8
ht_0_hightown_a3,359,318763,144.882,144.882,126,8
ht_0_hightown_a3,360,427370,150.154,150.154,135,8
ht_0_hightown_a3,361,3.84034e+06,153.255,149.113,141,8
ht_0_hightown_a3,362,1.641e+06,150.841,150.841,139,8
ht_0_hightown_a3,363,587490,148.326,148.326,134,8
ht_0_hightown_a3,364,750895,149.012,149.012,138,8
ht_0_hightown_a3,365,614971,152.652,148.51,123,8
ht_0_hightown_a3,366,747442,148.912,148.912,135,8
ht_0_hightown_a3,367,50016,149.782,149.782,128,8
ht_0_hightown_a3,368,1.08933e+06,150.284,150.284,143,8
ht_0_hightown_a3,369,1.45769e+06,150.083,150.083,137,8
ht_0_hightown_a3,370,3.86909e+06,152.912,152.912,139,8
ht_0_hightown_a3,371,2.00708e+06,157.054,152.912,139,8
ht_0_hightown_a3,372,2.41425e+06,160.054,152.255,142,8
ht_0_hightown_a3,373,1.91247e+06,153.569,152.74,138,8
ht_0_hightown_a3,374,1.99026e+06,154.539,154.539,134,8
ht_0_hightown_a3,375,563299,153.296,152.468,134,8
ht_0_hightown_a3,376,332361,153.397,153.397,137,8
ht_0_hightown_a3,377,1.48029e+06,153.184,152.355,143,8
ht_0_hightown_a3,378,421613,153.426,153.426,142,8
ht_0_hightown_a3,379,48513.8,158.652,154.167,129,8
ht_0_hightown_a3,380,46306.6,157.77,157.77,148,8
ht_0_hightown_a3,381,5.39479e+06,157.397,157.397,141,8
ht_0_hightown_a3,382,939029,156.113,156.113,148,8
ht_0_hightown_a3,383,5.03762e+06,157.64,157.64,140,8
ht_0_hightown_a3,384,2.05362e+06,159.77,159.77,150,8
ht_0_hightown_a3,385,52684.6,156.598,156.598,146,8
ht_0_hightown_a3,386,2.74909e+06,159.225,159.225,142,8
ht_0_hightown_a3,387,2.81651e+06,156.811,156.811,140,8
ht_0_hightown_a3,388,993401,156.225,156.225,139,8
ht_0_hightown_a3,389,54695.8,157.669,157.669,145,8
ht_0_hightown_a3,390,44994.8,161.899,161.899,160,8
ht_0_hightown_a3,391,648322,160.012,160.012,149,8
ht_0_hightown_a3,392,3.91788e+06,162.941,162.941,154,8
ht_0_hightown_a3,393,3.33371e+06,163.338,163.338,137,8
ht_0_hightown_a3,394,4.35249e+06,161.841,161.841,150,8
ht_0_hightown_a3,395,3.28378e+06,162.196,160.539,140,8
ht_0_hightown_a3,396,437188,166.38,162.723,133,8
ht_0_hightown_a3,397,1.11876e+06,161.569,161.569,146,8
ht_0_hightown_a3,398,189246,163.012,163.012,152,8
ht_0_hightown_a3,399,44950.8,160.899,160.899,159,8
ht_0_hightown_a3,400,534035,165.125,165.125,145,8
ht_0_hightown_a3,401,1.2027e+06,167.326,167.326,153,8
ht_0_hightown_a3,402,7.75284e+06,165.184,165.184,155,8
ht_0_hightown_a3,403,459836,165.238,165.238,136,8
ht_0_hightown_a3,404,614083,164.397,164.397,148,8
ht_0_hightown_a3,405,939843,164.355,164.355,155,8
ht_0_hightown_a3,406,131334,165.426,165.426,154,8
ht_0_hightown_a3,407,2.20586e+06,164.527,164.527,156,8
ht_0_hightown_a3,408,3.40951e+06,167.966,167.966,135,8
ht_0_hightown_a3,409,1.00401e+06,172.711,167.397,153,8
ht_0_hightown_a3,410,4.76564e+06,169.024,168.64,146,8
ht_0_hightown_a3,411,1.80724e+06,170.154,170.154,155,8
ht_0_hightown_a3,412,1.96638e+06,171.154,171.154,156,8
ht_0_hightown_a3,413,2.68075e+06,170.409,170.409,142,8
ht_0_hightown_a3,414,1.48227e+06,171.338,168.853,145,8
ht_0_hightown_a3,415,512176,169.61,169.61,147,8
ht_0_hightown_a3,416,5.60591e+06,170.255,169.426,158,8
ht_0_hightown_a3,417,5.02603e+06,169.74,168.083,155,8
ht_0_hightown_a3,418,1.75967e+06,171.527,171.527,163,8
ht_0_hightown_a3,419,3.45978e+06,173.154,170.669,158,8
ht_0_hightown_a3,420,1.57748e+06,174.426,174.426,163,8
ht_0_hightown_a3,421,99981.4,179.137,172.167,147,8
ht_0_hightown_a3,422,5.81491e+06,175.853,175.853,152,8
ht_0_hightown_a3,423,805467,174.539,173.368,154,8
ht_0_hightown_a3,424,2.07022e+06,174.284,174.284,167,8
ht_0_hightown_a3,425,1.74646e+06,175.368,175.368,154,8
ht_0_hightown_a3,426,5.29578e+06,172.61,172.61,150,8
ht_0_hightown_a3,427,3.29514e+06,172.196,172.196,150,8
ht_0_hightown_a3,428,7.14957e+06,173.64,173.64,156,8
ht_0_hightown_a3,429,4.95671e+06,172.841,172.841,161,8
ht_0_hightown_a3,430,3.40501e+06,176.355,176.355,167,8
ht_0_hightown_a3,431,1.1867e+06,177.012,177.012,166,8
ht_0_hightown_a3,432,801899,176.64,176.64,159,8
ht_0_hightown_a3,433,451541,176.054,176.054,158,8
ht_0_hightown_a3,434,215209,186.468,178.811,168,8
ht_0_hightown_a3,435,3.99883e+06,178.338,178.338,152,8
ht_0_hightown_a3,436,189480,183.255,179.598,171,8
ht_0_hightown_a3,437,2.09037e+06,177.497,177.497,164,8
ht_0_hightown_a3,438,1.63472e+06,179.74,179.74,165,8
ht_0_hightown_a3,439,339706,177.468,177.468,159,8
ht_0_hightown_a3,440,5.22609e+06,182.012,182.012,171,8
ht_0_hightown_a3,441,741560,187.024,183.125,164,8
ht_0_hightown_a3,442,1.68095e+06,183.627,183.627,178,8
ht_0_hightown_a3,443,1.33772e+06,180.669,180.669,168,8
ht_0_hightown_a3,444,2.47858e+06,181.953,181.953,161,8
ht_0_hightown_a3,445,3.27685e+06,180.853,180.853,157,8
ht_0_hightown_a3,446,59341.4,190.456,182.899,184,8
ht_0_hightown_a3,447,1.3883e+06,180.497,180.497,167,8
ht_0_hightown_a3,448,5.15898e+06,182.799,182.799,178,8
ht_0_hightown_a3,449,145776,187.037,180.551,152,8
ht_0_hightown_a3,450,457283,184.539,184.539,164,8
ht_0_hightown_a3,451,4.47719e+06,185.024,185.024,162,8
ht_0_hightown_a3,452,61589,187.142,185.142,184,8
ht_0_hightown_a3,453,3.1634e+06,185.326,185.326,171,8
ht_0_hightown_a3,454,672308,187.167,187.167,160,8
ht_0_hightown_a3,455,1.12217e+06,186.74,186.74,172,8
ht_0_hightown_a3,456,4.35662e+06,186.426,186.426,175,8
ht_0_hightown_a3,457,1.75444e+06,186.912,186.912,173,8
ht_0_hightown_a3,458,8.21824e+06,186.054,186.054,168,8
ht_0_hightown_a3,459,2.02404e+06,187.409,187.409,159,8
ht_0_hightown_a3,460,788227,190.527,190.527,182,8
ht_0_hightown_a3,461,1.34574e+06,190.581,190.581,163,8
ht_0_hightown_a3,462,4.84614e+06,192.083,191.497,179,8
ht_0_hightown_a3,463,4.34074e+06,192.711,190.225,173,8
ht_0_hightown_a3,464,1.0065e+06,189.083,189.083,176,8
ht_0_hightown_a3,465,71549.2,196.225,190.912,179,8
ht_0_hightown_a3,466,3.61195e+06,190.497,190.497,177,8
ht_0_hightown_a3,467,2.39623e+06,191.024,191.024,168,8
ht_0_hightown_a3,468,1.82444e+06,191.012,191.012,180,8
ht_0_hightown_a3,469,352918,188.095,188.095,163,8
ht_0_hightown_a3,470,3.46039e+06,192.64,192.64,175,8
ht_0_hightown_a3,471,1.85002e+06,192.581,192.581,165,8
ht_0_hightown_a3,472,73483,192.456,192.456,186,8
ht_0_hightown_a3,473,919919,192.397,192.397,176,8
ht_0_hightown_a3,474,1.29294e+06,192.326,192.326,178,8
ht_0_hightown_a3,475,5.01991e+06,194.652,194.652,165,8
ht_0_hightown_a3,476,2.36026e+06,194.811,194.811,178,8
ht_0_hightown_a3,477,262772,192.627,192.627,187,8
ht_0_hightown_a3,478,1.9791e+06,193.569,193.569,178,8
ht_0_hightown_a3,479,2.90805e+06,193.024,193.024,170,8
ht_0_hightown_a3,480,1.73365e+06,198.669,198.669,186,8
ht_0_hightown_a3,481,2.24446e+06,196.154,196.154,181,8
ht_0_hightown_a3,482,4.15281e+06,198.652,198.652,169,8
ht_0_hightown_a3,483,3.94605e+06,196.669,196.669,184,8
ht_0_hightown_a3,484,1.47022e+06,197.267,197.267,173,8
ht_0_hightown_a3,485,781520,199.853,199.853,176,8
ht_0_hightown_a3,486,2.40297e+06,196.953,196.953,176,8
ht_0_hightown_a3,487,1.29461e+06,204.137,199.652,172,8
ht_0_hightown_a3,488,1.29401e+06,197.338,197.338,171,8
ht_0_hightown_a3,489,948973,199.468,199.468,181,8
ht_0_hightown_a3,490,1.8215e+06,203.698,203.698,196,8
ht_0_hightown_a3,491,2.56316e+06,200.368,200.368,179,8
ht_0_hightown_a3,492,1.02555e+06,202.539,202.539,182,8
ht_0_hightown_a3,493,6.7846e+06,203.681,203.681,179,8
ht_0_hightown_a3,494,5.11215e+06,202.296,202.296,183,8
ht_0_hightown_a3,495,87195.8,208.184,203.941,198,8
ht_0_hightown_a3,496,1.59711e+06,203.983,203.983,188,8
ht_0_hightown_a3,497,1.25743e+06,203.397,203.397,187,8
ht_0_hightown_a3,498,1.40244e+06,200.054,200.054,182,8
ht_0_hightown_a3,499,1.66854e+06,202.083,202.083,189,8
ht_0_hightown_a3,500,498925,205.196,205.196,183,8
ht_0_hightown_a3,501,479529,206.497,206.497,193,8
ht_0_hightown_a3,502,921387,204.953,204.953,184,8
ht_0_hightown_a3,503,5.17674e+06,204.426,204.426,193,8
ht_0_hightown_a3,504,1.58456e+06,207.64,207.64,190,8
ht_0_hightown_a3,505,1.43898e+06,207.64,207.64,190,8
ht_0_hightown_a3,506,310263,206.397,206.397,190,8
ht_0_hightown_a3,507,1.10004e+06,206.912,206.912,193,8
ht_0_hightown_a3,508,1.38239e+06,206.184,206.184,196,8
ht_0_hightown_a3,509,1.27511e+06,205.693,205.693,169,8
ht_0_hightown_a3,510,4.35116e+06,211.225,211.225,194,8
ht_0_hightown_a3,511,1.20732e+06,210.225,210.225,193,8
ht_0_hightown_a3,512,890241,208.782,208.782,187,8
ht_0_hightown_a3,513,441613,210.497,210.497,197,8
ht_0_hightown_a3,514,1.13823e+06,210.711,210.711,191,8
ht_0_hightown_a3,515,763875,210.012,210.012,199,8
ht_0_hightown_a3,516,620247,208.296,208.296,189,8
ht_0_hightown_a3,517,7.98852e+06,210.752,210.752,184,8
ht_0_hightown_a3,518,1.19188e+06,208.225,208.225,191,8
ht_0_hightown_a3,519,1.22295e+06,211.61,211.61,189,8
ht_0_hightown_a3,520,595788,212.024,212.024,189,8
ht_0_hightown_a3,521,2.77208e+06,213.912,213.912,200,8
ht_0_hightown_a3,522,186032,218.113,215.284,210,8
ht_0_hightown_a3,523,3.19354e+06,212.752,212.752,186,8
ht_0_hightown_a3,524,1.09912e+06,215.468,215.468,197,8
ht_0_hightown_a3,525,2.1506e+06,214.066,214.066,184,8
ht_0_hightown_a3,526,555001,214.108,214.108,177,8
ht_0_hightown_a3,527,1.75645e+06,214.598,214.598,204,8
ht_0_hightown_a3,528,2.13323e+06,213.966,213.966,181,8
ht_0_hightown_a3,529,805035,214.238,214.238,185,8
ht_0_hightown_a3,530,1.00376e+06,217.752,217.752,191,8
ht_0_hightown_a3,531,8.01533e+06,219.355,219.355,210,8
ht_0_hightown_a3,532,2.23426e+06,217.154,217.154,202,8
ht_0_hightown_a3,533,1.58761e+06,216.74,216.74,202,8
ht_0_hightown_a3,534,6.31632e+06,216.912,216.912,203,8
ht_0_hightown_a3,535,5.00962e+06,218.711,218.711,199,8
ht_0_hightown_a3,536,4.22316e+06,216.284,216.284,209,8
ht_0_hightown_a3,537,1.23594e+06,221.196,219.196,199,8
ht_0_hightown_a3,538,1.06062e+07,216.368,216.368,195,8
ht_0_hightown_a3,539,1.88448e+06,216.894,216.894,186,8
ht_0_hightown_a3,540,2.24593e+06,221.267,221.267,197,8
ht_0_hightown_a3,541,522795,222.64,221.811,205,8
ht_0_hightown_a3,542,1.4834e+06,221.953,221.953,201,8
ht_0_hightown_a3,543,6.34289e+06,221.77,221.77,212,8
ht_0_hightown_a3,544,976851,222.426,222.426,211,8
ht_0_hightown_a3,545,1.59084e+06,220.598,220.598,210,8
ht_0_hightown_a3,546,4.33613e+06,220.368,220.368,199,8
ht_0_hightown_a3,547,6.07163e+06,222.983,222.983,207,8
ht_0_hightown_a3,548,1.33241e+06,221.652,221.652,192,8
ht_0_hightown_a3,549,3.2407e+06,222.326,222.326,208,8
ht_0_hightown_a3,550,98218.4,227.113,225.113,219,8
ht_0_hightown_a3,551,2.5375e+06,227.368,227.368,206,8
ht_0_hightown_a3,552,2.58233e+06,224.569,224.569,209,8
ht_0_hightown_a3,553,1.72448e+06,225.924,225.924,200,8
ht_0_hightown_a3,554,707166,225.338,225.338,199,8
ht_0_hightown_a3,555,1.96572e+06,226.497,226.497,213,8
ht_0_hightown_a3,556,1.03212e+06,226.054,226.054,208,8
ht_0_hightown_a3,557,4.02635e+06,225.309,225.309,194,8
ht_0_hightown_a3,558,1.76312e+06,224.326,224.326,210,8
ht_0_hightown_a3,559,867454,226.61,226.61,204,8
ht_0_hightown_a3,560,2.60001e+06,228.338,228.338,202,8
ht_0_hightown_a3,561,9.08686e+06,229.581,229.581,202,8
ht_0_hightown_a3,562,2.28046e+06,231.64,231.64,214,8
ht_0_hightown_a3,563,6.58438e+06,228.64,228.64,211,8
ht_0_hightown_a3,564,1.47887e+06,230.125,230.125,210,8
ht_0_hightown_a3,565,2.85878e+06,231.368,231.368,210,8
ht_0_hightown_a3,566,72286.2,229.426,228.255,218,8
ht_0_hightown_a3,567,2.60665e+06,228.397,228.397,212,8
ht_0_hightown_a3,568,1.11086e+06,228.64,228.64,211,8
ht_0_hightown_a3,569,1.36497e+06,228.51,228.51,203,8
ht_0_hightown_a3,570,9.49233e+06,235.51,235.51,210,8
ht_0_hightown_a3,571,2.80714e+06,235.995,235.995,208,8
ht_0_hightown_a3,572,1.61094e+06,233.841,233.841,222,8
ht_0_hightown_a3,573,3.10393e+06,233.024,233.024,210,8
ht_0_hightown_a3,574,3.83282e+06,235.054,235.054,217,8
ht_0_hightown_a3,575,1.34724e+06,232.569,232.569,217,8
ht_0_hightown_a3,576,506986,238.012,235.184,227,8
ht_0_hightown_a3,577,1.16863e+06,232.137,232.137,200,8
ht_0_hightown_a3,578,870908,235.083,235.083,222,8
ht_0_hightown_a3,579,745798,234.184,234.184,224,8
ht_0_hightown_a3,580,1.42755e+06,238.752,238.752,212,8
ht_0_hightown_a3,581,1.41216e+06,239.368,239.368,218,8
ht_0_hightown_a3,582,2.87906e+06,239.569,239.569,224,8
ht_0_hightown_a3,583,2.92374e+06,237.137,237.137,205,8
ht_0_hightown_a3,584,1.53902e+06,236.752,236.752,210,8
ht_0_hightown_a3,585,3.48665e+06,237.338,237.338,211,8
ht_0_hightown_a3,586,929019,239.054,239.054,221,8
ht_0_hightown_a3,587,6.88314e+06,236.711,236.711,217,8
ht_0_hightown_a3,588,3.25563e+06,238.024,238.024,215,8
ht_0_hightown_a3,589,2.79257e+06,239.48,239.48,209,8
ht_0_hightown_a3,590,4.12624e+06,242.794,242.794,209,8
ht_0_hightown_a3,591,5.43636e+06,240.225,240.225,223,8
ht_0_hightown_a3,592,8.1981e+06,241.309,241.309,210,8
ht_0_hightown_a3,593,2.91011e+06,240.711,240.711,221,8
ht_0_hightown_a3,594,1.31049e+07,241.196,241.196,219,8
ht_0_hightown_a3,595,1.41613e+06,241.024,241.024,218,8
ht_0_hightown_a3,596,1.37533e+06,241.267,241.267,217,8
ht_0_hightown_a3,597,6.82653e+06,240.397,240.397,224,8
ht_0_hightown_a3,598,3.83468e+06,242.953,242.953,222,8
ht_0_hightown_a3,599,1.42208e+06,241.983,241.983,226,8
ht_0_hightown_a3,600,5.45134e+06,247.468,247.468,229,8
ht_0_hightown_a3,601,718735,244.983,244.983,229,8
ht_0_hightown_a3,602,1.97123e+06,245.823,245.823,217,8
ht_0_hightown_a3,603,1.00917e+06,245.953,245.953,225,8
ht_0_hightown_a3,604,827810,244.225,244.225,227,8
ht_0_hightown_a3,605,3.39964e+06,245.054,245.054,227,8
ht_0_hightown_a3,606,5.58521e+06,246.267,246.267,222,8
ht_0_hightown_a3,607,3.26678e+06,246.894,246.894,216,8
ht_0_hightown_a3,608,1.94189e+06,244.983,244.983,229,8
ht_0_hightown_a3,609,7.04629e+06,246.894,245.137,216,8
ht_0_hightown_a3,610,4.97399e+06,251.77,251.77,242,8
ht_0_hightown_a3,611,7.63976e+06,251.154,251.154,236,8
ht_0_hightown_a3,612,2.70656e+06,251.569,251.569,236,8
ht_0_hightown_a3,613,1.75426e+06,250.497,250.497,237,8
ht_0_hightown_a3,614,1.19833e+06,248.267,248.267,224,8
ht_0_hightown_a3,615,1.21956e+07,251.095,251.095,226,8
ht_0_hightown_a3,616,8.18164e+06,250.764,250.764,212,8
ht_0_hightown_a3,617,1.30634e+06,251.125,251.125,231,8
ht_0_hightown_a3,618,1.58194e+06,250.238,250.238,221,8
ht_0_hightown_a3,619,406222,248.284,248.284,241,8
ht_0_hightown_a3,620,3.71769e+06,252.539,252.539,232,8
ht_0_hightown_a3,621,2.89635e+06,254.64,254.64,237,8
ht_0_hightown_a3,622,1.90467e+06,254.225,254.225,237,8
ht_0_hightown_a3,623,8.88743e+06,254.167,254.167,227,8
ht_0_hightown_a3,624,2.9438e+06,254.64,254.64,237,8
ht_0_hightown_a3,625,2.24935e+06,255.296,255.296,236,8
ht_0_hightown_a3,626,2.45918e+06,252.522,252.522,215,8
ht_0_hightown_a3,627,2.50781e+06,253.468,253.468,235,8
ht_0_hightown_a3,628,1.85082e+06,253.882,253.882,235,8
ht_0_hightown_a3,629,6.67819e+06,253.941,253.941,245,8
ht_0_hightown_a3,630,3.52588e+06,257.752,257.752,231,8
ht_0_hightown_a3,631,1.88053e+06,258.681,258.681,234,8
ht_0_hightown_a3,632,5.18467e+06,257.024,257.024,234,8
ht_0_hightown_a3,633,4.77878e+06,257.167,257.167,230,8
ht_0_hightown_a3,634,4.2466e+06,256.024,256.024,233,8
ht_0_hightown_a3,635,1.95097e+06,256.711,256.711,237,8
ht_0_hightown_a3,636,4.63e+06,258.912,258.912,245,8
ht_0_hightown_a3,637,2.05815e+06,259.225,259.225,242,8
ht_0_hightown_a3,638,2.1587e+06,259.326,256.841,245,8
ht_0_hightown_a3,639,4.42863e+06,259.995,257.652,232,8
ht_0_hightown_a3,640,4.41641e+06,262.882,262.882,244,8
ht_0_hightown_a3,641,315515,261.635,261.635,215,8
ht_0_hightown_a3,642,2.49582e+06,261.338,261.338,235,8
ht_0_hightown_a3,643,6.01491e+06,261.569,261.569,246,8
ht_0_hightown_a3,644,7.85568e+06,262.669,262.669,250,8
ht_0_hightown_a3,645,142599,263.698,262.527,256,8
ht_0_hightown_a3,646,2.86075e+06,260.468,260.468,242,8
ht_0_hightown_a3,647,4.20932e+06,263.681,263.681,239,8
ht_0_hightown_a3,648,3.84604e+06,264.196,263.61,242,8
ht_0_hightown_a3,649,1.65679e+06,263.255,263.255,251,8
ht_0_hightown_a3,650,1.10634e+07,266.706,266.706,218,8
ht_0_hightown_a3,651,1.78383e+06,265.61,265.61,243,8
ht_0_hightown_a3,652,4.79717e+06,265.125,265.125,245,8
ht_0_hightown_a3,653,2.46119e+06,266.811,266.811,250,8
ht_0_hightown_a3,654,8.32911e+06,266.125,266.125,246,8
ht_0_hightown_a3,655,5.93231e+06,265.924,265.924,240,8
ht_0_hightown_a3,656,1.61072e+07,264.225,264.225,247,8
ht_0_hightown_a3,657,3.67049e+06,266.61,266.61,244,8
ht_0_hightown_a3,658,4.11639e+06,267.083,267.083,254,8
ht_0_hightown_a3,659,1.29474e+06,265.539,265.539,245,8
ht_0_hightown_a3,660,8.03584e+06,268.711,268.711,249,8
ht_0_hightown_a3,661,1.43699e+06,268.439,268.439,245,8
ht_0_hightown_a3,662,4.93119e+06,270.225,270.225,253,8
ht_0_hightown_a3,663,4.67453e+06,271.539,271.539,251,8
ht_0_hightown_a3,664,5.46728e+06,269.296,269.296,250,8
ht_0_hightown_a3,665,1.01983e+06,268.581,268.581,241,8
ht_0_hightown_a3,666,6.20249e+06,270.652,270.652,241,8
ht_0_hightown_a3,667,2.66063e+06,271.764,271.764,233,8
ht_0_hightown_a3,668,1.31786e+06,268.095,268.095,243,8
ht_0_hightown_a3,669,7.54458e+06,269.326,269.326,255,8
ht_0_hightown_a3,670,2.90237e+06,275.782,275.782,254,8
ht_0_hightown_a3,671,1.52599e+06,273.811,273.811,257,8
ht_0_hightown_a3,672,1.94988e+06,273.823,273.823,245,8
ht_0_hightown_a3,673,492127,274.397,274.397,258,8
ht_0_hightown_a3,674,1.52247e+06,272.539,272.539,252,8
ht_0_hightown_a3,675,3.20337e+06,273.054,273.054,255,8
ht_0_hightown_a3,676,844434,272.598,272.598,262,8
ht_0_hightown_a3,677,6.03749e+06,275.74,275.74,261,8
ht_0_hightown_a3,678,1.99e+06,275.983,275.983,260,8
ht_0_hightown_a3,679,4.2588e+06,272.853,272.024,249,8
ht_0_hightown_a3,680,4.72564e+06,279.995,279.995,252,8
ht_0_hightown_a3,681,4.979e+06,276.693,276.693,240,8
ht_0_hightown_a3,682,3.69741e+06,277.409,277.409,249,8
ht_0_hightown_a3,683,3.23411e+06,278.409,278.409,250,8
ht_0_hightown_a3,684,3.72243e+06,277.752,277.752,251,8
ht_0_hightown_a3,685,1.68969e+06,277.882,277.882,259,8
ht_0_hightown_a3,686,2.7959e+06,278.426,278.426,267,8
ht_0_hightown_a3,687,3.03357e+06,278.38,278.38,245,8
ht_0_hightown_a3,688,1.25688e+06,276.196,276.196,254,8
ht_0_hightown_a3,689,6.83317e+06,278.024,278.024,255,8
ht_0_hightown_a3,690,2.25374e+06,281.012,281.012,270,8
ht_0_hightown_a3,691,1.587e+07,283.355,283.355,274,8
ht_0_hightown_a3,692,2.56893e+06,281.167,281.167,254,8
ht_0_hightown_a3,693,2.13687e+06,280.309,280.309,249,8
ht_0_hightown_a3,694,2.88446e+06,280.054,280.054,262,8
ht_0_hightown_a3,695,2.17895e+06,282.238,282.238,253,8
ht_0_hightown_a3,696,2.49211e+06,282.497,282.497,269,8
ht_0_hightown_a3,697,2.62319e+06,282.338,282.338,256,8
ht_0_hightown_a3,698,4.83853e+06,281.492,281.492,239,8
ht_0_hightown_a3,699,2.37286e+06,282.296,282.296,263,8
ht_0_hightown_a3,700,1.17929e+06,284.953,284.953,264,8
ht_0_hightown_a3,701,726582,286.225,286.225,269,8
ht_0_hightown_a3,702,3.16874e+06,286.024,286.024,263,8
ht_0_hightown_a3,703,1.91534e+06,286.095,286.095,261,8
ht_0_hightown_a3,704,2.66853e+06,286.953,286.953,266,8
ht_0_hightown_a3,705,6.37773e+06,285.48,285.48,255,8
ht_0_hightown_a3,706,3.61146e+06,284.338,284.338,258,8
ht_0_hightown_a3,707,1.5991e+06,286.664,286.664,245,8
ht_0_hightown_a3,708,2.43631e+06,285.024,285.024,262,8
ht_0_hightown_a3,709,5.90409e+06,287.782,287.782,266,8
ht_0_hightown_a3,710,807099,288.054,288.054,270,8
ht_0_hightown_a3,711,2.3396e+06,288.51,288.51,263,8
ht_0_hightown_a3,712,1.01805e+07,291.326,291.326,277,8
ht_0_hightown_a3,713,8.02046e+06,288.953,288.953,268,8
ht_0_hightown_a3,714,1.69703e+06,291.581,288.995,264,8
ht_0_hightown_a3,715,2.09097e+06,290.61,290.61,268,8
ht_0_hightown_a3,716,1.22841e+07,288.167,288.167,261,8
ht_0_hightown_a3,717,3.61541e+06,288.338,288.338,262,8
ht_0_hightown_a3,718,2.48544e+06,289.51,289.51,264,8
ht_0_hightown_a3,719,3.34592e+06,289.853,289.853,266,8
ht_0_hightown_a3,720,1.89195e+06,296.066,295.238,266,8
ht_0_hightown_a3,721,1.96721e+06,295.853,295.853,272,8
ht_0_hightown_a3,722,1.55104e+07,294.894,294.894,264,8
ht_0_hightown_a3,723,5.08427e+06,295.024,295.024,272,8
ht_0_hightown_a3,724,1.55421e+07,295.681,295.681,271,8
ht_0_hightown_a3,725,1.17863e+07,292.995,292.995,265,8
ht_0_hightown_a3,726,3.25707e+06,295.551,295.551,263,8
ht_0_hightown_a3,727,6.77527e+06,294.652,294.652,265,8
ht_0_hightown_a3,728,2.52144e+06,292.368,292.368,271,8
ht_0_hightown_a3,729,4.56453e+06,294.953,294.953,274,8
ht_0_hightown_a3,730,6.12809e+06,298.468,298.468,280,8
ht_0_hightown_a3,731,2.61461e+06,298.451,298.451,263,8
ht_0_hightown_a3,732,1.67371e+06,298.48,298.48,268,8
ht_0_hightown_a3,733,7.21259e+06,297.894,297.894,267,8
ht_0_hightown_a3,734,5.2869e+06,298.752,298.752,272,8
ht_0_hightown_a3,735,1.72404e+06,297.368,297.368,276,8
ht_0_hightown_a3,736,1.60423e+06,296.38,296.38,263,8
ht_0_hightown_a3,737,3.52782e+06,298.368,298.368,277,8
ht_0_hightown_a3,738,3.87913e+06,298.551,298.551,266,8
ht_0_hightown_a3,739,5.99802e+06,297.953,297.953,277,8
ht_0_hightown_a3,740,1.58621e+07,300.841,300.841,289,8
ht_0_hightown_a3,741,4.2157e+06,301.995,301.995,274,8
ht_0_hightown_a3,742,1.03287e+06,301.539,301.539,281,8
ht_0_hightown_a3,743,9.00929e+06,302.723,302.723,271,8
ht_0_hightown_a3,744,836492,303.569,303.569,288,8
ht_0_hightown_a3,745,1.94302e+07,303.894,301.894,273,8
ht_0_hightown_a3,746,3.25698e+06,302.196,302.196,280,8
ht_0_hightown_a3,747,4.76851e+06,302.882,302.882,284,8
ht_0_hightown_a3,748,3.54543e+06,300.711,300.711,281,8
ht_0_hightown_a3,749,3.70158e+06,301.296,301.296,282,8
ht_0_hightown_a3,750,3.62085e+06,304.64,304.64,287,8
ht_0_hightown_a3,751,4.63716e+06,305.309,305.309,274,8
ht_0_hightown_a3,752,1.72884e+06,304.196,304.196,282,8
ht_0_hightown_a3,753,1.028e+07,307.711,307.711,288,8
ht_0_hightown_a3,754,2.33467e+06,304.51,304.51,279,8
ht_0_hightown_a3,755,2.25657e+06,305.723,305.723,274,8
ht_0_hightown_a3,756,1.86262e+06,307.137,307.137,275,8
ht_0_hightown_a3,757,2.15136e+06,305.51,305.51,280,8
ht_0_hightown_a3,758,1.6283e+06,307.167,307.167,280,8
ht_0_hightown_a3,759,4.55815e+06,306.409,306.409,278,8
ht_0_hightown_a3,760,1.28103e+07,309.439,309.439,286,8
ht_0_hightown_a3,761,7.23354e+06,310.51,310.51,285,8
ht_0_hightown_a3,762,1.06138e+07,308.48,308.48,278,8
ht_0_hightown_a3,763,5.38551e+06,311.049,311.049,264,8
ht_0_hightown_a3,764,4.57345e+06,311.894,311.894,281,8
ht_0_hightown_a3,765,5.86923e+06,311.066,311.066,281,8
ht_0_hightown_a3,766,1.97085e+06,309.095,309.095,284,8
ht_0_hightown_a3,767,3.15971e+06,309.066,309.066,279,8
ht_0_hightown_a3,768,4.26955e+06,308.752,308.752,282,8
ht_0_hightown_a3,769,7.34642e+06,311.539,311.539,291,8
ht_0_hightown_a3,770,2.94897e+06,312.38,312.38,279,8
ht_0_hightown_a3,771,1.31915e+06,315.61,315.61,293,8
ht_0_hightown_a3,772,8.55073e+06,313.853,313.853,290,8
ht_0_hightown_a3,773,2.40189e+06,313.64,313.64,296,8
ht_0_hightown_a3,774,2.94607e+06,313.208,313.208,279,8
ht_0_hightown_a3,775,3.79516e+06,313.338,312.51,287,8
ht_0_hightown_a3,776,6.76874e+06,314.61,314.61,292,8
ht_0_hightown_a3,777,6.21533e+06,314.108,314.108,277,8
ht_0_hightown_a3,778,2.4029e+06,312.38,312.38,279,8
ht_0_hightown_a3,779,2.01855e+07,315.024,315.024,292,8
ht_0_hightown_a3,780,4.0261e+06,317.196,317.196,295,8
ht_0_hightown_a3,781,3.22641e+06,316.368,316.368,295,8
ht_0_hightown_a3,782,2.58679e+06,320.296,319.468,301,8
ht_0_hightown_a3,783,2.86443e+06,316.167,316.167,289,8
ht_0_hightown_a3,784,2.72264e+06,316.238,316.238,287,8
ht_0_hightown_a3,785,2.6833e+06,325.593,319.208,286,8
ht_0_hightown_a3,786,2.80626e+06,319.995,319.995,292,8
ht_0_hightown_a3,787,6.36981e+06,319.711,319.711,300,8
ht_0_hightown_a3,788,2.27294e+06,322.451,319.037,287,8
ht_0_hightown_a3,789,3.14642e+06,319.681,318.853,295,8
ht_0_hightown_a3,790,2.92783e+06,322.652,322.652,293,8
ht_0_hightown_a3,791,3.12647e+06,324.208,323.38,290,8
ht_0_hightown_a3,792,1.6082e+07,321.995,321.995,294,8
ht_0_hightown_a3,793,7.74199e+06,322.534,322.534,273,8
ht_0_hightown_a3,794,2.451e+06,320.539,320.539,300,8
ht_0_hightown_a3,795,3.17294e+06,320.681,320.681,296,8
ht_0_hightown_a3,796,3.25137e+06,320.61,320.61,298,8
ht_0_hightown_a3,797,1.69205e+06,322.439,322.439,299,8
ht_0_hightown_a3,798,1.44302e+06,322.137,322.137,290,8
ht_0_hightown_a3,799,4.32227e+06,322.882,322.882,304,8
ht_0_hightown_a3,800,2.17827e+06,325.652,325.652,296,8
ht_0_hightown_a3,801,4.35536e+06,324.35,324.35,286,8
ht_0_hightown_a3,802,9.73236e+06,326.208,326.208,292,8
ht_0_hightown_a3,803,7.27362e+06,324.752,324.752,298,8
ht_0_hightown_a3,804,4.37637e+06,325.652,325.652,296,8
ht_0_hightown_a3,805,3.40376e+06,326.681,326.681,302,8
ht_0_hightown_a3,806,3.28447e+06,326.125,326.125,306,8
ht_0_hightown_a3,807,2.19514e+07,324.024,324.024,301,8
ht_0_hightown_a3,808,6.56677e+06,329.167,327.167,302,8
ht_0_hightown_a3,809,7.8905e+06,328.539,326.882,308,8
ht_0_hightown_a3,810,4.61404e+06,331.823,331.823,303,8
ht_0_hightown_a3,811,2.31391e+06,328.095,328.095,303,8
ht_0_hightown_a3,812,3.52235e+06,331.953,331.953,311,8
ht_0_hightown_a3,813,4.83822e+06,331.752,331.752,305,8
ht_0_hightown_a3,814,5.98309e+06,329.983,329.983,314,8
ht_0_hightown_a3,815,2.67177e+06,329.953,329.953,309,8
ht_0_hightown_a3,816,2.57244e+06,329.823,329.238,301,8
ht_0_hightown_a3,817,1.96312e+06,330.321,330.321,287,8
ht_0_hightown_a3,818,2.45054e+06,328.338,328.338,302,8
ht_0_hightown_a3,819,2.11454e+06,330.296,330.296,311,8
ht_0_hightown_a3,820,3.08811e+06,332.024,332.024,309,8
ht_0_hightown_a3,821,3.02977e+06,333.392,333.392,288,8
ht_0_hightown_a3,822,1.86364e+07,334.355,334.355,325,8
ht_0_hightown_a3,823,1.04729e+07,332.037,332.037,297,8
ht_0_hightown_a3,824,3.51045e+06,333.368,333.368,312,8
ht_0_hightown_a3,825,1.9721e+07,332.355,332.355,323,8
ht_0_hightown_a3,826,3.83716e+06,332.191,332.191,281,8
ht_0_hightown_a3,827,3.97695e+06,333.936,333.936,296,8
ht_0_hightown_a3,828,1.22401e+06,333.74,333.74,319,8
ht_0_hightown_a3,829,2.44928e+06,334.61,334.61,312,8
ht_0_hightown_a3,830,1.76293e+06,337.794,337.794,304,8
ht_0_hightown_a3,831,1.60158e+06,338.581,338.581,311,8
ht_0_hightown_a3,832,2.36584e+06,339.953,339.953,319,8
ht_0_hightown_a3,833,4.31464e+06,338.309,338.309,307,8
ht_0_hightown_a3,834,2.42593e+06,341.066,339.066,311,8
ht_0_hightown_a3,835,3.83009e+06,337.953,337.953,317,8
ht_0_hightown_a3,836,1.5636e+06,339.681,339.681,315,8
ht_0_hightown_a3,837,8.10913e+06,339.723,339.723,308,8
ht_0_hightown_a3,838,7.33923e+06,338.368,337.539,317,8
ht_0_hightown_a3,839,1.12515e+07,337.752,337.752,311,8
ht_0_hightown_a3,840,4.78292e+06,340.362,340.362,290,8
ht_0_hightown_a3,841,2.03745e+06,342.409,342.409,314,8
ht_0_hightown_a3,842,2.18411e+06,342.752,342.752,316,8
ht_0_hightown_a3,843,5.48395e+06,341.61,341.61,319,8
ht_0_hightown_a3,844,1.63074e+06,343.794,343.794,310,8
ht_0_hightown_a3,845,3.06197e+06,341.794,341.794,308,8
ht_0_hightown_a3,846,1.66232e+07,343.125,343.125,323,8
ht_0_hightown_a3,847,4.67101e+06,342.066,342.066,312,8
ht_0_hightown_a3,848,3.84717e+06,341.823,341.823,313,8
ht_0_hightown_a3,849,9.95275e+06,342.581,342.581,315,8
ht_0_hightown_a3,850,3.11482e+06,348.167,347.338,321,8
ht_0_hightown_a3,851,2.67295e+06,344.208,344.208,310,8
ht_0_hightown_a3,852,3.93279e+06,347.38,347.38,314,8
ht_0_hightown_a3,853,3.15838e+06,344.794,344.794,311,8
ht_0_hightown_a3,854,1.9478e+06,344.995,344.995,317,8
ht_0_hightown_a3,855,3.51129e+06,346.995,346.995,319,8
ht_0_hightown_a3,856,1.85047e+06,347.279,345.279,311,8
ht_0_hightown_a3,857,2.01511e+06,346.836,346.836,306,8
ht_0_hightown_a3,858,3.88993e+06,345.51,345.51,320,8
ht_0_hightown_a3,859,1.72131e+06,345.622,345.622,311,8
ht_0_hightown_a3,860,2.42408e+06,350.534,350.534,301,8
ht_0_hightown_a3,861,2.2732e+06,348.711,348.711,329,8
ht_0_hightown_a3,862,5.91663e+06,351.853,351.853,328,8
ht_0_hightown_a3,863,2.73855e+06,349.924,349.924,324,8
ht_0_hightown_a3,864,6.50623e+06,348.196,348.196,326,8
ht_0_hightown_a3,865,6.80086e+06,351.167,351.167,324,8
ht_0_hightown_a3,866,2.59382e+06,348.794,348.794,315,8
ht_0_hightown_a3,867,5.34139e+06,349.664,348.836,308,8
ht_0_hightown_a3,868,4.34622e+06,351.664,351.664,310,8
ht_0_hightown_a3,869,4.26455e+06,349.451,349.451,314,8
ht_0_hightown_a3,870,2.39471e+06,352.48,352.48,322,8
ht_0_hightown_a3,871,9.54059e+06,353.024,353.024,330,8
ht_0_hightown_a3,872,7.30837e+06,354.907,354.907,312,8
ht_0_hightown_a3,873,4.44456e+06,352.125,352.125,332,8
ht_0_hightown_a3,874,3.15291e+06,353.409,353.409,325,8
ht_0_hightown_a3,875,3.76835e+06,353.581,353.581,326,8
ht_0_hightown_a3,876,3.29231e+06,353.38,353.38,320,8
ht_0_hightown_a3,877,2.65863e+06,352.061,352.061,293,8
ht_0_hightown_a3,878,2.24899e+06,355.125,355.125,335,8
ht_0_hightown_a3,879,1.83533e+06,352.409,352.409,324,8
ht_0_hightown_a3,880,2.02138e+06,356.563,356.563,312,8
ht_0_hightown_a3,881,5.41259e+06,359.924,359.924,334,8
ht_0_hightown_a3,882,1.40576e+07,356.894,356.894,326,8
ht_0_hightown_a3,883,1.72068e+07,360.74,359.912,346,8
ht_0_hightown_a3,884,9.83248e+06,357.196,357.196,335,8
ht_0_hightown_a3,885,4.15997e+06,360.505,356.362,306,8
ht_0_hightown_a3,886,2.4124e+06,359.037,359.037,324,8
ht_0_hightown_a3,887,2.92965e+06,358.037,358.037,323,8
ht_0_hightown_a3,888,3.32224e+06,359.912,359.912,346,8
ht_0_hightown_a3,889,7.54352e+06,359.024,356.196,336,8
ht_0_hightown_a3,890,7.45124e+06,362.309,362.309,331,8
ht_0_hightown_a3,891,3.81201e+06,362.664,362.664,321,8
ht_0_hightown_a3,892,3.02913e+06,363.154,363.154,348,8
ht_0_hightown_a3,893,1.94759e+06,363.024,363.024,340,8
ht_0_hightown_a3,894,1.84902e+06,363.735,363.735,320,8
ht_0_hightown_a3,895,4.53931e+06,363.108,363.108,326,8
ht_0_hightown_a3,896,6.29397e+06,363.279,362.451,327,8
ht_0_hightown_a3,897,2.90492e+06,360.25,360.25,319,8
ht_0_hightown_a3,898,3.42535e+06,363.966,363.966,331,8
ht_0_hightown_a3,899,2.07296e+06,360.865,360.865,325,8
ht_0_hightown_a3,900,1.50091e+06,366.38,366.38,333,8
ht_0_hightown_a3,901,1.74969e+06,367.296,367.296,348,8
ht_0_hightown_a3,902,4.45635e+06,365.681,365.681,341,8
ht_0_hightown_a3,903,5.12325e+06,365.468,365.468,347,8
ht_0_hightown_a3,904,3.12146e+06,367.894,367.894,337,8
ht_0_hightown_a3,905,3.77092e+06,365.51,365.51,340,8
ht_0_hightown_a3,906,4.99501e+06,366.652,366.652,337,8
ht_0_hightown_a3,907,4.04463e+06,366.066,366.066,336,8
ht_0_hightown_a3,908,7.60595e+06,365.61,365.61,343,8
ht_0_hightown_a3,909,1.43254e+06,366.037,366.037,331,8
ht_0_hightown_a3,910,1.653e+06,371.066,369.652,341,8
ht_0_hightown_a3,911,2.68211e+06,371.108,371.108,334,8
ht_0_hightown_a3,912,1.64489e+06,371.61,371.61,349,8
ht_0_hightown_a3,913,4.56923e+06,371.51,371.51,346,8
ht_0_hightown_a3,914,3.45962e+06,369.451,369.451,334,8
ht_0_hightown_a3,915,2.2617e+06,369.61,369.61,347,8
ht_0_hightown_a3,916,9.66612e+06,368.279,368.279,332,8
ht_0_hightown_a3,917,5.69719e+06,370.439,370.439,347,8
ht_0_hightown_a3,918,2.52402e+07,371.196,371.196,349,8
ht_0_hightown_a3,919,3.97277e+06,371.711,371.711,352,8
ht_0_hightown_a3,920,4.51266e+06,373.095,373.095,348,8
ht_0_hightown_a3,921,3.71037e+06,375.581,375.581,348,8
ht_0_hightown_a3,922,6.29949e+06,374.167,374.167,347,8
ht_0_hightown_a3,923,8.75312e+06,374.409,374.409,346,8
ht_0_hightown_a3,924,1.62603e+07,375.794,375.794,342,8
ht_0_hightown_a3,925,6.70579e+06,373.581,373.581,346,8
ht_0_hightown_a3,926,2.40058e+06,374.882,374.882,356,8
ht_0_hightown_a3,927,8.80631e+06,374.167,374.167,347,8
ht_0_hightown_a3,928,2.11085e+06,375.024,375.024,352,8
ht_0_hightown_a3,929,3.62991e+06,373.723,373.723,342,8
ht_0_hightown_a3,930,2.97617e+06,376.647,376.647,318,8
ht_0_hightown_a3,931,1.53159e+07,377.149,377.149,333,8
ht_0_hightown_a3,932,3.31953e+06,376.764,376.764,338,8
ht_0_hightown_a3,933,1.84064e+06,379.463,379.463,332,8
ht_0_hightown_a3,934,2.98413e+06,379.108,379.108,342,8
ht_0_hightown_a3,935,4.12066e+06,379.108,379.108,342,8
ht_0_hightown_a3,936,2.39322e+06,376.551,376.551,344,8
ht_0_hightown_a3,937,2.41573e+06,376.421,376.421,336,8
ht_0_hightown_a3,938,1.27534e+06,376.61,376.61,354,8
ht_0_hightown_a3,939,2.49982e+06,378.693,378.693,342,8
ht_0_hightown_a3,940,3.43233e+06,381.764,381.764,343,8
ht_0_hightown_a3,941,1.96378e+06,382.208,382.208,348,8
ht_0_hightown_a3,942,3.50747e+06,386.019,383.191,334,8
ht_0_hightown_a3,943,5.63462e+06,380.652,380.652,351,8
ht_0_hightown_a3,944,1.5031e+06,382.309,382.309,351,8
ht_0_hightown_a3,945,1.81728e+06,382.25,382.25,341,8
ht_0_hightown_a3,946,5.31103e+06,382.066,382.066,352,8
ht_0_hightown_a3,947,9.75319e+06,381.551,381.551,349,8
ht_0_hightown_a3,948,2.42209e+06,381.522,381.522,344,8
ht_0_hightown_a3,949,2.90506e+06,381.978,381.978,337,8
ht_0_hightown_a3,950,3.30145e+06,384.593,384.593,345,8
ht_0_hightown_a3,951,7.00082e+06,385.409,385.409,357,8
ht_0_hightown_a3,952,7.09839e+06,384.652,384.652,355,8
ht_0_hightown_a3,953,4.62958e+06,386.836,386.836,346,8
ht_0_hightown_a3,954,4.20368e+06,386.622,386.622,352,8
ht_0_hightown_a3,955,4.88881e+06,387.764,387.764,349,8
ht_0_hightown_a3,956,5.92219e+06,385.622,385.622,351,8
ht_0_hightown_a3,957,4.15224e+06,386.12,386.12,337,8
ht_0_hightown_a3,958,5.66779e+06,385.38,385.38,352,8
ht_0_hightown_a3,959,5.82088e+06,386.522,386.522,349,8
ht_0_hightown_a3,960,3.24042e+06,391.664,391.664,350,8
ht_0_hightown_a3,961,4.39316e+06,388.865,388.037,353,8
ht_0_hightown_a3,962,3.03538e+06,389.321,389.321,346,8
ht_0_hightown_a3,963,1.5788e+06,390.752,390.752,364,8
ht_0_hightown_a3,964,9.78672e+06,393.179,389.865,354,8
ht_0_hightown_a3,965,5.55377e+06,389.137,389.137,357,8
ht_0_hightown_a3,966,3.45411e+06,389.167,389.167,362,8
ht_0_hightown_a3,967,2.49904e+06,388.605,388.605,337,8
ht_0_hightown_a3,968,3.87301e+06,389.049,389.049,342,8
ht_0_hightown_a3,969,3.119e+06,390.652,390.652,361,8
ht_0_hightown_a3,970,3.14625e+06,394.664,394.664,353,8
ht_0_hightown_a3,971,1.52578e+06,393.593,393.593,354,8
ht_0_hightown_a3,972,2.34341e+06,395.108,393.936,358,8
ht_0_hightown_a3,973,3.18176e+06,393.966,393.966,361,8
ht_0_hightown_a3,974,2.05822e+06,395.966,395.966,363,8
ht_0_hightown_a3,975,1.74701e+06,395.622,395.622,361,8
ht_0_hightown_a3,976,4.89496e+06,392.078,392.078,350,8
ht_0_hightown_a3,977,6.50897e+06,393.836,392.179,353,8
ht_0_hightown_a3,978,8.93063e+06,392.953,392.953,372,8
ht_0_hightown_a3,979,2.88276e+06,393.338,393.338,367,8
ht_0_hightown_a3,980,2.69311e+06,396.823,396.823,368,8
ht_0_hightown_a3,981,1.03717e+07,399.196,399.196,377,8
ht_0_hightown_a3,982,3.5332e+06,398.764,398.764,360,8
ht_0_hightown_a3,983,7.2626e+06,397.38,397.38,364,8
ht_0_hightown_a3,984,5.53418e+06,397.35,397.35,359,8
ht_0_hightown_a3,985,3.19687e+06,396.409,396.409,368,8
ht_0_hightown_a3,986,7.02325e+06,398.823,398.823,370,8
ht_0_hightown_a3,987,2.65183e+06,397.865,397.865,362,8
ht_0_hightown_a3,988,5.28832e+06,399.279,397.622,363,8
ht_0_hightown_a3,989,7.42446e+06,404.019,399.049,352,8
ht_0_hightown_a3,990,4.99177e+06,402.966,402.966,370,8
ht_0_hightown_a3,991,2.69375e+06,400.622,400.622,366,8
ht_0_hightown_a3,992,1.16786e+07,401.836,401.836,361,8
ht_0_hightown_a3,993,3.19079e+06,402.362,402.362,352,8
ht_0_hightown_a3,994,2.81306e+06,401.409,401.409,373,8
ht_0_hightown_a3,995,3.22653e+06,402.137,402.137,370,8
ht_0_hightown_a3,996,3.6527e+06,402.995,402.995,375,8
ht_0_hightown_a3,997,1.88989e+06,400.652,400.652,371,8
ht_0_hightown_a3,998,5.19261e+06,403.309,403.309,372,8
ht_0_hightown_a3,999,2.01228e+06,400.35,400.35,362,8
ht_0_hightown_a3,1000,4.26175e+06,405.966,405.966,373,8
ht_0_hightown_a3,1001,3.63676e+06,407.208,407.208,373,8
ht_0_hightown_a3,1002,4.45882e+06,405.321,405.321,362,8
ht_0_hightown_a3,1003,9.13238e+06,406.451,406.451,371,8
ht_0_hightown_a3,1004,2.66393e+06,407.836,407.836,367,8
ht_0_hightown_a3,1005,3.08261e+06,406.581,406.581,379,8
ht_0_hightown_a3,1006,2.36324e+06,404.35,404.35,366,8
ht_0_hightown_a3,1007,3.20833e+06,405.095,405.095,380,8
ht_0_hightown_a3,1008,2.34021e+06,407.539,407.539,387,8
ht_0_hightown_a3,1009,5.7384e+06,404.066,404.066,374,8
ht_0_hightown_a3,1010,3.4986e+06,411.563,409.321,367,8
ht_0_hightown_a3,1011,2.73139e+06,408.848,408.848,356,8
ht_0_hightown_a3,1012,6.96395e+06,408.794,408.794,375,8
ht_0_hightown_a3,1013,3.82287e+06,409.693,409.693,373,8
ht_0_hightown_a3,1014,4.60907e+06,410.279,408.622,374,8
ht_0_hightown_a3,1015,3.89568e+06,409.078,409.078,367,8
ht_0_hightown_a3,1016,8.35769e+06,411.664,411.664,370,8
ht_0_hightown_a3,1017,5.97691e+06,410.421,408.764,370,8
ht_0_hightown_a3,1018,2.32763e+06,408.522,408.522,371,8
ht_0_hightown_a3,1019,2.55174e+06,408.007,408.007,368,8
ht_0_hightown_a3,1020,3.18662e+06,415.25,415.25,374,8
ht_0_hightown_a3,1021,7.93696e+06,412.078,412.078,370,8
ht_0_hightown_a3,1022,4.6214e+06,413.681,413.681,389,8
ht_0_hightown_a3,1023,3.70898e+06,413.563,413.563,369,8
ht_0_hightown_a3,1024,4.82685e+06,413.25,413.25,372,8
ht_0_hightown_a3,1025,1.90327e+07,415.652,415.652,386,8
ht_0_hightown_a3,1026,2.10932e+06,415.752,415.752,389,8
ht_0_hightown_a3,1027,2.9283e+06,413.137,413.137,381,8
ht_0_hightown_a3,1028,3.79515e+06,414.137,414.137,382,8
ht_0_hightown_a3,1029,3.10935e+06,414.995,414.995,387,8
ht_0_hightown_a3,1030,4.58103e+06,417.581,417.581,390,8
ht_0_hightown_a3,1031,4.43448e+06,416.179,416.179,377,8
ht_0_hightown_a3,1032,5.14182e+06,419.635,418.806,373,8
ht_0_hightown_a3,1033,4.82934e+06,417.978,417.978,373,8
ht_0_hightown_a3,1034,3.71467e+06,417.279,417.279,381,8
ht_0_hightown_a3,1035,6.9653e+06,417.995,417.995,390,8
ht_0_hightown_a3,1036,2.58397e+06,418.563,418.563,374,8
ht_0_hightown_a3,1037,6.12864e+06,417.25,417.25,376,8
ht_0_hightown_a3,1038,5.69576e+06,417.995,417.995,390,8
ht_0_hightown_a3,1039,4.22187e+06,417.095,417.095,392,8
ht_0_hightown_a3,1040,2.7024e+06,422.35,422.108,384,8
ht_0_hightown_a3,1041,3.45061e+06,421.664,421.664,380,8
ht_0_hightown_a3,1042,3.80484e+06,420.924,420.924,395,8
ht_0_hightown_a3,1043,4.81347e+06,422.35,422.35,384,8
ht_0_hightown_a3,1044,2.27045e+06,420.078,420.078,378,8
ht_0_hightown_a3,1045,4.29195e+06,420.037,420.037,385,8
ht_0_hightown_a3,1046,3.71524e+06,426.078,422.078,384,8
ht_0_hightown_a3,1047,3.74987e+06,423.019,423.019,371,8
ht_0_hightown_a3,1048,2.62484e+07,420.995,420.995,393,8
ht_0_hightown_a3,1049,3.20788e+06,422.049,422.049,375,8
ht_0_hightown_a3,1050,4.28806e+06,425.262,424.434,372,8
ht_0_hightown_a3,1051,6.15444e+06,424.593,424.593,385,8
ht_0_hightown_a3,1052,3.56855e+06,427.752,427.167,401,8
ht_0_hightown_a3,1053,3.65502e+06,426.137,426.137,394,8
ht_0_hightown_a3,1054,2.59763e+06,424.108,424.108,387,8
ht_0_hightown_a3,1055,4.22837e+06,425.421,425.421,385,8
ht_0_hightown_a3,1056,1.95567e+06,427.723,427.723,396,8
ht_0_hightown_a3,1057,3.27801e+06,429.865,425.723,394,8
ht_0_hightown_a3,1058,3.48905e+06,424.777,424.777,374,8
ht_0_hightown_a3,1059,6.997e+06,425.966,425.966,393,8
ht_0_hightown_a3,1060,5.25774e+06,430.622,430.622,396,8
ht_0_hightown_a3,1061,3.08835e+06,430.907,429.735,388,8
ht_0_hightown_a3,1062,1.35395e+07,430.149,430.149,386,8
ht_0_hightown_a3,1063,2.21905e+06,428.936,428.936,391,8
ht_0_hightown_a3,1064,1.02864e+07,430.563,430.563,386,8
ht_0_hightown_a3,1065,6.17555e+06,429.262,429.262,376,8
ht_0_hightown_a3,1066,3.35466e+06,428.806,428.806,383,8
ht_0_hightown_a3,1067,2.47601e+06,429.723,429.723,398,8
ht_0_hightown_a3,1068,6.43257e+06,428.664,428.664,387,8
ht_0_hightown_a3,1069,3.07605e+06,428.392,428.392,383,8
ht_0_hightown_a3,1070,4.47605e+06,435.948,434.291,386,8
ht_0_hightown_a3,1071,2.64907e+06,435.551,435.551,403,8
ht_0_hightown_a3,1072,4.59211e+06,435.836,435.836,395,8
ht_0_hightown_a3,1073,4.80215e+06,432.463,432.463,385,8
ht_0_hightown_a3,1074,1.08182e+07,432.622,432.622,398,8
ht_0_hightown_a3,1075,3.29952e+06,434.279,434.279,398,8
ht_0_hightown_a3,1076,1.23645e+07,434.078,434.078,392,8
ht_0_hightown_a3,1077,3.64752e+06,434.865,434.865,399,8
ht_0_hightown_a3,1078,4.51972e+06,434.392,434.392,389,8
ht_0_hightown_a3,1079,3.58157e+06,434.664,434.664,393,8
ht_0_hightown_a3,1080,3.06584e+06,437.149,437.149,393,8
ht_0_hightown_a3,1081,9.56433e+06,441.617,437.475,378,8
ht_0_hightown_a3,1082,4.4859e+06,438.635,438.635,392,8
ht_0_hightown_a3,1083,5.63707e+06,436.652,436.652,407,8
ht_0_hightown_a3,1084,3.48509e+06,436.149,436.149,392,8
ht_0_hightown_a3,1085,2.65922e+06,436.551,436.551,404,8
ht_0_hightown_a3,1086,3.27563e+06,438.48,438.48,408,8
ht_0_hightown_a3,1087,2.23867e+06,436.309,436.309,405,8
ht_0_hightown_a3,1088,8.07099e+06,437.706,437.706,389,8
ht_0_hightown_a3,1089,3.32527e+06,437.836,437.836,397,8
ht_0_hightown_a3,1090,5.36649e+06,441.38,441.38,408,8
ht_0_hightown_a3,1091,4.39284e+06,442.037,442.037,407,8
ht_0_hightown_a3,1092,4.53271e+06,440.137,440.137,408,8
ht_0_hightown_a3,1093,5.3361e+06,442.794,442.794,409,8
ht_0_hightown_a3,1094,1.21395e+07,440.291,440.291,392,8
ht_0_hightown_a3,1095,3.82669e+06,442.38,442.38,409,8
ht_0_hightown_a3,1096,5.48595e+06,440.191,440.191,389,8
ht_0_hightown_a3,1097,8.239e+06,440.321,440.321,397,8
ht_0_hightown_a3,1098,5.23313e+06,443.693,443.693,407,8
ht_0_hightown_a3,1099,7.22992e+06,441.238,441.238,412,8
ht_0_hightown_a3,1100,6.02559e+06,447.179,447.179,408,8
ht_0_hightown_a3,1101,3.07243e+06,446.894,446.894,416,8
ht_0_hightown_a3,1102,2.79178e+06,445.924,445.924,420,8
ht_0_hightown_a3,1103,5.40932e+06,444.664,444.664,403,8
ht_0_hightown_a3,1104,3.00392e+06,444.635,444.635,398,8
ht_0_hightown_a3,1105,5.26206e+06,444.534,444.534,395,8
ht_0_hightown_a3,1106,2.29384e+06,446.037,446.037,411,8
ht_0_hightown_a3,1107,8.40403e+06,444.907,444.907,402,8
ht_0_hightown_a3,1108,3.36079e+06,446.037,446.037,411,8
ht_0_hightown_a3,1109,3.12875e+06,444.35,444.35,406,8
ht_0_hightown_a3,1110,6.17494e+06,449.563,449.563,405,8
ht_0_hightown_a3,1111,6.5097e+06,448.35,448.35,410,8
ht_0_hightown_a3,1112,2.09512e+07,449.279,449.279,413,8
ht_0_hightown_a3,1113,4.25028e+06,450.593,450.593,411,8
ht_0_hightown_a3,1114,1.17444e+07,448.635,448.635,402,8
ht_0_hightown_a3,1115,3.56349e+06,449.806,449.806,404,8
ht_0_hightown_a3,1116,5.60223e+06,449.919,449.919,395,8
ht_0_hightown_a3,1117,2.97621e+06,449.451,449.451,414,8
ht_0_hightown_a3,1118,3.2096e+06,451.664,451.664,410,8
ht_0_hightown_a3,1119,3.28461e+06,451.108,451.108,414,8
ht_0_hightown_a3,1120,2.35186e+06,454.179,454.179,415,8
ht_0_hightown_a3,1121,9.22495e+06,454.149,454.149,410,8
ht_0_hightown_a3,1122,3.49942e+06,459.421,455.907,419,8
ht_0_hightown_a3,1123,5.34255e+06,454.267,454.267,430,8
ht_0_hightown_a3,1124,6.24594e+06,454.451,454.451,419,8
ht_0_hightown_a3,1125,1.01278e+07,453.936,453.936,416,8
ht_0_hightown_a3,1126,2.40115e+06,455.22,455.22,409,8
ht_0_hightown_a3,1127,4.25608e+06,454.309,454.309,423,8
ht_0_hightown_a3,1128,3.31711e+06,452.806,452.806,407,8
ht_0_hightown_a3,1129,9.60221e+06,454.262,454.262,401,8
ht_0_hightown_a3,1130,3.94643e+06,458.279,458.279,422,8
ht_0_hightown_a3,1131,3.82348e+06,457.86,457.86,393,8
ht_0_hightown_a3,1132,4.39412e+06,458.605,458.605,407,8
ht_0_hightown_a3,1133,3.72245e+06,459.25,459.25,418,8
ht_0_hightown_a3,1134,1.68719e+07,457.38,457.38,424,8
ht_0_hightown_a3,1135,7.82415e+06,458.404,458.404,401,8
ht_0_hightown_a3,1136,5.30732e+06,459.09,457.434,405,8
ht_0_hightown_a3,1137,5.83335e+06,458.404,456.747,401,8
ht_0_hightown_a3,1138,3.59747e+06,457.463,457.463,410,8
ht_0_hightown_a3,1139,4.03057e+06,459.167,459.167,432,8
ht_0_hightown_a3,1140,1.43744e+07,462.09,460.434,408,8
ht_0_hightown_a3,1141,2.12583e+06,460.865,460.865,425,8
ht_0_hightown_a3,1142,3.86821e+06,461.392,461.392,416,8
ht_0_hightown_a3,1143,3.7408e+06,463.794,463.794,430,8
ht_0_hightown_a3,1144,3.10529e+06,462.693,462.693,426,8
ht_0_hightown_a3,1145,3.62312e+06,463.563,463.563,419,8
ht_0_hightown_a3,1146,3.46619e+06,461.191,461.191,410,8
ht_0_hightown_a3,1147,2.87567e+06,462.037,462.037,427,8
ht_0_hightown_a3,1148,5.59766e+06,463.706,462.049,415,8
ht_0_hightown_a3,1149,5.03389e+06,462.132,462.132,401,8
ht_0_hightown_a3,1150,4.30438e+06,467.978,467.978,423,8
ht_0_hightown_a3,1151,4.03075e+06,465.635,464.806,419,8
ht_0_hightown_a3,1152,2.04316e+06,466.978,466.978,422,8
ht_0_hightown_a3,1153,7.3761e+06,465.149,465.149,421,8
ht_0_hightown_a3,1154,4.66082e+06,465.451,465.451,430,8
ht_0_hightown_a3,1155,2.76621e+06,467.936,467.936,430,8
ht_0_hightown_a3,1156,3.5787e+06,466.238,466.238,437,8
ht_0_hightown_a3,1157,1.21721e+07,466.848,466.848,414,8
ht_0_hightown_a3,1158,4.38845e+06,467.635,467.635,421,8
ht_0_hightown_a3,1159,3.71133e+06,464.522,464.522,427,8
ht_0_hightown_a3,1160,2.4272e+06,471.321,471.321,428,8
ht_0_hightown_a3,1161,1.8306e+06,468.137,468.137,436,8
ht_0_hightown_a3,1162,4.04057e+06,470.291,470.291,422,8
ht_0_hightown_a3,1163,2.01214e+06,470.865,470.865,435,8
ht_0_hightown_a3,1164,2.93142e+06,471.823,471.823,443,8
ht_0_hightown_a3,1165,5.92401e+06,468.09,468.09,414,8
ht_0_hightown_a3,1166,2.45156e+06,468.137,468.137,436,8
ht_0_hightown_a3,1167,1.81957e+06,468.137,468.137,436,8
ht_0_hightown_a3,1168,4.79836e+06,470.161,468.505,414,8
ht_0_hightown_a3,1169,2.63415e+06,468.593,468.593,429,8
ht_0_hightown_a3,1170,1.79982e+06,475.894,475.894,445,8
ht_0_hightown_a3,1171,3.62143e+06,474.848,474.848,422,8
ht_0_hightown_a3,1172,6.52368e+06,473.96,473.96,412,8
ht_0_hightown_a3,1173,5.57111e+06,472.149,472.149,428,8
ht_0_hightown_a3,1174,2.00812e+06,474.007,474.007,434,8
ht_0_hightown_a3,1175,5.73214e+06,474.149,474.149,430,8
ht_0_hightown_a3,1176,2.75039e+06,475.723,475.723,444,8
ht_0_hightown_a3,1177,5.05182e+06,475.919,475.919,421,8
ht_0_hightown_a3,1178,8.4353e+06,472.404,472.404,415,8
ht_0_hightown_a3,1179,3.806e+06,473.049,473.049,426,8
ht_0_hightown_a3,1180,5.79587e+06,478.262,476.605,425,8
ht_0_hightown_a3,1181,2.38562e+06,479.137,479.137,447,8
ht_0_hightown_a3,1182,2.56263e+06,477.108,477.108,440,8
ht_0_hightown_a3,1183,3.93773e+06,477.451,477.451,442,8
ht_0_hightown_a3,1184,1.15289e+07,479.865,479.865,444,8
ht_0_hightown_a3,1185,2.66528e+06,477.522,477.522,440,8
ht_0_hightown_a3,1186,3.31569e+06,478.38,478.38,445,8
ht_0_hightown_a3,1187,7.32096e+06,478.522,478.522,441,8
ht_0_hightown_a3,1188,3.39058e+06,479.279,479.279,443,8
ht_0_hightown_a3,1189,6.72683e+06,476.693,476.693,440,8
ht_0_hightown_a3,1190,6.18332e+06,484.132,482.475,423,8
ht_0_hightown_a3,1191,6.89475e+06,480.132,480.132,419,8
ht_0_hightown_a3,1192,3.66381e+06,480.108,480.108,443,8
ht_0_hightown_a3,1193,5.61737e+06,482.889,482.889,423,8
ht_0_hightown_a3,1194,3.75714e+06,480.22,480.22,434,8
ht_0_hightown_a3,1195,5.70207e+06,480.948,480.12,431,8
ht_0_hightown_a3,1196,1.95275e+06,482.451,482.451,447,8
ht_0_hightown_a3,1197,6.32647e+06,482.451,482.451,447,8
ht_0_hightown_a3,1198,3.9163e+06,483.848,483.848,431,8
ht_0_hightown_a3,1199,2.99159e+06,482.279,482.279,446,8
ht_0_hightown_a3,1200,4.14979e+06,487.233,487.233,429,8
ht_0_hightown_a3,1201,3.9679e+06,487.333,487.333,432,8
ht_0_hightown_a3,1202,4.12219e+06,486.693,486.693,450,8
ht_0_hightown_a3,1203,8.43094e+06,484.09,484.09,430,8
ht_0_hightown_a3,1204,4.31977e+06,488.593,485.764,449,8
ht_0_hightown_a3,1205,1.2415e+07,484.35,484.35,446,8
ht_0_hightown_a3,1206,2.25459e+06,487.007,487.007,447,8
ht_0_hightown_a3,1207,3.87548e+06,484.948,484.948,435,8
ht_0_hightown_a3,1208,1.10626e+07,487.919,486.262,433,8
ht_0_hightown_a3,1209,4.69158e+06,486.262,486.262,433,8
ht_0_hightown_a3,1210,3.68488e+06,489.836,489.836,449,8
ht_0_hightown_a3,1211,4.97829e+06,489.919,489.919,435,8
ht_0_hightown_a3,1212,4.4193e+06,490.09,490.09,436,8
ht_0_hightown_a3,1213,3.9592e+06,491.676,490.019,438,8
ht_0_hightown_a3,1214,2.66248e+06,489.806,489.806,444,8
ht_0_hightown_a3,1215,4.41471e+06,490.605,489.777,439,8
ht_0_hightown_a3,1216,2.32162e+06,491.179,491.179,452,8
ht_0_hightown_a3,1217,1.33615e+07,490.007,490.007,450,8
ht_0_hightown_a3,1218,7.62552e+06,490.818,490.818,433,8
ht_0_hightown_a3,1219,3.40516e+06,490.735,489.078,447,8
ht_0_hightown_a3,1220,5.47136e+06,494.019,494.019,442,8
ht_0_hightown_a3,1221,5.14564e+06,493.12,492.291,444,8
ht_0_hightown_a3,1222,9.34885e+06,493.551,493.551,461,8
ht_0_hightown_a3,1223,7.24479e+06,494.647,494.647,436,8
ht_0_hightown_a3,1224,2.30948e+06,494.48,494.48,464,8
ht_0_hightown_a3,1225,3.40048e+06,495.907,492.149,453,8
ht_0_hightown_a3,1226,3.43076e+06,495.693,495.693,459,8
ht_0_hightown_a3,1227,3.79148e+06,492.693,492.693,456,8
ht_0_hightown_a3,1228,3.92016e+06,493.333,493.333,438,8
ht_0_hightown_a3,1229,3.0394e+06,494.421,494.421,454,8
ht_0_hightown_a3,1230,3.84321e+06,499.96,499.96,438,8
ht_0_hightown_a3,1231,2.66509e+06,497.622,497.622,463,8
ht_0_hightown_a3,1232,4.30399e+06,499.09,497.434,445,8
ht_0_hightown_a3,1233,5.77756e+06,499.304,497.647,439,8
ht_0_hightown_a3,1234,5.52376e+06,497.38,497.38,464,8
ht_0_hightown_a3,1235,4.16239e+06,497.647,497.647,439,8
ht_0_hightown_a3,1236,3.63884e+06,498.434,498.434,446,8
ht_0_hightown_a3,1237,3.54739e+06,496.576,496.576,440,8
ht_0_hightown_a3,1238,5.04565e+06,496.262,496.262,443,8
ht_0_hightown_a3,1239,3.75903e+06,498.777,497.12,448,8
ht_0_hightown_a3,1240,5.27956e+06,502.061,502.061,443,8
ht_0_hightown_a3,1241,4.01713e+06,500.409,500.409,472,8
ht_0_hightown_a3,1242,1.88524e+06,501.522,501.522,464,8
ht_0_hightown_a3,1243,2.20344e+06,501.735,501.735,458,8
ht_0_hightown_a3,1244,2.15134e+06,502.764,502.764,464,8
ht_0_hightown_a3,1245,5.28212e+06,501.421,501.421,461,8
ht_0_hightown_a3,1246,2.17286e+06,502.066,502.066,472,8
ht_0_hightown_a3,1247,5.33684e+06,501.434,501.434,449,8
ht_0_hightown_a3,1248,3.83727e+06,501.576,501.576,445,8
ht_0_hightown_a3,1249,5.06827e+06,500.546,500.546,439,8
ht_0_hightown_a3,1250,5.05772e+06,504.203,504.203,441,8
ht_0_hightown_a3,1251,3.98538e+06,504.647,504.647,446,8
ht_0_hightown_a3,1252,5.17115e+06,508.617,506.96,445,8
ht_0_hightown_a3,1253,3.25354e+06,504.262,504.262,451,8
ht_0_hightown_a3,1254,7.43263e+06,507.919,507.919,453,8
ht_0_hightown_a3,1255,6.7755e+06,507.546,507.546,446,8
ht_0_hightown_a3,1256,4.42024e+06,504.789,504.789,442,8
ht_0_hightown_a3,1257,3.63975e+06,507.421,507.421,467,8
ht_0_hightown_a3,1258,4.64563e+06,506.174,504.517,438,8
ht_0_hightown_a3,1259,5.39159e+06,505.617,505.617,442,8
ht_0_hightown_a3,1260,3.07592e+06,508.149,508.149,464,8
ht_0_hightown_a3,1261,4.81331e+06,510.617,510.617,447,8
ht_0_hightown_a3,1262,9.94326e+06,511.936,511.936,474,8
ht_0_hightown_a3,1263,6.48718e+06,510.333,510.333,455,8
ht_0_hightown_a3,1264,4.57569e+06,509.966,509.966,477,8
ht_0_hightown_a3,1265,5.68364e+06,508.037,508.037,473,8
ht_0_hightown_a3,1266,3.61393e+06,510.789,509.132,448,8
ht_0_hightown_a3,1267,4.5848e+06,509.718,509.718,449,8
ht_0_hightown_a3,1268,4.19973e+06,510.505,510.505,456,8
ht_0_hightown_a3,1269,3.05301e+06,510.078,510.078,468,8
ht_0_hightown_a3,1270,3.62719e+06,515.605,515.605,464,8
ht_0_hightown_a3,1271,8.68178e+06,515.375,515.375,453,8
ht_0_hightown_a3,1272,5.0169e+06,514.617,514.617,451,8
ht_0_hightown_a3,1273,8.60946e+06,514.09,514.09,460,8
ht_0_hightown_a3,1274,7.39481e+06,515.233,515.233,457,8
ht_0_hightown_a3,1275,7.64284e+06,512.647,512.647,454,8
ht_0_hightown_a3,1276,5.91129e+06,513.446,513.446,449,8
ht_0_hightown_a3,1277,7.50161e+06,513.718,513.718,453,8
ht_0_hightown_a3,1278,5.77833e+06,514.894,514.894,484,8
ht_0_hightown_a3,1279,5.46984e+06,513.304,513.304,453,8
ht_0_hightown_a3,1280,2.23292e+06,519.38,519.38,486,8
ht_0_hightown_a3,1281,9.38289e+06,519.304,519.304,459,8
ht_0_hightown_a3,1282,5.17838e+06,517.203,517.203,454,8
ht_0_hightown_a3,1283,2.38512e+06,517.966,517.966,485,8
ht_0_hightown_a3,1284,4.20618e+06,517.233,517.233,459,8
ht_0_hightown_a3,1285,4.22869e+06,520.576,518.919,464,8
ht_0_hightown_a3,1286,4.31515e+06,516.747,516.747,461,8
ht_0_hightown_a3,1287,3.89531e+06,517.161,517.161,461,8
ht_0_hightown_a3,1288,4.81807e+06,518.617,518.617,455,8
ht_0_hightown_a3,1289,4.46107e+06,518.747,518.747,463,8
ht_0_hightown_a3,1290,4.68113e+06,523.818,522.161,466,8
ht_0_hightown_a3,1291,4.43565e+06,521.061,521.061,462,8
ht_0_hightown_a3,1292,5.44366e+06,521.019,521.019,469,8
ht_0_hightown_a3,1293,5.26905e+06,523.002,523.002,454,8
ht_0_hightown_a3,1294,5.3215e+06,520.203,520.203,457,8
ht_0_hightown_a3,1295,5.24688e+06,521.132,521.132,460,8
ht_0_hightown_a3,1296,2.07502e+06,520.635,520.635,474,8
ht_0_hightown_a3,1297,4.63868e+06,522.747,521.09,467,8
ht_0_hightown_a3,1298,6.3016e+06,521.902,521.902,450,8
ht_0_hightown_a3,1299,4.28301e+06,521.718,521.718,461,8
ht_0_hightown_a3,1300,7.12383e+06,527.889,527.889,468,8
ht_0_hightown_a3,1301,2.13887e+06,524.723,524.723,493,8
ht_0_hightown_a3,1302,6.7694e+06,525.416,525.416,456,8
ht_0_hightown_a3,1303,4.86867e+06,524.551,524.551,492,8
ht_0_hightown_a3,1304,4.32162e+06,524.848,524.848,472,8
ht_0_hightown_a3,1305,6.99351e+06,524.718,524.718,464,8
ht_0_hightown_a3,1306,9.00076e+06,524.245,524.245,454,8
ht_0_hightown_a3,1307,7.16817e+06,529.103,527.446,463,8
ht_0_hightown_a3,1308,4.67052e+06,528.99,527.333,472,8
ht_0_hightown_a3,1309,7.45523e+06,525.404,525.404,468,8
