map,scenid,tcost,distance,expect,steps,r
ht_mansion2b,0,2320.8,6.82843,6.82843,7,8
ht_mansion2b,1,1859,7.41421,7.41421,8,8
ht_mansion2b,2,1583.2,7.41421,7.41421,8,8
ht_mansion2b,3,1061.2,7.41421,7.41421,8,8
ht_mansion2b,4,2071.6,7.82843,7.82843,8,8
ht_mansion2b,5,1531.8,6.24264,6.24264,6,8
ht_mansion2b,6,1064.6,5,5,6,8
ht_mansion2b,7,1961.4,7.65685,7.65685,7,8
ht_mansion2b,8,1267.6,6.82843,6.82843,7,8
ht_mansion2b,9,1050.6,5,5,6,8
ht_mansion2b,10,2280.6,10.0711,10.0711,9,8
ht_mansion2b,11,1949.2,9.82843,9.82843,10,8
ht_mansion2b,12,1606.6,8.65685,8.65685,8,8
ht_mansion2b,13,1598.4,8.07107,8.07107,7,8
ht_mansion2b,14,2011,11.0711,11.0711,10,8
ht_mansion2b,15,1840.6,10,10,11,8
ht_mansion2b,16,1540.4,9.07107,9.07107,8,8
ht_mansion2b,17,1807.2,10.8284,10.8284,11,8
ht_mansion2b,18,2598,11.8995,11.8995,10,8
ht_mansion2b,19,1622,8.41421,8.41421,9,8
ht_mansion2b,20,2028,12.4142,12.4142,13,8
ht_mansion2b,21,3317.2,15.4853,15.4853,14,8
ht_mansion2b,22,2953.2,14.8284,14.8284,15,8
ht_mansion2b,23,2194.2,12.2426,12.2426,12,8
ht_mansion2b,24,2895.2,14.2426,14.2426,14,8
ht_mansion2b,25,2770.2,14.7279,14.7279,12,8
ht_mansion2b,26,2479.6,12.0711,12.0711,11,8
ht_mansion2b,27,2278,13.8284,13.8284,14,8
ht_mansion2b,28,3009.8,15.1421,15.1421,12,8
ht_mansion2b,29,3062.4,14.6569,12.4142,14,8
ht_mansion2b,30,3271,19.7279,19.7279,17,8
ht_mansion2b,31,2569.4,16.0711,16.0711,15,8
ht_mansion2b,32,2916.4,16.4853,16.4853,15,8
ht_mansion2b,33,3741.8,19.8995,19.8995,18,8
ht_mansion2b,34,3881.8,19.8995,19.8995,18,8
ht_mansion2b,35,3442,19.2426,19.2426,19,8
ht_mansion2b,36,3255.4,18.3137,18.3137,16,8
ht_mansion2b,37,2911.6,16.8995,16.8995,15,8
ht_mansion2b,38,3288.8,19.3848,19.3848,15,8
ht_mansion2b,39,3443.6,17.6569,17.6569,17,8
ht_mansion2b,40,4266.2,23.9706,23.9706,20,8
ht_mansion2b,41,4548.6,23.6569,23.6569,23,8
ht_mansion2b,42,4914.6,22.7279,21.8995,20,8
ht_mansion2b,43,3161,20.6569,20.6569,20,8
ht_mansion2b,44,3726,23.8995,21.6569,22,8
ht_mansion2b,45,3904.6,22.8284,22.8284,23,8
ht_mansion2b,46,3960.8,20.5563,20.5563,17,8
ht_mansion2b,47,3749.8,22.4853,22.4853,21,8
ht_mansion2b,48,3948.4,23.6569,23.6569,23,8
ht_mansion2b,49,4867.2,23.8995,23.8995,22,8
ht_mansion2b,50,5056.2,24.2132,24.2132,19,8
ht_mansion2b,51,14751.8,26.2426,26.2426,26,8
ht_mansion2b,52,4554.2,25.4142,25.4142,26,8
ht_mansion2b,53,4540.4,24.7279,24.7279,22,8
ht_mansion2b,54,8490.4,26.3137,26.3137,24,8
ht_mansion2b,55,5149,26.3137,26.3137,24,8
ht_mansion2b,56,4390.6,26.3137,26.3137,24,8
ht_mansion2b,57,4349.6,24.799,24.799,20,8
ht_mansion2b,58,5280.6,26.6274,26.6274,21,8
ht_mansion2b,59,4220.6,25.8995,24.1421,24,8
ht_mansion2b,60,4956.4,31.0711,31.0711,30,8
ht_mansion2b,61,5834.8,31.1421,31.1421,28,8
ht_mansion2b,62,7917.8,30.7279,28.9706,28,8
ht_mansion2b,63,5321.8,29.4142,29.4142,30,8
ht_mansion2b,64,5358.6,30,30,31,8
ht_mansion2b,65,5207,28.9706,28.9706,25,8
ht_mansion2b,66,7202.4,36.3848,30.9706,32,8
ht_mansion2b,67,4243.6,28.4853,28.4853,27,8
ht_mansion2b,68,12996.4,30.9706,30.1421,27,8
ht_mansion2b,69,5887.4,30.3848,28.1421,26,8
ht_mansion2b,70,6884.6,35.8995,35.8995,34,8
ht_mansion2b,71,12451.2,33.9706,33.1421,30,8
ht_mansion2b,72,6189.4,32.7279,32.7279,30,8
ht_mansion2b,73,6444.8,35.3848,34.2132,31,8
ht_mansion2b,74,21885.6,34.7279,34.7279,32,8
ht_mansion2b,75,6902.8,36.4558,35.6274,30,8
ht_mansion2b,76,4822.4,33.8284,33.8284,34,8
ht_mansion2b,77,30411.6,33.3137,33.3137,31,8
ht_mansion2b,78,4365,35.6569,34.8284,35,8
ht_mansion2b,79,12516.6,34.6569,34.6569,34,8
ht_mansion2b,80,7792,38.1127,38.1127,30,8
ht_mansion2b,81,7247.8,37,37,38,8
ht_mansion2b,82,7897.8,39.4558,39.4558,33,8
ht_mansion2b,83,7788,42.0416,39.2132,36,8
ht_mansion2b,84,6604.8,39.9706,39.9706,36,8
ht_mansion2b,85,6237.6,36.8284,36.8284,37,8
ht_mansion2b,86,6827.2,38.8995,38.3137,37,8
ht_mansion2b,87,7329.8,38.2843,38.2843,31,8
ht_mansion2b,88,6009,38.8284,38.8284,39,8
ht_mansion2b,89,7387.2,39.7279,37.4853,37,8
ht_mansion2b,90,7942.8,44.9706,42.7279,41,8
ht_mansion2b,91,10182.8,45.8701,41.3848,39,8
ht_mansion2b,92,25063,42.3848,41.799,38,8
ht_mansion2b,93,318387,40.5563,40.5563,37,8
ht_mansion2b,94,45279.8,40.8995,40.8995,39,8
ht_mansion2b,95,227929,43.8284,43.8284,44,8
ht_mansion2b,96,9061.6,41.4853,41.4853,40,8
ht_mansion2b,97,149133,43.4853,43.4853,42,8
ht_mansion2b,98,7098,44.3137,42.6569,42,8
ht_mansion2b,99,16301.8,41.8995,41.0711,40,8
ht_mansion2b,100,75210,44.4853,44.4853,43,8
ht_mansion2b,101,105914,47.1421,47.1421,44,8
ht_mansion2b,102,8829.4,47.1421,45.4853,44,8
ht_mansion2b,103,228925,47.799,47.799,43,8
ht_mansion2b,104,11345.4,50.3848,46.7279,46,8
ht_mansion2b,105,39572.4,49.2843,47.6274,42,8
ht_mansion2b,106,20842,53.4264,46.6985,42,8
ht_mansion2b,107,8327.4,47.2426,47.2426,47,8
ht_mansion2b,108,18432.8,48.6985,44.2132,41,8
ht_mansion2b,109,8359.4,47.3848,47.3848,43,8
ht_mansion2b,110,140413,48.8284,48.8284,49,8
ht_mansion2b,111,10382,53.4558,51.799,47,8
ht_mansion2b,112,8503.4,49.3848,49.3848,45,8
ht_mansion2b,113,35045.6,51.1421,49.7279,48,8
ht_mansion2b,114,9598.4,49.9706,48.3137,46,8
ht_mansion2b,115,41213.6,52.9411,51.2843,44,8
ht_mansion2b,116,147367,50.8284,50.8284,51,8
ht_mansion2b,117,11690.4,54.2843,51.2132,47,8
ht_mansion2b,118,7833,50.7279,49.3137,48,8
ht_mansion2b,119,313447,53.6274,51.1421,48,8
ht_mansion2b,120,8958.6,55.8995,55.8995,54,8
ht_mansion2b,121,107989,52.6569,52.6569,52,8
ht_mansion2b,122,8357.2,52.3848,52.3848,48,8
ht_mansion2b,123,173384,52.6274,52.6274,47,8
ht_mansion2b,124,161768,52.7279,52.7279,50,8
ht_mansion2b,125,81853.2,55.8284,55.8284,56,8
ht_mansion2b,126,309612,55.8284,55.8284,56,8
ht_mansion2b,127,14169.6,52.0711,52.0711,51,8
ht_mansion2b,128,11096.8,53.2843,52.4558,46,8
ht_mansion2b,129,16762.8,63.2132,55.6569,58,8
ht_mansion2b,130,16854.6,64.7696,59.4558,55,8
ht_mansion2b,131,53630.8,63.5269,58.4558,55,8
ht_mansion2b,132,273706,56.2132,56.2132,51,8
ht_mansion2b,133,75441.6,56.7279,56.7279,54,8
ht_mansion2b,134,10489,58.2132,58.2132,53,8
ht_mansion2b,135,47256,59.3137,59.3137,57,8
ht_mansion2b,136,213443,58.8995,58.8995,57,8
ht_mansion2b,137,210389,59.7279,59.7279,57,8
ht_mansion2b,138,12639,58.598,57.7696,48,8
ht_mansion2b,139,104038,57.1421,57.1421,54,8
ht_mansion2b,140,13531.2,62.3259,62.3259,48,8
ht_mansion2b,141,141705,60.2132,60.2132,55,8
ht_mansion2b,142,401562,63.5563,60.9706,60,8
ht_mansion2b,143,17437.6,67.4558,62.1421,61,8
ht_mansion2b,144,17596,66.2132,63.1421,61,8
ht_mansion2b,145,306355,62.1421,62.1421,59,8
ht_mansion2b,146,154895,63.5563,63.5563,60,8
ht_mansion2b,147,67191.8,60.3848,60.3848,56,8
ht_mansion2b,148,15225.4,68.4264,63.1127,57,8
ht_mansion2b,149,12209.6,65.8995,63.0711,64,8
ht_mansion2b,150,172042,66.2843,66.2843,59,8
ht_mansion2b,151,74736.4,71.8701,66.8995,65,8
ht_mansion2b,152,35975.2,72.1838,67.6985,62,8
ht_mansion2b,153,32115.4,64.2426,64.2426,64,8
ht_mansion2b,154,156290,67.799,67.799,63,8
ht_mansion2b,155,11689.6,69.5269,67.2843,61,8
ht_mansion2b,156,78701.6,66.2426,66.2426,66,8
ht_mansion2b,157,80595.8,71.3553,66.6274,62,8
ht_mansion2b,158,15630.6,71.3848,66.8995,67,8
ht_mansion2b,159,614819,65.9706,65.9706,62,8
ht_mansion2b,160,15428.4,70.6985,69.8701,63,8
ht_mansion2b,161,388365,68.2426,68.2426,68,8
ht_mansion2b,162,60518.8,70.3137,70.3137,68,8
ht_mansion2b,163,406783,70.3553,69.5269,61,8
ht_mansion2b,164,132787,69.1838,69.1838,59,8
ht_mansion2b,165,252906,68.5563,68.5563,65,8
ht_mansion2b,166,124494,71.1127,71.1127,63,8
ht_mansion2b,167,14814.4,69.4264,69.4264,58,8
ht_mansion2b,168,16507.2,70.1127,70.1127,62,8
ht_mansion2b,169,1.30107e+06,69.4558,69.4558,63,8
ht_mansion2b,170,1.45896e+06,74.799,74.799,70,8
ht_mansion2b,171,16771.4,75.4558,74.0416,69,8
ht_mansion2b,172,16094.4,78.0416,74.9706,72,8
ht_mansion2b,173,28597.2,79.9411,74.6274,71,8
ht_mansion2b,174,141922,75.2843,75.2843,68,8
ht_mansion2b,175,240028,74.5563,74.5563,71,8
ht_mansion2b,176,67071.6,74.9706,74.9706,71,8
ht_mansion2b,177,218348,72.6985,72.6985,65,8
ht_mansion2b,178,98427.6,75.4853,74.6569,74,8
ht_mansion2b,179,44910.2,80.1543,72.6985,65,8
ht_mansion2b,180,42281.4,86.0833,78.6274,73,8
ht_mansion2b,181,159324,78.5563,78.5563,75,8
ht_mansion2b,182,18033.6,77.669,77.669,65,8
ht_mansion2b,183,114465,78.1127,78.1127,70,8
ht_mansion2b,184,822423,77.598,77.598,67,8
ht_mansion2b,185,18725.2,79.3137,76.2426,77,8
ht_mansion2b,186,14855.8,79.4853,78.6569,78,8
ht_mansion2b,187,57845,80.799,79.9706,76,8
ht_mansion2b,188,238440,79.9706,79.9706,76,8
ht_mansion2b,189,207226,78.3848,78.3848,74,8
ht_mansion2b,190,122083,81.4853,81.4853,80,8
ht_mansion2b,191,180133,81.4558,81.4558,75,8
ht_mansion2b,192,387242,80.5563,80.5563,77,8
ht_mansion2b,193,323702,80.7279,80.7279,78,8
ht_mansion2b,194,369874,83.6985,83.6985,76,8
ht_mansion2b,195,112478,80.3137,80.3137,78,8
ht_mansion2b,196,14724.8,82.6274,81.2132,77,8
ht_mansion2b,197,707679,83.6274,80.3137,78,8
ht_mansion2b,198,18671.2,85.0833,82.598,72,8
ht_mansion2b,199,1.05153e+06,81.0416,81.0416,75,8
ht_mansion2b,200,418985,85.799,85.799,81,8
ht_mansion2b,201,54237.8,85.3137,85.3137,83,8
ht_mansion2b,202,83786,85.2132,85.2132,80,8
ht_mansion2b,203,195420,85.598,85.598,75,8
ht_mansion2b,204,49246.2,87.1127,85.1127,79,8
ht_mansion2b,205,240204,86.6985,86.6985,79,8
ht_mansion2b,206,337819,87.8995,87.8995,86,8
ht_mansion2b,207,314486,84.5563,84.5563,81,8
ht_mansion2b,208,203153,87.9828,87.9828,72,8
ht_mansion2b,209,16400.6,85.0711,84.2426,84,8
ht_mansion2b,210,39199,92.5269,89.9411,84,8
ht_mansion2b,211,247300,89.8701,89.8701,83,8
ht_mansion2b,212,24108.8,97.3553,91.2132,88,8
ht_mansion2b,213,392940,89.3553,88.5269,80,8
ht_mansion2b,214,617268,89.9706,89.9706,86,8
ht_mansion2b,215,178125,95.4558,89.3137,89,8
ht_mansion2b,216,339455,88.2132,88.2132,83,8
ht_mansion2b,217,66681,92.6274,88.9706,87,8
ht_mansion2b,218,34610,92.2843,90.6274,85,8
ht_mansion2b,219,200803,89.7696,89.7696,80,8
ht_mansion2b,220,547736,93.2843,93.2843,86,8
ht_mansion2b,221,148818,94.2548,94.2548,82,8
ht_mansion2b,222,479000,94.799,94.799,90,8
ht_mansion2b,223,562246,93.9411,93.9411,85,8
ht_mansion2b,224,276922,92.0416,92.0416,86,8
ht_mansion2b,225,198723,94.7696,93.1127,85,8
ht_mansion2b,226,572620,92.3553,92.3553,83,8
ht_mansion2b,227,359021,95.6985,95.6985,88,8
ht_mansion2b,228,158431,94.5563,94.5563,91,8
ht_mansion2b,229,887795,92.3553,92.3553,83,8
ht_mansion2b,230,427285,99.2132,99.2132,94,8
ht_mansion2b,231,324651,96.3259,96.3259,82,8
ht_mansion2b,232,55565.2,97.1543,97.1543,82,8
ht_mansion2b,233,108127,96.3553,96.3553,87,8
ht_mansion2b,234,264099,97.598,97.598,87,8
ht_mansion2b,235,136399,98.7401,98.7401,84,8
ht_mansion2b,236,1.0169e+06,99.9706,99.9706,96,8
ht_mansion2b,237,19695.6,98.3259,96.0833,84,8
ht_mansion2b,238,983499,98.8406,98.8406,87,8
ht_mansion2b,239,138651,97.5563,97.5563,94,8
ht_mansion2b,240,493007,100.728,100.728,98,8
ht_mansion2b,241,373279,103.385,103.385,99,8
ht_mansion2b,242,227262,100.083,100.083,87,8
ht_mansion2b,243,280412,103.627,103.627,98,8
ht_mansion2b,244,371602,103.042,103.042,97,8
ht_mansion2b,245,185811,102.87,102.87,96,8
ht_mansion2b,246,976285,102.142,102.142,99,8
ht_mansion2b,247,181309,103.698,103.698,96,8
ht_mansion2b,248,333144,102.87,102.87,96,8
ht_mansion2b,249,26881.8,101.87,100.698,95,8
ht_mansion2b,250,573338,104.912,104.912,91,8
ht_mansion2b,251,29277.4,110.355,107.284,101,8
ht_mansion2b,252,39619.4,108.74,107.912,94,8
ht_mansion2b,253,164165,107.87,107.87,101,8
ht_mansion2b,254,264578,105.142,104.314,102,8
ht_mansion2b,255,163215,112.225,106.912,95,8
ht_mansion2b,256,125266,104.77,104.77,95,8
ht_mansion2b,257,264230,104.841,104.841,93,8
ht_mansion2b,258,279990,105.314,105.314,103,8
ht_mansion2b,259,30384,105.657,105.657,105,8
ht_mansion2b,260,298044,112.255,111.426,100,8
ht_mansion2b,261,733484,109.598,109.598,99,8
ht_mansion2b,262,36515.4,114.113,111.627,106,8
ht_mansion2b,263,650827,111.213,111.213,106,8
ht_mansion2b,264,249490,111.941,111.941,103,8
ht_mansion2b,265,395583,110.113,110.113,102,8
ht_mansion2b,266,298523,111.87,111.87,105,8
ht_mansion2b,267,1.19225e+06,111.912,111.912,98,8
ht_mansion2b,268,458166,109.941,109.941,101,8
ht_mansion2b,269,319601,110.899,110.899,109,8
ht_mansion2b,270,429522,112.971,112.971,109,8
ht_mansion2b,271,694611,113.811,113.811,97,8
ht_mansion2b,272,596900,114.012,114.012,103,8
ht_mansion2b,273,62122,114.456,113.627,108,8
ht_mansion2b,274,502107,113.113,113.113,105,8
ht_mansion2b,275,91228,115.728,115.728,113,8
ht_mansion2b,276,870308,113.527,113.527,105,8
ht_mansion2b,277,210256,115.77,115.77,106,8
ht_mansion2b,278,160896,113.296,113.296,94,8
ht_mansion2b,279,933473,112.799,112.799,108,8
ht_mansion2b,280,125708,119.598,118.77,109,8
ht_mansion2b,281,309895,117.355,117.355,108,8
ht_mansion2b,282,979759,116.113,116.113,108,8
ht_mansion2b,283,404649,119.456,119.456,113,8
ht_mansion2b,284,562566,116.627,116.627,111,8
ht_mansion2b,285,240072,119.527,119.527,111,8
ht_mansion2b,286,900313,118.569,117.154,103,8
ht_mansion2b,287,402736,117.87,117.87,111,8
ht_mansion2b,288,477668,119.255,119.255,107,8
ht_mansion2b,289,347250,123.255,117.698,111,8
ht_mansion2b,290,1.12901e+06,122.77,122.77,113,8
ht_mansion2b,291,261197,122.385,122.385,118,8
ht_mansion2b,292,553243,122.184,122.184,112,8
ht_mansion2b,293,289968,122.385,122.385,118,8
ht_mansion2b,294,319156,120.627,120.627,115,8
ht_mansion2b,295,316139,121.255,121.255,109,8
ht_mansion2b,296,491226,122.213,121.385,117,8
ht_mansion2b,297,675177,120.385,120.385,116,8
ht_mansion2b,298,554897,121.799,121.799,117,8
ht_mansion2b,299,69869,127.912,122.598,114,8
ht_mansion2b,300,349218,127.326,127.326,113,8
ht_mansion2b,301,548919,127.456,127.456,121,8
ht_mansion2b,302,412563,124.728,124.728,122,8
ht_mansion2b,303,453364,124.811,124.811,108,8
ht_mansion2b,304,1.01096e+06,124.397,124.397,108,8
ht_mansion2b,305,208742,127.527,127.527,119,8
ht_mansion2b,306,464363,126.355,126.355,117,8
ht_mansion2b,307,160116,128.042,125.799,122,8
ht_mansion2b,308,1.71894e+06,127.355,127.355,118,8
ht_mansion2b,309,798477,124.569,124.569,109,8
ht_mansion2b,310,531339,129.527,129.527,121,8
ht_mansion2b,311,670797,128.497,128.497,115,8
ht_mansion2b,312,120762,132.497,128.598,119,8
ht_mansion2b,313,656695,129.196,129.196,107,8
ht_mansion2b,314,310421,129.882,129.882,111,8
ht_mansion2b,315,477769,129.77,129.77,120,8
ht_mansion2b,316,695554,133.154,128.669,118,8
ht_mansion2b,317,783560,130.711,130.711,111,8
ht_mansion2b,318,212533,129.77,129.77,120,8
ht_mansion2b,319,3.27391e+06,130.983,130.154,115,8
ht_mansion2b,320,161345,132.598,132.598,122,8
ht_mansion2b,321,302494,134.87,134.87,128,8
ht_mansion2b,322,456686,134.527,134.527,126,8
ht_mansion2b,323,1.08607e+06,133.912,133.912,120,8
ht_mansion2b,324,278130,132.669,132.669,120,8
ht_mansion2b,325,250275,135.569,135.569,120,8
ht_mansion2b,326,284574,134.385,134.385,130,8
ht_mansion2b,327,594309,134.255,134.255,122,8
ht_mansion2b,328,991947,132.598,132.598,122,8
ht_mansion2b,329,948912,136.397,134.74,120,8
ht_mansion2b,330,694835,136.882,136.882,118,8
ht_mansion2b,331,809363,137.326,137.326,123,8
ht_mansion2b,332,327711,138.113,138.113,130,8
ht_mansion2b,333,596602,139.054,139.054,121,8
ht_mansion2b,334,787058,138.397,138.397,122,8
ht_mansion2b,335,263518,143.841,137.456,132,8
ht_mansion2b,336,1.71694e+06,138.497,136.012,125,8
ht_mansion2b,337,455884,141.154,139.983,126,8
ht_mansion2b,338,501655,136.698,136.698,129,8
ht_mansion2b,339,464468,136.841,136.841,125,8
ht_mansion2b,340,389508,140.255,140.255,128,8
ht_mansion2b,341,3.01643e+06,144.669,143.012,132,8
ht_mansion2b,342,244103,142.497,142.497,129,8
ht_mansion2b,343,605396,142.255,142.255,130,8
ht_mansion2b,344,879563,143.012,143.012,132,8
ht_mansion2b,345,1.61166e+06,140.456,140.456,134,8
ht_mansion2b,346,471689,140.971,140.971,137,8
ht_mansion2b,347,403648,143.841,143.841,132,8
ht_mansion2b,348,763851,144.598,142.113,134,8
ht_mansion2b,349,1.29178e+06,140.083,140.083,127,8
ht_mansion2b,350,611964,145.941,145.941,137,8
ht_mansion2b,351,1.00079e+06,144.154,144.154,129,8
ht_mansion2b,352,161202,146.983,146.983,131,8
ht_mansion2b,353,560960,145.77,145.77,136,8
ht_mansion2b,354,539987,144.314,144.314,142,8
ht_mansion2b,355,191770,144.74,144.74,130,8
ht_mansion2b,356,3.00389e+06,146.74,146.74,132,8
ht_mansion2b,357,656733,146.627,146.627,141,8
ht_mansion2b,358,458346,144.196,144.196,122,8
ht_mansion2b,359,696425,145.711,145.711,126,8
ht_mansion2b,360,1.55387e+06,148.912,148.912,135,8
ht_mansion2b,361,1.16882e+06,154.64,150.74,137,8
ht_mansion2b,362,1.46283e+06,150.912,150.912,137,8
ht_mansion2b,363,478822,151.983,151.983,136,8
ht_mansion2b,364,391097,150.569,150.569,135,8
ht_mansion2b,365,269763,150.385,150.385,146,8
ht_mansion2b,366,262885,151.083,150.497,138,8
ht_mansion2b,367,749718,151.426,151.426,140,8
ht_mansion2b,368,409081,151.941,151.941,143,8
ht_mansion2b,369,409596,151.456,151.456,145,8
ht_mansion2b,370,500408,153.74,153.74,139,8
ht_mansion2b,371,311851,153.569,153.569,138,8
ht_mansion2b,372,901450,155.941,155.941,147,8
ht_mansion2b,373,564642,154.669,154.669,142,8
ht_mansion2b,374,670770,152.225,152.225,135,8
ht_mansion2b,375,1.51957e+06,152.255,152.255,140,8
ht_mansion2b,376,325586,154.296,154.296,135,8
ht_mansion2b,377,1.04234e+06,152.598,152.598,142,8
ht_mansion2b,378,655560,153.711,153.711,134,8
ht_mansion2b,379,231662,152.598,152.598,142,8
ht_mansion2b,380,349946,158.912,158.912,145,8
ht_mansion2b,381,691318,157.941,157.941,149,8
ht_mansion2b,382,716371,157.77,157.77,148,8
ht_mansion2b,383,1.1682e+06,157.154,157.154,142,8
ht_mansion2b,384,860298,156.711,156.711,137,8
ht_mansion2b,385,416523,157.983,157.983,142,8
ht_mansion2b,386,224647,158.527,158.527,150,8
ht_mansion2b,387,1.57982e+06,159.74,159.74,145,8
ht_mansion2b,388,187666,156.184,156.184,146,8
ht_mansion2b,389,326510,160.326,159.397,146,8
ht_mansion2b,390,338147,160.397,160.397,144,8
ht_mansion2b,391,429248,162.598,162.598,152,8
ht_mansion2b,392,518779,163.711,162.882,144,8
ht_mansion2b,393,2.37e+06,160.083,160.083,147,8
ht_mansion2b,394,631026,161.669,161.669,149,8
ht_mansion2b,395,699226,163.113,163.113,155,8
ht_mansion2b,396,1.09553e+06,160.113,160.113,152,8
ht_mansion2b,397,451072,163.326,163.326,149,8
ht_mansion2b,398,1.79747e+06,161.841,161.841,150,8
ht_mansion2b,399,932154,162.64,162.64,145,8
ht_mansion2b,400,279907,165.77,165.77,156,8
ht_mansion2b,401,998908,167.125,167.125,147,8
ht_mansion2b,402,775412,167.255,167.255,155,8
ht_mansion2b,403,1.99806e+06,167.213,167.213,162,8
ht_mansion2b,404,335201,167.326,167.326,153,8
ht_mansion2b,405,486300,166.811,166.811,150,8
ht_mansion2b,406,597330,167.64,167.64,150,8
ht_mansion2b,407,663646,167.669,167.669,155,8
ht_mansion2b,408,878213,166.113,166.113,158,8
ht_mansion2b,409,258375,166.397,166.397,150,8
ht_mansion2b,410,548501,169.77,169.77,160,8
ht_mansion2b,411,506166,171.983,171.983,156,8
ht_mansion2b,412,731738,171.225,171.225,154,8
ht_mansion2b,413,476648,168.012,168.012,157,8
ht_mansion2b,414,504230,170.598,170.598,160,8
ht_mansion2b,415,611155,170.355,170.355,161,8
ht_mansion2b,416,503422,168.225,168.225,151,8
ht_mansion2b,417,780484,170.355,170.355,161,8
ht_mansion2b,418,213648,168.941,168.941,160,8
ht_mansion2b,419,726280,169.598,169.598,159,8
ht_mansion2b,420,499820,175.811,175.811,159,8
ht_mansion2b,421,299569,173.296,173.296,154,8
ht_mansion2b,422,1.65184e+06,174.397,174.397,158,8
ht_mansion2b,423,1.20804e+06,172.77,172.77,163,8
ht_mansion2b,424,1.05475e+06,174.74,174.74,160,8
ht_mansion2b,425,574952,173.426,173.426,162,8
ht_mansion2b,426,302271,175.669,175.669,163,8
ht_mansion2b,427,477206,173.326,173.326,159,8
ht_mansion2b,428,750834,174.74,174.74,160,8
ht_mansion2b,429,100408,175.77,174.941,166,8
ht_mansion2b,430,1.53021e+06,178.439,178.439,155,8
ht_mansion2b,431,1.47103e+06,176.64,176.64,159,8
ht_mansion2b,432,1.08697e+06,176.054,176.054,158,8
ht_mansion2b,433,3.91887e+06,176.598,176.598,166,8
ht_mansion2b,434,1.96214e+06,178.912,178.912,165,8
ht_mansion2b,435,499215,180.569,179.74,165,8
ht_mansion2b,436,1.01947e+06,176.74,176.74,162,8
ht_mansion2b,437,286965,178.497,178.497,165,8
ht_mansion2b,438,3.52296e+06,177.74,177.74,163,8
ht_mansion2b,439,229166,180.782,178.539,159,8
ht_mansion2b,440,826145,182.527,182.527,174,8
ht_mansion2b,441,1.55848e+06,180.811,180.811,164,8
ht_mansion2b,442,916699,181.841,181.841,170,8
ht_mansion2b,443,549560,183.225,183.225,166,8
ht_mansion2b,444,940646,181.326,181.326,167,8
ht_mansion2b,445,1.6702e+06,180.154,180.154,165,8
ht_mansion2b,446,1.54614e+06,182.497,182.497,169,8
ht_mansion2b,447,792106,183.255,183.255,171,8
ht_mansion2b,448,3.48006e+06,183.439,183.439,160,8
ht_mansion2b,449,1.24819e+06,181.054,181.054,163,8
ht_mansion2b,450,2.40732e+06,185.255,185.255,173,8
ht_mansion2b,451,1.00181e+06,185.368,185.368,164,8
ht_mansion2b,452,411170,184.711,184.711,165,8
ht_mansion2b,453,342612,187.439,187.439,164,8
ht_mansion2b,454,374098,184.054,184.054,166,8
ht_mansion2b,455,365316,185.255,185.255,173,8
ht_mansion2b,456,699156,187.397,187.397,171,8
ht_mansion2b,457,456102,187.74,187.74,173,8
ht_mansion2b,458,833610,185.811,185.811,169,8
ht_mansion2b,459,935788,184.853,184.853,161,8
ht_mansion2b,460,1.82588e+06,191.296,191.296,172,8
ht_mansion2b,461,2.20844e+06,189.125,189.125,169,8
ht_mansion2b,462,1.52528e+06,191.024,190.196,168,8
ht_mansion2b,463,182043,190.054,190.054,172,8
ht_mansion2b,464,621144,188.468,188.468,170,8
ht_mansion2b,465,513711,188.083,188.083,175,8
ht_mansion2b,466,772650,191.296,191.296,172,8
ht_mansion2b,467,638825,190.024,190.024,167,8
ht_mansion2b,468,1.1897e+06,191.497,191.497,178,8
ht_mansion2b,469,458223,189.539,189.539,169,8
ht_mansion2b,470,1.12637e+06,195.74,195.74,181,8
ht_mansion2b,471,1.17766e+06,193.669,193.669,181,8
ht_mansion2b,472,1.25982e+06,193.054,193.054,175,8
ht_mansion2b,473,801216,194.983,194.983,179,8
ht_mansion2b,474,305445,194.77,194.77,185,8
ht_mansion2b,475,461751,195.539,195.539,175,8
ht_mansion2b,476,2.17786e+06,193.74,193.74,179,8
ht_mansion2b,477,4.88619e+06,194.853,194.853,171,8
ht_mansion2b,478,1.49501e+06,195.811,195.811,179,8
ht_mansion2b,479,3.64333e+06,194.296,194.296,175,8
ht_mansion2b,480,800765,197.853,197.853,174,8
ht_mansion2b,481,3.18954e+06,197.083,197.083,184,8
ht_mansion2b,482,1.12348e+06,198.953,198.953,178,8
ht_mansion2b,483,862912,199.669,199.669,187,8
ht_mansion2b,484,1.28389e+06,197.125,197.125,177,8
ht_mansion2b,485,741135,196.669,196.669,184,8
ht_mansion2b,486,1.21426e+06,197.669,197.669,185,8
ht_mansion2b,487,942835,199.426,199.426,188,8
ht_mansion2b,488,401178,199.439,199.439,176,8
ht_mansion2b,489,1.03076e+06,196.368,196.368,175,8
ht_mansion2b,490,561070,201.024,201.024,178,8
ht_mansion2b,491,1.13779e+06,200.811,200.811,184,8
ht_mansion2b,492,581471,201.64,201.64,184,8
ht_mansion2b,493,926258,205.296,203.64,186,8
ht_mansion2b,494,1.174e+06,203.154,203.154,188,8
ht_mansion2b,495,1.27244e+06,201.154,201.154,186,8
ht_mansion2b,496,1.60211e+06,200.569,200.569,185,8
ht_mansion2b,497,448238,201.669,201.669,189,8
ht_mansion2b,498,1.40194e+06,200.882,200.882,182,8
ht_mansion2b,499,1.11848e+06,202.497,202.497,189,8
ht_mansion2b,500,752812,204.711,204.711,185,8
ht_mansion2b,501,1.18354e+06,204.711,204.711,185,8
ht_mansion2b,502,676569,204.882,204.882,186,8
ht_mansion2b,503,3.59047e+06,207.296,207.296,188,8
ht_mansion2b,504,1.15239e+06,205.983,205.983,190,8
ht_mansion2b,505,602021,205.539,205.539,185,8
ht_mansion2b,506,603168,205.468,205.468,187,8
ht_mansion2b,507,379431,205.912,205.912,192,8
ht_mansion2b,508,1.5676e+06,206.51,206.51,181,8
ht_mansion2b,509,552160,205.267,205.267,181,8
ht_mansion2b,510,725614,211.811,211.811,195,8
ht_mansion2b,511,981184,211.125,208.054,191,8
ht_mansion2b,512,682401,210.326,210.326,196,8
ht_mansion2b,513,689968,211.024,211.024,188,8
ht_mansion2b,514,1.37876e+06,211.912,211.912,198,8
ht_mansion2b,515,1.31791e+06,211.054,211.054,193,8
ht_mansion2b,516,1.72099e+06,210.782,210.782,189,8
ht_mansion2b,517,442084,209.083,209.083,196,8
ht_mansion2b,518,1.47189e+06,211.681,211.681,187,8
ht_mansion2b,519,664300,210.054,210.054,192,8
ht_mansion2b,520,1.59416e+06,214.811,214.811,198,8
ht_mansion2b,521,904887,212.167,212.167,185,8
ht_mansion2b,522,519953,213.267,213.267,189,8
ht_mansion2b,523,1.98343e+06,213.569,213.569,198,8
ht_mansion2b,524,586019,213.355,213.355,204,8
ht_mansion2b,525,2.12216e+06,215.368,215.368,194,8
ht_mansion2b,526,888137,216.054,215.225,198,8
ht_mansion2b,527,847253,215.894,215.894,185,8
ht_mansion2b,528,4.17418e+06,215.468,215.468,197,8
ht_mansion2b,529,1.06619e+06,214.711,214.711,195,8
ht_mansion2b,530,1.13818e+06,218.64,218.64,201,8
ht_mansion2b,531,721542,218.782,218.782,197,8
ht_mansion2b,532,1.91387e+06,217.983,217.983,202,8
ht_mansion2b,533,3.12915e+06,219.054,219.054,201,8
ht_mansion2b,534,1.91743e+06,221.74,219.255,207,8
ht_mansion2b,535,2.99815e+06,218.74,218.74,204,8
ht_mansion2b,536,2.13641e+06,219.953,219.125,199,8
ht_mansion2b,537,682156,218.782,218.782,197,8
ht_mansion2b,538,1.39033e+06,217.196,217.196,195,8
ht_mansion2b,539,494558,216.397,216.397,200,8
ht_mansion2b,540,821151,221.539,221.539,201,8
ht_mansion2b,541,2.96459e+06,222.054,221.468,204,8
ht_mansion2b,542,2.08595e+06,223.095,223.095,198,8
ht_mansion2b,543,1.5021e+06,220.912,220.912,207,8
ht_mansion2b,544,1.84307e+06,221.752,221.752,195,8
ht_mansion2b,545,1.32989e+06,221.882,221.882,203,8
ht_mansion2b,546,778074,221.309,221.309,190,8
ht_mansion2b,547,1.06118e+06,221.882,221.882,203,8
ht_mansion2b,548,291016,220.598,220.598,210,8
ht_mansion2b,549,1.03429e+06,221.811,221.811,205,8
ht_mansion2b,550,1.0547e+06,224.326,224.326,210,8
ht_mansion2b,551,1.61672e+06,226.296,226.296,207,8
ht_mansion2b,552,1.46441e+06,227.326,227.326,213,8
ht_mansion2b,553,625844,227.024,227.024,204,8
ht_mansion2b,554,1.13956e+06,229.296,227.64,210,8
ht_mansion2b,555,2.30623e+06,227.238,227.238,198,8
ht_mansion2b,556,1.8489e+06,225.894,225.894,195,8
ht_mansion2b,557,994599,227.095,227.095,202,8
ht_mansion2b,558,1.41507e+06,224.296,224.296,205,8
ht_mansion2b,559,1.06152e+06,226.054,226.054,208,8
ht_mansion2b,560,1.69691e+06,230.125,230.125,210,8
ht_mansion2b,561,1.25599e+06,229.61,229.61,207,8
ht_mansion2b,562,994414,231.154,231.154,216,8
ht_mansion2b,563,960757,230.095,230.095,205,8
ht_mansion2b,564,927188,228.782,228.782,207,8
ht_mansion2b,565,815524,229.054,229.054,211,8
ht_mansion2b,566,941710,229.924,229.924,204,8
ht_mansion2b,567,921533,228.539,228.539,208,8
ht_mansion2b,568,3.06623e+06,230.853,230.853,207,8
ht_mansion2b,569,2.07486e+06,229.468,229.468,211,8
ht_mansion2b,570,2.00813e+06,232.397,232.397,216,8
ht_mansion2b,571,3.00929e+06,233.853,233.853,210,8
ht_mansion2b,572,909969,235.066,235.066,205,8
ht_mansion2b,573,961387,233.983,233.983,218,8
ht_mansion2b,574,1.83467e+06,233.61,233.61,211,8
ht_mansion2b,575,1.45382e+06,232.167,232.167,205,8
ht_mansion2b,576,1.4022e+06,233.539,233.539,213,8
ht_mansion2b,577,1.27953e+06,233.409,233.409,205,8
ht_mansion2b,578,2.08975e+06,233.983,233.983,218,8
ht_mansion2b,579,995857,232.196,232.196,210,8
ht_mansion2b,580,1.72746e+06,237.681,237.681,213,8
ht_mansion2b,581,1.91103e+06,238.225,238.225,221,8
ht_mansion2b,582,1.69772e+06,237.652,237.652,208,8
ht_mansion2b,583,634147,236.924,236.924,211,8
ht_mansion2b,584,2.06504e+06,237.61,237.61,215,8
ht_mansion2b,585,1.17952e+06,236.681,236.681,212,8
ht_mansion2b,586,1.13475e+06,239.711,239.711,220,8
ht_mansion2b,587,4.14292e+06,236.995,236.995,209,8
ht_mansion2b,588,1.00509e+06,238.066,238.066,208,8
ht_mansion2b,589,1.64386e+06,237.024,237.024,214,8
ht_mansion2b,590,1.46146e+06,243.539,243.539,223,8
ht_mansion2b,591,686282,240.569,240.569,225,8
ht_mansion2b,592,581915,240.539,240.539,220,8
ht_mansion2b,593,1.85006e+06,242.681,242.681,218,8
ht_mansion2b,594,1.09287e+06,240.154,240.154,225,8
ht_mansion2b,595,1.01929e+06,241.953,241.953,221,8
ht_mansion2b,596,838859,240.296,240.296,221,8
ht_mansion2b,597,682732,241.711,241.711,222,8
ht_mansion2b,598,734398,241.095,241.095,216,8
ht_mansion2b,599,1.30654e+06,242.782,242.782,221,8
ht_mansion2b,600,2.46842e+06,244.024,244.024,221,8
ht_mansion2b,601,3.74036e+06,244.368,244.368,223,8
ht_mansion2b,602,1.07541e+06,247.024,247.024,224,8
ht_mansion2b,603,1.80898e+06,245.225,245.225,228,8
ht_mansion2b,604,1.57964e+06,244.953,244.953,224,8
ht_mansion2b,605,815494,247.752,247.752,221,8
ht_mansion2b,606,1.41028e+06,244.024,244.024,221,8
ht_mansion2b,607,611984,246.782,246.782,225,8
ht_mansion2b,608,1.24642e+06,244.782,244.782,223,8
ht_mansion2b,609,758736,247.924,247.924,222,8
ht_mansion2b,610,2.05343e+06,249.581,249.581,222,8
ht_mansion2b,611,724325,248.953,248.125,228,8
ht_mansion2b,612,1.64084e+06,251.782,251.782,230,8
ht_mansion2b,613,1.50767e+06,255.196,250.125,233,8
ht_mansion2b,614,2.5315e+06,250.309,250.309,219,8
ht_mansion2b,615,1.89656e+06,248.368,248.368,227,8
ht_mansion2b,616,3.30441e+06,251.439,251.439,228,8
ht_mansion2b,617,1.67162e+06,248.853,248.853,225,8
ht_mansion2b,618,1.27352e+06,248.125,248.125,228,8
ht_mansion2b,619,1.25261e+06,250.853,250.853,227,8
ht_mansion2b,620,2.78095e+06,252.823,252.823,224,8
ht_mansion2b,621,4.28682e+06,254.966,254.966,222,8
ht_mansion2b,622,983090,253.853,253.853,230,8
ht_mansion2b,623,1.04504e+06,258.995,253.681,231,8
ht_mansion2b,624,1.30009e+06,253.468,253.468,235,8
ht_mansion2b,625,825462,253.125,253.125,233,8
ht_mansion2b,626,3.79979e+06,254.054,253.225,236,8
ht_mansion2b,627,1.10698e+06,253.581,253.581,226,8
ht_mansion2b,628,1.88828e+06,252.711,252.711,233,8
ht_mansion2b,629,3.02528e+06,253.054,253.054,235,8
ht_mansion2b,630,2.01878e+06,258.51,258.51,233,8
ht_mansion2b,631,2.09586e+06,258.368,258.368,237,8
ht_mansion2b,632,1.59942e+06,257.752,257.752,231,8
ht_mansion2b,633,1.54303e+06,257.095,257.095,232,8
ht_mansion2b,634,1.92279e+06,259.539,259.539,239,8
ht_mansion2b,635,685123,258.368,258.368,237,8
ht_mansion2b,636,1.73635e+06,257.296,257.296,238,8
ht_mansion2b,637,3.11554e+06,258.551,258.551,226,8
ht_mansion2b,638,410853,258.196,256.439,236,8
ht_mansion2b,639,1.08201e+06,259.095,259.095,234,8
ht_mansion2b,640,1.19619e+06,261.296,261.296,242,8
ht_mansion2b,641,717981,260.622,260.622,226,8
ht_mansion2b,642,1.35625e+06,261.853,261.853,238,8
ht_mansion2b,643,1.65849e+06,261.581,261.581,234,8
ht_mansion2b,644,1.67611e+06,262.681,262.681,238,8
ht_mansion2b,645,2.50732e+06,261.539,261.539,241,8
ht_mansion2b,646,2.26973e+06,263.439,263.439,240,8
ht_mansion2b,647,2.26843e+06,263.238,263.238,234,8
ht_mansion2b,648,2.8827e+06,262.296,262.296,243,8
ht_mansion2b,649,824267,260.681,260.681,236,8
ht_mansion2b,650,755270,264.711,264.711,245,8
ht_mansion2b,651,2.08928e+06,267.853,267.853,244,8
ht_mansion2b,652,1.76455e+06,267.936,267.936,230,8
ht_mansion2b,653,2.09729e+06,265.681,265.681,241,8
ht_mansion2b,654,872105,267.409,267.409,239,8
ht_mansion2b,655,1.87177e+06,265.581,265.581,238,8
ht_mansion2b,656,3.1904e+06,266.752,266.752,240,8
ht_mansion2b,657,705290,264.267,264.267,240,8
ht_mansion2b,658,657708,265.279,265.279,229,8
ht_mansion2b,659,2.63021e+06,264.137,264.137,232,8
ht_mansion2b,660,4.54768e+06,268.936,268.936,231,8
ht_mansion2b,661,5.40158e+06,268.693,268.693,232,8
ht_mansion2b,662,3.03092e+06,270.752,270.752,244,8
ht_mansion2b,663,714570,270.238,269.409,241,8
ht_mansion2b,664,2.48972e+06,271.539,270.953,251,8
ht_mansion2b,665,1.07289e+06,268.551,268.551,236,8
ht_mansion2b,666,3.31933e+06,269.953,269.953,249,8
ht_mansion2b,667,1.24261e+06,268.409,268.409,240,8
ht_mansion2b,668,1.42244e+06,269.451,269.451,234,8
ht_mansion2b,669,1.3262e+06,269.024,269.024,246,8
ht_mansion2b,670,648510,274.024,274.024,251,8
ht_mansion2b,671,882350,275.551,275.551,243,8
ht_mansion2b,672,1.86892e+06,273.338,273.338,247,8
ht_mansion2b,673,4.21368e+06,273.024,273.024,250,8
ht_mansion2b,674,4.22162e+06,273.108,273.108,236,8
ht_mansion2b,675,1.07344e+06,272.125,272.125,252,8
ht_mansion2b,676,2.88097e+06,272.61,272.61,250,8
ht_mansion2b,677,2.45715e+06,272.066,272.066,242,8
ht_mansion2b,678,1.3308e+06,273.539,273.539,253,8
ht_mansion2b,679,2.33597e+06,275.853,275.853,252,8
ht_mansion2b,680,2.10331e+06,279.196,279.196,257,8
ht_mansion2b,681,712337,276.451,276.309,241,8
ht_mansion2b,682,2.76053e+06,276.61,276.61,254,8
ht_mansion2b,683,1.77518e+06,278.51,278.51,253,8
ht_mansion2b,684,1.88285e+06,277.439,277.439,254,8
ht_mansion2b,685,1.46151e+06,278.61,278.61,256,8
ht_mansion2b,686,1.40171e+06,276.238,276.238,247,8
ht_mansion2b,687,2.42355e+06,279.338,279.338,253,8
ht_mansion2b,688,713837,279.966,279.966,247,8
ht_mansion2b,689,2.17198e+06,276.894,276.066,246,8
ht_mansion2b,690,1.73933e+06,280.539,280.539,260,8
ht_mansion2b,691,2.24553e+06,280.622,280.622,246,8
ht_mansion2b,692,2.43068e+06,282.167,282.167,255,8
ht_mansion2b,693,1.11204e+06,280.693,280.693,244,8
ht_mansion2b,694,1.67798e+06,281.581,281.581,254,8
ht_mansion2b,695,2.83409e+06,280.853,280.853,257,8
ht_mansion2b,696,1.96888e+06,281.296,281.296,262,8
ht_mansion2b,697,3.61845e+06,283.61,283.61,261,8
ht_mansion2b,698,1.39068e+06,282.752,281.581,256,8
ht_mansion2b,699,1.09293e+06,283.439,283.439,260,8
ht_mansion2b,700,2.84746e+06,286.894,286.894,256,8
ht_mansion2b,701,3.47678e+06,287.179,287.179,248,8
ht_mansion2b,702,3.72967e+06,290.551,286.894,258,8
ht_mansion2b,703,1.93965e+06,286.38,286.38,253,8
ht_mansion2b,704,1.15246e+06,286.137,286.137,254,8
ht_mansion2b,705,1.26842e+06,284.894,284.894,254,8
ht_mansion2b,706,767562,287.681,287.681,263,8
ht_mansion2b,707,1.77489e+06,287.238,287.238,258,8
ht_mansion2b,708,2.5619e+06,284.61,284.61,262,8
ht_mansion2b,709,1.22588e+06,284.752,284.752,258,8
ht_mansion2b,710,3.46808e+06,288.208,288.208,254,8
ht_mansion2b,711,1.65791e+06,290.208,290.208,256,8
ht_mansion2b,712,959758,288.794,288.794,255,8
ht_mansion2b,713,1.30621e+06,288.794,288.794,255,8
ht_mansion2b,714,3.20664e+06,289.966,289.966,257,8
ht_mansion2b,715,1.05526e+06,291.853,291.853,268,8
ht_mansion2b,716,2.90774e+06,290.782,290.782,269,8
ht_mansion2b,717,1.14029e+06,291.622,289.38,257,8
ht_mansion2b,718,1.40496e+06,288.966,288.966,256,8
ht_mansion2b,719,4.48313e+06,290.865,290.865,255,8
ht_mansion2b,720,1.99316e+06,292.51,292.51,267,8
ht_mansion2b,721,3.09919e+06,295.451,295.451,260,8
ht_mansion2b,722,1.45687e+06,294.865,294.037,259,8
ht_mansion2b,723,1.62152e+06,292.622,292.622,258,8
ht_mansion2b,724,1.13647e+06,292.794,292.794,259,8
ht_mansion2b,725,2.86094e+06,295.066,295.066,265,8
ht_mansion2b,726,2.35777e+06,292.995,292.995,265,8
ht_mansion2b,727,1.61096e+06,294.924,294.924,269,8
ht_mansion2b,728,1.57833e+06,292.581,292.581,265,8
ht_mansion2b,729,1.57821e+06,295.581,295.581,268,8
ht_mansion2b,730,1.34031e+06,296.995,296.995,269,8
ht_mansion2b,731,1.29655e+06,296.794,296.794,263,8
ht_mansion2b,732,2.74532e+06,298.924,298.924,273,8
ht_mansion2b,733,1.65381e+06,298.024,298.024,275,8
ht_mansion2b,734,2.24263e+06,298.966,298.966,266,8
ht_mansion2b,735,1.85458e+06,296.066,296.066,266,8
ht_mansion2b,736,1.60251e+06,298.723,298.723,267,8
ht_mansion2b,737,853854,297.196,297.196,275,8
ht_mansion2b,738,3.86472e+06,296.794,296.794,263,8
ht_mansion2b,739,1.70136e+06,299.338,297.681,273,8
ht_mansion2b,740,1.93266e+06,301.409,301.409,273,8
ht_mansion2b,741,1.6723e+06,303.823,303.823,275,8
ht_mansion2b,742,1.15064e+06,303.51,302.681,278,8
ht_mansion2b,743,1.91922e+06,302.167,302.167,275,8
ht_mansion2b,744,1.27751e+06,302.267,302.267,278,8
ht_mansion2b,745,3.1531e+06,302.823,302.823,274,8
ht_mansion2b,746,4.66552e+06,300.48,300.48,270,8
ht_mansion2b,747,2.90425e+06,306.238,303.995,277,8
ht_mansion2b,748,1.12593e+06,300.409,300.409,272,8
ht_mansion2b,749,2.46259e+06,302.439,302.439,279,8
ht_mansion2b,750,1.10652e+06,305.551,305.551,273,8
ht_mansion2b,751,1.79997e+06,304.338,304.338,278,8
ht_mansion2b,752,1.92213e+06,306.108,306.108,269,8
ht_mansion2b,753,1.13002e+06,307.137,307.137,275,8
ht_mansion2b,754,846504,307.823,307.823,279,8
ht_mansion2b,755,3.08837e+06,305.439,305.439,282,8
ht_mansion2b,756,1.41618e+06,304.894,304.894,274,8
ht_mansion2b,757,1.53387e+06,307.924,307.924,282,8
ht_mansion2b,758,1.18962e+06,305.551,305.551,273,8
ht_mansion2b,759,1.61307e+06,307.894,307.894,277,8
ht_mansion2b,760,893684,308.995,308.995,281,8
ht_mansion2b,761,1.47728e+06,311.836,311.836,271,8
ht_mansion2b,762,5.09645e+06,310.238,310.238,281,8
ht_mansion2b,763,2.23451e+06,311.894,311.894,281,8
ht_mansion2b,764,2.24341e+06,309.752,309.752,283,8
ht_mansion2b,765,2.18304e+06,309.421,308.593,269,8
ht_mansion2b,766,911133,309.007,309.007,269,8
ht_mansion2b,767,5.15607e+06,309.752,309.752,283,8
ht_mansion2b,768,926350,311.551,311.551,279,8
ht_mansion2b,769,1.0135e+06,310.095,310.095,285,8
ht_mansion2b,770,1.98623e+06,313.865,313.865,278,8
ht_mansion2b,771,1.98128e+06,314.066,314.066,284,8
ht_mansion2b,772,3.50439e+06,313.853,313.853,290,8
ht_mansion2b,773,2.05038e+06,312.652,312.652,283,8
ht_mansion2b,774,1.6672e+06,314.853,314.853,291,8
ht_mansion2b,775,1.57882e+06,314.208,314.208,280,8
ht_mansion2b,776,1.88818e+06,314.966,314.966,282,8
ht_mansion2b,777,4.27437e+06,314.409,314.409,286,8
ht_mansion2b,778,1.37655e+06,316.823,315.995,288,8
ht_mansion2b,779,1.1652e+06,312.723,312.723,281,8
ht_mansion2b,780,1.0273e+06,316.25,316.25,275,8
ht_mansion2b,781,1.69833e+06,317.238,317.238,288,8
ht_mansion2b,782,1.20201e+06,316.652,316.652,287,8
ht_mansion2b,783,2.114e+06,316.581,316.581,289,8
ht_mansion2b,784,2.73918e+06,318.853,318.853,295,8
ht_mansion2b,785,3.57876e+06,318.208,318.208,284,8
ht_mansion2b,786,843657,316.581,316.581,289,8
ht_mansion2b,787,2.44574e+06,317.492,317.492,275,8
ht_mansion2b,788,851447,316.924,316.924,291,8
ht_mansion2b,789,1.35503e+06,319.752,319.752,293,8
ht_mansion2b,790,1.07011e+06,323.836,323.836,283,8
ht_mansion2b,791,1.50749e+06,323.167,323.167,296,8
ht_mansion2b,792,1.4304e+06,320.095,320.095,295,8
ht_mansion2b,793,705486,321.693,321.693,285,8
ht_mansion2b,794,1.07402e+06,322.108,322.108,285,8
ht_mansion2b,795,2.37507e+06,322.966,322.966,290,8
ht_mansion2b,796,2.66396e+06,322.007,322.007,282,8
ht_mansion2b,797,1.09676e+06,322.007,322.007,282,8
ht_mansion2b,798,2.79531e+06,321.823,321.823,293,8
ht_mansion2b,799,2.09206e+06,323.995,323.995,296,8
ht_mansion2b,800,1.70563e+06,326.995,326.995,299,8
ht_mansion2b,801,2.26962e+06,327.966,327.966,295,8
ht_mansion2b,802,4.3154e+06,326.522,326.522,289,8
ht_mansion2b,803,1.4492e+06,327.865,327.865,292,8
ht_mansion2b,804,1.95372e+06,325.007,325.007,285,8
ht_mansion2b,805,2.05385e+06,330.439,327.61,307,8
ht_mansion2b,806,1.91368e+06,325.51,325.51,300,8
ht_mansion2b,807,1.56841e+06,326.38,326.38,293,8
ht_mansion2b,808,3.40522e+06,324.208,324.208,290,8
ht_mansion2b,809,1.5427e+06,325.338,325.338,299,8
ht_mansion2b,810,3.21146e+06,330.451,330.451,295,8
ht_mansion2b,811,2.8999e+06,328.865,328.865,293,8
ht_mansion2b,812,1.29487e+06,330.534,330.534,281,8
ht_mansion2b,813,1.76976e+06,329.853,329.853,306,8
ht_mansion2b,814,2.38946e+06,329.037,328.208,294,8
ht_mansion2b,815,2.46142e+06,328.853,328.853,305,8
ht_mansion2b,816,2.18215e+06,331.794,331.794,298,8
ht_mansion2b,817,1.46692e+06,331.865,331.865,296,8
ht_mansion2b,818,1.59839e+06,331.823,331.823,303,8
ht_mansion2b,819,1.66317e+06,331.924,331.924,306,8
ht_mansion2b,820,5.26872e+06,333.723,333.723,302,8
ht_mansion2b,821,2.51295e+06,335.664,335.664,294,8
ht_mansion2b,822,2.78448e+06,334.037,333.208,299,8
ht_mansion2b,823,2.96309e+06,333.794,333.794,300,8
ht_mansion2b,824,3.98311e+06,335.794,335.794,302,8
ht_mansion2b,825,1.35361e+06,334.995,334.995,307,8
ht_mansion2b,826,2.65065e+06,334.581,334.581,307,8
ht_mansion2b,827,2.22743e+06,336.066,334.894,306,8
ht_mansion2b,828,1.85256e+06,335.238,335.238,306,8
ht_mansion2b,829,1.64438e+06,333.551,333.551,301,8
ht_mansion2b,830,1.47924e+06,338.723,338.723,307,8
ht_mansion2b,831,1.61132e+06,339.167,339.167,312,8
ht_mansion2b,832,2.04823e+06,339.137,339.137,307,8
ht_mansion2b,833,1.72226e+06,336.279,336.279,300,8
ht_mansion2b,834,1.13504e+06,336.492,336.492,294,8
ht_mansion2b,835,1.83261e+06,339.409,339.409,311,8
ht_mansion2b,836,2.11626e+06,337.823,337.823,309,8
ht_mansion2b,837,1.35649e+06,338.267,338.267,314,8
ht_mansion2b,838,1.33208e+06,338.995,338.995,311,8
ht_mansion2b,839,2.65908e+06,338.108,338.108,301,8
ht_mansion2b,840,2.44476e+06,341.664,341.664,300,8
ht_mansion2b,841,1.80847e+06,342.752,342.752,316,8
ht_mansion2b,842,1.42324e+06,340.551,340.551,308,8
ht_mansion2b,843,1.59675e+06,343.238,343.238,314,8
ht_mansion2b,844,1.15452e+06,341.279,341.279,305,8
ht_mansion2b,845,1.70799e+06,341.35,341.35,303,8
ht_mansion2b,846,5.76909e+06,340.794,340.794,307,8
ht_mansion2b,847,1.70182e+06,341.522,341.522,304,8
ht_mansion2b,848,1.92424e+06,341.723,341.723,310,8
ht_mansion2b,849,1.84243e+06,341.38,341.38,308,8
ht_mansion2b,850,2.0002e+06,344.037,344.037,309,8
ht_mansion2b,851,2.2734e+06,344.037,344.037,309,8
ht_mansion2b,852,1.85441e+06,345.966,345.966,313,8
ht_mansion2b,853,1.49115e+06,346.238,346.238,317,8
ht_mansion2b,854,1.95605e+06,344.338,344.338,318,8
ht_mansion2b,855,2.74201e+06,347.066,347.066,317,8
ht_mansion2b,856,1.4802e+06,347.007,347.007,307,8
ht_mansion2b,857,1.50042e+06,347.137,347.137,315,8
ht_mansion2b,858,1.39056e+06,347.652,347.652,318,8
ht_mansion2b,859,1.40868e+06,344.48,344.48,314,8
ht_mansion2b,860,1.3217e+06,351.421,351.421,311,8
ht_mansion2b,861,1.65156e+06,351.48,351.48,321,8
ht_mansion2b,862,1.46096e+06,351.966,351.966,319,8
ht_mansion2b,863,1.70223e+06,348.664,348.664,307,8
ht_mansion2b,864,1.98079e+06,350.681,350.681,326,8
ht_mansion2b,865,2.86941e+06,351.25,349.593,310,8
ht_mansion2b,866,2.7481e+06,351.894,351.894,321,8
ht_mansion2b,867,3.53508e+06,349.693,349.693,313,8
ht_mansion2b,868,1.62381e+06,349.693,349.693,313,8
ht_mansion2b,869,2.45547e+06,351.179,351.179,312,8
ht_mansion2b,870,1.37403e+06,352.693,352.693,316,8
ht_mansion2b,871,1.65738e+06,354.066,354.066,324,8
ht_mansion2b,872,2.58761e+06,353.894,353.066,323,8
ht_mansion2b,873,2.01675e+06,355.238,355.238,326,8
ht_mansion2b,874,1.36517e+06,354.48,352.823,324,8
ht_mansion2b,875,2.64704e+06,352.338,352.338,326,8
ht_mansion2b,876,1.82103e+06,353.936,353.936,316,8
ht_mansion2b,877,1.24243e+06,354.966,354.966,322,8
ht_mansion2b,878,1.29628e+06,354.522,354.522,317,8
ht_mansion2b,879,1.7728e+06,355.108,352.279,318,8
ht_mansion2b,880,1.62183e+06,358.823,358.823,330,8
ht_mansion2b,881,1.38552e+06,358.22,358.22,312,8
ht_mansion2b,882,2.67462e+06,358.581,358.581,331,8
ht_mansion2b,883,1.82725e+06,358.48,358.48,328,8
ht_mansion2b,884,6.14303e+06,357.664,357.664,316,8
ht_mansion2b,885,2.66694e+06,359.865,359.865,324,8
ht_mansion2b,886,1.85893e+06,359.865,359.865,324,8
ht_mansion2b,887,1.5818e+06,359.752,359.752,333,8
ht_mansion2b,888,4.46683e+06,359.309,358.48,328,8
ht_mansion2b,889,1.86413e+06,358.936,358.936,321,8
ht_mansion2b,890,2.36536e+06,361.936,361.936,324,8
ht_mansion2b,891,1.27791e+06,363.309,363.309,332,8
ht_mansion2b,892,1.77624e+06,362.865,362.865,327,8
ht_mansion2b,893,1.22982e+06,361.238,361.238,332,8
ht_mansion2b,894,1.68176e+06,361.936,361.936,324,8
ht_mansion2b,895,2.24895e+06,363.966,363.966,331,8
ht_mansion2b,896,7.50062e+06,360.108,360.108,323,8
ht_mansion2b,897,1.46623e+06,361.877,361.877,314,8
ht_mansion2b,898,5.24714e+06,362.492,362.492,320,8
ht_mansion2b,899,4.71716e+06,363.622,363.622,329,8
ht_mansion2b,900,3.06966e+06,365.966,365.966,333,8
ht_mansion2b,901,1.0242e+06,365.279,365.279,329,8
ht_mansion2b,902,1.18103e+06,367.522,367.522,330,8
ht_mansion2b,903,1.92459e+06,364.037,364.037,329,8
ht_mansion2b,904,2.4761e+06,364.551,364.551,332,8
ht_mansion2b,905,2.00996e+06,364.137,364.137,332,8
ht_mansion2b,906,3.59305e+06,367.421,367.421,327,8
ht_mansion2b,907,1.57896e+06,367.421,367.421,327,8
ht_mansion2b,908,1.4992e+06,366.25,366.25,325,8
ht_mansion2b,909,3.85117e+06,367.551,367.551,335,8
ht_mansion2b,910,1.89124e+06,369.108,368.279,332,8
ht_mansion2b,911,1.87893e+06,371.764,371.764,333,8
ht_mansion2b,912,1.64794e+06,368.108,368.108,331,8
ht_mansion2b,913,3.29724e+06,372.723,371.894,341,8
ht_mansion2b,914,5.13188e+06,369.421,369.421,329,8
ht_mansion2b,915,2.09728e+06,371.936,371.936,334,8
ht_mansion2b,916,5.81517e+06,371.35,371.35,333,8
ht_mansion2b,917,1.99233e+06,370.664,370.664,329,8
ht_mansion2b,918,2.93066e+06,369.652,369.652,340,8
ht_mansion2b,919,2.8908e+06,369.563,369.563,325,8
ht_mansion2b,920,2.43973e+06,374.35,374.35,336,8
ht_mansion2b,921,1.90819e+06,374.652,374.652,345,8
ht_mansion2b,922,1.4641e+06,374.936,374.936,337,8
ht_mansion2b,923,2.1208e+06,375.836,375.836,335,8
ht_mansion2b,924,1.56332e+06,372.865,372.865,337,8
ht_mansion2b,925,1.36966e+06,372.037,372.037,337,8
ht_mansion2b,926,1.70585e+06,373.693,373.693,337,8
ht_mansion2b,927,2.44238e+06,375.764,375.764,337,8
ht_mansion2b,928,1.18841e+06,375.037,375.037,340,8
ht_mansion2b,929,1.6703e+06,372.208,372.208,338,8
ht_mansion2b,930,2.01291e+06,379.865,379.865,344,8
ht_mansion2b,931,1.583e+06,377.38,377.38,344,8
ht_mansion2b,932,1.41275e+06,379.38,379.38,346,8
ht_mansion2b,933,1.52209e+06,378.066,378.066,348,8
ht_mansion2b,934,1.26864e+06,378.777,378.777,328,8
ht_mansion2b,935,7.4864e+06,379.735,379.735,336,8
ht_mansion2b,936,1.24952e+06,376.936,376.936,339,8
ht_mansion2b,937,4.51859e+06,378.037,378.037,343,8
ht_mansion2b,938,3.14279e+06,376.451,376.451,341,8
ht_mansion2b,939,1.32564e+06,378.279,378.279,342,8
ht_mansion2b,940,2.03446e+06,381.149,381.149,337,8
ht_mansion2b,941,9.77481e+06,381.907,381.907,339,8
ht_mansion2b,942,1.55515e+06,381.037,381.037,346,8
ht_mansion2b,943,1.91625e+06,381.037,381.037,346,8
ht_mansion2b,944,1.63031e+06,383.167,383.167,356,8
ht_mansion2b,945,2.23329e+06,380.179,380.179,341,8
ht_mansion2b,946,4.96291e+06,380.463,380.463,333,8
ht_mansion2b,947,1.75993e+06,383.078,383.078,341,8
ht_mansion2b,948,2.12525e+06,382.208,382.208,348,8
ht_mansion2b,949,1.49286e+06,382.764,382.764,344,8
ht_mansion2b,950,2.19904e+06,387.735,387.735,344,8
ht_mansion2b,951,4.90468e+06,385.534,384.362,336,8
ht_mansion2b,952,1.22344e+06,384.551,384.551,352,8
ht_mansion2b,953,2.48073e+06,386.652,386.652,357,8
ht_mansion2b,954,2.94588e+06,384.764,384.764,346,8
ht_mansion2b,955,1.82045e+06,385.534,385.534,336,8
ht_mansion2b,956,1.59786e+06,387.777,387.777,337,8
ht_mansion2b,957,1.43896e+06,387.037,387.037,352,8
ht_mansion2b,958,1.6948e+06,384.149,384.149,340,8
ht_mansion2b,959,1.81616e+06,384.652,384.652,355,8
ht_mansion2b,960,3.47985e+06,388.978,388.978,344,8
ht_mansion2b,961,7.26159e+06,391.664,391.664,350,8
ht_mansion2b,962,6.91222e+06,388.108,388.108,351,8
ht_mansion2b,963,1.00239e+07,389.309,389.309,358,8
ht_mansion2b,964,1.60091e+06,389.605,389.605,338,8
ht_mansion2b,965,1.42588e+06,391.362,391.362,341,8
ht_mansion2b,966,1.81472e+06,391.25,391.25,350,8
ht_mansion2b,967,3.45905e+06,392.108,389.279,355,8
ht_mansion2b,968,1.4511e+06,390.037,390.037,355,8
ht_mansion2b,969,2.14193e+06,389.563,389.563,345,8
ht_mansion2b,970,1.69714e+06,395.066,394.48,365,8
ht_mansion2b,971,2.33785e+06,392.25,392.25,351,8
ht_mansion2b,972,1.77067e+06,396.622,395.794,362,8
ht_mansion2b,973,1.48938e+06,394.877,393.22,347,8
ht_mansion2b,974,1.75057e+06,394.693,394.693,358,8
ht_mansion2b,975,1.7127e+06,394.723,394.137,363,8
ht_mansion2b,976,1.42981e+06,393.137,393.137,361,8
ht_mansion2b,977,1.71675e+06,395.492,395.492,353,8
ht_mansion2b,978,1.57645e+06,394.191,394.191,343,8
ht_mansion2b,979,7.58644e+06,393.593,393.593,354,8
ht_mansion2b,980,1.70018e+06,396.019,396.019,344,8
ht_mansion2b,981,2.44956e+06,401.35,398.865,363,8
ht_mansion2b,982,1.17675e+06,396.38,396.38,363,8
ht_mansion2b,983,1.64476e+06,397.279,397.279,361,8
ht_mansion2b,984,7.44146e+06,399.078,399.078,357,8
ht_mansion2b,985,1.86355e+06,397.978,397.978,353,8
ht_mansion2b,986,1.98939e+06,398.581,398.581,371,8
ht_mansion2b,987,1.68838e+06,398.078,398.078,356,8
ht_mansion2b,988,1.49663e+06,396.362,396.362,346,8
ht_mansion2b,989,1.47416e+06,398.723,398.723,367,8
ht_mansion2b,990,2.02136e+06,400.966,400.966,368,8
ht_mansion2b,991,7.52806e+06,401.877,401.877,354,8
ht_mansion2b,992,7.17121e+06,400.463,400.463,353,8
ht_mansion2b,993,1.62695e+06,400.735,400.735,357,8
ht_mansion2b,994,2.05917e+06,402.622,402.622,368,8
ht_mansion2b,995,2.21945e+06,401.25,401.25,360,8
ht_mansion2b,996,2.35708e+06,400.279,400.279,364,8
ht_mansion2b,997,1.82783e+06,403.806,403.806,358,8
ht_mansion2b,998,1.75485e+06,401.706,401.706,353,8
ht_mansion2b,999,1.49807e+06,401.191,401.191,350,8
ht_mansion2b,1000,2.61445e+06,406.007,406.007,366,8
ht_mansion2b,1001,2.01371e+06,405.936,405.936,368,8
ht_mansion2b,1002,1.50115e+06,406.38,406.38,373,8
ht_mansion2b,1003,1.61477e+06,405.706,405.706,357,8
ht_mansion2b,1004,7.07092e+06,404.25,404.25,363,8
ht_mansion2b,1005,2.00017e+06,407.622,407.037,373,8
ht_mansion2b,1006,1.64745e+06,407.149,407.149,363,8
ht_mansion2b,1007,1.80797e+06,405.534,404.948,356,8
ht_mansion2b,1008,5.97639e+06,406.735,406.735,363,8
ht_mansion2b,1009,2.17486e+06,409.605,404.635,358,8
ht_mansion2b,1010,6.91662e+06,408.978,408.978,364,8
ht_mansion2b,1011,1.41778e+06,408.622,408.622,374,8
ht_mansion2b,1012,2.18788e+06,411.806,411.806,366,8
ht_mansion2b,1013,1.73382e+06,410.948,410.948,361,8
ht_mansion2b,1014,4.24815e+06,408.409,408.409,380,8
ht_mansion2b,1015,1.81266e+06,410.392,410.392,365,8
ht_mansion2b,1016,1.72092e+06,408.078,408.078,366,8
ht_mansion2b,1017,1.22427e+06,409.179,409.179,370,8
ht_mansion2b,1018,1.04116e+07,410.534,408.777,361,8
ht_mansion2b,1019,8.83809e+06,410.563,410.563,366,8
