map,scenid,tcost,distance,expect,steps,r
lt_0_lowtown_a2_n_c,0,3020,5.41421,5.41421,6,128
lt_0_lowtown_a2_n_c,1,2837.2,6.24264,6.24264,6,128
lt_0_lowtown_a2_n_c,2,1595.6,6,6,7,128
lt_0_lowtown_a2_n_c,3,2061.6,6.41421,6.41421,7,128
lt_0_lowtown_a2_n_c,4,1389.4,7,7,8,128
lt_0_lowtown_a2_n_c,5,2616.4,7.65685,7.65685,7,128
lt_0_lowtown_a2_n_c,6,1331.4,4.24264,4.24264,4,128
lt_0_lowtown_a2_n_c,7,1323.2,5,5,6,128
lt_0_lowtown_a2_n_c,8,2295,7.65685,7.65685,7,128
lt_0_lowtown_a2_n_c,9,1177.8,6.24264,6.24264,6,128
lt_0_lowtown_a2_n_c,10,2657.4,10.0711,10.0711,9,128
lt_0_lowtown_a2_n_c,11,2252.8,8.65685,8.65685,8,128
lt_0_lowtown_a2_n_c,12,1862.4,9.82843,9.82843,10,128
lt_0_lowtown_a2_n_c,13,1779,10.4142,10.4142,11,128
lt_0_lowtown_a2_n_c,14,2820.8,11.4853,11.4853,10,128
lt_0_lowtown_a2_n_c,15,2534.6,8.24264,8.24264,8,128
lt_0_lowtown_a2_n_c,16,2239.8,11.8284,11.8284,12,128
lt_0_lowtown_a2_n_c,17,1492.2,10.4142,10.4142,11,128
lt_0_lowtown_a2_n_c,18,2727.8,11.8995,11.8995,10,128
lt_0_lowtown_a2_n_c,19,1625.4,8.82843,8.82843,9,128
lt_0_lowtown_a2_n_c,20,3436.8,15.6569,15.6569,15,128
lt_0_lowtown_a2_n_c,21,3042.2,12.6569,12.6569,12,128
lt_0_lowtown_a2_n_c,22,2910.8,15.0711,15.0711,14,128
lt_0_lowtown_a2_n_c,23,1946,12.8284,12.8284,13,128
lt_0_lowtown_a2_n_c,24,1505,12,12,13,128
lt_0_lowtown_a2_n_c,25,3620.8,13.6569,13.6569,13,128
lt_0_lowtown_a2_n_c,26,3032.2,14.6569,14.6569,14,128
lt_0_lowtown_a2_n_c,27,2562.2,12.6569,12.6569,12,128
lt_0_lowtown_a2_n_c,28,3839,13.8995,13.8995,12,128
lt_0_lowtown_a2_n_c,29,3654,15.8995,15.8995,14,128
lt_0_lowtown_a2_n_c,30,4162.4,17.9706,17.9706,14,128
lt_0_lowtown_a2_n_c,31,4562,16.8995,16.8995,15,128
lt_0_lowtown_a2_n_c,32,3349,16.3137,16.3137,14,128
lt_0_lowtown_a2_n_c,33,3652.6,16.1421,16.1421,13,128
lt_0_lowtown_a2_n_c,34,4206,18.8284,18.8284,19,128
lt_0_lowtown_a2_n_c,35,5285.2,19.0711,19.0711,18,128
lt_0_lowtown_a2_n_c,36,4823.8,19.4142,19.4142,20,128
lt_0_lowtown_a2_n_c,37,3721,19.0711,19.0711,18,128
lt_0_lowtown_a2_n_c,38,4336.4,17.8995,17.8995,16,128
lt_0_lowtown_a2_n_c,39,4501.4,19.3848,19.3848,15,128
lt_0_lowtown_a2_n_c,40,5011.4,20.6569,20.6569,20,128
lt_0_lowtown_a2_n_c,41,4275.8,24.2426,23.4142,24,128
lt_0_lowtown_a2_n_c,42,3735,21.0711,21.0711,20,128
lt_0_lowtown_a2_n_c,43,5743,22.7279,22.7279,20,128
lt_0_lowtown_a2_n_c,44,4191.4,20.1421,20.1421,17,128
lt_0_lowtown_a2_n_c,45,5121.8,23.7279,23.7279,21,128
lt_0_lowtown_a2_n_c,46,5304,22.7279,22.7279,20,128
lt_0_lowtown_a2_n_c,47,4999.6,23.8995,23.8995,22,128
lt_0_lowtown_a2_n_c,48,3415.8,21.4142,21.4142,22,128
lt_0_lowtown_a2_n_c,49,4032.4,20.7279,20.7279,18,128
lt_0_lowtown_a2_n_c,50,6656,25.9706,25.9706,22,128
lt_0_lowtown_a2_n_c,51,6129.2,27.8701,27.8701,21,128
lt_0_lowtown_a2_n_c,52,5896.8,27.8284,27.8284,28,128
lt_0_lowtown_a2_n_c,53,4401.4,26.8284,26.8284,27,128
lt_0_lowtown_a2_n_c,54,5860.6,26.4142,26.4142,27,128
lt_0_lowtown_a2_n_c,55,11284,26.3137,26.3137,24,128
lt_0_lowtown_a2_n_c,56,4865.4,24.3848,24.3848,20,128
lt_0_lowtown_a2_n_c,57,27503.8,36.2132,27.4853,31,128
lt_0_lowtown_a2_n_c,58,22770.6,27.5563,27.5563,24,128
lt_0_lowtown_a2_n_c,59,5423.6,26.5563,26.5563,23,128
lt_0_lowtown_a2_n_c,60,7148,31.2426,31.2426,31,128
lt_0_lowtown_a2_n_c,61,5318.8,28.8995,28.8995,27,128
lt_0_lowtown_a2_n_c,62,5401,32.7279,31.8995,30,128
lt_0_lowtown_a2_n_c,63,6184.6,30.9706,30.9706,27,128
lt_0_lowtown_a2_n_c,64,6410.2,28.7279,28.7279,26,128
lt_0_lowtown_a2_n_c,65,6918.2,29.8995,29.8995,28,128
lt_0_lowtown_a2_n_c,66,6232,29.6274,29.6274,24,128
lt_0_lowtown_a2_n_c,67,25879.4,31.2426,31.2426,31,128
lt_0_lowtown_a2_n_c,68,5065.2,28.8995,28.8995,27,128
lt_0_lowtown_a2_n_c,69,6432.4,28.4142,28.4142,29,128
lt_0_lowtown_a2_n_c,70,7558.2,34.9706,33.5563,31,128
lt_0_lowtown_a2_n_c,71,6512.2,33.2843,33.2843,26,128
lt_0_lowtown_a2_n_c,72,6863,34.6274,34.6274,29,128
lt_0_lowtown_a2_n_c,73,7039.6,33.2843,32.4558,26,128
lt_0_lowtown_a2_n_c,74,8724.6,35.7279,35.7279,33,128
lt_0_lowtown_a2_n_c,75,33865.4,38.3848,34.2426,34,128
lt_0_lowtown_a2_n_c,76,8491.6,35.2843,35.2843,28,128
lt_0_lowtown_a2_n_c,77,7434.8,34.2132,34.2132,29,128
lt_0_lowtown_a2_n_c,78,6591.4,33.799,33.799,29,128
lt_0_lowtown_a2_n_c,79,7073.8,32.2132,32.2132,27,128
lt_0_lowtown_a2_n_c,80,8387,38.3137,38.3137,36,128
lt_0_lowtown_a2_n_c,81,6334,37.4853,37.4853,36,128
lt_0_lowtown_a2_n_c,82,7924.8,38.4558,38.4558,32,128
lt_0_lowtown_a2_n_c,83,8691,38.5563,38.5563,35,128
lt_0_lowtown_a2_n_c,84,7525.2,36.4853,36.4853,35,128
lt_0_lowtown_a2_n_c,85,9776,37.5563,37.5563,34,128
lt_0_lowtown_a2_n_c,86,8382.8,40.3137,38.0711,38,128
lt_0_lowtown_a2_n_c,87,7641.8,37.6274,37.6274,32,128
lt_0_lowtown_a2_n_c,88,8646,38.3553,38.3553,29,128
lt_0_lowtown_a2_n_c,89,7857.2,37.9706,37.9706,34,128
lt_0_lowtown_a2_n_c,90,7730.8,41.8995,41.8995,40,128
lt_0_lowtown_a2_n_c,91,10182.6,43.9411,43.9411,35,128
lt_0_lowtown_a2_n_c,92,11058.8,48.3553,43.2843,39,128
lt_0_lowtown_a2_n_c,93,7715.6,43.0711,43.0711,42,128
lt_0_lowtown_a2_n_c,94,11480.8,47.2843,43.3848,40,128
lt_0_lowtown_a2_n_c,95,8140.4,41.3553,41.3553,32,128
lt_0_lowtown_a2_n_c,96,9502.8,47.1421,43.4853,44,128
lt_0_lowtown_a2_n_c,97,7896.2,42.799,42.799,38,128
lt_0_lowtown_a2_n_c,98,8972.2,41.1838,41.1838,31,128
lt_0_lowtown_a2_n_c,99,7940.8,41.8995,41.0711,40,128
lt_0_lowtown_a2_n_c,100,9500.8,47.4264,47.4264,36,128
lt_0_lowtown_a2_n_c,101,12524.6,46.2548,46.2548,34,128
lt_0_lowtown_a2_n_c,102,186042,45.3848,45.3848,41,128
lt_0_lowtown_a2_n_c,103,11278.4,46.8995,46.8995,45,128
lt_0_lowtown_a2_n_c,104,10714.4,48.1127,47.2843,40,128
lt_0_lowtown_a2_n_c,105,8466.2,46.8284,46.8284,47,128
lt_0_lowtown_a2_n_c,106,9496.8,45.1421,44.3137,42,128
lt_0_lowtown_a2_n_c,107,8959.2,44.3137,44.3137,42,128
lt_0_lowtown_a2_n_c,108,16895.6,48.3848,44.7279,44,128
lt_0_lowtown_a2_n_c,109,9957.2,45.4558,45.4558,39,128
lt_0_lowtown_a2_n_c,110,11073.4,48.0122,48.0122,37,128
lt_0_lowtown_a2_n_c,111,20743,51.3848,51.3848,47,128
lt_0_lowtown_a2_n_c,112,10683,50.598,50.598,40,128
lt_0_lowtown_a2_n_c,113,11930.6,54.5269,49.2132,46,128
lt_0_lowtown_a2_n_c,114,18224,54.799,48.8995,50,128
lt_0_lowtown_a2_n_c,115,9694.6,48.6569,48.6569,48,128
lt_0_lowtown_a2_n_c,116,9403.8,51.4853,51.4853,50,128
lt_0_lowtown_a2_n_c,117,8753.6,48.8284,48.8284,49,128
lt_0_lowtown_a2_n_c,118,13909.2,55.0122,50.5269,44,128
lt_0_lowtown_a2_n_c,119,10205.8,50.6569,50.6569,50,128
lt_0_lowtown_a2_n_c,120,14082.4,54.1127,54.1127,46,128
lt_0_lowtown_a2_n_c,121,23445.4,57.6985,52.0416,50,128
lt_0_lowtown_a2_n_c,122,30153.6,62.4975,55.7696,49,128
lt_0_lowtown_a2_n_c,123,10964.4,55.4853,55.4853,54,128
lt_0_lowtown_a2_n_c,124,10489.6,53.1127,53.1127,45,128
lt_0_lowtown_a2_n_c,125,72981.2,53.2132,52.3848,48,128
lt_0_lowtown_a2_n_c,126,8862.8,52.3848,52.3848,48,128
lt_0_lowtown_a2_n_c,127,13722.4,58.5269,55.4558,50,128
lt_0_lowtown_a2_n_c,128,235526,56.2843,53.2132,49,128
lt_0_lowtown_a2_n_c,129,10820.8,54.8995,54.8995,53,128
lt_0_lowtown_a2_n_c,130,210372,69.3553,59.2132,60,128
lt_0_lowtown_a2_n_c,131,17624.8,58.4558,56.799,52,128
lt_0_lowtown_a2_n_c,132,11609.8,58.799,58.799,54,128
lt_0_lowtown_a2_n_c,133,44211.2,60.9411,58.6985,52,128
lt_0_lowtown_a2_n_c,134,13609.6,56.7696,56.7696,47,128
lt_0_lowtown_a2_n_c,135,11371.6,57.2132,56.3848,52,128
lt_0_lowtown_a2_n_c,136,13972.4,63.5563,57.4142,60,128
lt_0_lowtown_a2_n_c,137,17719.6,68.7696,59.2132,59,128
lt_0_lowtown_a2_n_c,138,29852.2,96.2548,58.8406,84,128
lt_0_lowtown_a2_n_c,139,13047.2,61.1838,59.5269,51,128
lt_0_lowtown_a2_n_c,140,12485.4,60.6985,60.6985,53,128
lt_0_lowtown_a2_n_c,141,233167,68.7696,61.3553,59,128
lt_0_lowtown_a2_n_c,142,190655,61.5563,61.5563,58,128
lt_0_lowtown_a2_n_c,143,17429.6,65.8406,61.3553,54,128
lt_0_lowtown_a2_n_c,144,11502.2,63.8284,63.8284,64,128
lt_0_lowtown_a2_n_c,145,15890,66.2843,63.2132,59,128
lt_0_lowtown_a2_n_c,146,13069.6,63.1421,62.5563,60,128
lt_0_lowtown_a2_n_c,147,12867,64.2843,62.6274,57,128
lt_0_lowtown_a2_n_c,148,11734.8,61.1838,61.1838,51,128
lt_0_lowtown_a2_n_c,149,12734.2,63.6985,63.6985,56,128
lt_0_lowtown_a2_n_c,150,193665,71.9411,66.1421,63,128
lt_0_lowtown_a2_n_c,151,90204.4,66.2132,65.3848,61,128
lt_0_lowtown_a2_n_c,152,203751,65.5563,65.5563,62,128
lt_0_lowtown_a2_n_c,153,15560.8,67.598,65.9411,57,128
lt_0_lowtown_a2_n_c,154,17426.6,76.1127,67.7279,68,128
lt_0_lowtown_a2_n_c,155,35034.6,72.1838,64.3848,62,128
lt_0_lowtown_a2_n_c,156,13555.2,67.1838,66.3553,57,128
lt_0_lowtown_a2_n_c,157,40325.2,67.0833,67.0833,54,128
lt_0_lowtown_a2_n_c,158,14145.2,65.1838,64.3553,55,128
lt_0_lowtown_a2_n_c,159,12337.8,68.3848,67.5563,64,128
lt_0_lowtown_a2_n_c,160,16799.8,70.2548,70.2548,58,128
lt_0_lowtown_a2_n_c,161,16439.8,76.598,69.0416,66,128
lt_0_lowtown_a2_n_c,162,13995.6,71.6985,69.2132,64,128
lt_0_lowtown_a2_n_c,163,23087.2,74.1127,71.5269,66,128
lt_0_lowtown_a2_n_c,164,56455.2,71.598,71.598,61,128
lt_0_lowtown_a2_n_c,165,17339,71.6396,71.6396,54,128
lt_0_lowtown_a2_n_c,166,14486.4,70.1421,70.1421,67,128
lt_0_lowtown_a2_n_c,167,16077.2,69.3259,69.3259,55,128
lt_0_lowtown_a2_n_c,168,16322.8,70.5269,69.6985,62,128
lt_0_lowtown_a2_n_c,169,14288.8,69.2426,69.2426,69,128
lt_0_lowtown_a2_n_c,170,66024.8,89.598,74.3848,79,128
lt_0_lowtown_a2_n_c,171,633116,72.3137,72.3137,70,128
lt_0_lowtown_a2_n_c,172,103121,76.8406,74.3553,65,128
lt_0_lowtown_a2_n_c,173,16970.4,74.0122,74.0122,63,128
lt_0_lowtown_a2_n_c,174,32124.8,75.669,75.669,63,128
lt_0_lowtown_a2_n_c,175,156963,83.6274,73.2426,78,128
lt_0_lowtown_a2_n_c,176,403849,76.0416,72.1421,70,128
lt_0_lowtown_a2_n_c,177,18862.6,79.7696,75.8701,70,128
lt_0_lowtown_a2_n_c,178,13779.6,72.8284,72.8284,73,128
lt_0_lowtown_a2_n_c,179,18253.4,76.9828,74.7401,61,128
lt_0_lowtown_a2_n_c,180,492158,83.669,79.1838,71,128
lt_0_lowtown_a2_n_c,181,30758,82.3259,76.4264,68,128
lt_0_lowtown_a2_n_c,182,36991.2,77.799,77.799,73,128
lt_0_lowtown_a2_n_c,183,77130.6,110.497,78.5563,97,128
lt_0_lowtown_a2_n_c,184,53982.6,84.669,78.669,72,128
lt_0_lowtown_a2_n_c,185,19381.4,80.9828,78.4975,65,128
lt_0_lowtown_a2_n_c,186,87749.4,77.8995,76.2426,76,128
lt_0_lowtown_a2_n_c,187,19691.2,86.8112,78.4264,70,128
lt_0_lowtown_a2_n_c,188,1.40993e+06,77.7401,76.9117,63,128
lt_0_lowtown_a2_n_c,189,23274.4,82.9828,79.0833,67,128
lt_0_lowtown_a2_n_c,190,232914,93.3553,82.3848,84,128
lt_0_lowtown_a2_n_c,191,21885,87.2548,82.5269,75,128
lt_0_lowtown_a2_n_c,192,204092,103.397,83.4558,87,128
lt_0_lowtown_a2_n_c,193,22998.8,84.4264,83.598,73,128
lt_0_lowtown_a2_n_c,194,20502.8,83.9411,82.2843,75,128
lt_0_lowtown_a2_n_c,195,20043.6,85.3553,83.1127,76,128
lt_0_lowtown_a2_n_c,196,19991.4,80.2843,80.2843,73,128
lt_0_lowtown_a2_n_c,197,163821,101.154,82.0833,86,128
lt_0_lowtown_a2_n_c,198,274778,82.0122,80.3553,71,128
lt_0_lowtown_a2_n_c,199,21275.2,83.7401,82.9117,69,128
lt_0_lowtown_a2_n_c,200,21641.8,91.8701,86.799,85,128
lt_0_lowtown_a2_n_c,201,37465.8,84.2132,84.2132,79,128
lt_0_lowtown_a2_n_c,202,1.20166e+06,90.6985,84.0711,83,128
lt_0_lowtown_a2_n_c,203,74146.8,102.811,86.0833,86,128
lt_0_lowtown_a2_n_c,204,21081,88.0833,87.4975,75,128
lt_0_lowtown_a2_n_c,205,47705.4,89.2132,86.7279,84,128
lt_0_lowtown_a2_n_c,206,21117.6,85.7401,85.7401,71,128
lt_0_lowtown_a2_n_c,207,21851.8,86.6396,84.397,69,128
lt_0_lowtown_a2_n_c,208,20502,84.3553,84.3553,75,128
lt_0_lowtown_a2_n_c,209,23289.6,93.2548,86.2843,81,128
lt_0_lowtown_a2_n_c,210,68857.2,103.326,88.9411,89,128
lt_0_lowtown_a2_n_c,211,422232,93.7696,89.8701,84,128
lt_0_lowtown_a2_n_c,212,25696.4,90.1421,90.1421,87,128
lt_0_lowtown_a2_n_c,213,21094.2,91.3137,91.3137,89,128
lt_0_lowtown_a2_n_c,214,57866.6,98.5685,88.7696,83,128
lt_0_lowtown_a2_n_c,215,188010,91.1838,89.5269,81,128
lt_0_lowtown_a2_n_c,216,6.9981e+06,100.154,91.9117,85,128
lt_0_lowtown_a2_n_c,217,27804.4,93.468,91.8112,75,128
lt_0_lowtown_a2_n_c,218,22704.2,89.6985,89.6985,82,128
lt_0_lowtown_a2_n_c,219,27110.4,91.1543,91.1543,76,128
lt_0_lowtown_a2_n_c,220,24117.4,96.2548,95.4264,84,128
lt_0_lowtown_a2_n_c,221,101871,94.9828,94.397,79,128
lt_0_lowtown_a2_n_c,222,61260.6,105.711,92.2548,86,128
lt_0_lowtown_a2_n_c,223,71846.8,101.941,95.799,93,128
lt_0_lowtown_a2_n_c,224,26889.6,101.154,95.598,86,128
lt_0_lowtown_a2_n_c,225,21655,94.9706,94.9706,91,128
lt_0_lowtown_a2_n_c,226,20519.6,93.0122,92.1838,82,128
lt_0_lowtown_a2_n_c,227,24016.8,94.0538,92.397,76,128
lt_0_lowtown_a2_n_c,228,21442.4,97.2843,94.799,90,128
lt_0_lowtown_a2_n_c,229,35671.4,95.2548,95.2548,83,128
lt_0_lowtown_a2_n_c,230,18652.8,98.4975,96.8406,85,128
lt_0_lowtown_a2_n_c,231,3.00393e+06,96.669,96.669,84,128
lt_0_lowtown_a2_n_c,232,153090,105.64,99.7401,88,128
lt_0_lowtown_a2_n_c,233,26022.4,98.4558,98.4558,92,128
lt_0_lowtown_a2_n_c,234,80832.6,122.569,99.4558,107,128
lt_0_lowtown_a2_n_c,235,42221.4,111.983,98.7696,96,128
lt_0_lowtown_a2_n_c,236,28555.6,116.012,96.2548,105,128
lt_0_lowtown_a2_n_c,237,464447,97.9411,96.2843,89,128
lt_0_lowtown_a2_n_c,238,25872.8,101.225,98.1543,84,128
lt_0_lowtown_a2_n_c,239,27543.8,98.8406,96.2548,87,128
lt_0_lowtown_a2_n_c,240,1.11074e+06,121.64,102.527,104,128
lt_0_lowtown_a2_n_c,241,209371,120.811,101.113,104,128
lt_0_lowtown_a2_n_c,242,30302.2,103.355,102.77,94,128
lt_0_lowtown_a2_n_c,243,54034.6,120.154,101.142,105,128
lt_0_lowtown_a2_n_c,244,3.4706e+06,112.811,103.497,96,128
lt_0_lowtown_a2_n_c,245,92083.2,101.882,101.296,83,128
lt_0_lowtown_a2_n_c,246,3.62307e+06,108.74,103.426,94,128
lt_0_lowtown_a2_n_c,247,923619,108.184,101.799,98,128
lt_0_lowtown_a2_n_c,248,30460.4,114.711,100.527,95,128
lt_0_lowtown_a2_n_c,249,35951.8,107.811,101.426,91,128
lt_0_lowtown_a2_n_c,250,101891,127.196,106.426,105,128
lt_0_lowtown_a2_n_c,251,32043.4,108.113,105.284,100,128
lt_0_lowtown_a2_n_c,252,28348.2,112.296,107.569,93,128
lt_0_lowtown_a2_n_c,253,329560,105.042,104.213,99,128
lt_0_lowtown_a2_n_c,254,23146,107.627,107.627,102,128
lt_0_lowtown_a2_n_c,255,108601,105.113,104.284,97,128
lt_0_lowtown_a2_n_c,256,575841,125.811,106.456,109,128
lt_0_lowtown_a2_n_c,257,31927.2,109.598,104.284,99,128
lt_0_lowtown_a2_n_c,258,59397.6,109.296,106.368,90,128
lt_0_lowtown_a2_n_c,259,87844,104.397,104.397,88,128
lt_0_lowtown_a2_n_c,260,894297,163.225,111.284,146,128
lt_0_lowtown_a2_n_c,261,1.50387e+06,112.87,108.142,106,128
lt_0_lowtown_a2_n_c,262,29102.4,110.142,110.142,107,128
lt_0_lowtown_a2_n_c,263,178737,117.225,108.598,100,128
lt_0_lowtown_a2_n_c,264,95018.8,127.468,111.326,109,128
lt_0_lowtown_a2_n_c,265,33602.4,110.912,110.912,97,128
lt_0_lowtown_a2_n_c,266,106154,110.125,108.125,90,128
lt_0_lowtown_a2_n_c,267,372779,117.154,109.355,102,128
lt_0_lowtown_a2_n_c,268,27623.4,111.012,111.012,100,128
lt_0_lowtown_a2_n_c,269,23804.4,108.414,108.414,109,128
lt_0_lowtown_a2_n_c,270,439575,113.368,113.368,92,128
lt_0_lowtown_a2_n_c,271,170447,120.983,112.355,105,128
lt_0_lowtown_a2_n_c,272,40464.8,125.569,113.527,110,128
lt_0_lowtown_a2_n_c,273,47731.8,125.225,114.355,108,128
lt_0_lowtown_a2_n_c,274,54442,130.426,112.326,119,128
lt_0_lowtown_a2_n_c,275,770816,113.142,113.142,110,128
lt_0_lowtown_a2_n_c,276,49554.4,128.983,113.284,113,128
lt_0_lowtown_a2_n_c,277,30798.2,114.296,114.296,95,128
lt_0_lowtown_a2_n_c,278,310737,117.468,113.811,99,128
lt_0_lowtown_a2_n_c,279,308199,114.799,112.314,110,128
lt_0_lowtown_a2_n_c,280,502490,117.953,116.296,97,128
lt_0_lowtown_a2_n_c,281,35525.4,122.74,118.012,108,128
lt_0_lowtown_a2_n_c,282,181558,119.569,119.569,104,128
lt_0_lowtown_a2_n_c,283,64283.4,127.409,117.853,99,128
lt_0_lowtown_a2_n_c,284,29935.8,123.468,116.497,105,128
lt_0_lowtown_a2_n_c,285,30162.4,120.125,117.64,100,128
lt_0_lowtown_a2_n_c,286,33256.2,121.024,119.368,98,128
lt_0_lowtown_a2_n_c,287,97451.6,124.255,119.284,112,128
lt_0_lowtown_a2_n_c,288,26543.4,118.598,116.941,108,128
lt_0_lowtown_a2_n_c,289,29132.4,117.125,117.125,97,128
lt_0_lowtown_a2_n_c,290,4.78442e+06,137.225,123.77,120,128
lt_0_lowtown_a2_n_c,291,51479,125.083,120.154,112,128
lt_0_lowtown_a2_n_c,292,51238,134.238,123.066,105,128
lt_0_lowtown_a2_n_c,293,121361,124.569,123.397,109,128
lt_0_lowtown_a2_n_c,294,103071,120.426,120.426,109,128
lt_0_lowtown_a2_n_c,295,34920.4,126.669,121.74,114,128
lt_0_lowtown_a2_n_c,296,49360.6,132.024,121.681,109,128
lt_0_lowtown_a2_n_c,297,31863,123.924,123.924,98,128
lt_0_lowtown_a2_n_c,298,39050.4,134.296,121.77,115,128
lt_0_lowtown_a2_n_c,299,51901.2,127.326,123.569,113,128
lt_0_lowtown_a2_n_c,300,63966.8,133.941,126.184,125,128
lt_0_lowtown_a2_n_c,301,3.02211e+06,125.539,125.539,105,128
lt_0_lowtown_a2_n_c,302,45480.8,130.953,125.983,110,128
lt_0_lowtown_a2_n_c,303,64310.2,127.983,125.054,112,128
lt_0_lowtown_a2_n_c,304,76243.8,138.326,127.841,124,128
lt_0_lowtown_a2_n_c,305,3.74934e+06,131.326,126.598,117,128
lt_0_lowtown_a2_n_c,306,67804.2,131.569,124.74,116,128
lt_0_lowtown_a2_n_c,307,2.2121e+06,137.225,126.355,120,128
lt_0_lowtown_a2_n_c,308,32917.6,127.397,127.397,111,128
lt_0_lowtown_a2_n_c,309,294262,131.912,125.77,118,128
lt_0_lowtown_a2_n_c,310,651310,137.539,129.255,117,128
lt_0_lowtown_a2_n_c,311,575985,147.125,128.255,127,128
lt_0_lowtown_a2_n_c,312,556415,138.497,130.698,125,128
lt_0_lowtown_a2_n_c,313,4.10414e+06,142.569,131.012,127,128
lt_0_lowtown_a2_n_c,314,231796,143.054,130.426,125,128
lt_0_lowtown_a2_n_c,315,36129.4,129.882,129.882,111,128
lt_0_lowtown_a2_n_c,316,1.89905e+06,137.983,129.355,122,128
lt_0_lowtown_a2_n_c,317,1.03512e+06,143.125,130.841,123,128
lt_0_lowtown_a2_n_c,318,61412.8,140.924,128.439,115,128
lt_0_lowtown_a2_n_c,319,214254,137.012,130.87,126,128
lt_0_lowtown_a2_n_c,320,4.47561e+06,142.012,135.385,131,128
lt_0_lowtown_a2_n_c,321,64110.8,138.669,132.326,126,128
lt_0_lowtown_a2_n_c,322,38357,144.539,135.912,124,128
lt_0_lowtown_a2_n_c,323,140929,135.752,135.752,109,128
lt_0_lowtown_a2_n_c,324,78976.8,141.083,135.669,128,128
lt_0_lowtown_a2_n_c,325,2.33508e+06,137.225,133.083,120,128
lt_0_lowtown_a2_n_c,326,1.27807e+06,138.711,132.225,119,128
lt_0_lowtown_a2_n_c,327,33593.6,141.698,135.556,134,128
lt_0_lowtown_a2_n_c,328,33367,135.154,135.154,120,128
lt_0_lowtown_a2_n_c,329,49264,139.953,135.853,119,128
lt_0_lowtown_a2_n_c,330,47157.6,143.184,138.255,133,128
lt_0_lowtown_a2_n_c,331,113111,153.811,137.225,137,128
lt_0_lowtown_a2_n_c,332,1.9136e+06,153.338,137.054,127,128
lt_0_lowtown_a2_n_c,333,85721.4,141.468,136.782,123,128
lt_0_lowtown_a2_n_c,334,287792,144.054,138.154,126,128
lt_0_lowtown_a2_n_c,335,1.49297e+06,157.811,138.456,141,128
lt_0_lowtown_a2_n_c,336,1.60783e+06,149.924,136.468,124,128
lt_0_lowtown_a2_n_c,337,110680,139.125,136.64,119,128
lt_0_lowtown_a2_n_c,338,40538,137.48,137.48,107,128
lt_0_lowtown_a2_n_c,339,206569,151.711,138.598,132,128
lt_0_lowtown_a2_n_c,340,504107,149.811,141.77,133,128
lt_0_lowtown_a2_n_c,341,39673.2,144.267,141.196,120,128
lt_0_lowtown_a2_n_c,342,44761,143.054,140.569,125,128
lt_0_lowtown_a2_n_c,343,366479,148.711,140.912,129,128
lt_0_lowtown_a2_n_c,344,69563.6,151.711,142.154,132,128
lt_0_lowtown_a2_n_c,345,33022,140.042,140.042,134,128
lt_0_lowtown_a2_n_c,346,1.01726e+06,182.652,142.669,153,128
lt_0_lowtown_a2_n_c,347,81302,143.841,140.527,132,128
lt_0_lowtown_a2_n_c,348,402379,144.61,140.468,122,128
lt_0_lowtown_a2_n_c,349,149438,143.912,143.083,130,128
lt_0_lowtown_a2_n_c,350,980386,163.61,147.284,141,128
lt_0_lowtown_a2_n_c,351,62183.2,162.196,144.255,140,128
lt_0_lowtown_a2_n_c,352,45605,145.752,145.752,119,128
lt_0_lowtown_a2_n_c,353,558755,148.853,146.368,125,128
lt_0_lowtown_a2_n_c,354,158321,156.64,144.154,139,128
lt_0_lowtown_a2_n_c,355,176743,150.912,145.74,137,128
lt_0_lowtown_a2_n_c,356,1.83256e+06,157.983,144.728,142,128
lt_0_lowtown_a2_n_c,357,253645,154.125,146.225,134,128
lt_0_lowtown_a2_n_c,358,2.16181e+06,147.61,145.61,125,128
lt_0_lowtown_a2_n_c,359,1.46628e+06,167.167,147.024,140,128
lt_0_lowtown_a2_n_c,360,2.63683e+06,161.882,148.912,143,128
lt_0_lowtown_a2_n_c,361,278281,176.924,149.527,151,128
lt_0_lowtown_a2_n_c,362,231469,161.497,149.113,148,128
lt_0_lowtown_a2_n_c,363,135390,180.167,149.941,153,128
lt_0_lowtown_a2_n_c,364,275543,164.539,148.64,144,128
lt_0_lowtown_a2_n_c,365,67396.4,156.326,150.811,142,128
lt_0_lowtown_a2_n_c,366,70996.4,151.669,148.355,139,128
lt_0_lowtown_a2_n_c,367,1.203e+06,149.409,149.409,121,128
lt_0_lowtown_a2_n_c,368,45791.2,151.066,151.066,121,128
lt_0_lowtown_a2_n_c,369,55130.6,154.669,149.154,142,128
lt_0_lowtown_a2_n_c,370,78803,166.154,153.426,151,128
lt_0_lowtown_a2_n_c,371,75882.4,169.823,154.125,141,128
lt_0_lowtown_a2_n_c,372,311466,166.095,152.74,141,128
lt_0_lowtown_a2_n_c,373,9.66277e+06,281.581,153.74,254,128
lt_0_lowtown_a2_n_c,374,2.40548e+06,253.51,155.711,228,128
lt_0_lowtown_a2_n_c,375,48788.4,164.368,154.669,143,128
lt_0_lowtown_a2_n_c,376,51390.4,154.284,152.042,147,128
lt_0_lowtown_a2_n_c,377,123556,177.64,155.113,160,128
lt_0_lowtown_a2_n_c,378,63856.2,162.439,152.439,139,128
lt_0_lowtown_a2_n_c,379,48599.2,167.652,154.296,138,128
lt_0_lowtown_a2_n_c,380,2.20033e+06,170.024,156.267,147,128
lt_0_lowtown_a2_n_c,381,1.18473e+06,180.711,158.87,161,128
lt_0_lowtown_a2_n_c,382,7.3352e+06,160.338,157.853,134,128
lt_0_lowtown_a2_n_c,383,45125.8,158.468,158.468,140,128
lt_0_lowtown_a2_n_c,384,579514,163.154,159.841,148,128
lt_0_lowtown_a2_n_c,385,563477,168.882,157.711,150,128
lt_0_lowtown_a2_n_c,386,8.77055e+06,164.752,159.338,138,128
lt_0_lowtown_a2_n_c,387,185311,183.581,158.083,156,128
lt_0_lowtown_a2_n_c,388,328059,159.267,159.267,135,128
lt_0_lowtown_a2_n_c,389,581881,166.64,156.397,149,128
lt_0_lowtown_a2_n_c,390,55394.8,167.238,160.267,138,128
lt_0_lowtown_a2_n_c,391,867909,163.61,162.782,141,128
lt_0_lowtown_a2_n_c,392,1.79038e+06,171.61,163.225,149,128
lt_0_lowtown_a2_n_c,393,325133,233.066,163.711,203,128
lt_0_lowtown_a2_n_c,394,431991,163.782,162.024,142,128
lt_0_lowtown_a2_n_c,395,6.19059e+06,163.752,163.752,137,128
lt_0_lowtown_a2_n_c,396,1.601e+06,175.882,161.012,157,128
lt_0_lowtown_a2_n_c,397,155526,163.439,162.267,140,128
lt_0_lowtown_a2_n_c,398,125250,174.095,163.225,149,128
lt_0_lowtown_a2_n_c,399,351835,181.054,161.598,163,128
lt_0_lowtown_a2_n_c,400,255418,186.953,166.912,166,128
lt_0_lowtown_a2_n_c,401,164628,189.794,164.539,156,128
lt_0_lowtown_a2_n_c,402,107733,173.409,165.853,145,128
lt_0_lowtown_a2_n_c,403,112062,180.024,164.326,157,128
lt_0_lowtown_a2_n_c,404,1.55889e+06,185.853,167.912,162,128
lt_0_lowtown_a2_n_c,405,1.56779e+06,174.137,167.409,142,128
lt_0_lowtown_a2_n_c,406,77101.2,168.77,167.113,159,128
lt_0_lowtown_a2_n_c,407,151260,183.468,164.983,165,128
lt_0_lowtown_a2_n_c,408,61655.8,178.894,165.539,148,128
lt_0_lowtown_a2_n_c,409,201535,174.338,167.368,148,128
lt_0_lowtown_a2_n_c,410,827879,181.782,168.184,160,128
lt_0_lowtown_a2_n_c,411,483815,171.669,168.841,159,128
lt_0_lowtown_a2_n_c,412,1.26818e+06,182.267,168.225,158,128
lt_0_lowtown_a2_n_c,413,60498,184.108,168.853,147,128
lt_0_lowtown_a2_n_c,414,1.05929e+06,228.439,171.468,205,128
lt_0_lowtown_a2_n_c,415,87681.6,182.551,169.196,150,128
lt_0_lowtown_a2_n_c,416,57403.8,177.309,168.681,146,128
lt_0_lowtown_a2_n_c,417,277696,194.48,170.439,164,128
lt_0_lowtown_a2_n_c,418,528132,191.811,168.296,175,128
lt_0_lowtown_a2_n_c,419,225788,174.238,171.309,145,128
lt_0_lowtown_a2_n_c,420,219474,184.095,174.882,159,128
lt_0_lowtown_a2_n_c,421,49565.6,175.894,173.409,145,128
lt_0_lowtown_a2_n_c,422,62466.8,180.196,174.439,158,128
lt_0_lowtown_a2_n_c,423,104992,175.77,172.255,166,128
lt_0_lowtown_a2_n_c,424,783576,235.652,174.983,206,128
lt_0_lowtown_a2_n_c,425,587833,184.569,174.569,169,128
lt_0_lowtown_a2_n_c,426,756956,179.983,175.74,164,128
lt_0_lowtown_a2_n_c,427,1.2125e+06,230.492,175.882,188,128
lt_0_lowtown_a2_n_c,428,474875,193.953,175.669,173,128
lt_0_lowtown_a2_n_c,429,514058,183.823,174.125,155,128
lt_0_lowtown_a2_n_c,430,837649,207.35,176.196,169,128
lt_0_lowtown_a2_n_c,431,101789,176.752,176.752,150,128
lt_0_lowtown_a2_n_c,432,4.40248e+06,187.066,179.066,157,128
lt_0_lowtown_a2_n_c,433,2.36741e+06,236.995,178.77,209,128
lt_0_lowtown_a2_n_c,434,623103,201.652,176.882,172,128
lt_0_lowtown_a2_n_c,435,155682,194.225,177.154,177,128
lt_0_lowtown_a2_n_c,436,117698,191.811,179.569,175,128
lt_0_lowtown_a2_n_c,437,1.13755e+06,176.912,176.912,163,128
lt_0_lowtown_a2_n_c,438,358418,196.882,177.77,178,128
lt_0_lowtown_a2_n_c,439,95318,188.338,178.054,162,128
lt_0_lowtown_a2_n_c,440,100124,190.693,181.581,154,128
lt_0_lowtown_a2_n_c,441,78222,196.936,183.095,159,128
lt_0_lowtown_a2_n_c,442,341460,195.279,182.208,159,128
lt_0_lowtown_a2_n_c,443,388879,191.397,183.255,175,128
lt_0_lowtown_a2_n_c,444,955654,191.953,182.74,171,128
lt_0_lowtown_a2_n_c,445,4.17528e+06,187.995,182.581,160,128
lt_0_lowtown_a2_n_c,446,441802,181.723,181.723,150,128
lt_0_lowtown_a2_n_c,447,290523,183.409,183.409,155,128
lt_0_lowtown_a2_n_c,448,1.82073e+06,183.652,182.48,154,128
lt_0_lowtown_a2_n_c,449,204068,189.841,182.326,178,128
lt_0_lowtown_a2_n_c,450,256435,190.74,185.77,176,128
lt_0_lowtown_a2_n_c,451,355466,197.569,185.468,182,128
lt_0_lowtown_a2_n_c,452,4.55412e+06,197.451,185.652,162,128
lt_0_lowtown_a2_n_c,453,482773,197.338,186.125,171,128
lt_0_lowtown_a2_n_c,454,108746,192.912,187.113,179,128
lt_0_lowtown_a2_n_c,455,3.63111e+06,196.794,184.995,163,128
lt_0_lowtown_a2_n_c,456,261306,214.752,184.527,188,128
lt_0_lowtown_a2_n_c,457,5.84263e+06,206.764,184.38,168,128
lt_0_lowtown_a2_n_c,458,1.7333e+06,186.823,185.652,158,128
lt_0_lowtown_a2_n_c,459,64012.4,191.794,187.066,158,128
lt_0_lowtown_a2_n_c,460,1.27804e+06,197.539,189.255,177,128
lt_0_lowtown_a2_n_c,461,1.10051e+06,257.806,191.397,212,128
lt_0_lowtown_a2_n_c,462,94107.4,201.711,190.154,182,128
lt_0_lowtown_a2_n_c,463,193140,193.752,191.267,167,128
lt_0_lowtown_a2_n_c,464,4.193e+06,195.51,189.125,170,128
lt_0_lowtown_a2_n_c,465,5.99689e+06,192.497,189.184,179,128
lt_0_lowtown_a2_n_c,466,2.58982e+06,199.894,188.338,169,128
lt_0_lowtown_a2_n_c,467,1.56749e+06,246.48,188.598,216,128
lt_0_lowtown_a2_n_c,468,574832,263.48,190.995,233,128
lt_0_lowtown_a2_n_c,469,150957,201.924,191.882,176,128
lt_0_lowtown_a2_n_c,470,1.4049e+07,245.995,195.125,218,128
lt_0_lowtown_a2_n_c,471,250016,212.125,194.953,192,128
lt_0_lowtown_a2_n_c,472,618222,202.652,193.196,173,128
lt_0_lowtown_a2_n_c,473,6.25588e+06,221.563,195.48,177,128
lt_0_lowtown_a2_n_c,474,826259,200.61,194.225,178,128
lt_0_lowtown_a2_n_c,475,1.5411e+06,230.38,193.167,197,128
lt_0_lowtown_a2_n_c,476,741389,213.681,193.983,189,128
lt_0_lowtown_a2_n_c,477,842949,200.882,195.326,182,128
lt_0_lowtown_a2_n_c,478,9.24421e+06,215.51,193.426,190,128
lt_0_lowtown_a2_n_c,479,376872,205.439,193.882,182,128
lt_0_lowtown_a2_n_c,480,619444,208.995,196.468,181,128
lt_0_lowtown_a2_n_c,481,178760,219.924,199.296,194,128
lt_0_lowtown_a2_n_c,482,1.48915e+06,228.309,199.882,197,128
lt_0_lowtown_a2_n_c,483,1.49955e+06,288.137,197.267,256,128
lt_0_lowtown_a2_n_c,484,3.64443e+06,247.823,198.225,219,128
lt_0_lowtown_a2_n_c,485,4.29766e+06,202.551,196.693,170,128
lt_0_lowtown_a2_n_c,486,1.75725e+06,235.664,197.782,194,128
lt_0_lowtown_a2_n_c,487,475505,209.167,196.64,182,128
lt_0_lowtown_a2_n_c,488,980067,218.208,196.326,184,128
lt_0_lowtown_a2_n_c,489,1.09631e+06,209.208,198.439,175,128
lt_0_lowtown_a2_n_c,490,2.32894e+06,248.764,203.752,210,128
lt_0_lowtown_a2_n_c,491,1.83486e+06,244.037,200.681,209,128
lt_0_lowtown_a2_n_c,492,1.23808e+06,226.024,201.397,203,128
lt_0_lowtown_a2_n_c,493,1.15058e+07,211.238,201.095,182,128
lt_0_lowtown_a2_n_c,494,98265.8,208.48,203.752,178,128
lt_0_lowtown_a2_n_c,495,199451,227.936,201.853,190,128
lt_0_lowtown_a2_n_c,496,132511,219.51,200.539,194,128
lt_0_lowtown_a2_n_c,497,1.39657e+06,244.907,200.095,202,128
lt_0_lowtown_a2_n_c,498,850537,219.25,203.995,178,128
lt_0_lowtown_a2_n_c,499,843513,203.924,203.924,178,128
lt_0_lowtown_a2_n_c,500,1.04487e+06,224.522,207.853,187,128
lt_0_lowtown_a2_n_c,501,5.07644e+06,228.421,206.681,188,128
lt_0_lowtown_a2_n_c,502,5.19754e+06,249.037,207.924,214,128
lt_0_lowtown_a2_n_c,503,564569,212.551,204.894,180,128
lt_0_lowtown_a2_n_c,504,1.50021e+07,219.267,206.397,195,128
lt_0_lowtown_a2_n_c,505,2.08368e+06,206.853,206.853,183,128
lt_0_lowtown_a2_n_c,506,2.35419e+06,207.924,205.924,182,128
lt_0_lowtown_a2_n_c,507,1.51113e+06,210.35,204.451,172,128
lt_0_lowtown_a2_n_c,508,1.06327e+06,212.439,206.054,189,128
lt_0_lowtown_a2_n_c,509,6.39746e+06,217.723,205.238,186,128
lt_0_lowtown_a2_n_c,510,3.16542e+06,261.865,211.74,226,128
lt_0_lowtown_a2_n_c,511,1.37092e+06,277.392,208.196,232,128
lt_0_lowtown_a2_n_c,512,2.14346e+06,216.752,209.154,190,128
lt_0_lowtown_a2_n_c,513,1.37792e+06,239.267,210.598,215,128
lt_0_lowtown_a2_n_c,514,3.27427e+06,267.238,211.782,238,128
lt_0_lowtown_a2_n_c,515,303956,218.38,208.439,185,128
lt_0_lowtown_a2_n_c,516,798774,235.338,208.711,209,128
lt_0_lowtown_a2_n_c,517,1.79108e+06,261.35,211.711,223,128
lt_0_lowtown_a2_n_c,518,158073,214.225,209.64,197,128
lt_0_lowtown_a2_n_c,519,1.04784e+06,222.51,208.326,197,128
lt_0_lowtown_a2_n_c,520,2.05514e+06,255.468,213.953,237,128
lt_0_lowtown_a2_n_c,521,1.2992e+06,234.681,213.468,210,128
lt_0_lowtown_a2_n_c,522,6.03688e+06,243.563,215.723,199,128
lt_0_lowtown_a2_n_c,523,1.35246e+07,227.51,215.368,202,128
lt_0_lowtown_a2_n_c,524,1.97587e+06,240.279,212.497,204,128
lt_0_lowtown_a2_n_c,525,1.29933e+06,243.309,214.439,212,128
lt_0_lowtown_a2_n_c,526,7.2804e+06,234.924,215.284,209,128
lt_0_lowtown_a2_n_c,527,1.04555e+06,244.179,212.439,205,128
lt_0_lowtown_a2_n_c,528,596857,284.865,215.066,249,128
lt_0_lowtown_a2_n_c,529,2.41116e+06,233.208,213.953,199,128
lt_0_lowtown_a2_n_c,530,4.17483e+06,233.953,218.296,213,128
lt_0_lowtown_a2_n_c,531,683131,238.622,219.125,204,128
lt_0_lowtown_a2_n_c,532,983441,221.125,216.882,201,128
lt_0_lowtown_a2_n_c,533,3.00281e+06,260.693,219.782,224,128
lt_0_lowtown_a2_n_c,534,2.9434e+06,256.208,217.681,222,128
lt_0_lowtown_a2_n_c,535,1.5282e+06,235.894,216.539,205,128
lt_0_lowtown_a2_n_c,536,3.98421e+07,235.066,219.953,205,128
lt_0_lowtown_a2_n_c,537,962182,221.338,216.61,195,128
lt_0_lowtown_a2_n_c,538,213622,224.912,217.74,211,128
lt_0_lowtown_a2_n_c,539,1.2569e+07,221.439,218.024,198,128
lt_0_lowtown_a2_n_c,540,2.24542e+06,239.865,220.024,204,128
lt_0_lowtown_a2_n_c,541,1.28496e+06,246.865,222.723,211,128
lt_0_lowtown_a2_n_c,542,713205,234.024,223.439,211,128
lt_0_lowtown_a2_n_c,543,1.79881e+06,251.451,222.865,216,128
lt_0_lowtown_a2_n_c,544,5.03415e+06,236.936,223.48,199,128
lt_0_lowtown_a2_n_c,545,867590,223.752,220.439,197,128
lt_0_lowtown_a2_n_c,546,491657,238.894,223.196,208,128
lt_0_lowtown_a2_n_c,547,664691,241.723,221.539,210,128
lt_0_lowtown_a2_n_c,548,3.74442e+06,240.853,220.669,217,128
lt_0_lowtown_a2_n_c,549,593198,241.137,223.581,209,128
lt_0_lowtown_a2_n_c,550,134204,232.439,225.024,209,128
lt_0_lowtown_a2_n_c,551,507544,237.51,227.953,212,128
lt_0_lowtown_a2_n_c,552,2.83405e+06,235.622,226.108,201,128
lt_0_lowtown_a2_n_c,553,1.74329e+06,290.007,224.953,250,128
lt_0_lowtown_a2_n_c,554,85968.4,229.179,225.865,190,128
lt_0_lowtown_a2_n_c,555,320437,287.208,226.38,253,128
lt_0_lowtown_a2_n_c,556,1.17221e+06,239.309,224.296,208,128
lt_0_lowtown_a2_n_c,557,148793,237.492,227.208,195,128
lt_0_lowtown_a2_n_c,558,867262,233.622,224.167,199,128
lt_0_lowtown_a2_n_c,559,2.10271e+06,259.865,224.468,224,128
lt_0_lowtown_a2_n_c,560,523706,245.095,229.439,220,128
lt_0_lowtown_a2_n_c,561,1.20934e+06,235.853,228.296,212,128
lt_0_lowtown_a2_n_c,562,3.37542e+06,243.711,230.012,224,128
lt_0_lowtown_a2_n_c,563,1.06461e+06,238.61,231.154,216,128
lt_0_lowtown_a2_n_c,564,983597,235.823,231.095,207,128
lt_0_lowtown_a2_n_c,565,1.68719e+06,289.836,228.054,249,128
lt_0_lowtown_a2_n_c,566,3.47341e+06,254.693,231.48,218,128
lt_0_lowtown_a2_n_c,567,92708.4,239.179,229.723,200,128
lt_0_lowtown_a2_n_c,568,8.16929e+06,266.321,231.468,223,128
lt_0_lowtown_a2_n_c,569,370579,246.125,230.711,226,128
lt_0_lowtown_a2_n_c,570,829924,253.522,232.066,216,128
lt_0_lowtown_a2_n_c,571,5.00958e+06,249.539,232.912,229,128
lt_0_lowtown_a2_n_c,572,3.68923e+06,274.22,234.681,228,128
lt_0_lowtown_a2_n_c,573,5.214e+06,257.635,235.894,211,128
lt_0_lowtown_a2_n_c,574,1.02136e+06,245.137,234.024,213,128
lt_0_lowtown_a2_n_c,575,2.52382e+06,262.936,234.167,225,128
lt_0_lowtown_a2_n_c,576,573238,242.652,232.752,213,128
lt_0_lowtown_a2_n_c,577,415747,240.238,234.338,211,128
lt_0_lowtown_a2_n_c,578,942652,257.794,235.853,224,128
lt_0_lowtown_a2_n_c,579,523345,244.622,235.167,210,128
lt_0_lowtown_a2_n_c,580,4.09403e+06,268.563,237.752,224,128
lt_0_lowtown_a2_n_c,581,1.30368e+06,274.049,237.539,227,128
lt_0_lowtown_a2_n_c,582,1.34214e+06,249.066,239.125,219,128
lt_0_lowtown_a2_n_c,583,7.43749e+06,284.569,238.024,269,128
lt_0_lowtown_a2_n_c,584,1.17474e+06,264.037,238.238,229,128
lt_0_lowtown_a2_n_c,585,208220,265.492,236.48,223,128
lt_0_lowtown_a2_n_c,586,149984,245.522,237.723,208,128
lt_0_lowtown_a2_n_c,587,602581,259.51,237.811,234,128
lt_0_lowtown_a2_n_c,588,1.12721e+06,268.794,238.309,235,128
lt_0_lowtown_a2_n_c,589,2.06733e+06,277.907,237.539,235,128
lt_0_lowtown_a2_n_c,590,1.52654e+06,269.924,242.853,244,128
lt_0_lowtown_a2_n_c,591,209311,250.208,240.409,216,128
lt_0_lowtown_a2_n_c,592,3.48829e+06,270.208,242.894,236,128
lt_0_lowtown_a2_n_c,593,4.7378e+06,267.35,243.551,229,128
lt_0_lowtown_a2_n_c,594,6.04654e+06,263.037,242.652,228,128
lt_0_lowtown_a2_n_c,595,1.22512e+06,294.463,240.723,247,128
lt_0_lowtown_a2_n_c,596,133397,250.593,240.652,211,128
lt_0_lowtown_a2_n_c,597,249136,263.024,242.983,240,128
lt_0_lowtown_a2_n_c,598,393283,250.095,241.024,225,128
lt_0_lowtown_a2_n_c,599,143879,251.451,240.581,216,128
lt_0_lowtown_a2_n_c,600,1.08668e+06,262.522,247.267,225,128
lt_0_lowtown_a2_n_c,601,1.0458e+06,257.966,246.024,225,128
lt_0_lowtown_a2_n_c,602,6.55076e+06,260.368,246.225,239,128
lt_0_lowtown_a2_n_c,603,4.38175e+06,281.978,245.894,237,128
lt_0_lowtown_a2_n_c,604,1.97781e+06,261.522,246.652,224,128
lt_0_lowtown_a2_n_c,605,133624,266.51,244.225,241,128
lt_0_lowtown_a2_n_c,606,5.27678e+06,287.522,247.539,250,128
lt_0_lowtown_a2_n_c,607,7.08367e+06,271.877,245.894,224,128
lt_0_lowtown_a2_n_c,608,2.03647e+06,308.593,245.154,269,128
lt_0_lowtown_a2_n_c,609,1.60922e+06,333.735,244.137,290,128
lt_0_lowtown_a2_n_c,610,234439,275.279,251.338,239,128
lt_0_lowtown_a2_n_c,611,1.09171e+06,264.723,250.296,233,128
lt_0_lowtown_a2_n_c,612,263692,262.936,248.794,225,128
lt_0_lowtown_a2_n_c,613,1.03787e+06,292.764,250.48,254,128
lt_0_lowtown_a2_n_c,614,706877,260.978,250.451,216,128
lt_0_lowtown_a2_n_c,615,2.90189e+06,274.764,249.309,236,128
lt_0_lowtown_a2_n_c,616,6.57605e+06,271.534,249.794,222,128
lt_0_lowtown_a2_n_c,617,483774,263.782,251.882,242,128
lt_0_lowtown_a2_n_c,618,1.79353e+06,255.51,248.882,230,128
lt_0_lowtown_a2_n_c,619,154743,260.652,248.167,231,128
lt_0_lowtown_a2_n_c,620,813876,272.066,254.225,242,128
lt_0_lowtown_a2_n_c,621,3.99479e+06,314.421,252.681,274,128
lt_0_lowtown_a2_n_c,622,565268,264.622,254.238,230,128
lt_0_lowtown_a2_n_c,623,2.10363e+06,344.22,253.208,298,128
lt_0_lowtown_a2_n_c,624,3.4749e+06,304.894,252.853,274,128
lt_0_lowtown_a2_n_c,625,1.30724e+07,256.924,253.61,231,128
lt_0_lowtown_a2_n_c,626,688516,266.208,252.894,232,128
lt_0_lowtown_a2_n_c,627,269133,293.664,252.61,252,128
lt_0_lowtown_a2_n_c,628,349195,262.149,254.108,218,128
lt_0_lowtown_a2_n_c,629,9.03222e+06,291.291,254.338,243,128
lt_0_lowtown_a2_n_c,630,595193,288.238,256.882,259,128
lt_0_lowtown_a2_n_c,631,185362,260.581,256.439,233,128
lt_0_lowtown_a2_n_c,632,2.39178e+06,275.948,256.108,226,128
lt_0_lowtown_a2_n_c,633,9.02212e+06,313.948,258.267,264,128
lt_0_lowtown_a2_n_c,634,905004,268.309,256.409,237,128
lt_0_lowtown_a2_n_c,635,864176,272.848,259.25,220,128
lt_0_lowtown_a2_n_c,636,163350,268.492,257.622,226,128
lt_0_lowtown_a2_n_c,637,652821,286.693,259.782,250,128
lt_0_lowtown_a2_n_c,638,3.0122e+06,277.392,258.137,232,128
lt_0_lowtown_a2_n_c,639,1.40357e+06,275.693,257.066,239,128
lt_0_lowtown_a2_n_c,640,168826,275.551,263.309,243,128
lt_0_lowtown_a2_n_c,641,219452,270.392,260.35,225,128
lt_0_lowtown_a2_n_c,642,897058,274.037,260.48,239,128
lt_0_lowtown_a2_n_c,643,702515,327.936,262.622,290,128
lt_0_lowtown_a2_n_c,644,664055,271.35,261.652,233,128
lt_0_lowtown_a2_n_c,645,242781,273.635,263.593,227,128
lt_0_lowtown_a2_n_c,646,3.53469e+06,273.179,261.723,234,128
lt_0_lowtown_a2_n_c,647,2.4493e+06,283.534,262.037,234,128
lt_0_lowtown_a2_n_c,648,2.58366e+06,284.262,262.764,231,128
lt_0_lowtown_a2_n_c,649,7.6265e+06,329.635,263.953,283,128
lt_0_lowtown_a2_n_c,650,8.8811e+06,299.919,265.794,245,128
lt_0_lowtown_a2_n_c,651,613981,282.392,265.764,237,128
lt_0_lowtown_a2_n_c,652,6.17847e+06,301.764,264.267,263,128
lt_0_lowtown_a2_n_c,653,1.26959e+06,278.581,267.51,251,128
lt_0_lowtown_a2_n_c,654,993923,270.167,265.095,243,128
lt_0_lowtown_a2_n_c,655,968099,306.421,266.397,266,128
lt_0_lowtown_a2_n_c,656,3.48864e+06,315.693,264.681,279,128
lt_0_lowtown_a2_n_c,657,4.48895e+06,292.664,264.966,251,128
lt_0_lowtown_a2_n_c,658,671744,277.108,264.38,240,128
lt_0_lowtown_a2_n_c,659,8.83012e+06,292.706,265.551,244,128
lt_0_lowtown_a2_n_c,660,5.16695e+06,295.576,270.179,239,128
lt_0_lowtown_a2_n_c,661,669740,287.137,268.61,255,128
lt_0_lowtown_a2_n_c,662,6.59939e+06,316.948,270.38,267,128
lt_0_lowtown_a2_n_c,663,866312,280.463,270.179,233,128
lt_0_lowtown_a2_n_c,664,516630,277.167,268.681,250,128
lt_0_lowtown_a2_n_c,665,2.12668e+07,307.321,269.539,264,128
lt_0_lowtown_a2_n_c,666,5.90628e+06,310.362,269.108,260,128
lt_0_lowtown_a2_n_c,667,869829,280.392,269.764,235,128
lt_0_lowtown_a2_n_c,668,3.07261e+06,296.635,269.823,250,128
lt_0_lowtown_a2_n_c,669,2.23659e+06,294.764,271.794,256,128
lt_0_lowtown_a2_n_c,670,727433,294.463,272.137,247,128
lt_0_lowtown_a2_n_c,671,542350,283.238,274.752,254,128
lt_0_lowtown_a2_n_c,672,329610,304.108,274.752,267,128
lt_0_lowtown_a2_n_c,673,483454,284.279,275.652,248,128
lt_0_lowtown_a2_n_c,674,1.25737e+06,277.095,272.853,252,128
lt_0_lowtown_a2_n_c,675,9.9738e+06,291.936,273.51,254,128
lt_0_lowtown_a2_n_c,676,3.59194e+06,302.492,273.279,260,128
lt_0_lowtown_a2_n_c,677,1.46131e+06,293.463,272.409,246,128
lt_0_lowtown_a2_n_c,678,2.1942e+06,321.936,274.581,284,128
lt_0_lowtown_a2_n_c,679,1.6876e+07,284.61,275.095,262,128
lt_0_lowtown_a2_n_c,680,6.07913e+06,309.078,278.652,267,128
lt_0_lowtown_a2_n_c,681,6.20632e+06,317.865,278.468,282,128
lt_0_lowtown_a2_n_c,682,4.17345e+07,284.179,279.492,245,128
lt_0_lowtown_a2_n_c,683,832685,290.451,279.137,255,128
lt_0_lowtown_a2_n_c,684,8.44132e+06,337.463,278.51,290,128
lt_0_lowtown_a2_n_c,685,8.58438e+07,277.267,277.267,253,128
lt_0_lowtown_a2_n_c,686,812249,289.409,276.539,261,128
lt_0_lowtown_a2_n_c,687,2.57536e+06,298.09,276.593,244,128
lt_0_lowtown_a2_n_c,688,5.5093e+06,316.149,276.995,272,128
lt_0_lowtown_a2_n_c,689,1.55446e+06,303.735,279.125,260,128
lt_0_lowtown_a2_n_c,690,608956,292.291,282.007,244,128
lt_0_lowtown_a2_n_c,691,1.88375e+06,292.563,282.522,248,128
lt_0_lowtown_a2_n_c,692,375844,291.853,281.125,268,128
lt_0_lowtown_a2_n_c,693,4.07045e+06,356.404,283.51,299,128
lt_0_lowtown_a2_n_c,694,1.72641e+06,296.066,283.48,266,128
lt_0_lowtown_a2_n_c,695,6.04781e+06,309.777,283.492,259,128
lt_0_lowtown_a2_n_c,696,547291,289.752,281.267,263,128
lt_0_lowtown_a2_n_c,697,2.91175e+06,310.99,282.421,254,128
lt_0_lowtown_a2_n_c,698,6.57122e+06,326.179,280.681,287,128
lt_0_lowtown_a2_n_c,699,6.20939e+06,329.676,283.894,276,128
lt_0_lowtown_a2_n_c,700,9.20638e+07,293.551,285.652,261,128
lt_0_lowtown_a2_n_c,701,1.64222e+06,367.593,285.409,328,128
lt_0_lowtown_a2_n_c,702,7.82151e+06,309.434,287.693,257,128
lt_0_lowtown_a2_n_c,703,9.01924e+06,315.534,284.622,266,128
lt_0_lowtown_a2_n_c,704,2.08249e+06,339.635,287.51,293,128
lt_0_lowtown_a2_n_c,705,9.29889e+06,328.404,287.936,271,128
lt_0_lowtown_a2_n_c,706,1.70885e+06,298.066,287.823,268,128
lt_0_lowtown_a2_n_c,707,1.62579e+06,373.806,284.794,328,128
lt_0_lowtown_a2_n_c,708,1.91553e+06,331.919,286.865,277,128
lt_0_lowtown_a2_n_c,709,956367,306.764,285.551,268,128
lt_0_lowtown_a2_n_c,710,1.75844e+06,303.48,291.48,273,128
lt_0_lowtown_a2_n_c,711,4.43305e+06,338.149,291.338,294,128
lt_0_lowtown_a2_n_c,712,624387,300.747,289.149,245,128
lt_0_lowtown_a2_n_c,713,1.11071e+07,332.505,290.664,278,128
lt_0_lowtown_a2_n_c,714,7.02287e+06,314.019,289.149,262,128
lt_0_lowtown_a2_n_c,715,456144,304.049,290.693,257,128
lt_0_lowtown_a2_n_c,716,434554,300.652,290.995,271,128
lt_0_lowtown_a2_n_c,717,3.93849e+06,328.09,290.108,274,128
lt_0_lowtown_a2_n_c,718,436299,297.622,289.622,263,128
lt_0_lowtown_a2_n_c,719,667927,297.848,288.735,245,128
lt_0_lowtown_a2_n_c,720,1.29138e+06,332.865,295.368,297,128
lt_0_lowtown_a2_n_c,721,1.13484e+06,321.735,293.451,278,128
lt_0_lowtown_a2_n_c,722,997628,385.019,292.35,333,128
lt_0_lowtown_a2_n_c,723,268849,305.593,293.35,266,128
lt_0_lowtown_a2_n_c,724,7.38042e+06,322.362,294.421,272,128
lt_0_lowtown_a2_n_c,725,1.79536e+06,325.948,294.066,276,128
lt_0_lowtown_a2_n_c,726,1.12932e+06,325.777,293.007,275,128
lt_0_lowtown_a2_n_c,727,4.43876e+06,334.191,292.35,283,128
lt_0_lowtown_a2_n_c,728,9.57203e+06,373.375,295.451,311,128
lt_0_lowtown_a2_n_c,729,6.22785e+06,323.09,295.978,269,128
lt_0_lowtown_a2_n_c,730,5.79114e+06,343.96,298.463,282,128
lt_0_lowtown_a2_n_c,731,4.93333e+06,338.676,299.38,285,128
lt_0_lowtown_a2_n_c,732,2.99063e+06,323.718,298.563,263,128
lt_0_lowtown_a2_n_c,733,1.55936e+07,333.848,296.368,281,128
lt_0_lowtown_a2_n_c,734,2.22664e+06,338.877,298.108,291,128
lt_0_lowtown_a2_n_c,735,781422,327.794,298.581,294,128
lt_0_lowtown_a2_n_c,736,3.45169e+06,328.233,296.593,270,128
lt_0_lowtown_a2_n_c,737,784772,312.865,296.137,277,128
lt_0_lowtown_a2_n_c,738,568265,316.208,296.409,282,128
lt_0_lowtown_a2_n_c,739,1.55637e+06,317.25,296.581,276,128
lt_0_lowtown_a2_n_c,740,1.19938e+06,315.693,301.267,279,128
lt_0_lowtown_a2_n_c,741,5.89169e+07,307.019,302.291,255,128
lt_0_lowtown_a2_n_c,742,784783,309.907,302.693,267,128
lt_0_lowtown_a2_n_c,743,7.32969e+06,325.262,302.35,272,128
lt_0_lowtown_a2_n_c,744,4.94436e+06,352.907,300.38,310,128
lt_0_lowtown_a2_n_c,745,9.45763e+06,358.132,303.907,297,128
lt_0_lowtown_a2_n_c,746,1.29277e+06,320.505,301.534,266,128
lt_0_lowtown_a2_n_c,747,7.25186e+06,340.321,301.167,297,128
lt_0_lowtown_a2_n_c,748,974450,311.877,300.764,264,128
lt_0_lowtown_a2_n_c,749,1.43878e+06,342.706,302.48,294,128
lt_0_lowtown_a2_n_c,750,1.37893e+06,348.362,306.966,298,128
lt_0_lowtown_a2_n_c,751,2.70182e+07,315.108,305.551,278,128
lt_0_lowtown_a2_n_c,752,1.05968e+07,376.517,305.865,310,128
lt_0_lowtown_a2_n_c,753,771259,339.007,307.409,299,128
lt_0_lowtown_a2_n_c,754,1.52582e+06,335.522,306.652,298,128
lt_0_lowtown_a2_n_c,755,2.49409e+06,306.723,305.894,275,128
lt_0_lowtown_a2_n_c,756,2.08897e+06,375.948,304.811,326,128
lt_0_lowtown_a2_n_c,757,870843,332.362,306.865,282,128
lt_0_lowtown_a2_n_c,758,9.09901e+06,330.492,304.652,288,128
lt_0_lowtown_a2_n_c,759,2.16022e+06,387.588,307.037,319,128
lt_0_lowtown_a2_n_c,760,3.52167e+06,327.362,311.907,277,128
lt_0_lowtown_a2_n_c,761,1.09582e+06,335.948,310.693,286,128
lt_0_lowtown_a2_n_c,762,3.13422e+06,361.764,310.752,323,128
lt_0_lowtown_a2_n_c,763,1.29292e+06,337.291,309.007,289,128
lt_0_lowtown_a2_n_c,764,3.69044e+06,345.576,310.421,289,128
lt_0_lowtown_a2_n_c,765,3.94105e+06,346.718,311.522,286,128
lt_0_lowtown_a2_n_c,766,1.6689e+06,364.475,311.037,305,128
lt_0_lowtown_a2_n_c,767,684807,319.889,309.362,260,128
lt_0_lowtown_a2_n_c,768,897955,322.806,309.492,277,128
lt_0_lowtown_a2_n_c,769,1.62865e+06,318.291,311.907,270,128
lt_0_lowtown_a2_n_c,770,1.38959e+07,362.404,313.978,305,128
lt_0_lowtown_a2_n_c,771,385249,327.132,315.777,266,128
lt_0_lowtown_a2_n_c,772,1.99499e+06,373.061,313.723,314,128
lt_0_lowtown_a2_n_c,773,1.76113e+06,321.605,315.22,270,128
lt_0_lowtown_a2_n_c,774,524902,337.066,314.439,307,128
lt_0_lowtown_a2_n_c,775,7.87346e+06,362.032,314.635,298,128
lt_0_lowtown_a2_n_c,776,1.09229e+07,321.635,313.593,275,128
lt_0_lowtown_a2_n_c,777,1.86033e+07,326.723,313.409,295,128
lt_0_lowtown_a2_n_c,778,1.75408e+06,386.103,312.865,320,128
lt_0_lowtown_a2_n_c,779,8.28899e+06,359.948,314.794,310,128
lt_0_lowtown_a2_n_c,780,2.8261e+07,349.936,316.095,312,128
lt_0_lowtown_a2_n_c,781,1.30553e+07,393.09,318.421,339,128
lt_0_lowtown_a2_n_c,782,6.74431e+06,342.09,317.664,288,128
lt_0_lowtown_a2_n_c,783,6.10795e+06,359.676,316.421,306,128
lt_0_lowtown_a2_n_c,784,7.79427e+06,350.718,317.321,290,128
lt_0_lowtown_a2_n_c,785,1.04194e+06,343.451,319.652,308,128
lt_0_lowtown_a2_n_c,786,874821,339.836,319.167,299,128
lt_0_lowtown_a2_n_c,787,190513,328.049,318.149,281,128
lt_0_lowtown_a2_n_c,788,1.16748e+06,335.747,319.907,280,128
lt_0_lowtown_a2_n_c,789,5.77394e+07,377.818,317.652,320,128
lt_0_lowtown_a2_n_c,790,1.73136e+06,368.061,321.693,309,128
lt_0_lowtown_a2_n_c,791,1.79103e+06,358.09,322.735,304,128
lt_0_lowtown_a2_n_c,792,5.17603e+06,393.262,320.853,340,128
lt_0_lowtown_a2_n_c,793,674263,331.161,322.291,275,128
lt_0_lowtown_a2_n_c,794,1.47082e+06,359.191,321.551,308,128
lt_0_lowtown_a2_n_c,795,2.32904e+06,338.806,322.522,293,128
lt_0_lowtown_a2_n_c,796,3.07868e+07,343.522,323.48,306,128
lt_0_lowtown_a2_n_c,797,4.9956e+06,348.789,321.392,286,128
lt_0_lowtown_a2_n_c,798,1.98447e+06,343.723,320.066,312,128
lt_0_lowtown_a2_n_c,799,6.36789e+06,347.836,323.309,307,128
lt_0_lowtown_a2_n_c,800,2.62133e+07,367.605,324.936,316,128
lt_0_lowtown_a2_n_c,801,2.36874e+06,339.179,325.865,300,128
lt_0_lowtown_a2_n_c,802,908779,355.279,325.966,319,128
lt_0_lowtown_a2_n_c,803,379977,338.233,326.534,280,128
lt_0_lowtown_a2_n_c,804,833320,338.747,325.635,283,128
lt_0_lowtown_a2_n_c,805,997038,344.635,326.693,298,128
lt_0_lowtown_a2_n_c,806,1.36849e+07,414.522,324.48,377,128
lt_0_lowtown_a2_n_c,807,1.17004e+06,336.889,327.777,277,128
lt_0_lowtown_a2_n_c,808,1.96882e+06,382.404,326.723,325,128
lt_0_lowtown_a2_n_c,809,884762,349.019,327.078,297,128
lt_0_lowtown_a2_n_c,810,1.48841e+06,342.291,330.492,294,128
lt_0_lowtown_a2_n_c,811,1.38765e+06,351.605,328.35,300,128
lt_0_lowtown_a2_n_c,812,1.71576e+06,359.434,329.049,307,128
lt_0_lowtown_a2_n_c,813,1.80377e+06,342.777,330.25,292,128
lt_0_lowtown_a2_n_c,814,1.87716e+06,360.635,329.279,314,128
lt_0_lowtown_a2_n_c,815,1.0267e+06,360.48,331.225,330,128
lt_0_lowtown_a2_n_c,816,2.70467e+06,336.522,330.137,299,128
lt_0_lowtown_a2_n_c,817,286298,358.392,330.836,313,128
lt_0_lowtown_a2_n_c,818,9.52701e+07,342.362,330.179,292,128
lt_0_lowtown_a2_n_c,819,7.56182e+07,356.948,328.622,307,128
lt_0_lowtown_a2_n_c,820,680566,345.723,332.409,314,128
lt_0_lowtown_a2_n_c,821,6.03121e+07,341.806,334.593,296,128
lt_0_lowtown_a2_n_c,822,4.42051e+06,415.831,334.551,346,128
lt_0_lowtown_a2_n_c,823,4.22971e+06,406.931,333.208,340,128
lt_0_lowtown_a2_n_c,824,1.47933e+07,392.404,332.622,335,128
lt_0_lowtown_a2_n_c,825,773271,350.238,334.439,321,128
lt_0_lowtown_a2_n_c,826,1.34349e+06,339.291,335.149,291,128
lt_0_lowtown_a2_n_c,827,2.65539e+07,346.664,335.309,305,128
lt_0_lowtown_a2_n_c,828,7.33906e+06,384.451,332.652,349,128
lt_0_lowtown_a2_n_c,829,7.20053e+06,400.505,332.823,346,128
lt_0_lowtown_a2_n_c,830,671690,368.279,338.439,332,128
lt_0_lowtown_a2_n_c,831,743732,353.037,337.238,318,128
lt_0_lowtown_a2_n_c,832,3.67835e+07,343.279,337.865,307,128
lt_0_lowtown_a2_n_c,833,931874,355.723,337.924,324,128
lt_0_lowtown_a2_n_c,834,4.53206e+07,379.706,338.551,331,128
lt_0_lowtown_a2_n_c,835,3.78938e+06,368.475,336.635,309,128
lt_0_lowtown_a2_n_c,836,1.68307e+06,369.049,338.179,322,128
lt_0_lowtown_a2_n_c,837,1.59082e+08,337.836,337.836,297,128
lt_0_lowtown_a2_n_c,838,785580,347.421,336.35,307,128
lt_0_lowtown_a2_n_c,839,1.33949e+07,377.848,336.35,325,128
lt_0_lowtown_a2_n_c,840,9.15876e+06,417.416,341.836,348,128
lt_0_lowtown_a2_n_c,841,2.31316e+06,352.605,343.735,301,128
lt_0_lowtown_a2_n_c,842,1.48234e+06,383.304,340.836,323,128
lt_0_lowtown_a2_n_c,843,2.47622e+06,385.061,342.492,326,128
lt_0_lowtown_a2_n_c,844,1.27999e+06,348.149,341.421,304,128
lt_0_lowtown_a2_n_c,845,1.36792e+08,390.505,341.35,336,128
lt_0_lowtown_a2_n_c,846,5.30958e+07,374.291,342.208,326,128
lt_0_lowtown_a2_n_c,847,8.51185e+06,385.617,341.978,322,128
lt_0_lowtown_a2_n_c,848,1.68941e+06,349.492,343.936,307,128
lt_0_lowtown_a2_n_c,849,1.99597e+08,375.688,342.007,310,128
lt_0_lowtown_a2_n_c,850,893111,389.517,346.806,323,128
lt_0_lowtown_a2_n_c,851,1.91305e+06,385.907,347.439,343,128
lt_0_lowtown_a2_n_c,852,1.56016e+06,364.137,347.894,332,128
lt_0_lowtown_a2_n_c,853,7.46363e+07,355.693,346.179,319,128
lt_0_lowtown_a2_n_c,854,1.43392e+06,382.818,346.208,325,128
lt_0_lowtown_a2_n_c,855,1.07877e+07,390.404,345.492,333,128
lt_0_lowtown_a2_n_c,856,9.17023e+06,379.764,344.024,341,128
lt_0_lowtown_a2_n_c,857,6.01747e+07,381.588,345.907,313,128
lt_0_lowtown_a2_n_c,858,6.24283e+06,393.392,346.037,348,128
lt_0_lowtown_a2_n_c,859,1.19874e+07,388.032,345.463,324,128
lt_0_lowtown_a2_n_c,860,823635,356.421,348.38,316,128
lt_0_lowtown_a2_n_c,861,1.0832e+06,367.007,349.551,327,128
lt_0_lowtown_a2_n_c,862,680545,359.593,350.037,320,128
lt_0_lowtown_a2_n_c,863,2.81212e+07,374.007,348.066,334,128
lt_0_lowtown_a2_n_c,864,2.00243e+06,355.907,350.35,313,128
lt_0_lowtown_a2_n_c,865,1.06735e+06,364.919,348.534,310,128
lt_0_lowtown_a2_n_c,866,757378,360.806,348.421,315,128
lt_0_lowtown_a2_n_c,867,1.62023e+06,366.818,348.635,309,128
lt_0_lowtown_a2_n_c,868,7.4542e+06,438.073,350.551,367,128
lt_0_lowtown_a2_n_c,869,1.88609e+07,361.309,350.48,330,128
lt_0_lowtown_a2_n_c,870,3.68165e+07,370.291,354.392,322,128
lt_0_lowtown_a2_n_c,871,7.83576e+06,367.664,353.38,326,128
lt_0_lowtown_a2_n_c,872,1.03626e+07,418.115,352.291,340,128
lt_0_lowtown_a2_n_c,873,2.00358e+06,431.902,352.522,360,128
lt_0_lowtown_a2_n_c,874,2.1062e+06,416.032,352.208,352,128
lt_0_lowtown_a2_n_c,875,817224,368.522,353.309,331,128
lt_0_lowtown_a2_n_c,876,2.52849e+07,380.522,352.338,343,128
lt_0_lowtown_a2_n_c,877,574002,366.421,355.936,326,128
lt_0_lowtown_a2_n_c,878,3.15729e+07,434.032,352.752,370,128
lt_0_lowtown_a2_n_c,879,3.18771e+07,434.103,352.581,368,128
lt_0_lowtown_a2_n_c,880,1.21456e+06,382.434,359.078,330,128
lt_0_lowtown_a2_n_c,881,749244,368.806,357.836,323,128
lt_0_lowtown_a2_n_c,882,6.68258e+06,380.262,357.35,327,128
lt_0_lowtown_a2_n_c,883,2.27826e+07,380.35,357.238,342,128
lt_0_lowtown_a2_n_c,884,950741,380.25,359.865,339,128
lt_0_lowtown_a2_n_c,885,2.355e+07,393.451,358.782,358,128
lt_0_lowtown_a2_n_c,886,715350,370.936,358.451,333,128
lt_0_lowtown_a2_n_c,887,3.05945e+08,359.35,359.35,321,128
lt_0_lowtown_a2_n_c,888,1.48968e+08,373.191,359.534,322,128
lt_0_lowtown_a2_n_c,889,267109,365.747,357.262,310,128
lt_0_lowtown_a2_n_c,890,7.66788e+06,414.659,363.706,344,128
lt_0_lowtown_a2_n_c,891,949856,372.836,361.865,332,128
lt_0_lowtown_a2_n_c,892,1.64255e+07,400.676,361.078,347,128
lt_0_lowtown_a2_n_c,893,1.69103e+06,369.149,362.764,325,128
lt_0_lowtown_a2_n_c,894,2.12046e+08,360.35,360.35,322,128
lt_0_lowtown_a2_n_c,895,1.11639e+07,438.6,360.777,358,128
lt_0_lowtown_a2_n_c,896,1.68554e+06,398.451,360.652,363,128
lt_0_lowtown_a2_n_c,897,1.36596e+07,403.889,362.877,344,128
lt_0_lowtown_a2_n_c,898,2.12601e+07,388.818,361.262,331,128
lt_0_lowtown_a2_n_c,899,563671,407.262,363.38,354,128
lt_0_lowtown_a2_n_c,900,2.98136e+08,397.576,366.421,341,128
lt_0_lowtown_a2_n_c,901,2.14018e+06,380.848,367.877,328,128
lt_0_lowtown_a2_n_c,902,3.53227e+06,447.061,365.439,388,128
lt_0_lowtown_a2_n_c,903,1.37138e+06,386.794,365.581,353,128
lt_0_lowtown_a2_n_c,904,5.76548e+07,375.563,364.149,331,128
lt_0_lowtown_a2_n_c,905,2.75343e+07,403.676,364.179,350,128
lt_0_lowtown_a2_n_c,906,3.12952e+06,422.659,364.492,352,128
lt_0_lowtown_a2_n_c,907,555722,378.593,365.037,339,128
lt_0_lowtown_a2_n_c,908,1.09296e+06,383.836,367.551,343,128
lt_0_lowtown_a2_n_c,909,4.79287e+06,421.647,366.794,363,128
lt_0_lowtown_a2_n_c,910,1.11916e+07,442.257,369.605,360,128
lt_0_lowtown_a2_n_c,911,1.48158e+06,404.019,370.279,352,128
lt_0_lowtown_a2_n_c,912,527841,384.747,371.919,329,128
lt_0_lowtown_a2_n_c,913,2.46252e+06,377.463,370.25,330,128
lt_0_lowtown_a2_n_c,914,3.88488e+07,413.718,368.848,353,128
lt_0_lowtown_a2_n_c,915,2.91218e+07,397.108,371.167,360,128
lt_0_lowtown_a2_n_c,916,1.01699e+06,389.037,371.48,354,128
lt_0_lowtown_a2_n_c,917,2.07325e+06,427.96,369.451,366,128
lt_0_lowtown_a2_n_c,918,1.38537e+08,369.593,369.593,330,128
lt_0_lowtown_a2_n_c,919,5.24002e+07,401.161,369.664,345,128
lt_0_lowtown_a2_n_c,920,3.95209e+08,374.907,374.907,332,128
lt_0_lowtown_a2_n_c,921,1.92843e+06,387.794,374.966,354,128
lt_0_lowtown_a2_n_c,922,2.40294e+08,421.647,375.421,363,128
lt_0_lowtown_a2_n_c,923,9.18681e+06,385.777,372.806,335,128
lt_0_lowtown_a2_n_c,924,1.02995e+06,405.948,374.652,356,128
lt_0_lowtown_a2_n_c,925,898095,389.966,374.551,357,128
lt_0_lowtown_a2_n_c,926,6.74067e+06,463.801,375.451,389,128
lt_0_lowtown_a2_n_c,927,3.83827e+06,388.664,374.664,347,128
lt_0_lowtown_a2_n_c,928,1.11041e+07,392.806,374.279,347,128
lt_0_lowtown_a2_n_c,929,4.76283e+07,430.505,374.806,376,128
lt_0_lowtown_a2_n_c,930,1.94906e+06,426.161,378.362,370,128
lt_0_lowtown_a2_n_c,931,6.04375e+07,391.362,379.505,341,128
lt_0_lowtown_a2_n_c,932,1.2981e+08,434.848,378.622,382,128
lt_0_lowtown_a2_n_c,933,535127,393.848,376.534,341,128
lt_0_lowtown_a2_n_c,934,4.83536e+07,388.948,378.848,339,128
lt_0_lowtown_a2_n_c,935,3.98986e+07,430.019,379.652,378,128
lt_0_lowtown_a2_n_c,936,4.73911e+08,376.865,376.865,341,128
lt_0_lowtown_a2_n_c,937,1.07949e+07,407.451,377.853,372,128
lt_0_lowtown_a2_n_c,938,2.16416e+06,419.576,379.551,363,128
lt_0_lowtown_a2_n_c,939,5.47817e+06,398.233,377.806,340,128
lt_0_lowtown_a2_n_c,940,3.67964e+07,403.563,380.066,359,128
lt_0_lowtown_a2_n_c,941,2.97354e+08,383.404,382.818,326,128
lt_0_lowtown_a2_n_c,942,3.37438e+07,397.421,380.794,357,128
lt_0_lowtown_a2_n_c,943,671974,392.233,381.161,334,128
lt_0_lowtown_a2_n_c,944,3.08082e+06,427.973,380.777,354,128
lt_0_lowtown_a2_n_c,945,1.27732e+07,470.671,383.149,388,128
lt_0_lowtown_a2_n_c,946,1.11002e+07,470.428,382.078,389,128
lt_0_lowtown_a2_n_c,947,9.49109e+06,396.392,381.421,351,128
lt_0_lowtown_a2_n_c,948,1.57966e+06,425.404,382.108,368,128
lt_0_lowtown_a2_n_c,949,3.39412e+06,443.73,380.836,371,128
lt_0_lowtown_a2_n_c,950,1.19458e+07,403.362,387.078,353,128
lt_0_lowtown_a2_n_c,951,766274,396.635,384.007,350,128
lt_0_lowtown_a2_n_c,952,1.2083e+07,460.428,386.948,379,128
lt_0_lowtown_a2_n_c,953,698873,404.593,387.137,365,128
lt_0_lowtown_a2_n_c,954,9.25688e+06,395.664,384.108,354,128
lt_0_lowtown_a2_n_c,955,2.21757e+06,401.262,384.049,348,128
lt_0_lowtown_a2_n_c,956,9.334e+07,391.321,386.534,348,128
lt_0_lowtown_a2_n_c,957,9.06936e+07,428.919,386.894,374,128
lt_0_lowtown_a2_n_c,958,1.61642e+06,429.233,384.764,371,128
lt_0_lowtown_a2_n_c,959,5.79626e+07,398.706,387.049,350,128
lt_0_lowtown_a2_n_c,960,1.7191e+06,425.505,391.522,371,128
lt_0_lowtown_a2_n_c,961,3.99416e+07,404.007,388.066,364,128
lt_0_lowtown_a2_n_c,962,5.38599e+07,409.534,389.132,360,128
lt_0_lowtown_a2_n_c,963,1.36344e+07,474.215,390.108,399,128
lt_0_lowtown_a2_n_c,964,4.83e+07,447.404,390.066,390,128
lt_0_lowtown_a2_n_c,965,3.75584e+06,400.593,389.037,361,128
lt_0_lowtown_a2_n_c,966,5.38798e+07,400.818,388.333,343,128
lt_0_lowtown_a2_n_c,967,1.04922e+07,442.701,390.09,365,128
lt_0_lowtown_a2_n_c,968,4.3047e+06,402.605,388.22,351,128
lt_0_lowtown_a2_n_c,969,758789,409.492,388.037,367,128
lt_0_lowtown_a2_n_c,970,2.14388e+07,404.966,393.894,372,128
lt_0_lowtown_a2_n_c,971,2.46547e+06,459.345,395.865,392,128
lt_0_lowtown_a2_n_c,972,4.27458e+08,396.865,393.794,361,128
lt_0_lowtown_a2_n_c,973,2.32411e+08,446.203,392.966,383,128
lt_0_lowtown_a2_n_c,974,5.63293e+06,405.25,393.451,364,128
lt_0_lowtown_a2_n_c,975,3.41184e+07,407.764,393.037,369,128
lt_0_lowtown_a2_n_c,976,7.5643e+06,461.404,392.309,404,128
lt_0_lowtown_a2_n_c,977,6.93064e+06,415.475,392.806,356,128
lt_0_lowtown_a2_n_c,978,3.72755e+08,420.203,395.978,357,128
lt_0_lowtown_a2_n_c,979,1.14903e+06,411.404,395.019,354,128
lt_0_lowtown_a2_n_c,980,3.92418e+06,462.274,397.622,397,128
lt_0_lowtown_a2_n_c,981,9.36526e+07,461.333,396.38,406,128
lt_0_lowtown_a2_n_c,982,1.07502e+07,435.735,398.338,392,128
lt_0_lowtown_a2_n_c,983,9.4129e+07,413.179,397.238,374,128
lt_0_lowtown_a2_n_c,984,722463,413.38,398.409,380,128
lt_0_lowtown_a2_n_c,985,6.0233e+08,398.865,398.865,363,128
lt_0_lowtown_a2_n_c,986,980114,415.99,397.948,359,128
lt_0_lowtown_a2_n_c,987,1.10944e+07,422.836,396.066,382,128
lt_0_lowtown_a2_n_c,988,1.52211e+08,398.676,398.676,345,128
lt_0_lowtown_a2_n_c,989,4.14788e+06,475.688,399.137,410,128
lt_0_lowtown_a2_n_c,990,1.27367e+07,490.399,402.877,404,128
lt_0_lowtown_a2_n_c,991,1.77883e+06,419.203,402.919,356,128
lt_0_lowtown_a2_n_c,992,954445,432.706,403.794,384,128
lt_0_lowtown_a2_n_c,993,1.34144e+08,417.978,403.208,373,128
lt_0_lowtown_a2_n_c,994,1.79044e+06,442.333,401.037,387,128
lt_0_lowtown_a2_n_c,995,3.16696e+06,461.345,401.664,394,128
lt_0_lowtown_a2_n_c,996,1.26043e+06,415.362,400.25,365,128
lt_0_lowtown_a2_n_c,997,2.40265e+07,428.049,402.794,381,128
lt_0_lowtown_a2_n_c,998,1.21902e+07,482.399,402.434,396,128
lt_0_lowtown_a2_n_c,999,1.00308e+06,413.919,401.191,359,128
lt_0_lowtown_a2_n_c,1000,3.71948e+07,435.049,405.894,388,128
lt_0_lowtown_a2_n_c,1001,1.06888e+06,437.576,407.149,381,128
lt_0_lowtown_a2_n_c,1002,1.06711e+06,422.605,407.635,371,128
lt_0_lowtown_a2_n_c,1003,3.31149e+08,419.179,407.238,380,128
lt_0_lowtown_a2_n_c,1004,1.27928e+06,417.262,404.877,364,128
lt_0_lowtown_a2_n_c,1005,1.41425e+07,452.144,406.505,379,128
lt_0_lowtown_a2_n_c,1006,4.38131e+08,424.818,406.392,367,128
lt_0_lowtown_a2_n_c,1007,5.14893e+08,406.978,406.978,362,128
lt_0_lowtown_a2_n_c,1008,3.65336e+07,425.664,407.137,384,128
lt_0_lowtown_a2_n_c,1009,9.95199e+06,457.286,407.99,380,128
lt_0_lowtown_a2_n_c,1010,1.07854e+07,424.434,410.635,372,128
lt_0_lowtown_a2_n_c,1011,1.47223e+06,429.617,409.434,366,128
lt_0_lowtown_a2_n_c,1012,740647,427.676,411.877,374,128
lt_0_lowtown_a2_n_c,1013,1.01396e+06,425.108,408.865,388,128
lt_0_lowtown_a2_n_c,1014,1.16703e+06,424.605,409.978,373,128
lt_0_lowtown_a2_n_c,1015,2.21214e+08,459.889,410.936,400,128
lt_0_lowtown_a2_n_c,1016,2.3416e+08,408.978,408.978,364,128
lt_0_lowtown_a2_n_c,1017,1.24663e+07,432.635,411.865,386,128
lt_0_lowtown_a2_n_c,1018,2.8211e+06,425.505,410.534,371,128
lt_0_lowtown_a2_n_c,1019,1.69777e+07,435.451,409.51,400,128
lt_0_lowtown_a2_n_c,1020,1.32935e+07,501.227,412.877,414,128
lt_0_lowtown_a2_n_c,1021,1.66494e+06,435.789,413.948,373,128
lt_0_lowtown_a2_n_c,1022,3.64799e+06,477.973,413.664,404,128
lt_0_lowtown_a2_n_c,1023,1.34288e+06,439.907,412.066,397,128
lt_0_lowtown_a2_n_c,1024,1.51935e+06,435.274,413.191,370,128
lt_0_lowtown_a2_n_c,1025,1.55077e+06,430.002,412.061,361,128
lt_0_lowtown_a2_n_c,1026,1.29669e+07,503.571,414.392,418,128
lt_0_lowtown_a2_n_c,1027,1.02474e+06,435.434,412.321,383,128
lt_0_lowtown_a2_n_c,1028,1.18732e+07,495.671,413.948,413,128
lt_0_lowtown_a2_n_c,1029,3.75389e+06,481.73,415.421,409,128
lt_0_lowtown_a2_n_c,1030,1.28644e+07,505.571,417.22,420,128
lt_0_lowtown_a2_n_c,1031,1.30207e+07,503.428,418.149,422,128
lt_0_lowtown_a2_n_c,1032,1.40932e+06,437.747,419.706,382,128
lt_0_lowtown_a2_n_c,1033,3.35416e+08,419.35,416.279,381,128
lt_0_lowtown_a2_n_c,1034,1.27895e+07,505.612,419.161,413,128
lt_0_lowtown_a2_n_c,1035,1.09437e+06,432.262,417.049,379,128
lt_0_lowtown_a2_n_c,1036,1.41714e+08,449.25,417.451,408,128
lt_0_lowtown_a2_n_c,1037,3.54088e+06,481.843,417.191,400,128
lt_0_lowtown_a2_n_c,1038,5.17622e+08,425.291,417.836,377,128
lt_0_lowtown_a2_n_c,1039,897053,430.22,417.492,384,128
lt_0_lowtown_a2_n_c,1040,1.34209e+07,511.884,422.706,423,128
lt_0_lowtown_a2_n_c,1041,2.8971e+06,435.492,421.108,393,128
lt_0_lowtown_a2_n_c,1042,973885,451.806,420.451,406,128
lt_0_lowtown_a2_n_c,1043,2.67438e+06,436.392,423.664,391,128
lt_0_lowtown_a2_n_c,1044,840056,437.35,420.723,399,128
lt_0_lowtown_a2_n_c,1045,1.28649e+06,435.078,422.35,393,128
lt_0_lowtown_a2_n_c,1046,1.70358e+06,439.333,422.463,384,128
lt_0_lowtown_a2_n_c,1047,5.79275e+08,422.321,422.321,379,128
lt_0_lowtown_a2_n_c,1048,4.26907e+07,434.35,422.208,396,128
lt_0_lowtown_a2_n_c,1049,3.89346e+06,488.659,420.936,418,128
lt_0_lowtown_a2_n_c,1050,4.06428e+06,493.073,426.764,422,128
lt_0_lowtown_a2_n_c,1051,9.06693e+06,440.049,427.907,393,128
lt_0_lowtown_a2_n_c,1052,4.22927e+08,443.576,425.392,387,128
lt_0_lowtown_a2_n_c,1053,2.72256e+07,453.907,427.966,411,128
lt_0_lowtown_a2_n_c,1054,2.43039e+06,489.416,424.764,420,128
lt_0_lowtown_a2_n_c,1055,5.53463e+06,440.09,424.291,386,128
lt_0_lowtown_a2_n_c,1056,5.07487e+07,501.914,427.262,418,128
lt_0_lowtown_a2_n_c,1057,1.33203e+07,515.813,427.463,429,128
lt_0_lowtown_a2_n_c,1058,2.80521e+06,456.492,426.066,414,128
lt_0_lowtown_a2_n_c,1059,1.95387e+06,462.676,424.936,409,128
lt_0_lowtown_a2_n_c,1060,1.47833e+06,456.291,429.764,408,128
lt_0_lowtown_a2_n_c,1061,2.69246e+07,497.132,431.108,436,128
lt_0_lowtown_a2_n_c,1062,2.44216e+07,456.12,428.865,407,128
lt_0_lowtown_a2_n_c,1063,3.54926e+06,490.357,428.191,411,128
lt_0_lowtown_a2_n_c,1064,1.0689e+06,443.22,428.007,397,128
lt_0_lowtown_a2_n_c,1065,4.94825e+07,508.387,431.836,434,128
lt_0_lowtown_a2_n_c,1066,946692,442.09,430.291,388,128
lt_0_lowtown_a2_n_c,1067,4.2974e+06,497.659,431.35,427,128
lt_0_lowtown_a2_n_c,1068,2.38737e+07,453.593,430.48,414,128
lt_0_lowtown_a2_n_c,1069,1.05769e+06,444.09,429.948,390,128
lt_0_lowtown_a2_n_c,1070,1.28664e+07,520.198,432.676,428,128
lt_0_lowtown_a2_n_c,1071,3.11189e+06,446.635,433.664,400,128
lt_0_lowtown_a2_n_c,1072,1.79427e+06,479.304,435.764,419,128
lt_0_lowtown_a2_n_c,1073,1.4923e+06,452.99,433.877,396,128
lt_0_lowtown_a2_n_c,1074,5.52678e+06,451.392,435.007,406,128
lt_0_lowtown_a2_n_c,1075,4.70729e+08,469.032,434.664,405,128
lt_0_lowtown_a2_n_c,1076,1.80408e+06,462.132,432.392,401,128
lt_0_lowtown_a2_n_c,1077,2.30108e+07,501.061,433.622,442,128
lt_0_lowtown_a2_n_c,1078,1.37279e+06,453.505,434.049,399,128
lt_0_lowtown_a2_n_c,1079,2.41985e+06,469.806,435.966,424,128
lt_0_lowtown_a2_n_c,1080,1.57456e+06,455.718,436.605,395,128
lt_0_lowtown_a2_n_c,1081,827920,449.434,436.463,397,128
lt_0_lowtown_a2_n_c,1082,3.86604e+08,470.061,439.593,411,128
lt_0_lowtown_a2_n_c,1083,2.34753e+07,466.534,439.865,417,128
lt_0_lowtown_a2_n_c,1084,1.024e+06,464.635,437.966,418,128
lt_0_lowtown_a2_n_c,1085,4.09405e+06,501.843,438.019,420,128
lt_0_lowtown_a2_n_c,1086,8.5475e+07,505.617,436.522,442,128
lt_0_lowtown_a2_n_c,1087,7.29342e+08,436.764,436.764,398,128
lt_0_lowtown_a2_n_c,1088,5.29015e+07,514.63,437.25,439,128
lt_0_lowtown_a2_n_c,1089,1.67568e+06,474.647,436.522,416,128
lt_0_lowtown_a2_n_c,1090,4.13409e+08,466.203,443.877,403,128
lt_0_lowtown_a2_n_c,1091,3.77347e+06,504.286,440.806,427,128
lt_0_lowtown_a2_n_c,1092,4.91671e+08,443.191,443.191,392,128
lt_0_lowtown_a2_n_c,1093,2.44746e+08,479.446,442.25,415,128
lt_0_lowtown_a2_n_c,1094,1.88419e+06,466.789,443.777,404,128
lt_0_lowtown_a2_n_c,1095,1.30394e+07,530.985,441.806,445,128
lt_0_lowtown_a2_n_c,1096,1.99218e+06,479.505,442.693,425,128
lt_0_lowtown_a2_n_c,1097,875051,462.032,443.747,398,128
lt_0_lowtown_a2_n_c,1098,3.04075e+08,442.463,442.463,395,128
lt_0_lowtown_a2_n_c,1099,3.23515e+06,502.588,440.421,434,128
lt_0_lowtown_a2_n_c,1100,922753,462.333,445.12,407,128
lt_0_lowtown_a2_n_c,1101,4.27884e+07,455.693,445.551,419,128
lt_0_lowtown_a2_n_c,1102,3.69913e+06,511.973,446.492,438,128
lt_0_lowtown_a2_n_c,1103,1.36037e+07,508.931,447.936,442,128
lt_0_lowtown_a2_n_c,1104,2.50612e+07,473.463,446.208,426,128
lt_0_lowtown_a2_n_c,1105,3.50956e+06,508.186,446.848,428,128
lt_0_lowtown_a2_n_c,1106,4.24951e+06,512.257,444.291,430,128
lt_0_lowtown_a2_n_c,1107,950856,461.848,446.877,409,128
lt_0_lowtown_a2_n_c,1108,6.28219e+07,519.387,444.492,445,128
lt_0_lowtown_a2_n_c,1109,8.01421e+08,446.25,446.25,405,128
lt_0_lowtown_a2_n_c,1110,3.67388e+07,476.706,448.622,428,128
lt_0_lowtown_a2_n_c,1111,1.33752e+07,538.571,448.806,453,128
lt_0_lowtown_a2_n_c,1112,1.85084e+06,460.635,448.25,414,128
lt_0_lowtown_a2_n_c,1113,1.85834e+06,474.718,451.706,414,128
lt_0_lowtown_a2_n_c,1114,1.93626e+07,532.742,449.463,448,128
lt_0_lowtown_a2_n_c,1115,2.45751e+07,529.671,450.877,447,128
lt_0_lowtown_a2_n_c,1116,1.9827e+06,471.304,449.12,411,128
lt_0_lowtown_a2_n_c,1117,2.14467e+06,469.132,451.676,408,128
lt_0_lowtown_a2_n_c,1118,5.76709e+07,528.144,451.049,455,128
lt_0_lowtown_a2_n_c,1119,4.27095e+08,466.647,448.463,408,128
lt_0_lowtown_a2_n_c,1120,2.96248e+07,539.571,455.706,454,128
lt_0_lowtown_a2_n_c,1121,1.36587e+06,476.09,452.978,422,128
lt_0_lowtown_a2_n_c,1122,1.03487e+08,513.558,454.563,440,128
lt_0_lowtown_a2_n_c,1123,1.14828e+06,469.505,454.534,415,128
lt_0_lowtown_a2_n_c,1124,857507,469.546,454.333,408,128
lt_0_lowtown_a2_n_c,1125,4.14728e+06,523.529,454.735,445,128
lt_0_lowtown_a2_n_c,1126,5.30577e+08,466.262,455.149,413,128
lt_0_lowtown_a2_n_c,1127,4.87316e+06,517.973,452.492,444,128
lt_0_lowtown_a2_n_c,1128,6.90529e+06,536.642,452.676,449,128
lt_0_lowtown_a2_n_c,1129,2.4003e+06,482.605,453.007,431,128
lt_0_lowtown_a2_n_c,1130,3.9461e+06,523.186,459.706,443,128
lt_0_lowtown_a2_n_c,1131,4.13999e+06,527.529,457.321,449,128
lt_0_lowtown_a2_n_c,1132,1.3574e+07,545.784,456.605,454,128
lt_0_lowtown_a2_n_c,1133,1.33559e+07,546.855,457.676,453,128
lt_0_lowtown_a2_n_c,1134,4.18759e+06,523.517,458.037,457,128
lt_0_lowtown_a2_n_c,1135,7.25681e+06,522.316,456.836,450,128
lt_0_lowtown_a2_n_c,1136,4.2135e+06,532.357,459.078,453,128
lt_0_lowtown_a2_n_c,1137,7.92419e+08,457.593,457.593,418,128
lt_0_lowtown_a2_n_c,1138,3.76346e+07,489.191,456.279,438,128
lt_0_lowtown_a2_n_c,1139,1.24419e+06,479.676,458.463,426,128
lt_0_lowtown_a2_n_c,1140,2.49399e+07,533.316,462.806,461,128
lt_0_lowtown_a2_n_c,1141,3.04853e+06,509.872,462.049,433,128
lt_0_lowtown_a2_n_c,1142,2.02269e+08,506.061,463.693,447,128
lt_0_lowtown_a2_n_c,1143,4.26283e+06,537.014,461.492,456,128
lt_0_lowtown_a2_n_c,1144,3.10184e+06,529.115,461.35,451,128
lt_0_lowtown_a2_n_c,1145,1.88302e+07,521.174,462.664,453,128
lt_0_lowtown_a2_n_c,1146,1.74653e+06,484.304,461.291,424,128
lt_0_lowtown_a2_n_c,1147,1.09044e+06,476.747,462.848,421,128
lt_0_lowtown_a2_n_c,1148,1.70193e+06,490.274,461.563,425,128
lt_0_lowtown_a2_n_c,1149,3.97171e+06,528.843,462.534,447,128
lt_0_lowtown_a2_n_c,1150,3.95548e+06,530.085,465.777,447,128
lt_0_lowtown_a2_n_c,1151,3.97321e+06,478.434,465.706,426,128
lt_0_lowtown_a2_n_c,1152,3.73233e+07,494.534,467.865,445,128
lt_0_lowtown_a2_n_c,1153,3.27253e+07,488.635,465.622,442,128
lt_0_lowtown_a2_n_c,1154,2.48028e+07,537.5,465.919,454,128
lt_0_lowtown_a2_n_c,1155,2.94922e+08,520.245,465.049,450,128
lt_0_lowtown_a2_n_c,1156,7.09417e+07,487.404,467.907,430,128
lt_0_lowtown_a2_n_c,1157,8.00815e+08,466.936,466.936,429,128
lt_0_lowtown_a2_n_c,1158,4.35406e+06,532.073,464.936,461,128
lt_0_lowtown_a2_n_c,1159,1.63496e+07,530.215,464.35,455,128
lt_0_lowtown_a2_n_c,1160,3.73005e+07,537.073,471.049,466,128
lt_0_lowtown_a2_n_c,1161,2.82675e+06,532.014,470.735,451,128
lt_0_lowtown_a2_n_c,1162,5.59736e+08,468.735,468.735,425,128
lt_0_lowtown_a2_n_c,1163,6.46858e+06,544.115,468.392,466,128
lt_0_lowtown_a2_n_c,1164,1.28819e+06,488.877,471.664,441,128
lt_0_lowtown_a2_n_c,1165,6.78723e+07,492.262,471.936,439,128
lt_0_lowtown_a2_n_c,1166,4.38053e+06,538.245,471.936,468,128
lt_0_lowtown_a2_n_c,1167,1.65651e+08,536.772,471.09,457,128
lt_0_lowtown_a2_n_c,1168,2.67661e+07,493.676,468.907,440,128
lt_0_lowtown_a2_n_c,1169,4.43677e+06,533.831,469.179,464,128
lt_0_lowtown_a2_n_c,1170,3.49533e+08,494.647,474.806,436,128
lt_0_lowtown_a2_n_c,1171,2.34393e+06,508.546,474.12,447,128
lt_0_lowtown_a2_n_c,1172,8.84369e+07,538.701,475.019,461,128
lt_0_lowtown_a2_n_c,1173,1.24975e+08,519.931,475.907,453,128
lt_0_lowtown_a2_n_c,1174,6.83529e+08,473.664,473.664,432,128
lt_0_lowtown_a2_n_c,1175,5.69414e+08,474.321,474.321,431,128
lt_0_lowtown_a2_n_c,1176,1.84617e+06,515.446,472.149,451,128
lt_0_lowtown_a2_n_c,1177,9.08683e+07,493.676,472.966,440,128
lt_0_lowtown_a2_n_c,1178,1.20154e+07,543.115,472.362,465,128
lt_0_lowtown_a2_n_c,1179,3.62679e+07,539.6,475.919,459,128
lt_0_lowtown_a2_n_c,1180,2.02212e+08,516.375,476.593,454,128
lt_0_lowtown_a2_n_c,1181,1.19452e+07,534.73,476.22,462,128
lt_0_lowtown_a2_n_c,1182,4.6052e+08,476.735,476.735,433,128
lt_0_lowtown_a2_n_c,1183,5.15135e+08,478.563,478.563,434,128
lt_0_lowtown_a2_n_c,1184,3.88156e+06,544.914,479.434,461,128
lt_0_lowtown_a2_n_c,1185,4.51894e+06,542.316,476.836,470,128
lt_0_lowtown_a2_n_c,1186,3.19781e+06,517.659,476.948,447,128
lt_0_lowtown_a2_n_c,1187,1.79427e+08,536.014,477.848,455,128
lt_0_lowtown_a2_n_c,1188,1.73316e+08,513.446,476.25,449,128
lt_0_lowtown_a2_n_c,1189,2.92372e+06,514.274,476.534,449,128
lt_0_lowtown_a2_n_c,1190,4.048e+08,481.191,481.191,430,128
lt_0_lowtown_a2_n_c,1191,3.4718e+06,544.914,480.605,461,128
lt_0_lowtown_a2_n_c,1192,8.20196e+07,522.73,480.907,450,128
lt_0_lowtown_a2_n_c,1193,7.34861e+08,485.463,482.392,438,128
lt_0_lowtown_a2_n_c,1194,2.34627e+07,527.759,482.806,460,128
lt_0_lowtown_a2_n_c,1195,1.94246e+06,522.286,483.576,445,128
lt_0_lowtown_a2_n_c,1196,3.16065e+06,535.671,481.948,453,128
lt_0_lowtown_a2_n_c,1197,3.03767e+06,536.257,483.948,454,128
lt_0_lowtown_a2_n_c,1198,2.68134e+07,516.617,482.049,453,128
lt_0_lowtown_a2_n_c,1199,4.61044e+08,480.706,480.706,432,128
lt_0_lowtown_a2_n_c,1200,2.68232e+07,520.174,484.191,452,128
lt_0_lowtown_a2_n_c,1201,4.05525e+08,487.049,487.049,440,128
lt_0_lowtown_a2_n_c,1202,3.1605e+06,540.985,484.434,455,128
lt_0_lowtown_a2_n_c,1203,2.41181e+06,513.848,485.421,461,128
lt_0_lowtown_a2_n_c,1204,7.66385e+07,510.676,487.966,457,128
lt_0_lowtown_a2_n_c,1205,3.08854e+06,548.914,484.605,465,128
lt_0_lowtown_a2_n_c,1206,9.06187e+06,547.245,484.593,477,128
lt_0_lowtown_a2_n_c,1207,1.22408e+07,556.872,486.12,480,128
lt_0_lowtown_a2_n_c,1208,2.98157e+06,548.813,487.534,462,128
lt_0_lowtown_a2_n_c,1209,5.16921e+07,512.877,486.936,465,128
lt_0_lowtown_a2_n_c,1210,1.92435e+06,520.345,489.576,453,128
lt_0_lowtown_a2_n_c,1211,1.76526e+07,527.132,491.676,466,128
lt_0_lowtown_a2_n_c,1212,6.00224e+08,490.764,490.764,452,128
lt_0_lowtown_a2_n_c,1213,1.23982e+07,560.671,488.262,478,128
lt_0_lowtown_a2_n_c,1214,7.24877e+08,494.291,491.22,446,128
lt_0_lowtown_a2_n_c,1215,2.81507e+07,517.747,490.149,462,128
lt_0_lowtown_a2_n_c,1216,3.18769e+06,543.5,488.362,460,128
lt_0_lowtown_a2_n_c,1217,4.01725e+06,509.161,490.534,453,128
lt_0_lowtown_a2_n_c,1218,934646,506.362,491.978,456,128
lt_0_lowtown_a2_n_c,1219,6.3463e+07,517.446,491.463,453,128
lt_0_lowtown_a2_n_c,1220,4.50783e+08,493.978,493.978,449,128
lt_0_lowtown_a2_n_c,1221,3.2448e+06,551.813,492.392,465,128
lt_0_lowtown_a2_n_c,1222,6.6683e+06,557.801,493.735,483,128
lt_0_lowtown_a2_n_c,1223,1.85166e+07,533.558,492.505,460,128
lt_0_lowtown_a2_n_c,1224,3.70009e+06,558.813,493.333,472,128
lt_0_lowtown_a2_n_c,1225,1.21688e+07,563.529,492.777,485,128
lt_0_lowtown_a2_n_c,1226,2.07479e+07,553.002,493.664,484,128
lt_0_lowtown_a2_n_c,1227,1.04054e+08,515.576,494.865,459,128
lt_0_lowtown_a2_n_c,1228,2.99587e+06,522.203,495.777,459,128
lt_0_lowtown_a2_n_c,1229,4.6017e+06,559.085,493.605,476,128
lt_0_lowtown_a2_n_c,1230,3.40369e+08,497.605,497.605,446,128
lt_0_lowtown_a2_n_c,1231,4.59602e+08,497.635,497.635,451,128
lt_0_lowtown_a2_n_c,1232,1.35003e+07,568.571,499.475,483,128
lt_0_lowtown_a2_n_c,1233,1.41912e+07,566.6,498.333,486,128
lt_0_lowtown_a2_n_c,1234,1.01293e+08,557.257,497.007,475,128
lt_0_lowtown_a2_n_c,1235,2.87324e+06,513.161,498.434,457,128
lt_0_lowtown_a2_n_c,1236,4.49314e+06,563.588,498.108,495,128
lt_0_lowtown_a2_n_c,1237,5.95172e+07,565.701,497.593,488,128
lt_0_lowtown_a2_n_c,1238,3.46831e+08,496.463,496.463,449,128
lt_0_lowtown_a2_n_c,1239,1.89931e+08,496.392,496.392,451,128
lt_0_lowtown_a2_n_c,1240,3.62779e+06,570.056,502.191,482,128
lt_0_lowtown_a2_n_c,1241,5.27873e+07,530.103,502.605,464,128
lt_0_lowtown_a2_n_c,1242,1.0912e+08,511.333,503.877,456,128
lt_0_lowtown_a2_n_c,1243,9.0555e+06,563.186,501.605,483,128
lt_0_lowtown_a2_n_c,1244,9.1703e+07,566.6,502.693,486,128
lt_0_lowtown_a2_n_c,1245,3.62325e+08,500.877,500.877,453,128
lt_0_lowtown_a2_n_c,1246,1.29793e+08,513.99,501.362,457,128
lt_0_lowtown_a2_n_c,1247,4.54377e+06,569.156,503.676,484,128
lt_0_lowtown_a2_n_c,1248,2.4701e+08,548.801,503.605,474,128
lt_0_lowtown_a2_n_c,1249,4.59504e+06,565.671,500.191,483,128
lt_0_lowtown_a2_n_c,1250,3.19859e+08,506.706,506.706,458,128
lt_0_lowtown_a2_n_c,1251,4.09902e+06,536.032,506.434,472,128
lt_0_lowtown_a2_n_c,1252,7.93427e+06,568.973,506.321,495,128
lt_0_lowtown_a2_n_c,1253,7.04557e+08,510.706,507.635,462,128
lt_0_lowtown_a2_n_c,1254,6.80448e+07,526.99,505.007,470,128
lt_0_lowtown_a2_n_c,1255,3.05872e+08,504.919,504.09,450,128
lt_0_lowtown_a2_n_c,1256,1.56406e+07,569.056,506.362,481,128
lt_0_lowtown_a2_n_c,1257,8.88201e+06,567.73,505.907,495,128
lt_0_lowtown_a2_n_c,1258,1.33156e+08,524.233,504.434,466,128
lt_0_lowtown_a2_n_c,1259,1.14705e+07,579.085,507.505,496,128
