map,scenid,tcost,distance,expect,steps,r
lt_0_lowtown_a2_n,0,2166.8,4.24264,4.24264,4,64
lt_0_lowtown_a2_n,1,2000.6,7,7,8,64
lt_0_lowtown_a2_n,2,2141.6,5.82843,5.82843,6,64
lt_0_lowtown_a2_n,3,1834.6,4,4,5,64
lt_0_lowtown_a2_n,4,1607.8,7.41421,7.41421,8,64
lt_0_lowtown_a2_n,5,1471.4,5.41421,5.41421,6,64
lt_0_lowtown_a2_n,6,1842,7.65685,7.65685,7,64
lt_0_lowtown_a2_n,7,1380.8,5,5,6,64
lt_0_lowtown_a2_n,8,1017.2,5.41421,5.41421,6,64
lt_0_lowtown_a2_n,9,1497.2,5.41421,5.41421,6,64
lt_0_lowtown_a2_n,10,3720.4,11.4853,11.4853,10,64
lt_0_lowtown_a2_n,11,2384.2,11.4142,11.4142,12,64
lt_0_lowtown_a2_n,12,1640.4,9.82843,9.82843,10,64
lt_0_lowtown_a2_n,13,2003.2,8.24264,8.24264,8,64
lt_0_lowtown_a2_n,14,2799.6,11.8995,11.8995,10,64
lt_0_lowtown_a2_n,15,1823.2,8.65685,8.65685,8,64
lt_0_lowtown_a2_n,16,1752.2,9.07107,9.07107,8,64
lt_0_lowtown_a2_n,17,2001.2,8.48528,8.48528,7,64
lt_0_lowtown_a2_n,18,2255.8,9.07107,9.07107,8,64
lt_0_lowtown_a2_n,19,2085.6,8.24264,8.24264,8,64
lt_0_lowtown_a2_n,20,2284.2,12.2426,12.2426,12,64
lt_0_lowtown_a2_n,21,2825.2,14.3137,14.3137,12,64
lt_0_lowtown_a2_n,22,2801.4,15.1421,15.1421,12,64
lt_0_lowtown_a2_n,23,2325.4,12.8995,12.8995,11,64
lt_0_lowtown_a2_n,24,2345.2,13.0711,13.0711,12,64
lt_0_lowtown_a2_n,25,3004.8,15.8995,15.0711,14,64
lt_0_lowtown_a2_n,26,2715.4,12.4853,12.4853,11,64
lt_0_lowtown_a2_n,27,2436.6,15.2426,15.2426,15,64
lt_0_lowtown_a2_n,28,2863.8,12.0711,12.0711,11,64
lt_0_lowtown_a2_n,29,3262.8,14.2426,14.2426,14,64
lt_0_lowtown_a2_n,30,4608.4,18.9706,18.9706,15,64
lt_0_lowtown_a2_n,31,3644.4,18.8284,18.8284,19,64
lt_0_lowtown_a2_n,32,2606.2,16.1421,16.1421,13,64
lt_0_lowtown_a2_n,33,3627,19.0711,19.0711,18,64
lt_0_lowtown_a2_n,34,3566.2,19.8284,19.8284,20,64
lt_0_lowtown_a2_n,35,3571.6,17.4142,17.4142,18,64
lt_0_lowtown_a2_n,36,4584.4,18.2426,18.2426,18,64
lt_0_lowtown_a2_n,37,4146.2,19.4853,19.4853,18,64
lt_0_lowtown_a2_n,38,3539.6,16.0711,16.0711,15,64
lt_0_lowtown_a2_n,39,4065.4,19.6569,19.6569,19,64
lt_0_lowtown_a2_n,40,3717.2,21.3848,21.3848,17,64
lt_0_lowtown_a2_n,41,3473.6,22.8284,22.8284,23,64
lt_0_lowtown_a2_n,42,3924.4,21.8995,21.8995,20,64
lt_0_lowtown_a2_n,43,4646.6,22.6569,22.6569,22,64
lt_0_lowtown_a2_n,44,4882.6,22.2132,22.2132,17,64
lt_0_lowtown_a2_n,45,4767,22.8284,22.8284,23,64
lt_0_lowtown_a2_n,46,4610.4,23.799,23.799,19,64
lt_0_lowtown_a2_n,47,4074.2,20.7279,20.7279,18,64
lt_0_lowtown_a2_n,48,5920.6,22.1421,22.1421,19,64
lt_0_lowtown_a2_n,49,3916.8,23.6569,23.6569,23,64
lt_0_lowtown_a2_n,50,4915.6,27.5563,27.5563,24,64
lt_0_lowtown_a2_n,51,5004.8,27.5563,27.5563,24,64
lt_0_lowtown_a2_n,52,6124,28.2426,27.4142,28,64
lt_0_lowtown_a2_n,53,4268.4,24.0711,24.0711,23,64
lt_0_lowtown_a2_n,54,5630.6,27.0711,27.0711,26,64
lt_0_lowtown_a2_n,55,3921.2,25.8995,25.8995,24,64
lt_0_lowtown_a2_n,56,4944.2,25,25,26,64
lt_0_lowtown_a2_n,57,5430.2,25.5563,25.5563,22,64
lt_0_lowtown_a2_n,58,5769,25.5563,25.5563,22,64
lt_0_lowtown_a2_n,59,4514.4,25.799,25.799,21,64
lt_0_lowtown_a2_n,60,6145,30.4558,30.4558,24,64
lt_0_lowtown_a2_n,61,8699.2,33.6274,30.3137,28,64
lt_0_lowtown_a2_n,62,5912.4,32.2132,31.3848,27,64
lt_0_lowtown_a2_n,63,6260.6,31.8995,31.8995,30,64
lt_0_lowtown_a2_n,64,5992.6,28.6569,28.6569,28,64
lt_0_lowtown_a2_n,65,30165.2,38.2132,29.7279,33,64
lt_0_lowtown_a2_n,66,6452.2,30.4853,30.4853,29,64
lt_0_lowtown_a2_n,67,6400.6,29.8995,29.8995,28,64
lt_0_lowtown_a2_n,68,6080.2,28.2132,28.2132,23,64
lt_0_lowtown_a2_n,69,34716.8,31.9706,31.1421,28,64
lt_0_lowtown_a2_n,70,6299.6,34.6985,34.6985,27,64
lt_0_lowtown_a2_n,71,5172.8,32.8284,32.8284,33,64
lt_0_lowtown_a2_n,72,5723,32.2426,32.2426,32,64
lt_0_lowtown_a2_n,73,7662,34.8995,34.8995,33,64
lt_0_lowtown_a2_n,74,7002.4,35.8995,35.8995,34,64
lt_0_lowtown_a2_n,75,7472.2,33.6274,33.6274,28,64
lt_0_lowtown_a2_n,76,7099.4,33.8701,33.8701,27,64
lt_0_lowtown_a2_n,77,6586.4,32.0416,32.0416,26,64
lt_0_lowtown_a2_n,78,6615.2,33.7279,33.7279,31,64
lt_0_lowtown_a2_n,79,5620.6,33.8995,33.8995,32,64
lt_0_lowtown_a2_n,80,173019,39.7279,38.8995,37,64
lt_0_lowtown_a2_n,81,14251.8,37.5563,37.5563,34,64
lt_0_lowtown_a2_n,82,26066.2,38.5563,38.5563,35,64
lt_0_lowtown_a2_n,83,10536.6,39.2843,39.2843,32,64
lt_0_lowtown_a2_n,84,8315,39.2132,39.2132,34,64
lt_0_lowtown_a2_n,85,7592.2,37.8701,37.8701,31,64
lt_0_lowtown_a2_n,86,7380.6,39.9706,39.9706,36,64
lt_0_lowtown_a2_n,87,8568.4,39.8284,39.8284,40,64
lt_0_lowtown_a2_n,88,7459.6,36.0416,36.0416,30,64
lt_0_lowtown_a2_n,89,8079.6,36.2132,36.2132,31,64
lt_0_lowtown_a2_n,90,9515.2,45.8701,42.2132,39,64
lt_0_lowtown_a2_n,91,83902.2,42.3848,42.3848,38,64
lt_0_lowtown_a2_n,92,8726.6,43.4142,43.4142,44,64
lt_0_lowtown_a2_n,93,116393,40.4853,40.4853,39,64
lt_0_lowtown_a2_n,94,8651.2,41.1127,41.1127,33,64
lt_0_lowtown_a2_n,95,7489.8,42.2426,42.2426,42,64
lt_0_lowtown_a2_n,96,8821.2,42.4558,42.4558,36,64
lt_0_lowtown_a2_n,97,9834,41.3848,40.5563,37,64
lt_0_lowtown_a2_n,98,8278.8,40.4558,40.4558,34,64
lt_0_lowtown_a2_n,99,8432,41.9706,41.9706,38,64
lt_0_lowtown_a2_n,100,17459.4,44.4558,44.4558,38,64
lt_0_lowtown_a2_n,101,9860.6,51.799,47.2132,47,64
lt_0_lowtown_a2_n,102,9935.8,46.1421,46.1421,43,64
lt_0_lowtown_a2_n,103,7941.2,45.2426,45.2426,45,64
lt_0_lowtown_a2_n,104,226786,49.2843,46.799,42,64
lt_0_lowtown_a2_n,105,8913,47.1838,47.1838,37,64
lt_0_lowtown_a2_n,106,8211.4,44.8995,44.8995,43,64
lt_0_lowtown_a2_n,107,10294.8,47.4142,47.4142,48,64
lt_0_lowtown_a2_n,108,7557.4,44.6569,44.6569,44,64
lt_0_lowtown_a2_n,109,8884.8,44.8701,44.8701,38,64
lt_0_lowtown_a2_n,110,14307.2,58.0122,48.5563,47,64
lt_0_lowtown_a2_n,111,11706.2,48.9411,48.9411,40,64
lt_0_lowtown_a2_n,112,29626,50.3553,49.5269,41,64
lt_0_lowtown_a2_n,113,9880.8,48.5269,48.5269,40,64
lt_0_lowtown_a2_n,114,9848.6,51.598,51.598,41,64
lt_0_lowtown_a2_n,115,9257.8,49.5563,49.5563,46,64
lt_0_lowtown_a2_n,116,10462.8,54.3553,48.4558,45,64
lt_0_lowtown_a2_n,117,10028,50.2843,50.2843,43,64
lt_0_lowtown_a2_n,118,9948,51.1421,48.3137,48,64
lt_0_lowtown_a2_n,119,9329,50.3848,50.3848,46,64
lt_0_lowtown_a2_n,120,8878.8,52.0711,52.0711,51,64
lt_0_lowtown_a2_n,121,11976.6,53.8406,53.8406,42,64
lt_0_lowtown_a2_n,122,9924.4,54.4853,54.4853,53,64
lt_0_lowtown_a2_n,123,16683.6,62.1838,54.6274,52,64
lt_0_lowtown_a2_n,124,12528,56.5269,54.2843,48,64
lt_0_lowtown_a2_n,125,34866.6,67.5269,54.0711,59,64
lt_0_lowtown_a2_n,126,12678,56.6274,55.799,51,64
lt_0_lowtown_a2_n,127,127265,59.6985,55.2132,52,64
lt_0_lowtown_a2_n,128,11942.4,54.6569,54.6569,54,64
lt_0_lowtown_a2_n,129,11075,54.0122,54.0122,43,64
lt_0_lowtown_a2_n,130,13252.4,58.1127,58.1127,50,64
lt_0_lowtown_a2_n,131,11433.8,57.5563,56.9706,54,64
lt_0_lowtown_a2_n,132,13617.4,57.7696,57.7696,48,64
lt_0_lowtown_a2_n,133,11191.4,63.8701,58.5563,57,64
lt_0_lowtown_a2_n,134,11762.8,61.0416,57.9706,55,64
lt_0_lowtown_a2_n,135,11645,56.3848,56.3848,52,64
lt_0_lowtown_a2_n,136,15503.8,60.799,56.4558,56,64
lt_0_lowtown_a2_n,137,15523.4,59.2548,59.2548,47,64
lt_0_lowtown_a2_n,138,16405.4,62.799,59.6274,58,64
lt_0_lowtown_a2_n,139,14249.4,62.6274,59.5563,57,64
lt_0_lowtown_a2_n,140,128368,65.0416,63.3848,59,64
lt_0_lowtown_a2_n,141,28622.6,65.3848,63.7279,61,64
lt_0_lowtown_a2_n,142,34453.2,68.0416,63.0711,62,64
lt_0_lowtown_a2_n,143,12891.8,63.3848,63.3848,59,64
lt_0_lowtown_a2_n,144,13472.2,63.8995,63.8995,62,64
lt_0_lowtown_a2_n,145,11478.2,63.4853,63.4853,62,64
lt_0_lowtown_a2_n,146,22331.8,72.6274,62.2426,67,64
lt_0_lowtown_a2_n,147,11313.2,61.8701,60.2132,55,64
lt_0_lowtown_a2_n,148,12107,63.0711,63.0711,62,64
lt_0_lowtown_a2_n,149,40320.8,63.6569,63.6569,63,64
lt_0_lowtown_a2_n,150,71774.2,79.1838,66.799,69,64
lt_0_lowtown_a2_n,151,28190.6,72.4264,67.9411,61,64
lt_0_lowtown_a2_n,152,13257.4,67.3848,66.5563,63,64
lt_0_lowtown_a2_n,153,13748.2,66.669,64.7696,54,64
lt_0_lowtown_a2_n,154,13240.4,64.4558,64.4558,58,64
lt_0_lowtown_a2_n,155,12332.4,65.6569,65.0711,65,64
lt_0_lowtown_a2_n,156,23008,68.4264,65.3553,57,64
lt_0_lowtown_a2_n,157,20994.6,66.799,66.799,62,64
lt_0_lowtown_a2_n,158,14766.4,67.0833,67.0833,54,64
lt_0_lowtown_a2_n,159,13626.4,65.4558,64.0416,59,64
lt_0_lowtown_a2_n,160,39784.8,71.3553,68.2843,62,64
lt_0_lowtown_a2_n,161,145114,73.4558,71.799,67,64
lt_0_lowtown_a2_n,162,14521.2,70.3553,69.5269,61,64
lt_0_lowtown_a2_n,163,27871.2,75.0833,70.9411,62,64
lt_0_lowtown_a2_n,164,15639.6,71.2132,69.799,66,64
lt_0_lowtown_a2_n,165,28055.4,72.0416,69.6985,66,64
lt_0_lowtown_a2_n,166,15426.8,73.0122,69.6985,62,64
lt_0_lowtown_a2_n,167,22258,75.799,69.5563,71,64
lt_0_lowtown_a2_n,168,25427.4,75.0833,68.9411,62,64
lt_0_lowtown_a2_n,169,15337,69,69,70,64
lt_0_lowtown_a2_n,170,19189,74.9411,74.1127,66,64
lt_0_lowtown_a2_n,171,22592.2,80.0122,74.1127,69,64
lt_0_lowtown_a2_n,172,15161.6,77.3259,74.8406,63,64
lt_0_lowtown_a2_n,173,27123.2,73.6985,72.8701,66,64
lt_0_lowtown_a2_n,174,22634.8,86.9117,73.9411,73,64
lt_0_lowtown_a2_n,175,16746.8,77.9117,73.4264,64,64
lt_0_lowtown_a2_n,176,17767.6,74.1127,74.1127,66,64
lt_0_lowtown_a2_n,177,16997.2,81.0833,74.9411,68,64
lt_0_lowtown_a2_n,178,16239,75.7279,75.7279,73,64
lt_0_lowtown_a2_n,179,17212.2,75.598,73.598,65,64
lt_0_lowtown_a2_n,180,16024.4,76.5563,76.5563,73,64
lt_0_lowtown_a2_n,181,75098,84.4558,78.9411,78,64
lt_0_lowtown_a2_n,182,28441.4,85.8406,77.598,74,64
lt_0_lowtown_a2_n,183,51218.2,84.4264,76.1838,73,64
lt_0_lowtown_a2_n,184,17964.4,79.9411,79.1127,71,64
lt_0_lowtown_a2_n,185,16732.6,82.1127,77.1421,74,64
lt_0_lowtown_a2_n,186,19947.6,85.4264,77.8701,74,64
lt_0_lowtown_a2_n,187,61848.4,82.9117,78.0833,69,64
lt_0_lowtown_a2_n,188,31609,79.2843,77.6274,72,64
lt_0_lowtown_a2_n,189,21488.4,77.1838,77.1838,67,64
lt_0_lowtown_a2_n,190,28213,80.8406,80.8406,69,64
lt_0_lowtown_a2_n,191,24808.2,86.0416,81.4558,80,64
lt_0_lowtown_a2_n,192,17966.8,82.4264,82.4264,71,64
lt_0_lowtown_a2_n,193,24669.6,84.4264,80.669,73,64
lt_0_lowtown_a2_n,194,20209.6,88.7401,83.4264,74,64
lt_0_lowtown_a2_n,195,17863.2,84.5391,83.7107,64,64
lt_0_lowtown_a2_n,196,18681.8,81.4264,81.4264,70,64
lt_0_lowtown_a2_n,197,24151.4,90.4975,82.3553,77,64
lt_0_lowtown_a2_n,198,19346.4,82.1838,82.1838,72,64
lt_0_lowtown_a2_n,199,19532.6,85.2843,80.799,78,64
lt_0_lowtown_a2_n,200,107308,97.2548,84.6274,85,64
lt_0_lowtown_a2_n,201,19058,85.7401,84.9117,71,64
lt_0_lowtown_a2_n,202,36081.6,101.598,87.799,91,64
lt_0_lowtown_a2_n,203,68142.2,90.4975,86.2548,77,64
lt_0_lowtown_a2_n,204,20480.4,86.6396,85.8112,69,64
lt_0_lowtown_a2_n,205,24301.4,88.0122,84.6985,77,64
lt_0_lowtown_a2_n,206,19929.2,86.2548,84.598,74,64
lt_0_lowtown_a2_n,207,100960,117.054,84.2843,99,64
lt_0_lowtown_a2_n,208,18792.4,87.2254,87.2254,70,64
lt_0_lowtown_a2_n,209,58795.2,87.6274,85.0416,82,64
lt_0_lowtown_a2_n,210,20172.4,88.1543,88.1543,73,64
lt_0_lowtown_a2_n,211,85056.8,109.296,90.7696,90,64
lt_0_lowtown_a2_n,212,26498.4,94.7401,91.5685,80,64
lt_0_lowtown_a2_n,213,22180.4,98.0122,88.6985,87,64
lt_0_lowtown_a2_n,214,30639,92.7696,89.4558,83,64
lt_0_lowtown_a2_n,215,23374.2,89.0122,89.0122,78,64
lt_0_lowtown_a2_n,216,21778.6,89.9117,89.0833,76,64
lt_0_lowtown_a2_n,217,20914,89.4975,89.4975,76,64
lt_0_lowtown_a2_n,218,23769.6,91.5685,91.5685,76,64
lt_0_lowtown_a2_n,219,110691,122.225,89.6985,105,64
lt_0_lowtown_a2_n,220,60158.8,100.154,92.6396,85,64
lt_0_lowtown_a2_n,221,21400,94.3259,92.669,80,64
lt_0_lowtown_a2_n,222,25981.6,101.77,95.2843,92,64
lt_0_lowtown_a2_n,223,412194,114.326,93.5563,100,64
lt_0_lowtown_a2_n,224,23641.4,94.1543,93.3259,79,64
lt_0_lowtown_a2_n,225,22051.8,96.397,94.7401,80,64
lt_0_lowtown_a2_n,226,34030.6,102.012,94.4558,91,64
lt_0_lowtown_a2_n,227,30353.8,99.9117,94.0122,86,64
lt_0_lowtown_a2_n,228,40795.2,95.2965,94.468,76,64
lt_0_lowtown_a2_n,229,138014,105.841,92.1421,94,64
lt_0_lowtown_a2_n,230,21524,99.3259,97.669,85,64
lt_0_lowtown_a2_n,231,1.07842e+06,113.598,99.6985,103,64
lt_0_lowtown_a2_n,232,80164.4,116.569,99.9411,101,64
lt_0_lowtown_a2_n,233,32061.4,103.012,97.6985,92,64
lt_0_lowtown_a2_n,234,24581.6,103.882,97.7401,85,64
lt_0_lowtown_a2_n,235,24326.6,96.669,96.669,84,64
lt_0_lowtown_a2_n,236,134002,105.184,97.8701,95,64
lt_0_lowtown_a2_n,237,373229,100.74,99.0833,86,64
lt_0_lowtown_a2_n,238,116419,111.054,97.598,93,64
lt_0_lowtown_a2_n,239,124574,102.598,97.8701,92,64
lt_0_lowtown_a2_n,240,176067,112.882,103.811,94,64
lt_0_lowtown_a2_n,241,883622,116.811,102.142,100,64
lt_0_lowtown_a2_n,242,135723,129.711,103.728,110,64
lt_0_lowtown_a2_n,243,22603,104.397,101.912,88,64
lt_0_lowtown_a2_n,244,23119.6,101.012,101.012,90,64
lt_0_lowtown_a2_n,245,21162.2,100.314,100.314,98,64
lt_0_lowtown_a2_n,246,21240.4,105.426,102.113,94,64
lt_0_lowtown_a2_n,247,28078.8,112.912,102.284,99,64
lt_0_lowtown_a2_n,248,34477.8,123.853,101.426,100,64
lt_0_lowtown_a2_n,249,26059.2,104.355,100.698,95,64
lt_0_lowtown_a2_n,250,27245.4,110.711,107.397,91,64
lt_0_lowtown_a2_n,251,203471,111.882,104.912,93,64
lt_0_lowtown_a2_n,252,896971,108.154,106.497,93,64
lt_0_lowtown_a2_n,253,34134.4,110.368,104.811,89,64
lt_0_lowtown_a2_n,254,132086,130.953,104.042,110,64
lt_0_lowtown_a2_n,255,85509.6,113.083,107.527,100,64
lt_0_lowtown_a2_n,256,2.59447e+06,110.326,107.397,96,64
lt_0_lowtown_a2_n,257,37779.4,116.912,106.527,103,64
lt_0_lowtown_a2_n,258,37259,120.853,104.912,97,64
lt_0_lowtown_a2_n,259,34063,108.397,105.912,92,64
lt_0_lowtown_a2_n,260,136399,117.912,111.77,104,64
lt_0_lowtown_a2_n,261,26990.6,112.711,111.882,93,64
lt_0_lowtown_a2_n,262,269991,117.225,111.326,100,64
lt_0_lowtown_a2_n,263,48183.8,123.882,108.426,105,64
lt_0_lowtown_a2_n,264,79829,116.154,110.012,101,64
lt_0_lowtown_a2_n,265,327168,114.64,110.296,97,64
lt_0_lowtown_a2_n,266,81696.2,120.468,111.296,102,64
lt_0_lowtown_a2_n,267,128077,122.397,108.983,106,64
lt_0_lowtown_a2_n,268,52718.8,111.799,110.971,107,64
lt_0_lowtown_a2_n,269,36026.2,119.409,111.853,91,64
lt_0_lowtown_a2_n,270,50493,154.681,114.841,130,64
lt_0_lowtown_a2_n,271,86165,136.397,115.284,120,64
lt_0_lowtown_a2_n,272,768149,117.468,113.125,99,64
lt_0_lowtown_a2_n,273,27892.6,118.255,115.77,106,64
lt_0_lowtown_a2_n,274,26313.6,113.882,113.054,95,64
lt_0_lowtown_a2_n,275,31102.8,114.054,113.225,96,64
lt_0_lowtown_a2_n,276,53543.4,136.167,114.669,109,64
lt_0_lowtown_a2_n,277,41138.6,113.213,112.385,108,64
lt_0_lowtown_a2_n,278,50362.4,124.782,115.225,103,64
lt_0_lowtown_a2_n,279,40803.2,123.539,113.882,103,64
lt_0_lowtown_a2_n,280,37168.6,125.581,118.024,98,64
lt_0_lowtown_a2_n,281,549062,118.912,118.912,105,64
lt_0_lowtown_a2_n,282,34949.2,124.012,118.698,113,64
lt_0_lowtown_a2_n,283,68135,123.882,116.912,105,64
lt_0_lowtown_a2_n,284,218071,120.681,118.924,96,64
lt_0_lowtown_a2_n,285,33010,132.468,118.77,114,64
lt_0_lowtown_a2_n,286,36426.2,126.154,118.74,111,64
lt_0_lowtown_a2_n,287,31218.4,121.468,119.225,103,64
lt_0_lowtown_a2_n,288,500864,123.012,117.113,112,64
lt_0_lowtown_a2_n,289,49724.2,128.598,117.042,118,64
lt_0_lowtown_a2_n,290,196462,125.983,121.497,110,64
lt_0_lowtown_a2_n,291,31520.2,126.355,123.042,117,64
lt_0_lowtown_a2_n,292,111489,126.698,122.213,119,64
lt_0_lowtown_a2_n,293,31207.2,122.083,121.255,109,64
lt_0_lowtown_a2_n,294,32596.4,125.184,120.113,115,64
lt_0_lowtown_a2_n,295,365089,138.539,121.77,118,64
lt_0_lowtown_a2_n,296,175972,126.983,120.841,111,64
lt_0_lowtown_a2_n,297,939099,126.113,123.627,118,64
lt_0_lowtown_a2_n,298,1.55793e+06,125.255,123.598,113,64
lt_0_lowtown_a2_n,299,1.41563e+06,122.284,122.284,115,64
lt_0_lowtown_a2_n,300,47612.6,142.51,124.912,117,64
lt_0_lowtown_a2_n,301,37106.8,126.439,124.782,103,64
lt_0_lowtown_a2_n,302,445384,148.598,125.426,138,64
lt_0_lowtown_a2_n,303,33296.2,132.669,127.698,120,64
lt_0_lowtown_a2_n,304,219997,134.468,127.012,116,64
lt_0_lowtown_a2_n,305,82728.4,130.841,124.497,119,64
lt_0_lowtown_a2_n,306,35784.8,132.154,125.77,117,64
lt_0_lowtown_a2_n,307,89941.6,135.255,126.385,123,64
lt_0_lowtown_a2_n,308,208553,131.012,127.698,120,64
lt_0_lowtown_a2_n,309,30835.2,128.125,125.64,108,64
lt_0_lowtown_a2_n,310,32670.8,134.941,130.799,126,64
lt_0_lowtown_a2_n,311,40866.6,135.569,131.083,120,64
lt_0_lowtown_a2_n,312,59918.6,144.539,128.255,124,64
lt_0_lowtown_a2_n,313,50913.4,140.912,129.255,127,64
lt_0_lowtown_a2_n,314,756594,133.184,129.284,123,64
lt_0_lowtown_a2_n,315,185948,139.338,128.853,113,64
lt_0_lowtown_a2_n,316,84349.6,139.598,129.113,129,64
lt_0_lowtown_a2_n,317,2.10967e+06,140.368,131.74,119,64
lt_0_lowtown_a2_n,318,44656,135.841,128.527,124,64
lt_0_lowtown_a2_n,319,42734.6,144.468,128.669,126,64
lt_0_lowtown_a2_n,320,35486.8,137.711,134.397,118,64
lt_0_lowtown_a2_n,321,110083,137.012,133.698,126,64
lt_0_lowtown_a2_n,322,409664,137.154,134.669,122,64
lt_0_lowtown_a2_n,323,43494.2,148.711,133.941,129,64
lt_0_lowtown_a2_n,324,88253,141.255,134.912,129,64
lt_0_lowtown_a2_n,325,210807,153.569,134.213,138,64
lt_0_lowtown_a2_n,326,3.43083e+06,149.468,135.385,131,64
lt_0_lowtown_a2_n,327,38827.4,136.652,134.995,107,64
lt_0_lowtown_a2_n,328,58267.2,143.024,134.439,120,64
lt_0_lowtown_a2_n,329,32940.4,137.782,135.296,116,64
lt_0_lowtown_a2_n,330,144170,145.882,139.255,127,64
lt_0_lowtown_a2_n,331,225204,144.054,137.083,126,64
lt_0_lowtown_a2_n,332,61119.2,152.853,137.154,129,64
lt_0_lowtown_a2_n,333,46965.4,143.326,138.598,129,64
lt_0_lowtown_a2_n,334,257284,146.64,138.841,129,64
lt_0_lowtown_a2_n,335,284471,138.782,138.196,117,64
lt_0_lowtown_a2_n,336,34055.2,142.598,137.042,132,64
lt_0_lowtown_a2_n,337,40845.6,140.326,137.012,126,64
lt_0_lowtown_a2_n,338,63984.8,160.752,139.255,134,64
lt_0_lowtown_a2_n,339,1.94201e+07,141.083,138.012,128,64
lt_0_lowtown_a2_n,340,1.53027e+06,159.953,140.012,139,64
lt_0_lowtown_a2_n,341,146087,148.095,142.782,123,64
lt_0_lowtown_a2_n,342,50194.8,151.095,142.711,126,64
lt_0_lowtown_a2_n,343,59546.4,155.154,141.941,140,64
lt_0_lowtown_a2_n,344,63496.4,151.196,141.74,129,64
lt_0_lowtown_a2_n,345,133144,146.61,142.61,124,64
lt_0_lowtown_a2_n,346,63990.8,161.397,142.527,145,64
lt_0_lowtown_a2_n,347,445630,165.782,143.012,144,64
lt_0_lowtown_a2_n,348,56310.8,148.569,142.184,133,64
lt_0_lowtown_a2_n,349,387037,155.995,143.711,128,64
lt_0_lowtown_a2_n,350,61288,150.296,144.882,131,64
lt_0_lowtown_a2_n,351,68829,166.338,144.255,140,64
lt_0_lowtown_a2_n,352,57205,150.468,145.64,132,64
lt_0_lowtown_a2_n,353,62607.8,154.439,145.024,131,64
lt_0_lowtown_a2_n,354,239381,155.397,145.397,139,64
lt_0_lowtown_a2_n,355,2.97504e+06,145.527,145.527,137,64
lt_0_lowtown_a2_n,356,108004,159.64,144.569,142,64
lt_0_lowtown_a2_n,357,374667,149.083,144.355,136,64
lt_0_lowtown_a2_n,358,714290,154.255,147.284,142,64
lt_0_lowtown_a2_n,359,49129,162.196,145.326,140,64
lt_0_lowtown_a2_n,360,201394,155.368,148.782,134,64
lt_0_lowtown_a2_n,361,94824.6,156.669,149.154,144,64
lt_0_lowtown_a2_n,362,1.70535e+06,158.468,151.983,140,64
lt_0_lowtown_a2_n,363,2.4383e+06,156.924,150.924,131,64
lt_0_lowtown_a2_n,364,95760.6,159.355,150.627,150,64
lt_0_lowtown_a2_n,365,181575,164.468,150.912,146,64
lt_0_lowtown_a2_n,366,55624.4,151.711,150.054,132,64
lt_0_lowtown_a2_n,367,1.27874e+07,153.953,150.296,133,64
lt_0_lowtown_a2_n,368,314007,169.267,149.711,145,64
lt_0_lowtown_a2_n,369,72127.4,163.409,148.539,135,64
lt_0_lowtown_a2_n,370,1.94568e+06,167.539,152.627,147,64
lt_0_lowtown_a2_n,371,376065,164.853,153.882,141,64
lt_0_lowtown_a2_n,372,6.05457e+06,179.61,155.912,157,64
lt_0_lowtown_a2_n,373,53676.6,160.924,153.953,135,64
lt_0_lowtown_a2_n,374,280711,163.296,155.497,144,64
lt_0_lowtown_a2_n,375,71325.4,170.64,153.527,153,64
lt_0_lowtown_a2_n,376,386942,159.024,152.64,136,64
lt_0_lowtown_a2_n,377,44460.6,159.51,155.368,134,64
lt_0_lowtown_a2_n,378,48678.4,154.995,152.51,127,64
lt_0_lowtown_a2_n,379,188588,184.167,155.598,157,64
lt_0_lowtown_a2_n,380,54156.2,162.326,156.811,148,64
lt_0_lowtown_a2_n,381,123012,178.77,159.355,169,64
lt_0_lowtown_a2_n,382,81302,165.439,156.225,142,64
lt_0_lowtown_a2_n,383,245956,172.326,156.426,158,64
lt_0_lowtown_a2_n,384,46675.2,159.698,157.698,152,64
lt_0_lowtown_a2_n,385,1.39882e+06,159.338,156.853,133,64
lt_0_lowtown_a2_n,386,81443.4,161.64,158.326,144,64
lt_0_lowtown_a2_n,387,67076,172.296,157.184,153,64
lt_0_lowtown_a2_n,388,357346,171.397,159.255,155,64
lt_0_lowtown_a2_n,389,2.31864e+06,161.74,156.184,147,64
lt_0_lowtown_a2_n,390,175366,165.711,161.225,146,64
lt_0_lowtown_a2_n,391,471523,174.782,163.225,153,64
lt_0_lowtown_a2_n,392,4.01916e+06,162.669,162.669,150,64
lt_0_lowtown_a2_n,393,124094,182.037,160.539,147,64
lt_0_lowtown_a2_n,394,824045,164.711,163.882,145,64
lt_0_lowtown_a2_n,395,81206,175.64,163.598,158,64
lt_0_lowtown_a2_n,396,281628,165.598,163.113,155,64
lt_0_lowtown_a2_n,397,192790,167.167,162.681,140,64
lt_0_lowtown_a2_n,398,1.90066e+06,175.095,160.267,150,64
lt_0_lowtown_a2_n,399,97906.4,173.811,161.912,157,64
lt_0_lowtown_a2_n,400,438375,166.569,164.912,151,64
lt_0_lowtown_a2_n,401,3.28282e+06,165.74,165.74,151,64
lt_0_lowtown_a2_n,402,74569.8,177.894,165.51,147,64
lt_0_lowtown_a2_n,403,711498,187.853,166.355,164,64
lt_0_lowtown_a2_n,404,1.82087e+07,166.841,166.841,155,64
lt_0_lowtown_a2_n,405,8.88201e+06,167.598,165.941,157,64
lt_0_lowtown_a2_n,406,56883,178.368,164.426,157,64
lt_0_lowtown_a2_n,407,155311,185.468,167.811,167,64
lt_0_lowtown_a2_n,408,255777,186.024,167.841,163,64
lt_0_lowtown_a2_n,409,67932.4,172.012,166.255,161,64
lt_0_lowtown_a2_n,410,72469.2,181.551,170.924,149,64
lt_0_lowtown_a2_n,411,185494,173.581,168.267,146,64
lt_0_lowtown_a2_n,412,71100.6,175.995,169.853,148,64
lt_0_lowtown_a2_n,413,2.96823e+06,177.782,171.983,156,64
lt_0_lowtown_a2_n,414,95633.2,169.581,168.752,142,64
lt_0_lowtown_a2_n,415,8.22158e+06,173.953,170.882,153,64
lt_0_lowtown_a2_n,416,701501,180.054,170.598,162,64
lt_0_lowtown_a2_n,417,123400,187.652,168.882,158,64
lt_0_lowtown_a2_n,418,79548.2,172.527,168.042,164,64
lt_0_lowtown_a2_n,419,73885.4,185.794,170.095,152,64
lt_0_lowtown_a2_n,420,1.78991e+06,177.397,174.468,161,64
lt_0_lowtown_a2_n,421,349647,188.924,174.196,163,64
lt_0_lowtown_a2_n,422,89922.4,175.083,173.426,162,64
lt_0_lowtown_a2_n,423,1.28339e+06,182.61,172.326,160,64
lt_0_lowtown_a2_n,424,162569,185.894,172.054,155,64
lt_0_lowtown_a2_n,425,1.22305e+06,179.024,173.225,156,64
lt_0_lowtown_a2_n,426,5.17766e+06,200.894,174.326,170,64
lt_0_lowtown_a2_n,427,5.30892e+06,175.238,175.238,146,64
lt_0_lowtown_a2_n,428,180858,196.451,174.024,161,64
lt_0_lowtown_a2_n,429,704117,176.782,175.125,155,64
lt_0_lowtown_a2_n,430,1.57583e+07,182.64,177.912,165,64
lt_0_lowtown_a2_n,431,96059,205.723,177.983,174,64
lt_0_lowtown_a2_n,432,431945,191.468,177.326,173,64
lt_0_lowtown_a2_n,433,87504.6,184.882,176.983,166,64
lt_0_lowtown_a2_n,434,5.98984e+06,176.598,176.598,166,64
lt_0_lowtown_a2_n,435,1.07693e+06,179.711,179.711,160,64
lt_0_lowtown_a2_n,436,571740,182.409,179.095,154,64
lt_0_lowtown_a2_n,437,359051,190.882,179.326,172,64
lt_0_lowtown_a2_n,438,169526,188.255,179.368,176,64
lt_0_lowtown_a2_n,439,83950.2,195.995,179.468,168,64
lt_0_lowtown_a2_n,440,8.87226e+06,200.912,183.497,187,64
lt_0_lowtown_a2_n,441,183957,190.083,181.74,177,64
lt_0_lowtown_a2_n,442,5.38528e+06,183.196,182.368,161,64
lt_0_lowtown_a2_n,443,5.04143e+06,190.539,183.083,170,64
lt_0_lowtown_a2_n,444,456740,192.652,182.368,163,64
lt_0_lowtown_a2_n,445,2.08962e+06,182.125,182.125,162,64
lt_0_lowtown_a2_n,446,218359,214.238,182.598,185,64
lt_0_lowtown_a2_n,447,9.79345e+06,181.669,181.669,169,64
lt_0_lowtown_a2_n,448,50576,186.882,181.912,168,64
lt_0_lowtown_a2_n,449,3.10452e+06,199.581,180.569,172,64
lt_0_lowtown_a2_n,450,98054.4,197.497,185.497,184,64
lt_0_lowtown_a2_n,451,116300,191.267,186.782,167,64
lt_0_lowtown_a2_n,452,4.17818e+06,186.711,186.711,167,64
lt_0_lowtown_a2_n,453,9.08529e+06,191.569,187.953,176,64
lt_0_lowtown_a2_n,454,2.94859e+07,214.066,185.255,184,64
lt_0_lowtown_a2_n,455,1.77933e+06,209.125,187.87,189,64
lt_0_lowtown_a2_n,456,73376.8,191.995,184.095,164,64
lt_0_lowtown_a2_n,457,1.08147e+06,199.894,185.995,169,64
lt_0_lowtown_a2_n,458,295126,193.752,187.953,167,64
lt_0_lowtown_a2_n,459,1.199e+06,206.409,186.569,178,64
lt_0_lowtown_a2_n,460,1.17739e+06,225.735,189.652,182,64
lt_0_lowtown_a2_n,461,1.14653e+06,212.35,191.439,174,64
lt_0_lowtown_a2_n,462,267867,197.167,191.368,170,64
lt_0_lowtown_a2_n,463,2.30901e+06,211.61,191.669,189,64
lt_0_lowtown_a2_n,464,494460,231.078,188.267,189,64
lt_0_lowtown_a2_n,465,358273,204.782,189.083,183,64
lt_0_lowtown_a2_n,466,94436.2,212.108,190.024,175,64
lt_0_lowtown_a2_n,467,294214,213.711,191.569,194,64
lt_0_lowtown_a2_n,468,1.69584e+06,194.51,190.61,169,64
lt_0_lowtown_a2_n,469,7.0175e+06,205.853,191.711,182,64
lt_0_lowtown_a2_n,470,2.14006e+07,206.894,193.296,176,64
lt_0_lowtown_a2_n,471,921011,212.066,192.225,182,64
lt_0_lowtown_a2_n,472,1.02809e+06,215.108,193.61,178,64
lt_0_lowtown_a2_n,473,938326,222.865,195.368,187,64
lt_0_lowtown_a2_n,474,143546,208.267,193.054,184,64
lt_0_lowtown_a2_n,475,8.04745e+06,208.581,195.752,181,64
lt_0_lowtown_a2_n,476,1.02586e+07,193.184,193.184,183,64
lt_0_lowtown_a2_n,477,5.43512e+06,221.208,192.196,187,64
lt_0_lowtown_a2_n,478,264494,205.664,192.409,164,64
lt_0_lowtown_a2_n,479,2.02223e+06,227.208,195.953,193,64
lt_0_lowtown_a2_n,480,107962,206.953,196.368,186,64
lt_0_lowtown_a2_n,481,1.42404e+06,218.581,196.054,191,64
lt_0_lowtown_a2_n,482,6.09594e+06,204.439,199.468,181,64
lt_0_lowtown_a2_n,483,3.23652e+06,207.397,196.669,191,64
lt_0_lowtown_a2_n,484,142141,209.953,196.64,189,64
lt_0_lowtown_a2_n,485,208030,231.007,197.368,191,64
lt_0_lowtown_a2_n,486,70873.8,207.309,197.853,176,64
lt_0_lowtown_a2_n,487,280725,207.953,196.255,187,64
lt_0_lowtown_a2_n,488,1.30194e+06,239.593,199.267,200,64
lt_0_lowtown_a2_n,489,94250.2,209.397,198.569,193,64
lt_0_lowtown_a2_n,490,114695,238.681,203.326,214,64
lt_0_lowtown_a2_n,491,67035.8,203.279,200.794,167,64
lt_0_lowtown_a2_n,492,1.8252e+06,210.723,202.095,179,64
lt_0_lowtown_a2_n,493,212352,208.865,201.409,173,64
lt_0_lowtown_a2_n,494,547295,226.066,203.012,196,64
lt_0_lowtown_a2_n,495,72313.4,211.368,201.912,190,64
lt_0_lowtown_a2_n,496,357154,210.894,203.439,180,64
lt_0_lowtown_a2_n,497,1.30265e+07,214.711,202.569,195,64
lt_0_lowtown_a2_n,498,87525.4,210.995,200.711,183,64
lt_0_lowtown_a2_n,499,566926,218.995,202.711,191,64
lt_0_lowtown_a2_n,500,3.901e+06,206.338,206.338,180,64
lt_0_lowtown_a2_n,501,650706,231.652,205.527,202,64
lt_0_lowtown_a2_n,502,5.17847e+06,245.51,207.711,220,64
lt_0_lowtown_a2_n,503,2.16387e+06,232.267,204.225,208,64
lt_0_lowtown_a2_n,504,1.29579e+06,244.836,207.338,204,64
lt_0_lowtown_a2_n,505,833733,212.782,207.811,191,64
lt_0_lowtown_a2_n,506,1.36776e+06,232.794,206.569,199,64
lt_0_lowtown_a2_n,507,155622,212.936,207.966,175,64
lt_0_lowtown_a2_n,508,5.36661e+06,204.74,204.74,190,64
lt_0_lowtown_a2_n,509,1.52263e+07,206.811,206.811,190,64
lt_0_lowtown_a2_n,510,8.53224e+06,213.409,210.924,185,64
lt_0_lowtown_a2_n,511,305237,226.664,211.752,185,64
lt_0_lowtown_a2_n,512,577841,239.137,208.912,207,64
lt_0_lowtown_a2_n,513,2.12279e+07,211.811,209.811,195,64
lt_0_lowtown_a2_n,514,1.14066e+06,236.137,210.296,204,64
lt_0_lowtown_a2_n,515,115679,220.51,209.882,195,64
lt_0_lowtown_a2_n,516,77338,212.966,210.48,180,64
lt_0_lowtown_a2_n,517,1.25249e+07,215.125,208.054,195,64
lt_0_lowtown_a2_n,518,502919,218.522,208.238,181,64
lt_0_lowtown_a2_n,519,182618,223.74,210.326,209,64
lt_0_lowtown_a2_n,520,483500,228.368,215.64,207,64
lt_0_lowtown_a2_n,521,9.62035e+06,218.569,214.326,203,64
lt_0_lowtown_a2_n,522,141839,225.865,214.995,190,64
lt_0_lowtown_a2_n,523,182162,227.439,215.497,204,64
lt_0_lowtown_a2_n,524,205044,231.764,213.238,193,64
lt_0_lowtown_a2_n,525,2.57378e+07,212.61,212.61,190,64
lt_0_lowtown_a2_n,526,138807,218.255,213.284,206,64
lt_0_lowtown_a2_n,527,1.14605e+07,225.652,214.539,196,64
lt_0_lowtown_a2_n,528,7.56654e+06,212.598,212.598,202,64
lt_0_lowtown_a2_n,529,1.17087e+07,218.924,215.853,193,64
lt_0_lowtown_a2_n,530,229235,229.338,217.397,203,64
lt_0_lowtown_a2_n,531,399043,258.208,218.711,224,64
lt_0_lowtown_a2_n,532,156468,225.279,216.652,189,64
lt_0_lowtown_a2_n,533,161286,224.007,216.208,184,64
lt_0_lowtown_a2_n,534,1.37366e+06,238.865,217.368,203,64
lt_0_lowtown_a2_n,535,7.6146e+06,245.35,217.811,207,64
lt_0_lowtown_a2_n,536,1.3744e+07,216.882,216.882,198,64
lt_0_lowtown_a2_n,537,179989,222.179,217.208,183,64
lt_0_lowtown_a2_n,538,4.53627e+06,216.296,216.296,197,64
lt_0_lowtown_a2_n,539,368455,222.853,217.296,199,64
lt_0_lowtown_a2_n,540,403085,233.451,222.338,198,64
lt_0_lowtown_a2_n,541,504033,232.066,221.196,202,64
lt_0_lowtown_a2_n,542,851490,242.066,220.468,212,64
lt_0_lowtown_a2_n,543,9.60004e+06,255.25,223.995,214,64
lt_0_lowtown_a2_n,544,1.98945e+07,221.61,221.61,199,64
lt_0_lowtown_a2_n,545,2.39068e+06,235.652,220.924,206,64
lt_0_lowtown_a2_n,546,1.47967e+06,266.12,221.309,217,64
lt_0_lowtown_a2_n,547,81525.8,232.865,223.409,197,64
lt_0_lowtown_a2_n,548,159330,230.622,222.823,196,64
lt_0_lowtown_a2_n,549,91658.8,231.652,222.196,202,64
lt_0_lowtown_a2_n,550,1.29816e+06,241.037,226.167,206,64
lt_0_lowtown_a2_n,551,1.36645e+07,227.167,227.167,200,64
lt_0_lowtown_a2_n,552,732225,244.652,227.095,215,64
lt_0_lowtown_a2_n,553,1.20865e+06,239.539,225.64,219,64
lt_0_lowtown_a2_n,554,4.01419e+07,226.539,226.539,206,64
lt_0_lowtown_a2_n,555,5.58242e+07,224.196,224.196,202,64
lt_0_lowtown_a2_n,556,2.44872e+07,224.74,224.74,210,64
lt_0_lowtown_a2_n,557,528134,237.25,227.551,196,64
lt_0_lowtown_a2_n,558,4.84409e+06,226.823,226.823,198,64
lt_0_lowtown_a2_n,559,3.66651e+07,225.912,225.912,212,64
lt_0_lowtown_a2_n,560,95972.6,243.25,230.48,202,64
lt_0_lowtown_a2_n,561,2.44237e+06,243.037,228.167,208,64
lt_0_lowtown_a2_n,562,2.77331e+06,230.255,230.255,218,64
lt_0_lowtown_a2_n,563,1.94856e+07,256.066,230.368,226,64
lt_0_lowtown_a2_n,564,577883,247.995,229.853,220,64
lt_0_lowtown_a2_n,565,1.04e+07,255.936,228.681,218,64
lt_0_lowtown_a2_n,566,580052,242.48,230.581,212,64
lt_0_lowtown_a2_n,567,8.22731e+06,235.61,231.711,213,64
lt_0_lowtown_a2_n,568,4.37998e+06,283.007,231.51,243,64
lt_0_lowtown_a2_n,569,517397,236.309,231.581,205,64
lt_0_lowtown_a2_n,570,214840,251.823,234.569,223,64
lt_0_lowtown_a2_n,571,1.75259e+07,237.752,233.024,211,64
lt_0_lowtown_a2_n,572,7.09855e+06,296.451,232.652,261,64
lt_0_lowtown_a2_n,573,5.57479e+06,261.978,234.581,217,64
lt_0_lowtown_a2_n,574,82866,242.693,233.238,206,64
lt_0_lowtown_a2_n,575,5.30977e+06,251.51,234.64,226,64
lt_0_lowtown_a2_n,576,245611,247.25,235.066,206,64
lt_0_lowtown_a2_n,577,2.09602e+06,238.368,233.095,217,64
lt_0_lowtown_a2_n,578,2.88662e+07,235.723,235.723,204,64
lt_0_lowtown_a2_n,579,2.15967e+07,257.907,234.167,215,64
lt_0_lowtown_a2_n,580,226610,248.664,238.966,207,64
lt_0_lowtown_a2_n,581,2.35594e+07,247.35,237.066,209,64
lt_0_lowtown_a2_n,582,582801,251.35,236.581,213,64
lt_0_lowtown_a2_n,583,5.19102e+06,236.752,236.752,210,64
lt_0_lowtown_a2_n,584,2.32097e+07,237.882,237.882,219,64
lt_0_lowtown_a2_n,585,368483,245.764,239.966,207,64
lt_0_lowtown_a2_n,586,1.54356e+07,238.066,238.066,208,64
lt_0_lowtown_a2_n,587,283143,248.137,237.853,216,64
lt_0_lowtown_a2_n,588,3.65735e+06,295.392,239.853,250,64
lt_0_lowtown_a2_n,589,1.59257e+06,256.581,237.711,229,64
lt_0_lowtown_a2_n,590,7.06355e+06,268.35,241.238,230,64
lt_0_lowtown_a2_n,591,1.68428e+06,260.806,240.137,215,64
lt_0_lowtown_a2_n,592,264720,253.48,243.196,223,64
lt_0_lowtown_a2_n,593,1.84294e+06,262.492,240.995,220,64
lt_0_lowtown_a2_n,594,981817,258.936,243.966,221,64
lt_0_lowtown_a2_n,595,458057,263.007,242.095,223,64
lt_0_lowtown_a2_n,596,1.60055e+07,269.037,241.338,234,64
lt_0_lowtown_a2_n,597,149887,266.179,241.409,227,64
lt_0_lowtown_a2_n,598,6.25757e+07,241.811,241.811,225,64
lt_0_lowtown_a2_n,599,4.15717e+06,257.48,240.752,227,64
lt_0_lowtown_a2_n,600,1.10535e+07,260.693,244.267,224,64
lt_0_lowtown_a2_n,601,1.39229e+07,261.208,246.681,227,64
lt_0_lowtown_a2_n,602,1.53936e+07,247.296,247.296,228,64
lt_0_lowtown_a2_n,603,1.94549e+06,277.149,246.782,233,64
lt_0_lowtown_a2_n,604,7.39749e+07,252.38,246.823,219,64
lt_0_lowtown_a2_n,605,611484,265.22,247.137,219,64
lt_0_lowtown_a2_n,606,224750,261.693,247.51,225,64
lt_0_lowtown_a2_n,607,732432,254.693,245.38,218,64
lt_0_lowtown_a2_n,608,722177,264.309,246.711,233,64
lt_0_lowtown_a2_n,609,1.49709e+06,269.049,247.551,222,64
lt_0_lowtown_a2_n,610,1.01687e+07,259.309,248.095,228,64
lt_0_lowtown_a2_n,611,2.84259e+07,270.238,249.811,241,64
lt_0_lowtown_a2_n,612,2.11686e+07,248.137,248.137,216,64
lt_0_lowtown_a2_n,613,4.69275e+07,250.61,250.61,228,64
lt_0_lowtown_a2_n,614,7.7028e+06,274.078,250.823,232,64
lt_0_lowtown_a2_n,615,3.75116e+06,278.179,251.853,239,64
lt_0_lowtown_a2_n,616,101968,261.392,250.279,216,64
lt_0_lowtown_a2_n,617,840878,274.966,249.711,242,64
lt_0_lowtown_a2_n,618,9.77555e+06,272.894,248.125,242,64
lt_0_lowtown_a2_n,619,461378,278.066,251.823,248,64
lt_0_lowtown_a2_n,620,222051,263.882,254.468,245,64
lt_0_lowtown_a2_n,621,2.20225e+07,276.747,253.836,221,64
lt_0_lowtown_a2_n,622,567543,274.492,254.894,232,64
lt_0_lowtown_a2_n,623,260021,272.551,254.468,240,64
lt_0_lowtown_a2_n,624,8.18864e+07,254.894,254.894,224,64
lt_0_lowtown_a2_n,625,2.7651e+06,277.551,252.539,245,64
lt_0_lowtown_a2_n,626,996624,277.593,255.267,238,64
lt_0_lowtown_a2_n,627,1.16279e+07,263.811,252.983,247,64
lt_0_lowtown_a2_n,628,3.48601e+07,273.179,252.853,234,64
lt_0_lowtown_a2_n,629,1.94379e+06,284.563,255.267,240,64
lt_0_lowtown_a2_n,630,3.2357e+07,258.137,258.137,226,64
lt_0_lowtown_a2_n,631,7.13825e+06,286.392,257.782,241,64
lt_0_lowtown_a2_n,632,1.51794e+07,274.652,258.711,245,64
lt_0_lowtown_a2_n,633,4.12556e+06,272.652,257.681,243,64
lt_0_lowtown_a2_n,634,3.57403e+06,257.669,257.669,245,64
lt_0_lowtown_a2_n,635,8.04327e+06,269.38,257.681,236,64
lt_0_lowtown_a2_n,636,1.07565e+07,269.794,256.196,236,64
lt_0_lowtown_a2_n,637,9.7906e+06,276.924,256.539,251,64
lt_0_lowtown_a2_n,638,5.80725e+06,288.35,257.338,250,64
lt_0_lowtown_a2_n,639,205048,277.492,257.409,235,64
lt_0_lowtown_a2_n,640,5.42245e+07,282.309,263.64,251,64
lt_0_lowtown_a2_n,641,3.66208e+06,262.681,262.681,238,64
lt_0_lowtown_a2_n,642,1.24263e+07,263.439,263.439,240,64
lt_0_lowtown_a2_n,643,9.34713e+06,260.338,260.338,234,64
lt_0_lowtown_a2_n,644,7.07061e+06,263.723,263.723,232,64
lt_0_lowtown_a2_n,645,329789,270.806,261.108,225,64
lt_0_lowtown_a2_n,646,605996,274.492,262.794,232,64
lt_0_lowtown_a2_n,647,1.39185e+06,293.806,262.794,248,64
lt_0_lowtown_a2_n,648,522097,288.794,260.894,255,64
lt_0_lowtown_a2_n,649,401293,273.22,262.693,227,64
lt_0_lowtown_a2_n,650,1.5847e+07,277.882,264.61,259,64
lt_0_lowtown_a2_n,651,3.44368e+07,290.35,264.125,252,64
lt_0_lowtown_a2_n,652,8.96026e+06,294.291,267.966,246,64
lt_0_lowtown_a2_n,653,1.04969e+07,295.362,266.995,245,64
lt_0_lowtown_a2_n,654,878746,275.811,266.154,259,64
lt_0_lowtown_a2_n,655,6.29945e+06,292.12,264.137,243,64
lt_0_lowtown_a2_n,656,634162,307.806,266.409,262,64
lt_0_lowtown_a2_n,657,4.76946e+07,266.894,266.894,236,64
lt_0_lowtown_a2_n,658,2.32188e+07,290.522,265.953,253,64
lt_0_lowtown_a2_n,659,3.89183e+07,264.752,264.752,238,64
lt_0_lowtown_a2_n,660,1.11427e+07,285.321,268.066,242,64
lt_0_lowtown_a2_n,661,4.08363e+07,285.581,271.924,258,64
lt_0_lowtown_a2_n,662,751916,281.066,269.51,251,64
lt_0_lowtown_a2_n,663,619843,287.066,269.51,257,64
lt_0_lowtown_a2_n,664,2.08256e+07,281.995,271.225,254,64
lt_0_lowtown_a2_n,665,2.21188e+06,290.806,269.894,245,64
lt_0_lowtown_a2_n,666,579427,281.362,271.664,231,64
lt_0_lowtown_a2_n,667,9.74838e+06,315.392,271.309,270,64
lt_0_lowtown_a2_n,668,365217,283.22,270.208,237,64
lt_0_lowtown_a2_n,669,648957,278.078,269.451,236,64
lt_0_lowtown_a2_n,670,113701,283.777,273.492,233,64
lt_0_lowtown_a2_n,671,3.38048e+07,274.35,272.936,236,64
lt_0_lowtown_a2_n,672,794751,290.409,273.782,262,64
lt_0_lowtown_a2_n,673,8.58152e+06,274.338,272.681,248,64
lt_0_lowtown_a2_n,674,1.17e+07,286.439,275.953,263,64
lt_0_lowtown_a2_n,675,302193,288.451,275.966,253,64
lt_0_lowtown_a2_n,676,161919,285.635,275.936,239,64
lt_0_lowtown_a2_n,677,659144,293.137,274.167,261,64
lt_0_lowtown_a2_n,678,1.54502e+07,294.208,274.309,260,64
lt_0_lowtown_a2_n,679,2.86072e+07,275.723,275.723,244,64
lt_0_lowtown_a2_n,680,132258,304.191,278.551,253,64
lt_0_lowtown_a2_n,681,2.6562e+07,276.167,276.167,249,64
lt_0_lowtown_a2_n,682,301535,293.948,279.664,244,64
lt_0_lowtown_a2_n,683,5.26842e+06,288.563,279.693,244,64
lt_0_lowtown_a2_n,684,1.81082e+06,299.333,277.007,244,64
lt_0_lowtown_a2_n,685,1.13065e+07,296.049,276.794,249,64
lt_0_lowtown_a2_n,686,1.87843e+07,303.593,279.551,264,64
lt_0_lowtown_a2_n,687,3.10001e+07,296.321,277.451,253,64
lt_0_lowtown_a2_n,688,2.20204e+07,297.622,276.894,263,64
lt_0_lowtown_a2_n,689,745335,293.966,277.338,261,64
lt_0_lowtown_a2_n,690,634989,307.593,283.368,268,64
lt_0_lowtown_a2_n,691,1.61052e+06,300.907,282.037,258,64
lt_0_lowtown_a2_n,692,7.12803e+07,282.095,282.095,257,64
lt_0_lowtown_a2_n,693,1.12823e+07,305.149,281.652,261,64
lt_0_lowtown_a2_n,694,2.73481e+07,306.108,280.711,269,64
lt_0_lowtown_a2_n,695,2.72271e+07,284.681,283.024,260,64
lt_0_lowtown_a2_n,696,2.88324e+07,311.907,283.238,269,64
lt_0_lowtown_a2_n,697,1.88427e+07,305.321,283.037,262,64
lt_0_lowtown_a2_n,698,7.40571e+07,282.409,281.238,254,64
lt_0_lowtown_a2_n,699,1.51222e+07,281.539,281.539,261,64
lt_0_lowtown_a2_n,700,6.86554e+07,297.622,287.095,263,64
lt_0_lowtown_a2_n,701,2.08415e+06,323.392,286.966,278,64
lt_0_lowtown_a2_n,702,8.54382e+06,333.563,287.723,289,64
lt_0_lowtown_a2_n,703,510588,300.38,285.51,267,64
lt_0_lowtown_a2_n,704,807490,296.049,284.693,249,64
lt_0_lowtown_a2_n,705,2.6785e+07,284.137,284.137,252,64
lt_0_lowtown_a2_n,706,3.97627e+06,286.238,286.238,257,64
lt_0_lowtown_a2_n,707,9.59715e+07,295.35,284.823,257,64
lt_0_lowtown_a2_n,708,1.61434e+07,319.262,285.865,266,64
lt_0_lowtown_a2_n,709,4.03669e+06,315.161,287.764,259,64
lt_0_lowtown_a2_n,710,3.35833e+07,319.007,289.125,279,64
lt_0_lowtown_a2_n,711,2.50671e+07,317.706,290.451,269,64
lt_0_lowtown_a2_n,712,6.93351e+06,317.534,288.522,268,64
lt_0_lowtown_a2_n,713,540781,303.794,288.338,270,64
lt_0_lowtown_a2_n,714,1.4921e+07,321.12,288.451,272,64
lt_0_lowtown_a2_n,715,2.92567e+07,307.492,291.936,265,64
lt_0_lowtown_a2_n,716,2.83861e+07,292.054,291.225,274,64
lt_0_lowtown_a2_n,717,1.69827e+07,303.948,290.693,254,64
lt_0_lowtown_a2_n,718,595113,303.551,288.924,271,64
lt_0_lowtown_a2_n,719,2.13682e+07,297.451,290.48,262,64
lt_0_lowtown_a2_n,720,2.14661e+07,312.966,293.024,280,64
lt_0_lowtown_a2_n,721,275810,312.208,292.894,278,64
lt_0_lowtown_a2_n,722,630867,302.534,292.25,253,64
lt_0_lowtown_a2_n,723,4.21462e+07,295.936,295.936,258,64
lt_0_lowtown_a2_n,724,1.25284e+07,326.09,292.551,272,64
lt_0_lowtown_a2_n,725,2.11635e+07,301.22,294.593,255,64
lt_0_lowtown_a2_n,726,8.72007e+06,310.321,293.35,267,64
lt_0_lowtown_a2_n,727,133743,304.262,293.978,251,64
lt_0_lowtown_a2_n,728,3.68915e+07,318.25,292.652,277,64
lt_0_lowtown_a2_n,729,1.76359e+07,314.907,293.794,272,64
lt_0_lowtown_a2_n,730,508472,318.907,299.995,276,64
lt_0_lowtown_a2_n,731,153790,306.907,296.622,264,64
lt_0_lowtown_a2_n,732,2.73048e+07,302.723,298.723,271,64
lt_0_lowtown_a2_n,733,6.98363e+06,331.836,296.782,291,64
lt_0_lowtown_a2_n,734,154708,307.262,296.149,254,64
lt_0_lowtown_a2_n,735,1.22393e+08,297.936,297.936,260,64
lt_0_lowtown_a2_n,736,2.26156e+07,320.865,299.309,285,64
lt_0_lowtown_a2_n,737,2.59284e+07,321.693,298.823,285,64
lt_0_lowtown_a2_n,738,2.15397e+07,296.468,296.468,278,64
lt_0_lowtown_a2_n,739,1.40691e+07,318.907,299.693,276,64
lt_0_lowtown_a2_n,740,1.27475e+07,318.995,300.853,291,64
lt_0_lowtown_a2_n,741,1.73931e+06,328.593,303.279,289,64
lt_0_lowtown_a2_n,742,2.99523e+07,315.936,302.38,278,64
lt_0_lowtown_a2_n,743,1.71586e+07,308.61,303.924,286,64
lt_0_lowtown_a2_n,744,3.00525e+07,326.563,302.622,282,64
lt_0_lowtown_a2_n,745,3.59141e+07,325.836,300.581,285,64
lt_0_lowtown_a2_n,746,1.3678e+06,319.836,301.652,279,64
lt_0_lowtown_a2_n,747,6.61371e+06,304.066,303.238,274,64
lt_0_lowtown_a2_n,748,2.31891e+07,302.267,302.267,278,64
lt_0_lowtown_a2_n,749,1.2121e+06,338.404,302.764,281,64
lt_0_lowtown_a2_n,750,1.59232e+07,313.823,304.409,285,64
lt_0_lowtown_a2_n,751,2.41436e+07,305.652,305.652,276,64
lt_0_lowtown_a2_n,752,1.08981e+07,305.309,305.309,274,64
lt_0_lowtown_a2_n,753,6.31774e+07,327.149,306.723,283,64
lt_0_lowtown_a2_n,754,1.48745e+07,324.806,307.894,279,64
lt_0_lowtown_a2_n,755,3.87608e+07,324.936,304.267,287,64
lt_0_lowtown_a2_n,756,3.09956e+07,335.191,307.693,284,64
lt_0_lowtown_a2_n,757,3.07878e+07,339.291,306.723,291,64
lt_0_lowtown_a2_n,758,954895,329.262,304.593,276,64
lt_0_lowtown_a2_n,759,580914,319.309,307.752,288,64
lt_0_lowtown_a2_n,760,7.87369e+06,310.409,310.409,282,64
lt_0_lowtown_a2_n,761,1.14015e+07,309.095,309.095,284,64
lt_0_lowtown_a2_n,762,2.20196e+06,342.032,309.563,278,64
lt_0_lowtown_a2_n,763,1.93586e+07,342.191,311.48,291,64
lt_0_lowtown_a2_n,764,4.60832e+07,308.007,308.007,268,64
lt_0_lowtown_a2_n,765,5.72343e+06,339.233,310.522,281,64
lt_0_lowtown_a2_n,766,1.55557e+06,322.492,311.622,280,64
lt_0_lowtown_a2_n,767,2.6122e+07,342.948,311.066,293,64
lt_0_lowtown_a2_n,768,3.86479e+07,335.877,311.936,288,64
lt_0_lowtown_a2_n,769,142235,321.333,309.392,266,64
lt_0_lowtown_a2_n,770,1.95774e+07,336.492,312.451,294,64
lt_0_lowtown_a2_n,771,2.62755e+06,336.274,314.777,271,64
lt_0_lowtown_a2_n,772,3.66872e+07,342.777,313.966,292,64
lt_0_lowtown_a2_n,773,2.76395e+06,342.546,313.25,281,64
lt_0_lowtown_a2_n,774,3.10861e+07,338.362,314.421,288,64
lt_0_lowtown_a2_n,775,8.6039e+07,333.522,315.338,296,64
lt_0_lowtown_a2_n,776,1.50565e+06,322.12,312.421,273,64
lt_0_lowtown_a2_n,777,1.69608e+06,334.635,315.966,288,64
lt_0_lowtown_a2_n,778,5.04511e+06,320.693,312.894,284,64
lt_0_lowtown_a2_n,779,3.04296e+07,313.238,313.238,284,64
lt_0_lowtown_a2_n,780,2.57863e+07,330.25,318.492,289,64
lt_0_lowtown_a2_n,781,1.6995e+06,334.492,317.38,292,64
lt_0_lowtown_a2_n,782,149735,329.747,319.463,274,64
lt_0_lowtown_a2_n,783,8.11678e+07,319.066,319.066,289,64
lt_0_lowtown_a2_n,784,3.00631e+07,334.534,318.392,285,64
lt_0_lowtown_a2_n,785,1.87158e+07,345.777,319.693,295,64
lt_0_lowtown_a2_n,786,256641,330.262,319.978,277,64
lt_0_lowtown_a2_n,787,2.41664e+07,319.48,319.48,289,64
lt_0_lowtown_a2_n,788,7.70588e+06,317.196,317.196,295,64
lt_0_lowtown_a2_n,789,1.44087e+07,347.505,317.966,293,64
lt_0_lowtown_a2_n,790,1.07297e+07,339.664,321.865,298,64
lt_0_lowtown_a2_n,791,926113,337.078,322.936,295,64
lt_0_lowtown_a2_n,792,2.89106e+06,348.688,322.706,283,64
lt_0_lowtown_a2_n,793,8.34828e+06,322.551,322.551,290,64
lt_0_lowtown_a2_n,794,1.08104e+07,327.522,323.037,290,64
lt_0_lowtown_a2_n,795,2.02881e+06,344.605,322.421,293,64
lt_0_lowtown_a2_n,796,152944,332.404,321.291,275,64
lt_0_lowtown_a2_n,797,1.58815e+06,343.936,323.652,306,64
lt_0_lowtown_a2_n,798,8.49088e+07,334.279,323.167,298,64
lt_0_lowtown_a2_n,799,4.3562e+07,324.764,320.622,286,64
lt_0_lowtown_a2_n,800,6.68343e+06,341.463,327.522,294,64
lt_0_lowtown_a2_n,801,1.0104e+07,327.823,327.823,299,64
lt_0_lowtown_a2_n,802,4.19674e+07,331.338,327.439,305,64
lt_0_lowtown_a2_n,803,6.65636e+07,339.948,327.078,290,64
lt_0_lowtown_a2_n,804,1.28204e+06,339.007,324.38,299,64
lt_0_lowtown_a2_n,805,2.86363e+06,336.723,326.279,305,64
lt_0_lowtown_a2_n,806,4.27818e+07,349.049,325.208,302,64
lt_0_lowtown_a2_n,807,1.7795e+06,341.978,325.35,297,64
lt_0_lowtown_a2_n,808,5.07272e+07,326.853,326.024,303,64
lt_0_lowtown_a2_n,809,4.70198e+07,344.321,325.794,301,64
lt_0_lowtown_a2_n,810,1.39224e+06,352.421,328.48,312,64
lt_0_lowtown_a2_n,811,5.98819e+06,361.647,330.593,303,64
lt_0_lowtown_a2_n,812,2.60338e+06,334.522,328.037,297,64
lt_0_lowtown_a2_n,813,679505,347.48,329.924,317,64
lt_0_lowtown_a2_n,814,1.56098e+08,329.309,328.723,298,64
lt_0_lowtown_a2_n,815,2.24218e+06,328.723,328.723,297,64
lt_0_lowtown_a2_n,816,6.27484e+07,331.723,331.723,300,64
lt_0_lowtown_a2_n,817,2.46098e+07,353.605,330.149,302,64
lt_0_lowtown_a2_n,818,4.14332e+07,360.777,328.752,310,64
lt_0_lowtown_a2_n,819,4.3935e+07,341.948,328.007,292,64
lt_0_lowtown_a2_n,820,5.77094e+07,358.806,335.794,313,64
lt_0_lowtown_a2_n,821,1.35933e+06,363.534,334.279,314,64
lt_0_lowtown_a2_n,822,6.90855e+07,350.019,332.179,298,64
lt_0_lowtown_a2_n,823,1.2497e+07,343.434,333.735,291,64
lt_0_lowtown_a2_n,824,2.29509e+06,335.995,335.995,308,64
lt_0_lowtown_a2_n,825,3.46228e+07,342.451,334.167,307,64
lt_0_lowtown_a2_n,826,7.3457e+06,333.752,333.752,307,64
lt_0_lowtown_a2_n,827,1.96783e+07,335.451,335.451,300,64
lt_0_lowtown_a2_n,828,3.46106e+07,358.99,335.149,302,64
lt_0_lowtown_a2_n,829,787018,344.693,332.794,308,64
lt_0_lowtown_a2_n,830,1.31936e+07,339.338,339.338,313,64
lt_0_lowtown_a2_n,831,1.13442e+07,338.966,338.137,306,64
lt_0_lowtown_a2_n,832,9.85073e+07,336.61,336.61,314,64
lt_0_lowtown_a2_n,833,2.21593e+07,345.137,336.894,313,64
lt_0_lowtown_a2_n,834,4.20267e+07,353.794,336.439,320,64
lt_0_lowtown_a2_n,835,8.87378e+07,354.066,338.953,324,64
lt_0_lowtown_a2_n,836,1.84168e+06,366.061,337.836,307,64
lt_0_lowtown_a2_n,837,5.49526e+07,339.823,339.823,311,64
lt_0_lowtown_a2_n,838,3.52788e+07,358.877,338.208,311,64
lt_0_lowtown_a2_n,839,2.67914e+07,363.463,339.421,316,64
lt_0_lowtown_a2_n,840,201850,348.475,340.191,289,64
lt_0_lowtown_a2_n,841,1.8211e+07,342.238,342.238,313,64
lt_0_lowtown_a2_n,842,817260,362.451,343.338,327,64
lt_0_lowtown_a2_n,843,1.2388e+08,343.823,343.823,315,64
lt_0_lowtown_a2_n,844,2.37043e+07,341.551,341.551,309,64
lt_0_lowtown_a2_n,845,2.06342e+06,360.09,343.22,306,64
lt_0_lowtown_a2_n,846,1.36368e+06,352.96,340.777,291,64
lt_0_lowtown_a2_n,847,2.59786e+07,340.551,340.551,308,64
lt_0_lowtown_a2_n,848,1.86208e+06,359.848,342.149,307,64
lt_0_lowtown_a2_n,849,1.50625e+06,362.434,343.907,310,64
lt_0_lowtown_a2_n,850,2.11478e+06,364.563,346.279,320,64
lt_0_lowtown_a2_n,851,6.87053e+07,364.35,344.51,326,64
lt_0_lowtown_a2_n,852,3.63898e+07,383.375,347.049,321,64
lt_0_lowtown_a2_n,853,2.34464e+06,367.061,346.635,308,64
lt_0_lowtown_a2_n,854,4.14686e+07,380.262,347.551,327,64
lt_0_lowtown_a2_n,855,3.21102e+07,347.581,347.581,320,64
lt_0_lowtown_a2_n,856,6.78039e+07,357.137,346.853,325,64
lt_0_lowtown_a2_n,857,4.65168e+06,364.764,347.894,326,64
lt_0_lowtown_a2_n,858,8.83159e+06,345.752,345.752,319,64
lt_0_lowtown_a2_n,859,1.65708e+07,344.238,344.238,315,64
lt_0_lowtown_a2_n,860,1.29918e+07,351.823,351.823,323,64
lt_0_lowtown_a2_n,861,4.89866e+07,373.161,348.492,317,64
lt_0_lowtown_a2_n,862,5.20077e+07,350.622,350.622,316,64
lt_0_lowtown_a2_n,863,4.85523e+07,372.948,349.108,323,64
lt_0_lowtown_a2_n,864,2.03956e+06,370.434,350.735,318,64
lt_0_lowtown_a2_n,865,3.27991e+07,377.09,348.38,323,64
lt_0_lowtown_a2_n,866,3.19965e+06,369.12,348.108,320,64
lt_0_lowtown_a2_n,867,1.24233e+08,365.865,351.095,330,64
lt_0_lowtown_a2_n,868,1.79586e+06,375.375,348.463,313,64
lt_0_lowtown_a2_n,869,2.66182e+06,371.061,349.463,312,64
lt_0_lowtown_a2_n,870,8.67587e+07,368.735,355.622,325,64
lt_0_lowtown_a2_n,871,602581,371.978,354.522,327,64
lt_0_lowtown_a2_n,872,6.08723e+07,373.789,352.191,311,64
lt_0_lowtown_a2_n,873,8.33181e+07,357.066,355.066,327,64
lt_0_lowtown_a2_n,874,7.02509e+07,354.894,354.894,324,64
lt_0_lowtown_a2_n,875,9.29629e+07,375.492,352.48,333,64
lt_0_lowtown_a2_n,876,3.90176e+06,370.078,352.622,328,64
lt_0_lowtown_a2_n,877,1.02193e+08,353.622,353.622,319,64
lt_0_lowtown_a2_n,878,1.87501e+06,372.262,354.563,319,64
lt_0_lowtown_a2_n,879,804948,366.936,355.037,329,64
lt_0_lowtown_a2_n,880,3.36462e+07,380.99,357.049,324,64
lt_0_lowtown_a2_n,881,1.46595e+08,370.593,359.238,331,64
lt_0_lowtown_a2_n,882,7.75597e+07,378.505,357.936,324,64
lt_0_lowtown_a2_n,883,5.59276e+07,375.593,359.309,336,64
lt_0_lowtown_a2_n,884,6.59114e+07,377.463,357.865,330,64
lt_0_lowtown_a2_n,885,6.91008e+07,358.681,358.681,334,64
lt_0_lowtown_a2_n,886,1.70179e+07,358.894,358.894,328,64
lt_0_lowtown_a2_n,887,1.03959e+08,359.652,359.652,330,64
lt_0_lowtown_a2_n,888,1.10337e+07,356.752,356.752,330,64
lt_0_lowtown_a2_n,889,8.75419e+07,357.995,357.995,330,64
lt_0_lowtown_a2_n,890,6.20432e+07,386.676,362.693,333,64
lt_0_lowtown_a2_n,891,2.14785e+07,363.64,363.64,346,64
lt_0_lowtown_a2_n,892,7.43903e+07,378.019,361.593,326,64
lt_0_lowtown_a2_n,893,4.62952e+07,381.718,361.291,321,64
lt_0_lowtown_a2_n,894,3.75322e+07,394.375,362.534,332,64
lt_0_lowtown_a2_n,895,1.87682e+08,360.823,360.823,332,64
lt_0_lowtown_a2_n,896,2.5899e+08,360.451,360.451,325,64
lt_0_lowtown_a2_n,897,7.00389e+07,376.25,362.451,335,64
lt_0_lowtown_a2_n,898,9.94565e+06,380.078,362.622,338,64
lt_0_lowtown_a2_n,899,6.52723e+07,371.894,361.024,341,64
lt_0_lowtown_a2_n,900,1.05942e+08,381.35,365.894,343,64
lt_0_lowtown_a2_n,901,1.72489e+07,365.48,365.48,335,64
lt_0_lowtown_a2_n,902,1.56186e+07,366.723,366.723,335,64
lt_0_lowtown_a2_n,903,1.19725e+08,379.622,367.238,345,64
lt_0_lowtown_a2_n,904,782824,381.492,364.865,339,64
lt_0_lowtown_a2_n,905,1.9675e+06,384.463,367.35,337,64
lt_0_lowtown_a2_n,906,1.37008e+08,365.38,365.38,332,64
lt_0_lowtown_a2_n,907,5.74372e+07,391.576,366.764,335,64
lt_0_lowtown_a2_n,908,1.55766e+06,384.492,366.794,342,64
lt_0_lowtown_a2_n,909,1.24075e+06,380.35,364.853,342,64
lt_0_lowtown_a2_n,910,1.1617e+07,370.723,370.723,339,64
lt_0_lowtown_a2_n,911,1.94136e+06,385.647,369.362,327,64
lt_0_lowtown_a2_n,912,5.90694e+07,394.948,371.108,345,64
lt_0_lowtown_a2_n,913,1.25711e+08,382.865,368.823,347,64
lt_0_lowtown_a2_n,914,7.44075e+07,370.995,370.995,343,64
lt_0_lowtown_a2_n,915,1.0592e+08,383.362,370.35,333,64
lt_0_lowtown_a2_n,916,5.57547e+07,369.622,369.622,335,64
lt_0_lowtown_a2_n,917,5.26606e+06,395.492,370.38,353,64
lt_0_lowtown_a2_n,918,5.48292e+07,370.48,369.652,340,64
lt_0_lowtown_a2_n,919,1.48338e+08,370.894,370.894,340,64
lt_0_lowtown_a2_n,920,1.47109e+07,383.392,374.179,338,64
lt_0_lowtown_a2_n,921,1.53225e+08,372.966,372.966,340,64
lt_0_lowtown_a2_n,922,586407,390.978,372.108,346,64
lt_0_lowtown_a2_n,923,9.14454e+07,386.735,372.894,343,64
lt_0_lowtown_a2_n,924,2.47649e+07,375.48,375.48,345,64
lt_0_lowtown_a2_n,925,2.45906e+07,372.894,372.894,342,64
lt_0_lowtown_a2_n,926,1.21869e+07,391.12,372.936,342,64
lt_0_lowtown_a2_n,927,1.66052e+08,372.794,372.794,339,64
lt_0_lowtown_a2_n,928,3.36985e+07,393.179,374.267,354,64
lt_0_lowtown_a2_n,929,1.66484e+06,394.291,375.179,346,64
lt_0_lowtown_a2_n,930,8.09202e+07,397.777,377.35,347,64
lt_0_lowtown_a2_n,931,1.14568e+08,391.279,376.995,355,64
lt_0_lowtown_a2_n,932,9.24809e+06,379.137,379.137,347,64
lt_0_lowtown_a2_n,933,2.4977e+07,378.894,378.894,348,64
lt_0_lowtown_a2_n,934,1.6834e+06,396.777,377.664,346,64
lt_0_lowtown_a2_n,935,1.70904e+06,397.161,379.706,341,64
lt_0_lowtown_a2_n,936,1.12713e+08,387.108,378.823,350,64
lt_0_lowtown_a2_n,937,2.45625e+06,400.688,378.848,335,64
lt_0_lowtown_a2_n,938,5.29408e+07,395.149,377.108,351,64
lt_0_lowtown_a2_n,939,6.53394e+07,399.919,376.764,345,64
lt_0_lowtown_a2_n,940,8.48336e+07,383.037,383.037,348,64
lt_0_lowtown_a2_n,941,2.33869e+06,403.676,382.563,350,64
lt_0_lowtown_a2_n,942,4.32467e+07,402.434,380.836,350,64
lt_0_lowtown_a2_n,943,2.80491e+07,380.309,380.309,349,64
lt_0_lowtown_a2_n,944,7.18156e+07,392.693,381.581,356,64
lt_0_lowtown_a2_n,945,902255,397.492,381.593,355,64
lt_0_lowtown_a2_n,946,1.33707e+08,380.865,380.865,345,64
lt_0_lowtown_a2_n,947,7.36946e+07,395.948,382.978,346,64
lt_0_lowtown_a2_n,948,2.52211e+06,403.718,383.735,343,64
lt_0_lowtown_a2_n,949,5.58575e+07,407.86,383.877,343,64
lt_0_lowtown_a2_n,950,5.69706e+07,385.338,385.338,359,64
lt_0_lowtown_a2_n,951,8.77948e+07,393.392,386.764,348,64
lt_0_lowtown_a2_n,952,2.06861e+06,405.948,386.25,356,64
lt_0_lowtown_a2_n,953,9.81821e+07,385.823,385.823,357,64
lt_0_lowtown_a2_n,954,1.51708e+08,387.823,387.823,359,64
lt_0_lowtown_a2_n,955,6.45288e+07,408.517,387.948,342,64
lt_0_lowtown_a2_n,956,1.0958e+07,405.764,386.752,367,64
lt_0_lowtown_a2_n,957,7.20841e+07,399.693,387.995,363,64
lt_0_lowtown_a2_n,958,3.16246e+07,401.978,384.137,357,64
lt_0_lowtown_a2_n,959,3.65126e+07,388.167,386.51,361,64
lt_0_lowtown_a2_n,960,9.36205e+07,389.723,389.723,358,64
lt_0_lowtown_a2_n,961,2.8138e+07,391.066,391.066,361,64
lt_0_lowtown_a2_n,962,7.11103e+07,414.161,390.421,358,64
lt_0_lowtown_a2_n,963,5.6194e+07,415.262,391.764,362,64
lt_0_lowtown_a2_n,964,2.35295e+06,407.061,390.777,348,64
lt_0_lowtown_a2_n,965,1.25035e+08,391.38,391.38,358,64
lt_0_lowtown_a2_n,966,1.15907e+08,403.676,391.635,350,64
lt_0_lowtown_a2_n,967,4.85482e+07,390.894,390.894,360,64
lt_0_lowtown_a2_n,968,3.43961e+07,399.693,389.894,363,64
lt_0_lowtown_a2_n,969,4.36673e+07,414.487,389.818,343,64
lt_0_lowtown_a2_n,970,5.2308e+07,408.978,393.421,364,64
lt_0_lowtown_a2_n,971,4.92438e+07,407.522,392.752,370,64
lt_0_lowtown_a2_n,972,2.14619e+08,393.894,393.894,363,64
lt_0_lowtown_a2_n,973,4.45918e+06,414.919,395.22,360,64
lt_0_lowtown_a2_n,974,3.05174e+06,416.706,394.522,368,64
lt_0_lowtown_a2_n,975,5.43399e+07,414.22,393.794,368,64
lt_0_lowtown_a2_n,976,1.63642e+08,399.179,393.279,360,64
lt_0_lowtown_a2_n,977,2.06065e+07,394.995,394.995,367,64
lt_0_lowtown_a2_n,978,1.72161e+08,395.309,395.309,364,64
lt_0_lowtown_a2_n,979,4.84581e+07,392.095,392.095,367,64
lt_0_lowtown_a2_n,980,2.14434e+08,398.238,398.238,369,64
lt_0_lowtown_a2_n,981,6.69185e+07,418.191,396.693,367,64
lt_0_lowtown_a2_n,982,9.9333e+07,406.35,396.652,368,64
lt_0_lowtown_a2_n,983,8.15983e+07,407.966,398.51,375,64
lt_0_lowtown_a2_n,984,2.12815e+06,415.333,397.635,360,64
lt_0_lowtown_a2_n,985,6.87703e+07,415.049,397.108,368,64
lt_0_lowtown_a2_n,986,1.31312e+07,409.522,396.409,372,64
lt_0_lowtown_a2_n,987,7.69449e+07,423.061,399.321,364,64
lt_0_lowtown_a2_n,988,2.00479e+08,399.723,399.723,368,64
lt_0_lowtown_a2_n,989,9.07517e+07,421.019,399.764,369,64
lt_0_lowtown_a2_n,990,6.77269e+07,424.96,403.706,363,64
lt_0_lowtown_a2_n,991,9.89943e+07,420.12,400.522,371,64
lt_0_lowtown_a2_n,992,3.57787e+07,407.605,400.392,356,64
lt_0_lowtown_a2_n,993,5.44314e+07,416.078,401.35,374,64
lt_0_lowtown_a2_n,994,4.52563e+07,400.995,400.995,373,64
lt_0_lowtown_a2_n,995,7.33438e+07,414.907,403.208,372,64
lt_0_lowtown_a2_n,996,1.20183e+07,401.48,401.48,371,64
lt_0_lowtown_a2_n,997,6.67426e+07,417.392,401.936,372,64
lt_0_lowtown_a2_n,998,2.23461e+06,422.635,402.108,376,64
lt_0_lowtown_a2_n,999,1.34535e+08,404.38,403.551,371,64
lt_0_lowtown_a2_n,1000,2.35254e+07,405.309,405.309,374,64
lt_0_lowtown_a2_n,1001,5.47858e+07,422.806,405.593,377,64
lt_0_lowtown_a2_n,1002,1.83389e+07,406.522,406.522,369,64
lt_0_lowtown_a2_n,1003,3.37206e+07,429.161,404.836,373,64
lt_0_lowtown_a2_n,1004,2.45686e+07,404.137,404.137,372,64
lt_0_lowtown_a2_n,1005,4.43352e+06,422.392,405.522,377,64
lt_0_lowtown_a2_n,1006,8.42812e+07,416.463,407.007,369,64
lt_0_lowtown_a2_n,1007,1.51165e+08,406.48,406.48,376,64
lt_0_lowtown_a2_n,1008,1.57183e+08,404.794,404.794,371,64
lt_0_lowtown_a2_n,1009,5.4372e+06,420.434,404.978,368,64
lt_0_lowtown_a2_n,1010,9.73473e+07,411.108,411.108,374,64
lt_0_lowtown_a2_n,1011,2.45354e+08,412.593,411.764,373,64
lt_0_lowtown_a2_n,1012,1.52383e+08,411.551,411.551,379,64
lt_0_lowtown_a2_n,1013,5.25985e+07,410.966,410.966,378,64
lt_0_lowtown_a2_n,1014,1.12891e+08,426.392,410.936,381,64
lt_0_lowtown_a2_n,1015,1.17598e+08,411.894,411.894,381,64
lt_0_lowtown_a2_n,1016,3.39445e+07,410.764,410.764,372,64
lt_0_lowtown_a2_n,1017,2.3919e+07,408.037,408.037,373,64
lt_0_lowtown_a2_n,1018,1.08553e+08,410.35,410.35,372,64
lt_0_lowtown_a2_n,1019,6.00236e+07,434.446,410.706,370,64
lt_0_lowtown_a2_n,1020,6.43443e+07,439.605,415.764,388,64
lt_0_lowtown_a2_n,1021,6.79016e+07,439.174,415.434,371,64
lt_0_lowtown_a2_n,1022,1.33034e+08,414.279,414.279,378,64
lt_0_lowtown_a2_n,1023,8.80269e+07,423.25,413.794,382,64
lt_0_lowtown_a2_n,1024,8.12924e+07,432.919,414.149,378,64
lt_0_lowtown_a2_n,1025,1.12125e+08,412.936,412.936,375,64
lt_0_lowtown_a2_n,1026,6.08077e+07,436.019,412.179,384,64
lt_0_lowtown_a2_n,1027,2.07701e+06,431.948,415.664,382,64
lt_0_lowtown_a2_n,1028,1.09544e+07,415.451,415.451,380,64
lt_0_lowtown_a2_n,1029,3.85028e+06,430.576,415.321,374,64
lt_0_lowtown_a2_n,1030,6.69095e+07,441.647,417.078,383,64
lt_0_lowtown_a2_n,1031,1.73336e+08,419.551,419.551,387,64
lt_0_lowtown_a2_n,1032,2.54345e+08,417.238,417.238,388,64
lt_0_lowtown_a2_n,1033,1.48507e+08,417.794,417.794,384,64
lt_0_lowtown_a2_n,1034,5.70242e+07,443.191,418.764,392,64
lt_0_lowtown_a2_n,1035,2.57214e+06,439.274,418.747,374,64
lt_0_lowtown_a2_n,1036,2.46328e+06,437.818,418.948,380,64
lt_0_lowtown_a2_n,1037,6.8854e+07,418.167,418.167,391,64
lt_0_lowtown_a2_n,1038,2.27505e+06,437.061,417.12,378,64
lt_0_lowtown_a2_n,1039,6.47592e+07,442.99,418.321,386,64
lt_0_lowtown_a2_n,1040,1.83813e+08,429.007,421.551,389,64
lt_0_lowtown_a2_n,1041,8.0958e+07,447.061,422.492,388,64
lt_0_lowtown_a2_n,1042,6.43307e+07,433.735,421.593,390,64
lt_0_lowtown_a2_n,1043,2.54238e+06,438.889,420.605,379,64
lt_0_lowtown_a2_n,1044,2.43692e+06,442.304,420.948,382,64
lt_0_lowtown_a2_n,1045,8.59694e+07,445.546,423.463,384,64
lt_0_lowtown_a2_n,1046,9.20206e+07,435.191,423.836,384,64
lt_0_lowtown_a2_n,1047,1.02605e+08,422.409,421.581,394,64
lt_0_lowtown_a2_n,1048,7.01721e+07,441.304,423.362,381,64
lt_0_lowtown_a2_n,1049,1.35535e+07,422.38,422.38,389,64
lt_0_lowtown_a2_n,1050,7.78687e+07,442.09,427.706,388,64
lt_0_lowtown_a2_n,1051,2.7836e+06,450.86,427.019,386,64
lt_0_lowtown_a2_n,1052,3.10554e+07,424.652,424.652,395,64
lt_0_lowtown_a2_n,1053,2.75223e+06,449.274,426.505,384,64
lt_0_lowtown_a2_n,1054,2.21631e+07,425.794,425.794,392,64
lt_0_lowtown_a2_n,1055,1.26157e+07,426.279,424.279,390,64
lt_0_lowtown_a2_n,1056,2.08641e+07,427.551,427.551,395,64
lt_0_lowtown_a2_n,1057,2.50425e+08,428.836,425.522,388,64
lt_0_lowtown_a2_n,1058,1.35004e+08,439.99,426.049,383,64
lt_0_lowtown_a2_n,1059,5.27087e+07,443.321,426.108,400,64
lt_0_lowtown_a2_n,1060,1.05754e+08,442.534,428.593,393,64
lt_0_lowtown_a2_n,1061,5.54343e+07,454.434,430.007,402,64
lt_0_lowtown_a2_n,1062,2.78329e+07,454.203,429.534,391,64
lt_0_lowtown_a2_n,1063,2.42554e+06,451.233,428.22,393,64
lt_0_lowtown_a2_n,1064,3.8474e+06,445.475,429.877,386,64
lt_0_lowtown_a2_n,1065,1.49551e+08,430.551,430.551,398,64
lt_0_lowtown_a2_n,1066,7.76984e+07,454.203,430.463,391,64
lt_0_lowtown_a2_n,1067,2.11114e+06,449.818,430.948,392,64
lt_0_lowtown_a2_n,1068,6.66674e+06,431.451,431.451,396,64
lt_0_lowtown_a2_n,1069,9.98703e+06,453.262,429.522,400,64
lt_0_lowtown_a2_n,1070,6.59398e+07,447.563,433.764,403,64
lt_0_lowtown_a2_n,1071,6.55826e+07,456.291,434.451,408,64
lt_0_lowtown_a2_n,1072,1.40143e+08,433.723,433.723,402,64
lt_0_lowtown_a2_n,1073,7.79249e+07,459.375,435.635,397,64
lt_0_lowtown_a2_n,1074,9.52066e+06,449.563,433.137,405,64
lt_0_lowtown_a2_n,1075,6.72935e+07,452.375,435.262,390,64
lt_0_lowtown_a2_n,1076,3.82545e+07,452.978,434.108,408,64
lt_0_lowtown_a2_n,1077,2.14389e+07,434.622,434.622,400,64
lt_0_lowtown_a2_n,1078,2.61783e+07,432.451,432.451,397,64
lt_0_lowtown_a2_n,1079,7.48479e+07,458.174,434.434,390,64
lt_0_lowtown_a2_n,1080,2.50223e+07,436.137,436.137,404,64
lt_0_lowtown_a2_n,1081,6.68746e+07,448.848,438.321,396,64
lt_0_lowtown_a2_n,1082,1.41133e+08,448.262,437.978,395,64
lt_0_lowtown_a2_n,1083,1.28112e+08,453.676,439.149,400,64
lt_0_lowtown_a2_n,1084,6.1356e+07,455.321,436.551,412,64
lt_0_lowtown_a2_n,1085,7.54366e+07,459.718,439.291,399,64
lt_0_lowtown_a2_n,1086,6.69103e+06,455.203,437.848,392,64
lt_0_lowtown_a2_n,1087,5.78429e+07,446.764,438.723,408,64
lt_0_lowtown_a2_n,1088,6.16427e+07,446.794,439.823,413,64
lt_0_lowtown_a2_n,1089,7.65016e+07,462.203,438.463,399,64
lt_0_lowtown_a2_n,1090,8.63809e+06,442.208,442.208,408,64
lt_0_lowtown_a2_n,1091,9.66245e+07,458.404,441.291,401,64
lt_0_lowtown_a2_n,1092,8.48819e+07,460.706,441.108,412,64
lt_0_lowtown_a2_n,1093,1.63565e+08,442.622,442.622,408,64
lt_0_lowtown_a2_n,1094,1.02667e+08,460.362,440.179,410,64
lt_0_lowtown_a2_n,1095,2.09576e+07,440.137,440.137,408,64
lt_0_lowtown_a2_n,1096,7.08668e+07,460.789,443.676,398,64
lt_0_lowtown_a2_n,1097,8.23096e+07,467.416,442.848,398,64
lt_0_lowtown_a2_n,1098,8.99166e+07,461.061,442.291,402,64
lt_0_lowtown_a2_n,1099,5.31361e+06,460.517,440.191,394,64
lt_0_lowtown_a2_n,1100,1.24877e+08,449.593,444.622,410,64
lt_0_lowtown_a2_n,1101,1.22089e+08,457.22,444.108,411,64
lt_0_lowtown_a2_n,1102,6.58519e+07,469.191,445.35,418,64
lt_0_lowtown_a2_n,1103,7.43457e+07,468.517,444.777,402,64
lt_0_lowtown_a2_n,1104,1.40377e+08,453.12,447.321,404,64
lt_0_lowtown_a2_n,1105,7.547e+07,464.706,447.593,416,64
lt_0_lowtown_a2_n,1106,1.14163e+08,456.191,445.321,405,64
lt_0_lowtown_a2_n,1107,9.69291e+07,462.12,447.492,413,64
lt_0_lowtown_a2_n,1108,8.03987e+07,469.174,445.434,401,64
lt_0_lowtown_a2_n,1109,3.96737e+07,467.161,445.664,411,64
lt_0_lowtown_a2_n,1110,1.62026e+08,450.451,450.451,415,64
lt_0_lowtown_a2_n,1111,4.87721e+07,470.676,448.836,417,64
lt_0_lowtown_a2_n,1112,2.35537e+06,468.404,448.806,411,64
lt_0_lowtown_a2_n,1113,1.21259e+08,449.492,448.321,407,64
lt_0_lowtown_a2_n,1114,8.21184e+06,463.149,451.836,419,64
lt_0_lowtown_a2_n,1115,1.61301e+08,451.279,451.279,415,64
lt_0_lowtown_a2_n,1116,6.05305e+07,472.463,448.622,425,64
lt_0_lowtown_a2_n,1117,7.94842e+07,469.434,450.664,417,64
lt_0_lowtown_a2_n,1118,2.66572e+06,474.86,451.848,410,64
lt_0_lowtown_a2_n,1119,6.42258e+07,473.576,448.907,417,64
lt_0_lowtown_a2_n,1120,8.18471e+07,478.558,453.99,405,64
lt_0_lowtown_a2_n,1121,8.39648e+07,479.203,455.463,416,64
lt_0_lowtown_a2_n,1122,2.98592e+07,453.522,453.522,416,64
lt_0_lowtown_a2_n,1123,5.17384e+06,473.203,455.505,410,64
lt_0_lowtown_a2_n,1124,1.67074e+08,455.007,453.593,415,64
lt_0_lowtown_a2_n,1125,8.94164e+07,472.233,453.463,414,64
lt_0_lowtown_a2_n,1126,3.01883e+07,455.865,455.865,420,64
lt_0_lowtown_a2_n,1127,1.87979e+08,464.149,455.279,420,64
lt_0_lowtown_a2_n,1128,4.05356e+06,474.446,452.948,410,64
lt_0_lowtown_a2_n,1129,2.89132e+07,472.446,452.605,408,64
lt_0_lowtown_a2_n,1130,8.52621e+07,481.203,457.463,418,64
lt_0_lowtown_a2_n,1131,1.44912e+08,472.948,459.007,423,64
lt_0_lowtown_a2_n,1132,8.47253e+07,482.316,457.747,410,64
lt_0_lowtown_a2_n,1133,1.6246e+08,458.865,458.865,423,64
lt_0_lowtown_a2_n,1134,9.54949e+07,477.233,458.463,419,64
lt_0_lowtown_a2_n,1135,2.0423e+08,463.706,459.806,415,64
lt_0_lowtown_a2_n,1136,4.8605e+06,476.375,456.534,414,64
lt_0_lowtown_a2_n,1137,1.98619e+08,457.836,457.007,417,64
lt_0_lowtown_a2_n,1138,8.17392e+07,476.706,457.108,428,64
lt_0_lowtown_a2_n,1139,8.16374e+07,479.446,459.848,415,64
lt_0_lowtown_a2_n,1140,1.5354e+08,477.534,461.007,428,64
lt_0_lowtown_a2_n,1141,1.72951e+08,463.978,463.978,419,64
lt_0_lowtown_a2_n,1142,8.0707e+07,481.647,460.392,423,64
lt_0_lowtown_a2_n,1143,1.66462e+08,461.865,461.865,426,64
lt_0_lowtown_a2_n,1144,8.67989e+07,461.794,461.794,428,64
lt_0_lowtown_a2_n,1145,8.59659e+07,486.617,462.877,423,64
lt_0_lowtown_a2_n,1146,1.41234e+08,476.534,460.836,427,64
lt_0_lowtown_a2_n,1147,1.97405e+08,463.492,463.492,421,64
lt_0_lowtown_a2_n,1148,1.64252e+08,470.12,461.836,421,64
lt_0_lowtown_a2_n,1149,3.26609e+07,469.421,461.179,429,64
lt_0_lowtown_a2_n,1150,1.26872e+08,471.321,465.522,428,64
lt_0_lowtown_a2_n,1151,1.12277e+08,480.818,464.534,423,64
lt_0_lowtown_a2_n,1152,1.36189e+08,467.463,464.978,420,64
lt_0_lowtown_a2_n,1153,1.00464e+08,470.108,465.137,433,64
lt_0_lowtown_a2_n,1154,1.42289e+08,464.108,464.108,427,64
lt_0_lowtown_a2_n,1155,1.67848e+08,465.35,465.35,427,64
lt_0_lowtown_a2_n,1156,1.87029e+08,467.907,467.907,425,64
lt_0_lowtown_a2_n,1157,2.19392e+08,464.907,464.907,422,64
lt_0_lowtown_a2_n,1158,6.95104e+07,488.019,465.007,436,64
lt_0_lowtown_a2_n,1159,1.1101e+08,485.777,467.108,435,64
lt_0_lowtown_a2_n,1160,1.46352e+08,470.149,469.563,426,64
lt_0_lowtown_a2_n,1161,8.34456e+07,490.747,468.563,435,64
lt_0_lowtown_a2_n,1162,2.36898e+08,470.179,470.179,431,64
lt_0_lowtown_a2_n,1163,1.39524e+08,468.978,468.978,424,64
lt_0_lowtown_a2_n,1164,1.1471e+08,483.304,470.777,423,64
lt_0_lowtown_a2_n,1165,1.12697e+08,487.605,471.321,436,64
lt_0_lowtown_a2_n,1166,1.85335e+08,471.149,469.492,427,64
lt_0_lowtown_a2_n,1167,1.83549e+08,468.551,468.551,436,64
lt_0_lowtown_a2_n,1168,1.21098e+08,477.806,469.078,432,64
lt_0_lowtown_a2_n,1169,2.95494e+06,493.789,470.191,431,64
lt_0_lowtown_a2_n,1170,4.19588e+07,472.693,472.693,436,64
lt_0_lowtown_a2_n,1171,8.91245e+07,498.203,474.463,435,64
lt_0_lowtown_a2_n,1172,4.17683e+07,474.936,474.936,437,64
lt_0_lowtown_a2_n,1173,1.73672e+08,472.593,472.593,433,64
lt_0_lowtown_a2_n,1174,1.3289e+08,474.635,474.635,428,64
lt_0_lowtown_a2_n,1175,1.55209e+08,482.706,475.25,434,64
lt_0_lowtown_a2_n,1176,1.2096e+08,513.622,475.622,479,64
lt_0_lowtown_a2_n,1177,1.61626e+08,472.563,472.563,428,64
lt_0_lowtown_a2_n,1178,8.04429e+07,495.446,474.191,431,64
lt_0_lowtown_a2_n,1179,2.20448e+07,497.174,475.09,429,64
lt_0_lowtown_a2_n,1180,1.38751e+08,478.664,476.421,437,64
lt_0_lowtown_a2_n,1181,1.12042e+08,492.475,479.362,433,64
lt_0_lowtown_a2_n,1182,1.36636e+08,485.463,479.664,438,64
lt_0_lowtown_a2_n,1183,1.36727e+08,487.848,477.563,435,64
lt_0_lowtown_a2_n,1184,2.94167e+08,478.25,476.593,437,64
lt_0_lowtown_a2_n,1185,1.35108e+08,521.007,477.693,481,64
lt_0_lowtown_a2_n,1186,3.10386e+07,479.693,479.693,443,64
lt_0_lowtown_a2_n,1187,2.23191e+08,478.12,478.12,429,64
lt_0_lowtown_a2_n,1188,1.00175e+08,497.233,476.806,439,64
lt_0_lowtown_a2_n,1189,8.91349e+07,495.99,478.877,439,64
lt_0_lowtown_a2_n,1190,1.1766e+08,487.593,482.622,448,64
lt_0_lowtown_a2_n,1191,1.18349e+08,483.622,481.137,449,64
lt_0_lowtown_a2_n,1192,1.68066e+08,480.877,480.877,433,64
lt_0_lowtown_a2_n,1193,2.36004e+08,486.676,481.706,433,64
lt_0_lowtown_a2_n,1194,2.94514e+08,485.321,482.007,442,64
lt_0_lowtown_a2_n,1195,2.0103e+08,495.919,483.735,441,64
lt_0_lowtown_a2_n,1196,4.22123e+07,480.622,480.622,446,64
lt_0_lowtown_a2_n,1197,1.14881e+08,492.434,481.563,440,64
lt_0_lowtown_a2_n,1198,1.3408e+08,480.38,480.38,447,64
lt_0_lowtown_a2_n,1199,1.94327e+08,487.576,480.12,431,64
lt_0_lowtown_a2_n,1200,2.76995e+08,489.078,487.421,447,64
lt_0_lowtown_a2_n,1201,1.40266e+08,484.936,484.108,447,64
lt_0_lowtown_a2_n,1202,1.81031e+08,500.161,486.321,444,64
lt_0_lowtown_a2_n,1203,3.03761e+08,488.019,487.434,436,64
lt_0_lowtown_a2_n,1204,1.82491e+08,488.321,487.492,445,64
lt_0_lowtown_a2_n,1205,2.96406e+08,489.978,486.664,445,64
lt_0_lowtown_a2_n,1206,2.98128e+08,487.392,484.907,442,64
lt_0_lowtown_a2_n,1207,1.35937e+08,523.35,484.522,485,64
lt_0_lowtown_a2_n,1208,1.36449e+08,533.078,485.622,491,64
lt_0_lowtown_a2_n,1209,1.68933e+08,486.978,486.978,442,64
lt_0_lowtown_a2_n,1210,1.33941e+08,528.279,491.35,492,64
lt_0_lowtown_a2_n,1211,1.40313e+08,489.25,489.25,448,64
lt_0_lowtown_a2_n,1212,2.66248e+08,494.262,491.777,441,64
lt_0_lowtown_a2_n,1213,2.1216e+08,500.605,489.007,449,64
lt_0_lowtown_a2_n,1214,1.52304e+08,491.362,490.534,441,64
lt_0_lowtown_a2_n,1215,1.48858e+08,533.907,490.593,491,64
lt_0_lowtown_a2_n,1216,2.35665e+08,498.333,489.22,443,64
lt_0_lowtown_a2_n,1217,3.10047e+08,495.593,491.693,456,64
lt_0_lowtown_a2_n,1218,1.15135e+08,502.375,489.848,440,64
lt_0_lowtown_a2_n,1219,2.0143e+08,503.434,491.25,451,64
lt_0_lowtown_a2_n,1220,1.08543e+08,505.103,492.919,439,64
lt_0_lowtown_a2_n,1221,3.61049e+08,495.179,495.179,456,64
lt_0_lowtown_a2_n,1222,3.4746e+08,494.522,494.522,457,64
lt_0_lowtown_a2_n,1223,1.73773e+08,494.836,494.836,454,64
lt_0_lowtown_a2_n,1224,3.82917e+07,494.35,494.35,456,64
lt_0_lowtown_a2_n,1225,2.64399e+08,493.007,493.007,453,64
lt_0_lowtown_a2_n,1226,1.32343e+08,502.262,495.635,449,64
lt_0_lowtown_a2_n,1227,2.985e+08,494.948,494.12,445,64
lt_0_lowtown_a2_n,1228,1.29596e+08,497.848,493.706,445,64
lt_0_lowtown_a2_n,1229,1.30283e+08,496.505,493.191,442,64
lt_0_lowtown_a2_n,1230,1.09861e+08,498.877,498.049,451,64
lt_0_lowtown_a2_n,1231,1.42346e+08,501.907,498.593,459,64
lt_0_lowtown_a2_n,1232,2.73298e+08,503.605,496.149,452,64
lt_0_lowtown_a2_n,1233,2.97716e+08,498.735,498.735,455,64
lt_0_lowtown_a2_n,1234,2.85312e+08,501.676,497.777,448,64
lt_0_lowtown_a2_n,1235,1.42606e+08,496.563,496.563,452,64
lt_0_lowtown_a2_n,1236,1.27942e+08,501.919,496.948,447,64
lt_0_lowtown_a2_n,1237,2.95098e+08,498.919,498.09,444,64
lt_0_lowtown_a2_n,1238,2.21472e+08,507.948,498.007,458,64
lt_0_lowtown_a2_n,1239,1.20249e+08,511.132,499.434,450,64
