map,scenid,tcost,distance,expect,steps,r
lt_gallowscourtyard,0,2416.8,6,6,7,64
lt_gallowscourtyard,1,1257.6,4.24264,4.24264,4,64
lt_gallowscourtyard,2,1993,6.24264,6.24264,6,64
lt_gallowscourtyard,3,1252.8,4,4,5,64
lt_gallowscourtyard,4,1614,5.41421,5.41421,6,64
lt_gallowscourtyard,5,1532.4,6.82843,6.82843,7,64
lt_gallowscourtyard,6,2227.8,7.41421,7.41421,8,64
lt_gallowscourtyard,7,1685.4,6.65685,6.65685,6,64
lt_gallowscourtyard,8,1521.4,6,6,7,64
lt_gallowscourtyard,9,1118.6,4.41421,4.41421,5,64
lt_gallowscourtyard,10,2310.4,11.4142,11.4142,12,64
lt_gallowscourtyard,11,2082.2,9.24264,9.24264,9,64
lt_gallowscourtyard,12,2010.2,8.82843,8.82843,9,64
lt_gallowscourtyard,13,2122.8,8.07107,8.07107,7,64
lt_gallowscourtyard,14,2165,11,11,12,64
lt_gallowscourtyard,15,1781.8,9.24264,9.24264,9,64
lt_gallowscourtyard,16,2067.4,10.2426,10.2426,10,64
lt_gallowscourtyard,17,1452.6,8.41421,8.41421,9,64
lt_gallowscourtyard,18,1612.8,8.41421,8.41421,9,64
lt_gallowscourtyard,19,2482,9.89949,9.89949,8,64
lt_gallowscourtyard,20,3857.4,13.3137,13.3137,11,64
lt_gallowscourtyard,21,2877,12.8995,12.8995,11,64
lt_gallowscourtyard,22,4042.4,15.8995,15.8995,14,64
lt_gallowscourtyard,23,2191.2,14.4142,14.4142,15,64
lt_gallowscourtyard,24,2583,14.2426,14.2426,14,64
lt_gallowscourtyard,25,2959,13.7279,13.7279,11,64
lt_gallowscourtyard,26,2366.2,13.4853,13.4853,12,64
lt_gallowscourtyard,27,1984.8,14.4142,14.4142,15,64
lt_gallowscourtyard,28,3131.6,14.8995,14.8995,13,64
lt_gallowscourtyard,29,3211.8,14.0711,14.0711,13,64
lt_gallowscourtyard,30,4276.2,19.5563,19.5563,16,64
lt_gallowscourtyard,31,2905.8,18.0711,18.0711,17,64
lt_gallowscourtyard,32,4158.2,17.3137,17.3137,15,64
lt_gallowscourtyard,33,3861.6,19.3137,19.3137,17,64
lt_gallowscourtyard,34,3388.4,18.4853,18.4853,17,64
lt_gallowscourtyard,35,4686.8,19.0711,19.0711,18,64
lt_gallowscourtyard,36,2853,17.8284,17.8284,18,64
lt_gallowscourtyard,37,2855,17.8995,17.8995,16,64
lt_gallowscourtyard,38,3754.6,18.5563,18.5563,15,64
lt_gallowscourtyard,39,3301.6,17.6569,17.6569,17,64
lt_gallowscourtyard,40,3832.4,20.7279,20.7279,18,64
lt_gallowscourtyard,41,3269.2,20.4142,20.4142,21,64
lt_gallowscourtyard,42,3901.2,20.5563,20.5563,17,64
lt_gallowscourtyard,43,3889.6,20.2426,20.2426,20,64
lt_gallowscourtyard,44,3135,20.8284,20.8284,21,64
lt_gallowscourtyard,45,4683,23.5563,23.5563,20,64
lt_gallowscourtyard,46,3466.6,23.8995,20.7279,22,64
lt_gallowscourtyard,47,3856.8,22.8995,22.8995,21,64
lt_gallowscourtyard,48,3331,22.2426,22.2426,22,64
lt_gallowscourtyard,49,3020.4,21.0711,20.2426,20,64
lt_gallowscourtyard,50,4631.2,24.4853,24.4853,23,64
lt_gallowscourtyard,51,4089.6,25.4853,24.8995,24,64
lt_gallowscourtyard,52,3910.6,26.0711,26.0711,25,64
lt_gallowscourtyard,53,4806.6,25.799,25.799,21,64
lt_gallowscourtyard,54,4273.2,25.2132,25.2132,20,64
lt_gallowscourtyard,55,5514,26.6274,26.6274,21,64
lt_gallowscourtyard,56,4910.8,26.8284,25.0711,27,64
lt_gallowscourtyard,57,4433.4,27.2426,27.2426,27,64
lt_gallowscourtyard,58,5460.2,25.6274,25.6274,20,64
lt_gallowscourtyard,59,4789.2,24.6569,24.6569,24,64
lt_gallowscourtyard,60,5942.2,31.8284,31.8284,32,64
lt_gallowscourtyard,61,5018.6,28.7279,28.7279,26,64
lt_gallowscourtyard,62,5052.6,28.7279,28.7279,26,64
lt_gallowscourtyard,63,7671.2,31.3848,30.5563,27,64
lt_gallowscourtyard,64,5523.6,29.1421,29.1421,26,64
lt_gallowscourtyard,65,6592.8,31.3137,31.3137,29,64
lt_gallowscourtyard,66,4804.4,29.4142,29.4142,30,64
lt_gallowscourtyard,67,6081.2,30.6274,30.6274,25,64
lt_gallowscourtyard,68,6065.6,28.9706,28.9706,25,64
lt_gallowscourtyard,69,6421.4,30.4853,30.4853,29,64
lt_gallowscourtyard,70,6962.2,35.3553,35.3553,26,64
lt_gallowscourtyard,71,7005.8,32.7279,32.7279,30,64
lt_gallowscourtyard,72,6767.2,33.1127,33.1127,25,64
lt_gallowscourtyard,73,6582.8,33.3848,33.3848,29,64
lt_gallowscourtyard,74,5619.2,32.2132,32.2132,27,64
lt_gallowscourtyard,75,24957,57.7279,35.9706,55,64
lt_gallowscourtyard,76,6505.8,34.799,34.799,30,64
lt_gallowscourtyard,77,7367.2,35.0416,35.0416,29,64
lt_gallowscourtyard,78,6164,34.4853,34.4853,33,64
lt_gallowscourtyard,79,6999.6,33.8701,33.8701,27,64
lt_gallowscourtyard,80,8121.2,38.3137,38.3137,36,64
lt_gallowscourtyard,81,166328,47.9706,39.2426,44,64
lt_gallowscourtyard,82,6841,36.2426,36.2426,36,64
lt_gallowscourtyard,83,7236.8,38.0416,38.0416,32,64
lt_gallowscourtyard,84,7944.2,38.8284,38.8284,39,64
lt_gallowscourtyard,85,6935.6,36.8995,36.8995,35,64
lt_gallowscourtyard,86,6744.4,37.3848,37.3848,33,64
lt_gallowscourtyard,87,6719.2,39.8995,39.8995,38,64
lt_gallowscourtyard,88,8641.6,40.5563,38.8995,37,64
lt_gallowscourtyard,89,6289.2,37.0711,37.0711,36,64
lt_gallowscourtyard,90,6680,42.4142,42.4142,43,64
lt_gallowscourtyard,91,9632.8,43.1421,43.1421,40,64
lt_gallowscourtyard,92,7376.8,42,42,43,64
lt_gallowscourtyard,93,7658,40.3553,40.3553,31,64
lt_gallowscourtyard,94,7811.4,42.4853,40.8284,41,64
lt_gallowscourtyard,95,7982.8,43.5269,43.5269,35,64
lt_gallowscourtyard,96,9157.6,43.9411,43.9411,35,64
lt_gallowscourtyard,97,7881.2,42.6274,42.6274,37,64
lt_gallowscourtyard,98,7143.4,41.7279,41.7279,39,64
lt_gallowscourtyard,99,6353,40.2426,40.2426,40,64
lt_gallowscourtyard,100,21422.6,50.1421,45.6569,47,64
lt_gallowscourtyard,101,9804.6,47.1421,47.1421,44,64
lt_gallowscourtyard,102,213457,52.0416,46.1421,46,64
lt_gallowscourtyard,103,10522,47.2132,47.2132,42,64
lt_gallowscourtyard,104,8803.8,47.6274,47.6274,42,64
lt_gallowscourtyard,105,10152,44.1127,44.1127,36,64
lt_gallowscourtyard,106,8980.6,46.2843,46.2843,39,64
lt_gallowscourtyard,107,9977.4,47.3137,46.4853,45,64
lt_gallowscourtyard,108,9188.8,45.3553,45.3553,36,64
lt_gallowscourtyard,109,9020.2,46.9706,46.9706,43,64
lt_gallowscourtyard,110,9874.2,50.6985,49.8701,43,64
lt_gallowscourtyard,111,25114.8,61.7696,49.0416,52,64
lt_gallowscourtyard,112,10054,50.3848,50.3848,46,64
lt_gallowscourtyard,113,9660.2,50.6274,50.6274,45,64
lt_gallowscourtyard,114,7999.8,48.4142,48.4142,49,64
lt_gallowscourtyard,115,29745,52.9706,48.7279,49,64
lt_gallowscourtyard,116,11296.6,53.0416,50.6985,47,64
lt_gallowscourtyard,117,10555,51.5563,51.5563,48,64
lt_gallowscourtyard,118,10103,51.3137,49.6569,49,64
lt_gallowscourtyard,119,9743.8,51.3137,48.2426,49,64
lt_gallowscourtyard,120,9565.8,55.9706,52.0711,52,64
lt_gallowscourtyard,121,10158.6,53.8701,52.2132,47,64
lt_gallowscourtyard,122,9838.8,55.6569,54.4853,55,64
lt_gallowscourtyard,123,10952.4,55.9411,55.9411,47,64
lt_gallowscourtyard,124,69155.2,56.2132,52.0711,51,64
lt_gallowscourtyard,125,11117.2,52.2132,52.2132,47,64
lt_gallowscourtyard,126,9812.8,52.7279,52.7279,50,64
lt_gallowscourtyard,127,12148.2,54.598,54.598,44,64
lt_gallowscourtyard,128,11154.2,55.1421,55.1421,52,64
lt_gallowscourtyard,129,11442.4,52.8995,52.8995,51,64
lt_gallowscourtyard,130,10921.6,57.0711,57.0711,56,64
lt_gallowscourtyard,131,14190.6,58.2843,57.4558,51,64
lt_gallowscourtyard,132,15804.8,67.2132,58.2426,62,64
lt_gallowscourtyard,133,18351.8,67.2132,57.6569,62,64
lt_gallowscourtyard,134,11643.6,56.0416,56.0416,50,64
lt_gallowscourtyard,135,12455.4,58.5269,56.8701,50,64
lt_gallowscourtyard,136,7778,57.1421,57.1421,54,64
lt_gallowscourtyard,137,11941.2,62.3553,59.2843,53,64
lt_gallowscourtyard,138,11456.4,59.8406,57.8406,48,64
lt_gallowscourtyard,139,10078.6,58.2843,58.2843,51,64
lt_gallowscourtyard,140,18659.4,65.7696,62.1127,56,64
lt_gallowscourtyard,141,20056.8,67.799,61.8995,63,64
lt_gallowscourtyard,142,39594.4,84.2548,63.0833,72,64
lt_gallowscourtyard,143,20149.8,70.7696,63.3553,61,64
lt_gallowscourtyard,144,12423,62.8701,62.8701,56,64
lt_gallowscourtyard,145,12038.4,61.7696,61.7696,52,64
lt_gallowscourtyard,146,13549.4,60.9117,60.9117,47,64
lt_gallowscourtyard,147,12151.6,64.9706,62.1421,61,64
lt_gallowscourtyard,148,13171.6,60.1838,60.1838,50,64
lt_gallowscourtyard,149,13714.2,63.799,62.1421,59,64
lt_gallowscourtyard,150,12054.6,68.5563,67.7279,65,64
lt_gallowscourtyard,151,14483.2,66.4142,66.4142,67,64
lt_gallowscourtyard,152,12780.6,67.5563,67.5563,64,64
lt_gallowscourtyard,153,13154.2,65.2548,64.4264,53,64
lt_gallowscourtyard,154,14853.4,66.3848,66.3848,62,64
lt_gallowscourtyard,155,15757.6,67.0416,67.0416,61,64
lt_gallowscourtyard,156,66535.8,80.0833,67.3553,67,64
lt_gallowscourtyard,157,14599.2,67.0122,65.3553,56,64
lt_gallowscourtyard,158,18453,76.6274,67.0711,71,64
lt_gallowscourtyard,159,17630.2,70.7696,66.1838,61,64
lt_gallowscourtyard,160,48562.2,74.1127,69.5269,66,64
lt_gallowscourtyard,161,14591.2,71.8995,70.1421,70,64
lt_gallowscourtyard,162,13354.6,69.4853,68.6569,68,64
lt_gallowscourtyard,163,15033,70.6569,70.6569,70,64
lt_gallowscourtyard,164,15357.2,71.9117,71.9117,58,64
lt_gallowscourtyard,165,18618,77.1838,71.2843,67,64
lt_gallowscourtyard,166,91783.6,71.799,70.9706,67,64
lt_gallowscourtyard,167,14904.6,70.0122,69.4264,59,64
lt_gallowscourtyard,168,12681.4,68.8284,68.8284,69,64
lt_gallowscourtyard,169,1.22154e+06,96.6985,70.6569,89,64
lt_gallowscourtyard,170,15703,74.0833,73.2548,61,64
lt_gallowscourtyard,171,281963,118.669,75.9411,106,64
lt_gallowscourtyard,172,22477.2,73.8112,72.0538,57,64
lt_gallowscourtyard,173,133479,75.7696,72.4558,66,64
lt_gallowscourtyard,174,20766.8,78.2548,72.1127,66,64
lt_gallowscourtyard,175,17462.2,75.7401,74.9117,61,64
lt_gallowscourtyard,176,34461.6,79.1421,75.7279,76,64
lt_gallowscourtyard,177,28139.8,86.9411,75.6274,78,64
lt_gallowscourtyard,178,14447.6,74.5563,72.8995,71,64
lt_gallowscourtyard,179,17652.8,73.6274,73.6274,68,64
lt_gallowscourtyard,180,16269.2,79.4853,79.4853,78,64
lt_gallowscourtyard,181,321854,84.6985,79.6274,77,64
lt_gallowscourtyard,182,15791.8,77.3137,77.3137,75,64
lt_gallowscourtyard,183,18535,78.4975,78.4975,65,64
lt_gallowscourtyard,184,20049,78.5685,78.5685,63,64
lt_gallowscourtyard,185,17562,76.9411,76.1127,68,64
lt_gallowscourtyard,186,17530.6,79.6985,78.5269,72,64
lt_gallowscourtyard,187,66563.2,86.6985,78.8995,79,64
lt_gallowscourtyard,188,18691.2,78.2843,77.4558,71,64
lt_gallowscourtyard,189,23943.2,83.5269,77.7696,75,64
lt_gallowscourtyard,190,104750,130.569,81.2132,115,64
lt_gallowscourtyard,191,18483.6,83.8112,83.8112,67,64
lt_gallowscourtyard,192,21136.4,83.0711,83.0711,82,64
lt_gallowscourtyard,193,17062.2,84.3848,83.799,80,64
lt_gallowscourtyard,194,17915,81.468,80.8822,63,64
lt_gallowscourtyard,195,16191.6,83.4264,82.598,72,64
lt_gallowscourtyard,196,17672,81.7401,80.9117,67,64
lt_gallowscourtyard,197,83256,129.154,81.3553,114,64
lt_gallowscourtyard,198,17758.2,83.397,81.7401,67,64
lt_gallowscourtyard,199,15120.2,83.4853,83.4853,82,64
lt_gallowscourtyard,200,18748.6,84.3848,84.3848,80,64
lt_gallowscourtyard,201,64909.6,106.326,86.7279,92,64
lt_gallowscourtyard,202,37997,91.397,84.669,75,64
lt_gallowscourtyard,203,17349.2,85.799,84.6274,81,64
lt_gallowscourtyard,204,20017.8,85.5685,85.5685,70,64
lt_gallowscourtyard,205,22396.8,90.669,87.598,78,64
lt_gallowscourtyard,206,29724,92.0416,84.1421,86,64
lt_gallowscourtyard,207,43862.4,88.1421,85.8995,85,64
lt_gallowscourtyard,208,49106.8,98.1127,85.9706,90,64
lt_gallowscourtyard,209,17454.4,86.8995,86.8995,85,64
lt_gallowscourtyard,210,20671,88.7401,88.7401,74,64
lt_gallowscourtyard,211,23328.8,90.8406,90.0122,79,64
lt_gallowscourtyard,212,19482.4,89.7279,89.7279,87,64
lt_gallowscourtyard,213,32822.4,94.4975,88.598,81,64
lt_gallowscourtyard,214,23009.4,91.5563,91.5563,88,64
lt_gallowscourtyard,215,21339.4,89.8284,89.8284,90,64
lt_gallowscourtyard,216,21728.4,91.598,91.598,81,64
lt_gallowscourtyard,217,23890.8,98.0833,91.6985,85,64
lt_gallowscourtyard,218,19387.4,91.5685,89.0833,76,64
lt_gallowscourtyard,219,22202.6,89.2132,88.3848,84,64
lt_gallowscourtyard,220,70176.8,104.698,95.4853,97,64
lt_gallowscourtyard,221,20091,95.1543,95.1543,80,64
lt_gallowscourtyard,222,58025.8,96.9411,93.8701,88,64
lt_gallowscourtyard,223,21817.6,94.4853,94.4853,93,64
lt_gallowscourtyard,224,25488.6,99.2965,94.7107,80,64
lt_gallowscourtyard,225,22373.8,95.7696,95.1838,86,64
lt_gallowscourtyard,226,33307.6,101.468,95.5685,83,64
lt_gallowscourtyard,227,62732,96.9117,95.7401,83,64
lt_gallowscourtyard,228,21389,95.4975,94.669,82,64
lt_gallowscourtyard,229,22168,95.7279,95.7279,93,64
lt_gallowscourtyard,230,24610.2,98.4264,97.2548,87,64
lt_gallowscourtyard,231,26263,101.569,97.9117,86,64
lt_gallowscourtyard,232,180626,99.5685,97.8112,84,64
lt_gallowscourtyard,233,82511.6,109.184,99.9706,99,64
lt_gallowscourtyard,234,23722.2,99.8406,97.4975,88,64
lt_gallowscourtyard,235,896485,100.426,99.598,89,64
lt_gallowscourtyard,236,38051,111.255,97.799,99,64
lt_gallowscourtyard,237,20439,98.4558,97.6274,92,64
lt_gallowscourtyard,238,28920,109.012,99.6985,98,64
lt_gallowscourtyard,239,24901,98.8701,97.1127,92,64
lt_gallowscourtyard,240,27909.8,104.728,103.071,102,64
lt_gallowscourtyard,241,54856,107.012,103.113,96,64
lt_gallowscourtyard,242,23823.2,102.314,102.314,100,64
lt_gallowscourtyard,243,61123.2,115.569,102.456,100,64
lt_gallowscourtyard,244,21825.4,100.627,100.627,95,64
lt_gallowscourtyard,245,30698,105.983,103.497,90,64
lt_gallowscourtyard,246,26121.4,105.397,101.74,89,64
lt_gallowscourtyard,247,35401.6,115.527,103.284,107,64
lt_gallowscourtyard,248,44970.4,118.669,102.728,106,64
lt_gallowscourtyard,249,25776.6,103.899,103.899,102,64
lt_gallowscourtyard,250,22940,109.012,106.527,98,64
lt_gallowscourtyard,251,34054.6,114.811,105.054,98,64
lt_gallowscourtyard,252,32750.2,113.74,104.426,99,64
lt_gallowscourtyard,253,24260,107.87,107.87,101,64
lt_gallowscourtyard,254,24430.8,105.213,105.213,100,64
lt_gallowscourtyard,255,27301.2,108.012,104.598,97,64
lt_gallowscourtyard,256,26826.4,106.125,106.125,86,64
lt_gallowscourtyard,257,25633.6,110.941,107.627,102,64
lt_gallowscourtyard,258,22025.8,108.255,106.598,96,64
lt_gallowscourtyard,259,116762,122.912,106.87,109,64
lt_gallowscourtyard,260,42102.2,124.74,111.284,110,64
lt_gallowscourtyard,261,38439.4,115.882,109.882,97,64
lt_gallowscourtyard,262,49976,142.983,111.669,127,64
lt_gallowscourtyard,263,96048.2,159.669,108.698,147,64
lt_gallowscourtyard,264,44863.4,117.154,110.326,102,64
lt_gallowscourtyard,265,113759,115.284,110.598,108,64
lt_gallowscourtyard,266,23049.8,108,108,109,64
lt_gallowscourtyard,267,30629.6,110.355,110.355,101,64
lt_gallowscourtyard,268,99231.4,130.64,108.497,113,64
lt_gallowscourtyard,269,42966.2,123.882,109.012,105,64
lt_gallowscourtyard,270,33454.6,117.882,115.64,99,64
lt_gallowscourtyard,271,34937.2,119.125,113.225,99,64
lt_gallowscourtyard,272,27275,112.296,112.296,93,64
lt_gallowscourtyard,273,118862,129.64,113.941,112,64
lt_gallowscourtyard,274,56154,124.61,112.912,102,64
lt_gallowscourtyard,275,95363.8,117.527,112.799,109,64
lt_gallowscourtyard,276,304589,135.681,113.497,111,64
lt_gallowscourtyard,277,41821.4,127.669,115.042,115,64
lt_gallowscourtyard,278,45627.6,127.326,113.527,113,64
lt_gallowscourtyard,279,28393.4,112.882,112.882,94,64
lt_gallowscourtyard,280,28730.8,120.196,118.539,98,64
lt_gallowscourtyard,281,75019.8,126.296,116.154,107,64
lt_gallowscourtyard,282,444155,133.74,117.113,119,64
lt_gallowscourtyard,283,70868.2,133.497,118.284,120,64
lt_gallowscourtyard,284,47969.2,125.853,116.296,102,64
lt_gallowscourtyard,285,32816,118.083,118.083,105,64
lt_gallowscourtyard,286,189625,131.74,118.527,117,64
lt_gallowscourtyard,287,27577.4,116.899,116.899,115,64
lt_gallowscourtyard,288,91341.8,128.669,118.385,116,64
lt_gallowscourtyard,289,32185.6,121.497,119.154,108,64
lt_gallowscourtyard,290,171089,125.326,120.841,111,64
lt_gallowscourtyard,291,51149.6,125.912,121.184,112,64
lt_gallowscourtyard,292,61209.6,122.284,120.627,115,64
lt_gallowscourtyard,293,31676.4,128.569,123.841,113,64
lt_gallowscourtyard,294,33258.6,121.296,120.125,102,64
lt_gallowscourtyard,295,33002,121.024,121.024,98,64
lt_gallowscourtyard,296,28856.8,121.243,121.243,121,64
lt_gallowscourtyard,297,47156.6,135.841,123.255,124,64
lt_gallowscourtyard,298,29897.2,125.054,120.326,107,64
lt_gallowscourtyard,299,145670,122.799,121.971,118,64
lt_gallowscourtyard,300,66122.2,143.054,124.083,125,64
lt_gallowscourtyard,301,193159,147.64,126.284,130,64
lt_gallowscourtyard,302,35495,129.971,127.728,126,64
lt_gallowscourtyard,303,50577.4,133.853,125.711,110,64
lt_gallowscourtyard,304,51171.8,136.811,124.184,120,64
lt_gallowscourtyard,305,36619.8,127.225,126.054,110,64
lt_gallowscourtyard,306,119256,127.497,125.012,114,64
lt_gallowscourtyard,307,31118.8,127.657,127.657,127,64
lt_gallowscourtyard,308,34187.2,128.024,126.024,105,64
lt_gallowscourtyard,309,42753,134.681,127.953,110,64
lt_gallowscourtyard,310,33606.2,133.296,128.569,114,64
lt_gallowscourtyard,311,35732.8,129.61,128.782,107,64
lt_gallowscourtyard,312,74807.6,147.154,131.841,132,64
lt_gallowscourtyard,313,55798.2,144.154,131.77,129,64
lt_gallowscourtyard,314,40807.8,140.368,131.497,119,64
lt_gallowscourtyard,315,33858.8,131.899,128.243,130,64
lt_gallowscourtyard,316,59283,140.64,129.426,123,64
lt_gallowscourtyard,317,34137.6,129,129,130,64
lt_gallowscourtyard,318,48307.4,140.527,131.941,132,64
lt_gallowscourtyard,319,37500,134.77,130.284,125,64
lt_gallowscourtyard,320,38756.6,136.439,132.782,113,64
lt_gallowscourtyard,321,37786.6,134.971,134.971,131,64
lt_gallowscourtyard,322,48762,135.953,132.539,115,64
lt_gallowscourtyard,323,254655,147.125,133.184,127,64
lt_gallowscourtyard,324,39907.2,138.539,133.811,118,64
lt_gallowscourtyard,325,48490,141.669,133.184,129,64
lt_gallowscourtyard,326,115134,148.326,135.355,134,64
lt_gallowscourtyard,327,157913,143.669,134.456,131,64
lt_gallowscourtyard,328,40087,143.841,132.627,132,64
lt_gallowscourtyard,329,90440.4,136.284,132.527,129,64
lt_gallowscourtyard,330,185557,150.64,139.083,133,64
lt_gallowscourtyard,331,58558.2,143.598,139.598,133,64
lt_gallowscourtyard,332,68575.4,141.154,136.912,126,64
lt_gallowscourtyard,333,37491.2,138.711,136.225,119,64
lt_gallowscourtyard,334,59764.2,140.066,137.823,110,64
lt_gallowscourtyard,335,66770.6,150.154,139.426,135,64
lt_gallowscourtyard,336,50691.4,146.054,136.598,128,64
lt_gallowscourtyard,337,38218.6,137.255,137.255,125,64
lt_gallowscourtyard,338,50267.8,151.196,138.912,129,64
lt_gallowscourtyard,339,54877,142.752,139.338,116,64
lt_gallowscourtyard,340,76533.6,151.581,143.196,124,64
lt_gallowscourtyard,341,46166.8,153.711,143.811,134,64
lt_gallowscourtyard,342,53671.8,151.142,143.485,148,64
lt_gallowscourtyard,343,39909.6,144.338,142.924,118,64
lt_gallowscourtyard,344,40989.4,144.627,142.385,139,64
lt_gallowscourtyard,345,106103,148.125,141.74,128,64
lt_gallowscourtyard,346,45404.4,165.811,142.539,149,64
lt_gallowscourtyard,347,100164,163.296,142.752,144,64
lt_gallowscourtyard,348,351971,146.012,143.527,135,64
lt_gallowscourtyard,349,560493,157.64,141.012,140,64
lt_gallowscourtyard,350,50900.4,159.184,145.728,149,64
lt_gallowscourtyard,351,572706,168.823,144.882,140,64
lt_gallowscourtyard,352,65680.2,165.953,145.426,145,64
lt_gallowscourtyard,353,258408,161.125,147.083,141,64
lt_gallowscourtyard,354,39844.4,147.054,145.64,129,64
lt_gallowscourtyard,355,57607,158.255,145.627,146,64
lt_gallowscourtyard,356,84851.2,195.125,147.77,175,64
lt_gallowscourtyard,357,428051,180.125,144.225,160,64
lt_gallowscourtyard,358,40803.4,148.556,146.899,145,64
lt_gallowscourtyard,359,41797,149.77,147.77,140,64
lt_gallowscourtyard,360,59392.6,157.426,150.012,146,64
lt_gallowscourtyard,361,61123.8,159.669,149.284,147,64
lt_gallowscourtyard,362,41961.4,155.368,149.811,134,64
lt_gallowscourtyard,363,43801.8,152.882,150.539,134,64
lt_gallowscourtyard,364,153766,154.882,149.326,136,64
lt_gallowscourtyard,365,77608.2,176.811,150.426,160,64
lt_gallowscourtyard,366,44351.6,149.255,149.255,137,64
lt_gallowscourtyard,367,85619.4,163.012,149.456,152,64
lt_gallowscourtyard,368,40091,151.657,151.657,151,64
lt_gallowscourtyard,369,50912.4,163.113,151.314,155,64
lt_gallowscourtyard,370,118217,154.924,152.095,129,64
lt_gallowscourtyard,371,505105,168.397,154.841,152,64
lt_gallowscourtyard,372,47136.2,153.711,152.882,134,64
lt_gallowscourtyard,373,45409.2,154.539,154.539,134,64
lt_gallowscourtyard,374,95594.8,158.782,154.882,137,64
lt_gallowscourtyard,375,58879,165.711,153.083,146,64
lt_gallowscourtyard,376,42993.2,155.581,154.752,128,64
lt_gallowscourtyard,377,56932,163.74,153.598,149,64
lt_gallowscourtyard,378,165014,165.024,153.569,142,64
lt_gallowscourtyard,379,309494,183.61,155.87,161,64
lt_gallowscourtyard,380,143483,183.368,158.154,162,64
lt_gallowscourtyard,381,485310,208.669,157.899,196,64
lt_gallowscourtyard,382,2.68045e+06,179.196,158.184,157,64
lt_gallowscourtyard,383,42695,159.728,158.899,157,64
lt_gallowscourtyard,384,43980.6,156.556,156.556,153,64
lt_gallowscourtyard,385,47340.2,157.581,157.581,130,64
lt_gallowscourtyard,386,58304.8,168.811,156.184,152,64
lt_gallowscourtyard,387,50602,161.782,156.953,140,64
lt_gallowscourtyard,388,45669.2,161.527,156.213,153,64
lt_gallowscourtyard,389,52633,169.468,156.255,151,64
lt_gallowscourtyard,390,112456,180.61,162.953,158,64
lt_gallowscourtyard,391,54361.6,173.64,161.598,156,64
lt_gallowscourtyard,392,51152.4,162.497,162.497,149,64
lt_gallowscourtyard,393,67277,169.012,160.284,158,64
lt_gallowscourtyard,394,43742.2,163.811,161.326,147,64
lt_gallowscourtyard,395,138396,179.782,161.012,158,64
lt_gallowscourtyard,396,46696.4,164.87,161.113,158,64
lt_gallowscourtyard,397,111791,174.267,162.468,150,64
lt_gallowscourtyard,398,46616.6,161.539,160.125,141,64
lt_gallowscourtyard,399,1.75939e+06,170.054,162.497,152,64
lt_gallowscourtyard,400,62005.6,166.556,165.728,163,64
lt_gallowscourtyard,401,52416.6,177.48,167.782,147,64
lt_gallowscourtyard,402,136773,173.77,166.74,164,64
lt_gallowscourtyard,403,658744,192.296,167.77,173,64
lt_gallowscourtyard,404,129584,167.213,165.556,162,64
lt_gallowscourtyard,405,47564.6,165.799,165.799,161,64
lt_gallowscourtyard,406,50144,172.74,164.698,158,64
lt_gallowscourtyard,407,5.623e+06,172.953,165.74,152,64
lt_gallowscourtyard,408,70036.2,184.912,165.799,171,64
lt_gallowscourtyard,409,50146.8,165.125,165.125,145,64
lt_gallowscourtyard,410,4.4345e+06,173.497,169.355,160,64
lt_gallowscourtyard,411,121292,188.811,170.042,172,64
lt_gallowscourtyard,412,47761.6,173.711,169.468,154,64
lt_gallowscourtyard,413,75510.8,182.054,169.184,164,64
lt_gallowscourtyard,414,56461.4,173.024,169.368,150,64
lt_gallowscourtyard,415,63887.8,186.811,169.213,170,64
lt_gallowscourtyard,416,148240,185.451,168.581,150,64
lt_gallowscourtyard,417,102769,173.284,171.627,166,64
lt_gallowscourtyard,418,95216,192.267,169.539,168,64
lt_gallowscourtyard,419,78295.6,169.456,169.456,163,64
lt_gallowscourtyard,420,189142,229.184,173.87,219,64
lt_gallowscourtyard,421,58647.8,185.811,174.012,169,64
lt_gallowscourtyard,422,1.54587e+06,203.196,174.527,181,64
lt_gallowscourtyard,423,50229.6,176.657,175.243,176,64
lt_gallowscourtyard,424,51707.2,178.924,173.368,153,64
lt_gallowscourtyard,425,59065.2,187.669,174.213,175,64
lt_gallowscourtyard,426,4.95614e+06,198.782,173.51,177,64
lt_gallowscourtyard,427,393746,186.368,172.326,165,64
lt_gallowscourtyard,428,51088.6,178.924,173.368,153,64
lt_gallowscourtyard,429,48183.6,177.409,172.581,149,64
lt_gallowscourtyard,430,2.41883e+06,206.024,177.338,183,64
lt_gallowscourtyard,431,160592,183.184,176.698,173,64
lt_gallowscourtyard,432,216014,196.338,176.74,170,64
lt_gallowscourtyard,433,583963,195.924,177.397,170,64
lt_gallowscourtyard,434,307615,189.196,179.397,167,64
lt_gallowscourtyard,435,73808.4,192.752,179.196,166,64
lt_gallowscourtyard,436,227417,185.681,178.468,161,64
lt_gallowscourtyard,437,46164.6,181.167,177.853,154,64
lt_gallowscourtyard,438,196252,185.167,177.953,158,64
lt_gallowscourtyard,439,744332,190.054,177.811,172,64
lt_gallowscourtyard,440,502933,209.368,181.284,188,64
lt_gallowscourtyard,441,240433,232.995,181.64,205,64
lt_gallowscourtyard,442,51651.2,184.652,180.51,155,64
lt_gallowscourtyard,443,70039.6,183.071,182.485,182,64
lt_gallowscourtyard,444,1.13887e+06,192.924,180.154,167,64
lt_gallowscourtyard,445,197248,223.581,182.569,196,64
lt_gallowscourtyard,446,3.74938e+06,190.368,181.74,169,64
lt_gallowscourtyard,447,55930,189.995,181.953,162,64
lt_gallowscourtyard,448,203450,189.74,182.426,175,64
lt_gallowscourtyard,449,1.40372e+06,201.095,182.083,176,64
lt_gallowscourtyard,450,70326.2,186.184,186.184,176,64
lt_gallowscourtyard,451,1.49275e+07,190.439,185.468,167,64
lt_gallowscourtyard,452,171001,198.995,185.882,171,64
lt_gallowscourtyard,453,64449.2,189.799,186.142,185,64
lt_gallowscourtyard,454,103281,202.066,185.196,172,64
lt_gallowscourtyard,455,61216,196.823,185.711,168,64
lt_gallowscourtyard,456,57496.4,189.196,186.711,167,64
lt_gallowscourtyard,457,1.49994e+07,188.61,184.468,166,64
lt_gallowscourtyard,458,77956.6,204.539,187.912,184,64
lt_gallowscourtyard,459,562584,205.681,186.569,181,64
lt_gallowscourtyard,460,289321,195.539,189.054,175,64
lt_gallowscourtyard,461,583081,204.882,189.284,186,64
lt_gallowscourtyard,462,76278.4,199.184,191.024,189,64
lt_gallowscourtyard,463,70234.8,205.711,189.426,186,64
lt_gallowscourtyard,464,61042.2,198.551,189.681,166,64
lt_gallowscourtyard,465,237067,214.409,188.083,186,64
lt_gallowscourtyard,466,62259.8,191.284,189.87,184,64
lt_gallowscourtyard,467,157555,206.38,189.51,173,64
lt_gallowscourtyard,468,239902,239.894,188.054,209,64
lt_gallowscourtyard,469,676557,204.681,189.912,180,64
lt_gallowscourtyard,470,184706,202.167,193.296,175,64
lt_gallowscourtyard,471,71512.2,197.995,193.167,170,64
lt_gallowscourtyard,472,137270,212.894,194.711,182,64
lt_gallowscourtyard,473,8.03836e+06,207.569,194.924,192,64
lt_gallowscourtyard,474,330518,203.167,192.054,176,64
lt_gallowscourtyard,475,220300,196.983,194.497,181,64
lt_gallowscourtyard,476,88057,198.024,193.539,175,64
lt_gallowscourtyard,477,63664,194.397,194.397,178,64
lt_gallowscourtyard,478,107079,207.924,192.711,182,64
lt_gallowscourtyard,479,64081.4,200.995,192.125,173,64
lt_gallowscourtyard,480,191612,213.439,197.64,190,64
lt_gallowscourtyard,481,200061,203.64,196.669,186,64
lt_gallowscourtyard,482,1.01696e+07,198.74,198.74,184,64
lt_gallowscourtyard,483,1.34026e+07,196.468,196.468,178,64
lt_gallowscourtyard,484,67779.6,196.426,196.426,185,64
lt_gallowscourtyard,485,869698,233.622,197.497,199,64
lt_gallowscourtyard,486,312741,220.966,197.61,188,64
lt_gallowscourtyard,487,78356,212.154,199.77,197,64
lt_gallowscourtyard,488,2.9104e+06,198.468,198.468,180,64
lt_gallowscourtyard,489,246049,255.368,198.698,234,64
lt_gallowscourtyard,490,71966,202.083,201.255,189,64
lt_gallowscourtyard,491,1.54285e+07,210.652,202.368,181,64
lt_gallowscourtyard,492,306056,208.48,200.681,178,64
lt_gallowscourtyard,493,72648.6,204.497,203.912,191,64
lt_gallowscourtyard,494,66736.6,206.113,202.213,198,64
lt_gallowscourtyard,495,827469,215.368,201.669,194,64
lt_gallowscourtyard,496,5.8907e+06,201.439,200.61,178,64
lt_gallowscourtyard,497,103989,215.066,202.439,185,64
lt_gallowscourtyard,498,166110,211.409,202.196,183,64
lt_gallowscourtyard,499,63905.8,206.752,201.924,180,64
lt_gallowscourtyard,500,254879,206.782,204.296,185,64
lt_gallowscourtyard,501,116299,220.794,207.439,187,64
lt_gallowscourtyard,502,69237.6,209.385,205.728,205,64
lt_gallowscourtyard,503,1.28955e+07,227.409,204.983,199,64
lt_gallowscourtyard,504,264470,234.267,205.355,210,64
lt_gallowscourtyard,505,139474,218.38,204.924,185,64
lt_gallowscourtyard,506,139419,223.539,207.113,203,64
lt_gallowscourtyard,507,81380.4,222.51,206.468,197,64
lt_gallowscourtyard,508,5.1875e+06,214.752,204.468,188,64
lt_gallowscourtyard,509,1.27258e+06,206.497,205.083,193,64
lt_gallowscourtyard,510,4.69421e+06,221.51,211.225,196,64
lt_gallowscourtyard,511,78771.4,222.551,211.338,190,64
lt_gallowscourtyard,512,1.53963e+07,216.752,209.681,190,64
lt_gallowscourtyard,513,126636,227.125,210.154,207,64
lt_gallowscourtyard,514,71146.2,220.208,210.51,186,64
lt_gallowscourtyard,515,70992.6,219.451,208.238,184,64
lt_gallowscourtyard,516,726188,223.368,209.669,202,64
lt_gallowscourtyard,517,80738,215.799,210.485,211,64
lt_gallowscourtyard,518,8.15131e+06,237.108,211.711,200,64
lt_gallowscourtyard,519,247819,229.894,208.397,199,64
lt_gallowscourtyard,520,600198,225.338,213.882,199,64
lt_gallowscourtyard,521,1.15081e+07,243.255,213.539,231,64
lt_gallowscourtyard,522,74157.6,216.456,215.87,210,64
lt_gallowscourtyard,523,200740,222.794,212.267,189,64
lt_gallowscourtyard,524,77989.6,221.966,215.48,189,64
lt_gallowscourtyard,525,923625,241.167,214.74,214,64
lt_gallowscourtyard,526,79747.2,226.037,214.823,191,64
lt_gallowscourtyard,527,878819,253.794,214.012,220,64
lt_gallowscourtyard,528,848067,239.752,215.811,213,64
lt_gallowscourtyard,529,211026,235.024,212.355,212,64
lt_gallowscourtyard,530,169081,227.539,219.64,207,64
lt_gallowscourtyard,531,86955.8,224.527,216.627,216,64
lt_gallowscourtyard,532,8.22455e+06,218.184,218.184,208,64
lt_gallowscourtyard,533,192937,223.421,217.865,183,64
lt_gallowscourtyard,534,2.60702e+06,223.238,217.48,194,64
lt_gallowscourtyard,535,7.96366e+06,219.225,219.225,202,64
lt_gallowscourtyard,536,3.94229e+06,217.167,217.167,190,64
lt_gallowscourtyard,537,1.39546e+06,247.279,219.338,211,64
lt_gallowscourtyard,538,2.32728e+06,217.468,217.468,199,64
lt_gallowscourtyard,539,75147,218.728,217.899,216,64
lt_gallowscourtyard,540,96652.2,233.066,221.125,203,64
lt_gallowscourtyard,541,1.05644e+06,250.309,223.74,219,64
lt_gallowscourtyard,542,5.98528e+06,225.794,221.652,192,64
lt_gallowscourtyard,543,1.87332e+06,231.066,220.581,201,64
lt_gallowscourtyard,544,650195,239.752,222.64,213,64
lt_gallowscourtyard,545,170486,248.622,221.125,214,64
lt_gallowscourtyard,546,357881,285.208,223.652,251,64
lt_gallowscourtyard,547,74049.6,222.485,222.485,221,64
lt_gallowscourtyard,548,1.18064e+06,234.894,221.681,204,64
lt_gallowscourtyard,549,438599,235.681,223.338,211,64
lt_gallowscourtyard,550,696668,249.836,224.823,209,64
lt_gallowscourtyard,551,9.93244e+06,228.924,227.267,203,64
lt_gallowscourtyard,552,2.31e+06,255.451,226.095,220,64
lt_gallowscourtyard,553,407216,257.179,226.024,218,64
lt_gallowscourtyard,554,925687,249.593,226.924,210,64
lt_gallowscourtyard,555,9.15206e+06,229.196,226.711,207,64
lt_gallowscourtyard,556,158320,226.225,226.225,209,64
lt_gallowscourtyard,557,2.16498e+06,243.451,227.794,208,64
lt_gallowscourtyard,558,88828,233.522,227.38,196,64
lt_gallowscourtyard,559,1.03679e+07,251.279,225.882,215,64
lt_gallowscourtyard,560,8.99713e+06,231.924,231.924,206,64
lt_gallowscourtyard,561,89228,237.321,228.451,194,64
lt_gallowscourtyard,562,93489.2,245.652,230.782,216,64
lt_gallowscourtyard,563,2.91632e+06,231.74,231.74,217,64
lt_gallowscourtyard,564,86768,241.078,231.38,199,64
lt_gallowscourtyard,565,5.32569e+06,228.497,228.497,215,64
lt_gallowscourtyard,566,1.23634e+06,264.037,230.74,229,64
lt_gallowscourtyard,567,1.29754e+07,230.74,230.74,216,64
lt_gallowscourtyard,568,358603,239.196,231.782,217,64
lt_gallowscourtyard,569,444163,243.066,231.409,213,64
lt_gallowscourtyard,570,2.87655e+06,234.409,234.409,206,64
lt_gallowscourtyard,571,83432.6,244.794,232.61,211,64
lt_gallowscourtyard,572,1.83632e+06,245.238,234.468,216,64
lt_gallowscourtyard,573,80404.2,234.627,232.971,229,64
lt_gallowscourtyard,574,345553,244.865,234.48,209,64
lt_gallowscourtyard,575,292803,243.865,235.823,208,64
lt_gallowscourtyard,576,1.75382e+07,234.853,233.196,211,64
lt_gallowscourtyard,577,86266.8,243.22,234.35,197,64
lt_gallowscourtyard,578,1.03749e+06,271.551,233.77,239,64
lt_gallowscourtyard,579,1.73369e+07,245.38,235.924,212,64
lt_gallowscourtyard,580,1.63624e+07,244.137,237.752,212,64
lt_gallowscourtyard,581,1.81371e+07,236.024,236.024,213,64
lt_gallowscourtyard,582,1.80597e+07,237.196,237.196,215,64
lt_gallowscourtyard,583,1.06975e+07,260.664,236.095,219,64
lt_gallowscourtyard,584,1.18332e+07,264.149,238.51,220,64
lt_gallowscourtyard,585,201631,245.35,236.723,207,64
lt_gallowscourtyard,586,275984,246.764,236.38,208,64
lt_gallowscourtyard,587,86869.4,238.728,238.728,236,64
lt_gallowscourtyard,588,90713,252.137,239.024,220,64
lt_gallowscourtyard,589,2.78875e+07,244.51,239.539,219,64
lt_gallowscourtyard,590,1.65184e+06,250.581,243.125,223,64
lt_gallowscourtyard,591,1.06761e+06,251.794,241.995,218,64
lt_gallowscourtyard,592,496951,245.622,241.279,211,64
lt_gallowscourtyard,593,297928,255.196,242.811,233,64
lt_gallowscourtyard,594,1.21689e+07,245.539,243.054,225,64
lt_gallowscourtyard,595,9.46894e+07,241.095,241.095,216,64
lt_gallowscourtyard,596,971060,259.38,243.782,226,64
lt_gallowscourtyard,597,1.09062e+07,240.551,240.551,208,64
lt_gallowscourtyard,598,4.56928e+06,241.439,241.439,218,64
lt_gallowscourtyard,599,4.94629e+06,240.497,240.497,227,64
lt_gallowscourtyard,600,369473,254.392,247.907,209,64
lt_gallowscourtyard,601,297468,251.179,245.622,212,64
lt_gallowscourtyard,602,1.18868e+07,270.149,244.51,226,64
lt_gallowscourtyard,603,444630,253.581,244.51,226,64
lt_gallowscourtyard,604,299847,280.078,245.853,238,64
lt_gallowscourtyard,605,4.14976e+06,246.752,246.752,220,64
lt_gallowscourtyard,606,369804,264.978,247.865,220,64
lt_gallowscourtyard,607,107437,254.037,247.894,219,64
lt_gallowscourtyard,608,6.44799e+07,247.48,247.48,217,64
lt_gallowscourtyard,609,1.26335e+08,244.38,244.38,211,64
lt_gallowscourtyard,610,2.09362e+07,264.238,249.953,235,64
lt_gallowscourtyard,611,1.51788e+06,264.078,248.078,222,64
lt_gallowscourtyard,612,100165,251.894,251.066,221,64
lt_gallowscourtyard,613,248755,261.877,249.35,214,64
lt_gallowscourtyard,614,99553.8,260.693,248.752,224,64
lt_gallowscourtyard,615,135930,259.037,250.167,224,64
lt_gallowscourtyard,616,169790,259.137,249.439,227,64
lt_gallowscourtyard,617,2.42563e+06,248.924,248.924,223,64
lt_gallowscourtyard,618,401708,263.007,250.865,223,64
lt_gallowscourtyard,619,3.08999e+07,261.409,248.196,233,64
lt_gallowscourtyard,620,1.99906e+06,265.551,255.853,233,64
lt_gallowscourtyard,621,509911,268.635,255.421,222,64
lt_gallowscourtyard,622,1.20758e+07,257.368,255.711,236,64
lt_gallowscourtyard,623,103764,267.936,255.752,230,64
lt_gallowscourtyard,624,3.24032e+06,258.978,254.836,214,64
lt_gallowscourtyard,625,304252,255.61,253.125,233,64
lt_gallowscourtyard,626,573134,255.865,252.208,220,64
lt_gallowscourtyard,627,1.16527e+07,279.836,254.439,239,64
lt_gallowscourtyard,628,1.35279e+06,268.522,255.267,231,64
lt_gallowscourtyard,629,586422,273.693,255.208,237,64
lt_gallowscourtyard,630,3.35596e+06,257.924,257.924,232,64
lt_gallowscourtyard,631,1.52682e+07,280.735,259.924,237,64
lt_gallowscourtyard,632,697888,275.309,256.539,244,64
lt_gallowscourtyard,633,6.0015e+06,259.054,258.225,241,64
lt_gallowscourtyard,634,1.9076e+07,270.882,259.326,252,64
lt_gallowscourtyard,635,1.28185e+07,280.208,258.368,246,64
lt_gallowscourtyard,636,166492,269.037,258.51,234,64
lt_gallowscourtyard,637,8.96658e+06,257.794,257.794,224,64
lt_gallowscourtyard,638,102595,271.22,259.865,225,64
lt_gallowscourtyard,639,91289.6,270.735,258.551,227,64
lt_gallowscourtyard,640,8.32281e+06,263.25,263.25,222,64
lt_gallowscourtyard,641,7.39096e+06,262.711,262.711,243,64
lt_gallowscourtyard,642,6.78192e+07,262.823,262.823,234,64
lt_gallowscourtyard,643,2.24021e+07,263.409,263.409,235,64
lt_gallowscourtyard,644,105141,279.764,263.48,241,64
lt_gallowscourtyard,645,1.20024e+07,270.794,260.51,237,64
lt_gallowscourtyard,646,1.07733e+07,282.291,260.551,234,64
lt_gallowscourtyard,647,3.44235e+06,262.882,262.882,244,64
lt_gallowscourtyard,648,8.73664e+06,271.125,262.497,251,64
lt_gallowscourtyard,649,734135,280.865,262.095,245,64
lt_gallowscourtyard,650,1.84644e+07,266.853,266.853,243,64
lt_gallowscourtyard,651,103385,267.255,264.77,255,64
lt_gallowscourtyard,652,2.37468e+06,266.279,266.279,230,64
lt_gallowscourtyard,653,9.55052e+06,284.191,267.764,233,64
lt_gallowscourtyard,654,1.16247e+07,268.238,264.924,239,64
lt_gallowscourtyard,655,1.22839e+07,281.38,265.782,248,64
lt_gallowscourtyard,656,1.08194e+06,264.066,264.066,234,64
lt_gallowscourtyard,657,1.10651e+07,264.882,264.882,246,64
lt_gallowscourtyard,658,112056,279.463,266.593,232,64
lt_gallowscourtyard,659,8.28842e+06,267.853,267.853,244,64
lt_gallowscourtyard,660,4.89425e+06,270.238,270.238,241,64
lt_gallowscourtyard,661,302566,289.362,270.693,239,64
lt_gallowscourtyard,662,108145,285.978,269.451,241,64
lt_gallowscourtyard,663,1.70909e+08,269.007,269.007,229,64
lt_gallowscourtyard,664,464711,288.291,271.563,240,64
lt_gallowscourtyard,665,6.25618e+06,271.196,271.196,249,64
lt_gallowscourtyard,666,5.3485e+06,277.681,271.296,253,64
lt_gallowscourtyard,667,1.29422e+07,270.924,270.924,245,64
lt_gallowscourtyard,668,108448,280.948,269.593,231,64
lt_gallowscourtyard,669,116511,282.22,269.35,236,64
lt_gallowscourtyard,670,4.74036e+06,273.652,273.652,244,64
lt_gallowscourtyard,671,1.88836e+06,287.108,275.894,250,64
lt_gallowscourtyard,672,7.06893e+06,273.397,273.397,257,64
lt_gallowscourtyard,673,2.39712e+07,275.752,275.752,249,64
lt_gallowscourtyard,674,1.4519e+07,293.764,275.338,255,64
lt_gallowscourtyard,675,164130,290.179,275.208,251,64
lt_gallowscourtyard,676,557108,290.735,272.35,247,64
lt_gallowscourtyard,677,608389,280.321,273.149,237,64
lt_gallowscourtyard,678,114928,287.492,275.451,245,64
lt_gallowscourtyard,679,3.91834e+07,274.409,274.409,246,64
lt_gallowscourtyard,680,7.86326e+07,276.794,276.794,243,64
lt_gallowscourtyard,681,3.24651e+06,279.995,279.995,252,64
lt_gallowscourtyard,682,1.61849e+06,289.25,278.037,248,64
lt_gallowscourtyard,683,1.25042e+07,276.439,276.439,253,64
lt_gallowscourtyard,684,6.4098e+06,278.083,278.083,265,64
lt_gallowscourtyard,685,444869,294.735,279.664,251,64
lt_gallowscourtyard,686,116014,286.907,276.037,244,64
lt_gallowscourtyard,687,120241,294.421,277.066,254,64
lt_gallowscourtyard,688,1.07694e+07,306.463,278.38,259,64
lt_gallowscourtyard,689,1.43586e+07,304.362,278.137,254,64
lt_gallowscourtyard,690,2.04119e+07,283.551,283.551,251,64
lt_gallowscourtyard,691,4.81722e+07,283.309,283.309,252,64
lt_gallowscourtyard,692,2.31935e+06,292.208,281.095,258,64
lt_gallowscourtyard,693,134720,296.563,282.279,252,64
lt_gallowscourtyard,694,2.27732e+07,281.279,281.279,245,64
lt_gallowscourtyard,695,115350,287.723,282.066,256,64
lt_gallowscourtyard,696,2.48396e+07,281.752,281.752,255,64
lt_gallowscourtyard,697,2.30076e+07,280.309,280.309,249,64
lt_gallowscourtyard,698,6.17914e+07,283.137,283.137,251,64
lt_gallowscourtyard,699,1.52827e+07,281.581,281.581,254,64
lt_gallowscourtyard,700,1.40218e+06,300.936,284.995,263,64
lt_gallowscourtyard,701,428349,303.877,287.693,256,64
lt_gallowscourtyard,702,5.2652e+06,285.811,285.811,269,64
lt_gallowscourtyard,703,1.30762e+07,285.267,285.267,261,64
lt_gallowscourtyard,704,3.42893e+06,286.137,285.794,254,64
lt_gallowscourtyard,705,541647,307.463,285.622,260,64
lt_gallowscourtyard,706,3.49444e+06,286.267,286.267,262,64
lt_gallowscourtyard,707,3.97326e+06,285.782,285.782,264,64
lt_gallowscourtyard,708,2.15799e+06,300.35,286.995,262,64
lt_gallowscourtyard,709,1.15493e+07,288.066,287.238,258,64
lt_gallowscourtyard,710,4.62553e+07,288.51,288.51,263,64
lt_gallowscourtyard,711,1.6066e+07,289.995,289.995,262,64
lt_gallowscourtyard,712,2.96475e+07,290.48,290.48,260,64
lt_gallowscourtyard,713,1.20599e+08,288.35,288.35,250,64
lt_gallowscourtyard,714,135930,303.019,288.25,251,64
lt_gallowscourtyard,715,115750,302.434,291.078,250,64
lt_gallowscourtyard,716,1.89121e+06,297.037,288.794,262,64
lt_gallowscourtyard,717,118518,302.434,291.321,250,64
lt_gallowscourtyard,718,1.87292e+07,311.434,290.279,259,64
lt_gallowscourtyard,719,5.33992e+06,288.953,288.953,268,64
lt_gallowscourtyard,720,2.86472e+07,294.924,294.924,269,64
lt_gallowscourtyard,721,3.05312e+06,294.024,294.024,271,64
lt_gallowscourtyard,722,3.02065e+06,293.238,293.238,264,64
lt_gallowscourtyard,723,1.11298e+06,306.492,295.037,264,64
lt_gallowscourtyard,724,1.31323e+07,293.267,293.267,269,64
lt_gallowscourtyard,725,126720,309.049,293.936,262,64
lt_gallowscourtyard,726,2.25306e+07,295.267,295.267,271,64
lt_gallowscourtyard,727,3.06045e+06,292.108,292.108,255,64
lt_gallowscourtyard,728,2.76321e+07,302.167,295.924,275,64
lt_gallowscourtyard,729,3.1577e+06,294.936,294.936,257,64
lt_gallowscourtyard,730,6.3218e+06,297.711,297.711,278,64
lt_gallowscourtyard,731,1.59825e+07,315.463,296.794,268,64
lt_gallowscourtyard,732,1.52358e+07,318.978,299.865,274,64
lt_gallowscourtyard,733,409182,315.747,296.25,260,64
lt_gallowscourtyard,734,3.62768e+06,298.024,298.024,275,64
lt_gallowscourtyard,735,2.3747e+07,297.823,297.823,269,64
lt_gallowscourtyard,736,2.11603e+06,298.25,298.25,257,64
lt_gallowscourtyard,737,1.50368e+07,319.434,297.35,267,64
lt_gallowscourtyard,738,1.07593e+06,302.368,296.811,281,64
lt_gallowscourtyard,739,133576,313.777,298.179,263,64
lt_gallowscourtyard,740,7.18977e+06,312.12,300.664,263,64
lt_gallowscourtyard,741,7.70892e+07,302.764,302.764,264,64
lt_gallowscourtyard,742,1.69474e+07,329.605,303.179,278,64
lt_gallowscourtyard,743,248610,314.948,300.421,265,64
lt_gallowscourtyard,744,226437,323.848,301.421,271,64
lt_gallowscourtyard,745,2.84e+07,325.593,300.338,286,64
lt_gallowscourtyard,746,139300,318.362,301.108,268,64
lt_gallowscourtyard,747,7.6715e+07,300.936,300.936,263,64
lt_gallowscourtyard,748,2.47915e+07,323.706,302.451,275,64
lt_gallowscourtyard,749,9.87114e+06,303.681,302.024,279,64
lt_gallowscourtyard,750,1.048e+08,305.522,305.522,268,64
lt_gallowscourtyard,751,8.48007e+06,315.794,307.752,282,64
lt_gallowscourtyard,752,5.29333e+07,304.208,304.208,270,64
lt_gallowscourtyard,753,2.82579e+06,308.551,307.966,276,64
lt_gallowscourtyard,754,901286,311.711,306.154,292,64
lt_gallowscourtyard,755,5.27503e+06,310.078,305.108,268,64
lt_gallowscourtyard,756,460896,312.262,305.049,259,64
lt_gallowscourtyard,757,1.49392e+07,307.196,307.196,285,64
lt_gallowscourtyard,758,1.58992e+07,326.848,306.179,274,64
lt_gallowscourtyard,759,3.77859e+06,307.338,307.338,281,64
lt_gallowscourtyard,760,9.69096e+06,310.095,310.095,285,64
lt_gallowscourtyard,761,1.36424e+07,320.622,309.752,286,64
lt_gallowscourtyard,762,2.38985e+06,325.25,308.966,284,64
lt_gallowscourtyard,763,4.14341e+06,309.095,309.095,284,64
lt_gallowscourtyard,764,1.96052e+06,309.51,309.51,284,64
lt_gallowscourtyard,765,1.53277e+07,331.706,311.764,283,64
lt_gallowscourtyard,766,1.64138e+07,334.061,310.078,275,64
lt_gallowscourtyard,767,2.00811e+07,315.894,309.652,285,64
lt_gallowscourtyard,768,7.42595e+06,311.024,311.024,288,64
lt_gallowscourtyard,769,406013,332.718,311.806,272,64
lt_gallowscourtyard,770,8.7995e+06,315.61,313.953,293,64
lt_gallowscourtyard,771,2.23112e+07,332.463,313.108,285,64
lt_gallowscourtyard,772,1.77008e+07,338.019,312.279,286,64
lt_gallowscourtyard,773,1.29106e+07,313.581,312.752,286,64
lt_gallowscourtyard,774,1.44104e+07,315.823,315.823,287,64
lt_gallowscourtyard,775,8.97556e+07,313.108,312.279,276,64
lt_gallowscourtyard,776,4.70212e+06,312.095,312.095,287,64
lt_gallowscourtyard,777,1.41164e+07,313.338,313.338,287,64
lt_gallowscourtyard,778,7.98855e+06,315.338,315.338,289,64
lt_gallowscourtyard,779,2.54414e+07,313.551,312.723,281,64
lt_gallowscourtyard,780,3.30159e+06,317.853,317.024,294,64
lt_gallowscourtyard,781,4.37349e+06,317.125,317.125,297,64
lt_gallowscourtyard,782,2.49593e+07,319.823,317.338,291,64
lt_gallowscourtyard,783,6.57754e+06,318.681,317.853,294,64
lt_gallowscourtyard,784,1.75308e+07,321.238,317.581,292,64
lt_gallowscourtyard,785,2.76877e+07,317.179,317.179,278,64
lt_gallowscourtyard,786,9.72087e+06,316.397,316.397,300,64
lt_gallowscourtyard,787,7.78984e+06,328.622,318.338,294,64
lt_gallowscourtyard,788,2.21119e+06,318.581,318.581,291,64
lt_gallowscourtyard,789,1.26672e+06,330.723,319.61,299,64
lt_gallowscourtyard,790,6.58004e+06,326.924,321.953,301,64
lt_gallowscourtyard,791,2.15902e+07,325.208,322.723,291,64
lt_gallowscourtyard,792,1.74254e+07,322.451,322.451,287,64
lt_gallowscourtyard,793,2.19824e+06,325.338,320.51,299,64
lt_gallowscourtyard,794,1.60766e+07,322.38,322.38,289,64
lt_gallowscourtyard,795,2.30363e+06,320.25,320.25,279,64
lt_gallowscourtyard,796,1.54618e+06,344.233,321.806,286,64
lt_gallowscourtyard,797,9.74249e+06,320.066,320.066,290,64
lt_gallowscourtyard,798,2.69866e+06,332.321,321.693,289,64
lt_gallowscourtyard,799,1.9059e+07,346.262,320.522,293,64
lt_gallowscourtyard,800,3.58706e+06,325.978,325.978,281,64
lt_gallowscourtyard,801,1.38793e+07,326.61,326.61,304,64
lt_gallowscourtyard,802,1.09459e+07,325.924,325.095,300,64
lt_gallowscourtyard,803,9.40126e+06,329.894,327.652,299,64
lt_gallowscourtyard,804,7.67903e+06,330.48,326.338,300,64
lt_gallowscourtyard,805,4.46582e+06,324.125,324.125,304,64
lt_gallowscourtyard,806,1.68971e+06,344.605,325.593,293,64
lt_gallowscourtyard,807,3.30437e+06,334.238,325.51,305,64
lt_gallowscourtyard,808,1.30668e+07,329.752,327.267,303,64
lt_gallowscourtyard,809,493871,330.321,324.664,287,64
lt_gallowscourtyard,810,6.90935e+07,330.865,330.037,295,64
lt_gallowscourtyard,811,2.21201e+06,353.919,329.25,299,64
lt_gallowscourtyard,812,2.13765e+06,331.037,331.037,296,64
lt_gallowscourtyard,813,3.20145e+06,337.095,330.024,312,64
lt_gallowscourtyard,814,6.84821e+06,330.61,329.782,308,64
lt_gallowscourtyard,815,1.74625e+06,353.404,330.978,296,64
lt_gallowscourtyard,816,3.66815e+07,328.693,328.693,292,64
lt_gallowscourtyard,817,5.57363e+06,329.267,329.267,305,64
lt_gallowscourtyard,818,2.39369e+06,328.309,328.309,297,64
lt_gallowscourtyard,819,6.76154e+06,328.51,328.51,303,64
lt_gallowscourtyard,820,7.5853e+07,335.321,335.321,292,64
lt_gallowscourtyard,821,9.64335e+06,333.995,333.167,306,64
lt_gallowscourtyard,822,2.75369e+06,335.853,335.853,312,64
lt_gallowscourtyard,823,1.20574e+07,333.167,333.167,306,64
lt_gallowscourtyard,824,2.47568e+06,356.576,333.806,300,64
lt_gallowscourtyard,825,1.3555e+07,335.51,333.853,310,64
lt_gallowscourtyard,826,2.60078e+06,337.995,334.924,310,64
lt_gallowscourtyard,827,4.41113e+06,333.024,333.024,310,64
lt_gallowscourtyard,828,2.4748e+07,334.338,334.338,308,64
lt_gallowscourtyard,829,1.42439e+07,335.882,335.882,317,64
lt_gallowscourtyard,830,1.09905e+07,339.681,339.681,315,64
lt_gallowscourtyard,831,5.01177e+06,336.409,336.409,308,64
lt_gallowscourtyard,832,4.09428e+06,336.581,336.581,309,64
lt_gallowscourtyard,833,8.32672e+06,340.267,336.368,316,64
lt_gallowscourtyard,834,9.92195e+06,336.296,336.296,317,64
lt_gallowscourtyard,835,2.03657e+06,339.723,339.723,308,64
lt_gallowscourtyard,836,7.64113e+07,336.836,336.836,296,64
lt_gallowscourtyard,837,2.28211e+06,342.894,339.48,312,64
lt_gallowscourtyard,838,372205,341.764,336.108,303,64
lt_gallowscourtyard,839,2.78906e+06,357.505,336.25,303,64
lt_gallowscourtyard,840,2.37898e+06,367.505,341.664,313,64
lt_gallowscourtyard,841,1.32458e+06,367.233,342.321,309,64
lt_gallowscourtyard,842,2.69737e+07,342.238,342.238,313,64
lt_gallowscourtyard,843,1.77857e+06,340.752,340.752,314,64
lt_gallowscourtyard,844,1.47451e+07,344.622,343.794,310,64
lt_gallowscourtyard,845,6.77549e+06,344.439,341.953,321,64
lt_gallowscourtyard,846,2.00848e+07,343.167,343.167,316,64
lt_gallowscourtyard,847,4.2322e+06,342.953,342.953,322,64
lt_gallowscourtyard,848,3.01289e+06,343.681,342.267,319,64
lt_gallowscourtyard,849,7.58897e+06,340.924,340.338,315,64
lt_gallowscourtyard,850,1.20648e+07,345.238,345.238,316,64
lt_gallowscourtyard,851,1.18476e+07,345.066,345.066,315,64
lt_gallowscourtyard,852,3.23596e+06,354.167,345.296,327,64
lt_gallowscourtyard,853,3.60345e+06,347.167,347.167,320,64
lt_gallowscourtyard,854,1.96891e+06,355.894,345.61,325,64
lt_gallowscourtyard,855,2.10363e+07,370.889,345.149,311,64
lt_gallowscourtyard,856,1.83837e+07,346.794,344.309,313,64
lt_gallowscourtyard,857,3.25837e+06,355.635,344.421,309,64
lt_gallowscourtyard,858,2.3971e+06,373.161,347.321,317,64
lt_gallowscourtyard,859,7.43875e+06,344.61,344.61,322,64
lt_gallowscourtyard,860,3.41177e+06,369.392,351.936,324,64
lt_gallowscourtyard,861,1.31641e+07,349.823,348.995,321,64
lt_gallowscourtyard,862,2.78483e+06,364.392,348.108,319,64
lt_gallowscourtyard,863,8.25549e+06,348.681,348.681,324,64
lt_gallowscourtyard,864,9.06043e+06,350.137,349.309,318,64
lt_gallowscourtyard,865,1.78888e+06,348.924,348.924,323,64
lt_gallowscourtyard,866,3.46769e+06,349.095,349.095,324,64
lt_gallowscourtyard,867,1.97541e+06,358.522,349.794,321,64
lt_gallowscourtyard,868,6.12062e+06,349.267,349.267,325,64
lt_gallowscourtyard,869,2.95218e+06,376.747,351.836,321,64
lt_gallowscourtyard,870,906256,363.764,353.48,325,64
lt_gallowscourtyard,871,5.87284e+06,356.551,354.066,324,64
lt_gallowscourtyard,872,7.28469e+06,358.208,353.238,324,64
lt_gallowscourtyard,873,3.51908e+07,379.919,353.593,325,64
lt_gallowscourtyard,874,2.57968e+06,357.38,352.066,324,64
lt_gallowscourtyard,875,3.6132e+06,354.581,354.581,327,64
lt_gallowscourtyard,876,3.58214e+06,352.966,352.966,320,64
lt_gallowscourtyard,877,1.34979e+07,353.681,353.681,329,64
lt_gallowscourtyard,878,6.11585e+06,354.024,354.024,331,64
lt_gallowscourtyard,879,1.93592e+06,352.995,352.995,325,64
lt_gallowscourtyard,880,5.66265e+06,358.238,358.238,329,64
lt_gallowscourtyard,881,3.01765e+06,383.99,358.149,327,64
lt_gallowscourtyard,882,6.10933e+06,357.51,357.51,332,64
lt_gallowscourtyard,883,2.71962e+06,368.38,358.095,335,64
lt_gallowscourtyard,884,3.51527e+07,385.99,359.664,329,64
lt_gallowscourtyard,885,6.39376e+06,359.238,359.238,330,64
lt_gallowscourtyard,886,7.13485e+06,356.439,356.439,333,64
lt_gallowscourtyard,887,3.07807e+06,356.581,356.581,329,64
lt_gallowscourtyard,888,6.81673e+06,358.238,358.238,329,64
lt_gallowscourtyard,889,7.63104e+07,363.492,356.522,321,64
lt_gallowscourtyard,890,3.34154e+06,382.576,360.392,326,64
lt_gallowscourtyard,891,2.1542e+06,373.38,363.095,340,64
lt_gallowscourtyard,892,9.27831e+06,361.995,361.995,334,64
lt_gallowscourtyard,893,9.91993e+06,363.095,363.095,338,64
lt_gallowscourtyard,894,1.26538e+07,362.409,362.409,334,64
lt_gallowscourtyard,895,5.44597e+06,363.581,363.581,336,64
lt_gallowscourtyard,896,1.34823e+07,363.095,360.853,338,64
lt_gallowscourtyard,897,1.22235e+07,362.924,362.924,337,64
lt_gallowscourtyard,898,2.78068e+07,390.161,363.735,334,64
lt_gallowscourtyard,899,5.21919e+06,361.652,361.652,332,64
lt_gallowscourtyard,900,4.84946e+06,364.309,364.309,333,64
lt_gallowscourtyard,901,1.08481e+07,366.652,366.652,337,64
lt_gallowscourtyard,902,3.08735e+06,392.919,367.078,338,64
lt_gallowscourtyard,903,1.71431e+06,375.794,367.066,342,64
lt_gallowscourtyard,904,2.16301e+06,367.137,367.137,335,64
lt_gallowscourtyard,905,2.64735e+06,367.823,367.823,339,64
lt_gallowscourtyard,906,1.27034e+07,365.409,365.409,337,64
lt_gallowscourtyard,907,781303,374.936,364.652,337,64
lt_gallowscourtyard,908,4.62018e+06,366.581,366.581,339,64
lt_gallowscourtyard,909,2.40179e+06,364.894,364.894,334,64
lt_gallowscourtyard,910,5.04904e+06,370.095,370.095,345,64
lt_gallowscourtyard,911,2.72177e+06,369.167,369.167,342,64
lt_gallowscourtyard,912,1.11347e+07,369.208,369.208,335,64
lt_gallowscourtyard,913,5.62855e+06,370.167,370.167,343,64
lt_gallowscourtyard,914,1.14064e+07,368.095,368.095,343,64
lt_gallowscourtyard,915,1.08309e+07,369.51,369.51,344,64
lt_gallowscourtyard,916,7.43668e+06,369.581,369.581,342,64
lt_gallowscourtyard,917,7.69096e+06,372.38,370.137,339,64
lt_gallowscourtyard,918,2.12398e+06,378.966,371.752,346,64
lt_gallowscourtyard,919,618894,379.794,369.51,346,64
lt_gallowscourtyard,920,7.34512e+06,380.551,374.995,348,64
lt_gallowscourtyard,921,2.14096e+06,383.208,375.995,349,64
lt_gallowscourtyard,922,1.29934e+07,372.853,372.853,349,64
lt_gallowscourtyard,923,2.10204e+06,375.865,375.865,340,64
lt_gallowscourtyard,924,9.81295e+06,375.995,375.995,348,64
lt_gallowscourtyard,925,4.88688e+06,372.894,372.894,342,64
lt_gallowscourtyard,926,5.7221e+06,372.823,372.823,344,64
lt_gallowscourtyard,927,1.35223e+07,375.267,373.61,351,64
lt_gallowscourtyard,928,3.04983e+06,379.622,374.309,345,64
lt_gallowscourtyard,929,8.37284e+06,373.581,373.581,346,64
lt_gallowscourtyard,930,1.11827e+07,377.38,377.38,344,64
lt_gallowscourtyard,931,6.17117e+06,376.409,376.409,348,64
lt_gallowscourtyard,932,7.05225e+06,378.581,378.581,351,64
lt_gallowscourtyard,933,1.58047e+07,381.309,377.409,350,64
lt_gallowscourtyard,934,4.8404e+06,377.652,377.652,348,64
lt_gallowscourtyard,935,9.50412e+06,376.853,376.853,353,64
lt_gallowscourtyard,936,1.37093e+07,379.681,379.681,355,64
lt_gallowscourtyard,937,6.902e+06,378.095,378.095,353,64
lt_gallowscourtyard,938,1.18077e+07,379.752,379.752,353,64
lt_gallowscourtyard,939,1.20813e+07,380.551,379.723,348,64
lt_gallowscourtyard,940,1.9436e+06,382.037,382.037,347,64
lt_gallowscourtyard,941,1.19041e+07,382.024,382.024,359,64
lt_gallowscourtyard,942,5.71165e+06,381.409,381.409,353,64
lt_gallowscourtyard,943,4.8122e+06,380.167,380.167,353,64
lt_gallowscourtyard,944,1.13947e+07,382.966,382.966,350,64
lt_gallowscourtyard,945,8.46136e+06,380.823,380.823,352,64
lt_gallowscourtyard,946,1.01108e+07,381.51,381.51,356,64
lt_gallowscourtyard,947,1.06507e+07,383.995,383.995,356,64
lt_gallowscourtyard,948,9.14597e+06,382.723,382.723,351,64
lt_gallowscourtyard,949,1.12238e+07,380.823,380.823,352,64
lt_gallowscourtyard,950,1.25496e+07,386.823,386.823,358,64
lt_gallowscourtyard,951,5.6846e+06,385.894,385.894,355,64
lt_gallowscourtyard,952,1.99429e+06,385.894,385.894,355,64
lt_gallowscourtyard,953,1.46653e+07,384.681,384.681,360,64
lt_gallowscourtyard,954,9.62643e+06,387.309,387.309,356,64
lt_gallowscourtyard,955,1.27497e+07,386.137,386.137,354,64
lt_gallowscourtyard,956,7.35048e+06,386.995,386.995,359,64
lt_gallowscourtyard,957,2.60546e+06,386.966,386.966,354,64
lt_gallowscourtyard,958,9.12417e+06,387.823,387.823,359,64
lt_gallowscourtyard,959,1.02505e+07,387.995,387.995,360,64
lt_gallowscourtyard,960,1.69659e+07,390.267,390.267,366,64
lt_gallowscourtyard,961,5.06744e+06,391.38,391.38,358,64
lt_gallowscourtyard,962,1.06508e+07,389.581,389.581,362,64
lt_gallowscourtyard,963,1.1815e+07,390.894,389.238,360,64
lt_gallowscourtyard,964,1.11998e+07,390.137,390.137,358,64
lt_gallowscourtyard,965,2.12185e+06,390.966,390.966,358,64
lt_gallowscourtyard,966,4.80023e+06,388.137,388.137,356,64
lt_gallowscourtyard,967,6.33587e+06,391.823,391.823,363,64
lt_gallowscourtyard,968,1.33844e+07,389.823,389.823,361,64
lt_gallowscourtyard,969,5.75056e+06,391.551,391.551,359,64
lt_gallowscourtyard,970,1.25337e+07,396.752,395.924,370,64
lt_gallowscourtyard,971,9.8474e+06,392.48,392.48,362,64
lt_gallowscourtyard,972,9.42717e+06,392.409,392.409,364,64
lt_gallowscourtyard,973,1.0248e+07,392.794,392.794,359,64
lt_gallowscourtyard,974,6.66767e+06,392.48,392.48,362,64
lt_gallowscourtyard,975,1.05348e+07,393.451,393.451,358,64
lt_gallowscourtyard,976,2.01911e+06,392.865,392.865,357,64
lt_gallowscourtyard,977,6.11985e+06,393.995,393.995,366,64
lt_gallowscourtyard,978,1.8807e+07,395.167,395.167,368,64
lt_gallowscourtyard,979,1.06399e+07,395.38,395.38,362,64
lt_gallowscourtyard,980,1.09045e+07,399.066,399.066,369,64
lt_gallowscourtyard,981,1.17314e+07,399.167,399.167,372,64
lt_gallowscourtyard,982,7.58204e+06,399.38,397.723,366,64
lt_gallowscourtyard,983,2.00688e+07,399.51,399.51,374,64
lt_gallowscourtyard,984,2.5835e+06,399.38,399.38,366,64
lt_gallowscourtyard,985,1.23466e+07,397.924,397.924,372,64
lt_gallowscourtyard,986,1.02059e+07,397.48,396.652,367,64
lt_gallowscourtyard,987,1.32246e+07,399.338,399.338,373,64
lt_gallowscourtyard,988,1.97799e+07,399.439,399.439,376,64
lt_gallowscourtyard,989,1.17116e+07,396.167,396.167,369,64
lt_gallowscourtyard,990,1.51974e+07,402.167,402.167,375,64
lt_gallowscourtyard,991,9.47033e+06,401.823,401.823,373,64
lt_gallowscourtyard,992,2.44181e+06,400.652,400.652,371,64
lt_gallowscourtyard,993,7.86537e+06,400.066,400.066,370,64
lt_gallowscourtyard,994,1.89194e+07,400.267,400.267,376,64
lt_gallowscourtyard,995,1.60055e+07,401.024,400.439,378,64
lt_gallowscourtyard,996,1.58428e+07,402.61,402.61,380,64
lt_gallowscourtyard,997,1.64436e+07,404.439,403.853,381,64
lt_gallowscourtyard,998,7.29175e+06,401.309,400.48,370,64
lt_gallowscourtyard,999,1.4321e+07,400.066,400.066,370,64
