map,scenid,tcost,distance,expect,steps,r
lt_gallowstemplar_n,0,2421.8,5.24264,5.24264,5,64
lt_gallowstemplar_n,1,1957.8,6,6,7,64
lt_gallowstemplar_n,2,1207.2,4,4,5,64
lt_gallowstemplar_n,3,1349.8,6,6,7,64
lt_gallowstemplar_n,4,1254.6,5.24264,5.24264,5,64
lt_gallowstemplar_n,5,1558.4,7.24264,7.24264,7,64
lt_gallowstemplar_n,6,858.2,4,4,5,64
lt_gallowstemplar_n,7,1955.6,7.24264,7.24264,7,64
lt_gallowstemplar_n,8,1325.6,7.24264,7.24264,7,64
lt_gallowstemplar_n,9,1368.2,7,7,8,64
lt_gallowstemplar_n,10,1728.2,10.4142,10.4142,11,64
lt_gallowstemplar_n,11,2025.6,8.48528,8.48528,7,64
lt_gallowstemplar_n,12,1639.2,10.2426,10.2426,10,64
lt_gallowstemplar_n,13,1842.2,10.2426,10.2426,10,64
lt_gallowstemplar_n,14,1752.2,8.48528,8.48528,7,64
lt_gallowstemplar_n,15,1673.6,8.07107,8.07107,7,64
lt_gallowstemplar_n,16,1606.2,10.4142,10.4142,11,64
lt_gallowstemplar_n,17,1458.6,11,11,12,64
lt_gallowstemplar_n,18,2818.6,11.4853,11.4853,10,64
lt_gallowstemplar_n,19,1891.6,9.65685,9.65685,9,64
lt_gallowstemplar_n,20,2023.4,12.8284,12.8284,13,64
lt_gallowstemplar_n,21,2471.2,13.4853,13.4853,12,64
lt_gallowstemplar_n,22,10919.8,14.4142,14.4142,15,64
lt_gallowstemplar_n,23,1919.2,12,12,13,64
lt_gallowstemplar_n,24,2820.6,14.7279,14.7279,12,64
lt_gallowstemplar_n,25,2744.4,12.4853,12.4853,11,64
lt_gallowstemplar_n,26,1860.8,14,14,15,64
lt_gallowstemplar_n,27,4220,15.8284,14.4142,16,64
lt_gallowstemplar_n,28,2883.8,15.2426,15.2426,15,64
lt_gallowstemplar_n,29,1849.2,14.4142,14.4142,15,64
lt_gallowstemplar_n,30,3266.8,16.7279,16.7279,14,64
lt_gallowstemplar_n,31,3550.8,18.3137,18.3137,16,64
lt_gallowstemplar_n,32,2471.6,18.8284,18.8284,19,64
lt_gallowstemplar_n,33,3032.4,19.0711,19.0711,18,64
lt_gallowstemplar_n,34,3546.6,18.6569,18.6569,18,64
lt_gallowstemplar_n,35,3266.6,18.8995,18.8995,17,64
lt_gallowstemplar_n,36,3707.2,19,19,20,64
lt_gallowstemplar_n,37,2672,16.6569,16.6569,16,64
lt_gallowstemplar_n,38,2569.4,17,17,18,64
lt_gallowstemplar_n,39,3826.2,18.6569,18.6569,18,64
lt_gallowstemplar_n,40,3910.4,21.4853,21.4853,20,64
lt_gallowstemplar_n,41,3976.2,23.6569,23.6569,23,64
lt_gallowstemplar_n,42,4079.4,20.4853,20.4853,19,64
lt_gallowstemplar_n,43,3617,21.5563,21.5563,18,64
lt_gallowstemplar_n,44,4275.6,23.7279,23.7279,21,64
lt_gallowstemplar_n,45,4666.4,24.5563,22.3137,21,64
lt_gallowstemplar_n,46,4280.6,22.5563,22.5563,19,64
lt_gallowstemplar_n,47,3450,20.4142,20.4142,21,64
lt_gallowstemplar_n,48,4529.6,24.2426,23.0711,24,64
lt_gallowstemplar_n,49,3915.2,23.8995,23.8995,22,64
lt_gallowstemplar_n,50,3853,25.6569,25.6569,25,64
lt_gallowstemplar_n,51,3939.4,24.8284,24.8284,25,64
lt_gallowstemplar_n,52,5350.4,27.8995,27.0711,26,64
lt_gallowstemplar_n,53,4910.4,26.0416,26.0416,20,64
lt_gallowstemplar_n,54,4818.2,24.8995,24.8995,23,64
lt_gallowstemplar_n,55,5867.2,25.3848,25.1421,21,64
lt_gallowstemplar_n,56,4626.8,27.6569,27.0711,27,64
lt_gallowstemplar_n,57,4596.6,24.6569,24.6569,24,64
lt_gallowstemplar_n,58,4457.6,24.3137,24.3137,22,64
lt_gallowstemplar_n,59,4275.2,24.4142,24.4142,25,64
lt_gallowstemplar_n,60,6919.8,33.2132,29.5563,28,64
lt_gallowstemplar_n,61,11913,29.8995,28.4853,28,64
lt_gallowstemplar_n,62,5930.8,34.5563,28.8995,31,64
lt_gallowstemplar_n,63,4104.2,28,28,29,64
lt_gallowstemplar_n,64,5528.8,29.8284,29.8284,30,64
lt_gallowstemplar_n,65,8333.4,35.799,31.8995,31,64
lt_gallowstemplar_n,66,5901.6,33.9706,31.7279,30,64
lt_gallowstemplar_n,67,5574.8,29.9706,28.799,26,64
lt_gallowstemplar_n,68,5677.4,30.0711,30.0711,29,64
lt_gallowstemplar_n,69,5057.8,30.4853,30.4853,29,64
lt_gallowstemplar_n,70,5561.2,34.4853,34.4853,33,64
lt_gallowstemplar_n,71,4532.4,33.2426,33.2426,33,64
lt_gallowstemplar_n,72,6680.6,35.4558,35.4558,29,64
lt_gallowstemplar_n,73,6203.2,35.3848,35.3848,31,64
lt_gallowstemplar_n,74,5145.2,34,34,35,64
lt_gallowstemplar_n,75,23035.6,38.3137,34.6569,36,64
lt_gallowstemplar_n,76,6023.2,34.8995,34.3137,33,64
lt_gallowstemplar_n,77,6797.8,37.1421,35.4853,34,64
lt_gallowstemplar_n,78,5973.2,32.1421,32.1421,29,64
lt_gallowstemplar_n,79,7410.4,35.5563,34.3848,32,64
lt_gallowstemplar_n,80,6163.2,36.8995,36.8995,35,64
lt_gallowstemplar_n,81,7405.2,37.0416,37.0416,31,64
lt_gallowstemplar_n,82,7314.2,38.8995,38.8995,37,64
lt_gallowstemplar_n,83,7193.4,39.1421,39.1421,36,64
lt_gallowstemplar_n,84,36032.4,37.2132,36.6274,32,64
lt_gallowstemplar_n,85,14901.6,46.6274,37.0711,41,64
lt_gallowstemplar_n,86,9940.6,37.2426,37.2426,37,64
lt_gallowstemplar_n,87,7499.6,39.0711,38.4853,38,64
lt_gallowstemplar_n,88,9464,39.5563,39.5563,36,64
lt_gallowstemplar_n,89,17598,46.6274,38.4853,41,64
lt_gallowstemplar_n,90,6597.6,41.2426,41.2426,41,64
lt_gallowstemplar_n,91,8036.6,43.799,43.799,39,64
lt_gallowstemplar_n,92,26240,41.3848,41.3848,37,64
lt_gallowstemplar_n,93,8531.4,42.4853,41.3137,41,64
lt_gallowstemplar_n,94,8010.6,41.7279,41.1421,39,64
lt_gallowstemplar_n,95,7630.2,42.4558,42.4558,36,64
lt_gallowstemplar_n,96,11821.8,41.7279,40.3137,39,64
lt_gallowstemplar_n,97,8135.4,43.0711,43.0711,42,64
lt_gallowstemplar_n,98,6515.8,41.4142,41.4142,42,64
lt_gallowstemplar_n,99,9629.6,45.7279,41.2426,43,64
lt_gallowstemplar_n,100,8416.2,46.4142,46.4142,47,64
lt_gallowstemplar_n,101,8711.4,45.8406,45.8406,34,64
lt_gallowstemplar_n,102,8200.2,44.1421,44.1421,41,64
lt_gallowstemplar_n,103,10490.8,54.4264,47.6985,43,64
lt_gallowstemplar_n,104,90676.8,48.799,47.9706,44,64
lt_gallowstemplar_n,105,8554.6,45.8284,45.8284,46,64
lt_gallowstemplar_n,106,10018.8,49.3137,47.0711,47,64
lt_gallowstemplar_n,107,19987.6,49.8701,45.9706,43,64
lt_gallowstemplar_n,108,8941.4,47.9411,47.9411,39,64
lt_gallowstemplar_n,109,7658.4,47.9706,47.9706,44,64
lt_gallowstemplar_n,110,233461,56.7279,51.4142,54,64
lt_gallowstemplar_n,111,22691,51.0711,50.2426,50,64
lt_gallowstemplar_n,112,12312.8,51.4558,50.6274,45,64
lt_gallowstemplar_n,113,9042.2,49.2843,49.2843,42,64
lt_gallowstemplar_n,114,8557.2,49.6569,49.6569,49,64
lt_gallowstemplar_n,115,57594.8,51.4142,51.4142,52,64
lt_gallowstemplar_n,116,11264.8,51.9411,50.2843,43,64
lt_gallowstemplar_n,117,12431.6,54.9706,51.799,51,64
lt_gallowstemplar_n,118,72158.6,66.1838,51.4558,56,64
lt_gallowstemplar_n,119,8284.2,50.0711,50.0711,49,64
lt_gallowstemplar_n,120,125622,59.2843,54.4558,52,64
lt_gallowstemplar_n,121,10587.6,58.9706,53.0711,55,64
lt_gallowstemplar_n,122,8910.8,53.1421,53.1421,50,64
lt_gallowstemplar_n,123,15555.6,56.8406,52.3553,45,64
lt_gallowstemplar_n,124,102387,53.1421,53.1421,50,64
lt_gallowstemplar_n,125,14292.8,59.6274,55.9706,54,64
lt_gallowstemplar_n,126,12894.2,58.0711,55.8284,57,64
lt_gallowstemplar_n,127,12705.8,54.2843,54.2843,47,64
lt_gallowstemplar_n,128,9663.8,57.3848,52.8995,53,64
lt_gallowstemplar_n,129,10187.2,57.6274,53.1421,52,64
lt_gallowstemplar_n,130,38634.6,68.0122,59.0416,57,64
lt_gallowstemplar_n,131,57149,66.3137,59.0416,64,64
lt_gallowstemplar_n,132,13769,65.3553,58.8701,56,64
lt_gallowstemplar_n,133,964961,96.6985,58.3137,89,64
lt_gallowstemplar_n,134,125756,77.3848,59.4853,73,64
lt_gallowstemplar_n,135,11209.6,57.0711,56.4853,56,64
lt_gallowstemplar_n,136,42213.4,65.2843,59.7279,58,64
lt_gallowstemplar_n,137,11054.2,59.4853,57.2426,58,64
lt_gallowstemplar_n,138,40672.4,70.2843,58.9706,63,64
lt_gallowstemplar_n,139,11502.6,60.1421,56.4853,57,64
lt_gallowstemplar_n,140,24383.2,65.5269,60.2132,57,64
lt_gallowstemplar_n,141,12198.8,62.2843,60.6274,55,64
lt_gallowstemplar_n,142,12777,63.6569,63.6569,63,64
lt_gallowstemplar_n,143,10468.8,62.1421,62.1421,59,64
lt_gallowstemplar_n,144,66359.6,68.6985,62.799,61,64
lt_gallowstemplar_n,145,12216.4,62.3137,61.4853,60,64
lt_gallowstemplar_n,146,176871,62.0711,62.0711,61,64
lt_gallowstemplar_n,147,66084,67.9411,62.9706,59,64
lt_gallowstemplar_n,148,219774,60.1421,60.1421,57,64
lt_gallowstemplar_n,149,19159.8,63.6274,61.6274,58,64
lt_gallowstemplar_n,150,87212,75.4975,65.9411,62,64
lt_gallowstemplar_n,151,87384.6,79.6985,66.7279,72,64
lt_gallowstemplar_n,152,12959.6,65.3137,64.4853,63,64
lt_gallowstemplar_n,153,58571,82.8406,65.3848,71,64
lt_gallowstemplar_n,154,33702.6,67.669,66.8406,55,64
lt_gallowstemplar_n,155,14674.2,67.4558,67.4558,61,64
lt_gallowstemplar_n,156,146749,74.6985,67.5269,67,64
lt_gallowstemplar_n,157,38479.8,64.9706,64.1421,61,64
lt_gallowstemplar_n,158,31270.2,76.0833,65.6985,63,64
lt_gallowstemplar_n,159,14253.8,64.6569,64.6569,64,64
lt_gallowstemplar_n,160,200941,82.5269,71.3137,74,64
lt_gallowstemplar_n,161,85465.4,81.7696,71.0416,72,64
lt_gallowstemplar_n,162,19774.4,74.8701,70.3848,68,64
lt_gallowstemplar_n,163,27099.4,83.5269,68.4558,75,64
lt_gallowstemplar_n,164,104606,91.0122,71.6985,80,64
lt_gallowstemplar_n,165,34256.2,82.5269,70.3848,74,64
lt_gallowstemplar_n,166,22061.6,81.0416,71.9706,75,64
lt_gallowstemplar_n,167,19955.8,78.6985,69.1421,71,64
lt_gallowstemplar_n,168,27083.4,71.8701,69.2843,65,64
lt_gallowstemplar_n,169,16775.4,74.4558,71.0416,68,64
lt_gallowstemplar_n,170,32669,80.5269,72.9706,72,64
lt_gallowstemplar_n,171,16263.2,72.1421,72.1421,69,64
lt_gallowstemplar_n,172,42887.4,78.8406,72.9411,67,64
lt_gallowstemplar_n,173,13590.6,74.1838,74.1838,64,64
lt_gallowstemplar_n,174,186333,86.1543,74.5563,71,64
lt_gallowstemplar_n,175,34315.4,82.9411,75.6274,74,64
lt_gallowstemplar_n,176,13109.2,75.8284,75.8284,76,64
lt_gallowstemplar_n,177,28684.6,87.4558,75.6569,81,64
lt_gallowstemplar_n,178,30840,81.3553,75.4558,72,64
lt_gallowstemplar_n,179,27366.2,89.1838,75.3848,79,64
lt_gallowstemplar_n,180,95188.2,86.2548,76.1127,74,64
lt_gallowstemplar_n,181,78367.2,82.3553,78.6985,73,64
lt_gallowstemplar_n,182,26087.4,85.6985,78.0416,78,64
lt_gallowstemplar_n,183,16073,80.799,79.1421,76,64
lt_gallowstemplar_n,184,68780.6,81.2132,78.7279,76,64
lt_gallowstemplar_n,185,66294.2,92.598,77.1421,82,64
lt_gallowstemplar_n,186,61628.2,83.1838,78.598,73,64
lt_gallowstemplar_n,187,24032.2,81.1127,76.9706,73,64
lt_gallowstemplar_n,188,61222.8,88.3553,78.799,79,64
lt_gallowstemplar_n,189,50575.6,86.0122,77.6274,75,64
lt_gallowstemplar_n,190,32751.4,86.5685,81.598,71,64
lt_gallowstemplar_n,191,16810.6,86.2843,83.6985,79,64
lt_gallowstemplar_n,192,508305,88.7696,82.6274,79,64
lt_gallowstemplar_n,193,50975.6,81.7696,81.7696,72,64
lt_gallowstemplar_n,194,21275.2,87.4558,82.9706,81,64
lt_gallowstemplar_n,195,211073,84.9117,83.2548,71,64
lt_gallowstemplar_n,196,19411.8,82.8701,82.8701,76,64
lt_gallowstemplar_n,197,17060,87.2843,80.799,80,64
lt_gallowstemplar_n,198,78716,85.4558,82.6274,79,64
lt_gallowstemplar_n,199,62780.2,118.326,81.4558,104,64
lt_gallowstemplar_n,200,19741.8,85.0711,84.4853,84,64
lt_gallowstemplar_n,201,30917,86.9411,85.2843,78,64
lt_gallowstemplar_n,202,31208.2,85.2843,85.2843,78,64
lt_gallowstemplar_n,203,19395,84.8284,84.8284,85,64
lt_gallowstemplar_n,204,19271.2,86.0416,86.0416,80,64
lt_gallowstemplar_n,205,35769.4,85.8701,85.3848,79,64
lt_gallowstemplar_n,206,497021,110.527,86.9706,102,64
lt_gallowstemplar_n,207,88003.8,105.184,87.9706,95,64
lt_gallowstemplar_n,208,21925.2,90.0416,87.2132,84,64
lt_gallowstemplar_n,209,48930.4,88.3848,84.1421,84,64
lt_gallowstemplar_n,210,238014,88.6274,88.0416,83,64
lt_gallowstemplar_n,211,51807.2,114.083,90.5269,101,64
lt_gallowstemplar_n,212,88240.6,134.225,91.3553,117,64
lt_gallowstemplar_n,213,19509.4,88.2132,88.2132,83,64
lt_gallowstemplar_n,214,25706,96.8701,89.3137,90,64
lt_gallowstemplar_n,215,73866.4,96.2843,88.7279,89,64
lt_gallowstemplar_n,216,127122,92.3848,91.799,88,64
lt_gallowstemplar_n,217,66988,96.1838,91.598,86,64
lt_gallowstemplar_n,218,139942,97.0833,88.2548,84,64
lt_gallowstemplar_n,219,29531,92.4558,88.2132,86,64
lt_gallowstemplar_n,220,296670,96.0416,95.2132,90,64
lt_gallowstemplar_n,221,20644,97.8701,93.3848,91,64
lt_gallowstemplar_n,222,202810,95.8701,95.8701,89,64
lt_gallowstemplar_n,223,73799.8,106.598,93.9706,96,64
lt_gallowstemplar_n,224,65209,104.426,93.1127,93,64
lt_gallowstemplar_n,225,313833,105.77,93.2843,96,64
lt_gallowstemplar_n,226,349080,101.527,94.799,93,64
lt_gallowstemplar_n,227,2.85644e+06,102.87,94.8701,96,64
lt_gallowstemplar_n,228,21157.8,94.7279,92.4853,92,64
lt_gallowstemplar_n,229,26366.6,98.5563,93.6274,95,64
lt_gallowstemplar_n,230,18048.2,96.5269,96.5269,88,64
lt_gallowstemplar_n,231,30761.8,105.456,98.7279,99,64
lt_gallowstemplar_n,232,216394,99.7696,96.4558,90,64
lt_gallowstemplar_n,233,60930.8,106.598,98.2132,96,64
lt_gallowstemplar_n,234,59040.6,103.456,96.8701,97,64
lt_gallowstemplar_n,235,258832,96.1127,96.1127,88,64
lt_gallowstemplar_n,236,224922,98.799,97.3848,94,64
lt_gallowstemplar_n,237,19444,97.5269,97.5269,89,64
lt_gallowstemplar_n,238,169361,143.598,96.6274,133,64
lt_gallowstemplar_n,239,116973,100.669,99.2548,88,64
lt_gallowstemplar_n,240,27351.8,108.213,103.142,103,64
lt_gallowstemplar_n,241,28903.6,108.385,103.899,104,64
lt_gallowstemplar_n,242,38126.2,107.669,102.941,95,64
lt_gallowstemplar_n,243,80708.2,113.497,100.426,100,64
lt_gallowstemplar_n,244,129447,117.74,101.841,103,64
lt_gallowstemplar_n,245,33986,109.426,101.284,98,64
lt_gallowstemplar_n,246,50118.2,103.184,103.184,93,64
lt_gallowstemplar_n,247,140374,114.74,100.314,100,64
lt_gallowstemplar_n,248,24451.2,110.426,102.87,99,64
lt_gallowstemplar_n,249,190175,134.569,100.87,119,64
lt_gallowstemplar_n,250,236118,120.083,105.213,107,64
lt_gallowstemplar_n,251,104673,108.012,107.426,97,64
lt_gallowstemplar_n,252,317281,115.213,104.87,110,64
lt_gallowstemplar_n,253,304044,119.184,105.627,109,64
lt_gallowstemplar_n,254,158974,120.225,104.77,103,64
lt_gallowstemplar_n,255,88343.8,107.184,104.255,97,64
lt_gallowstemplar_n,256,69866.8,141.225,106.113,124,64
lt_gallowstemplar_n,257,49149.6,131.77,106.456,122,64
lt_gallowstemplar_n,258,630876,110.355,104.556,101,64
lt_gallowstemplar_n,259,106772,126.811,105.941,110,64
lt_gallowstemplar_n,260,349078,115.527,111.042,107,64
lt_gallowstemplar_n,261,758620,131.355,110.87,122,64
lt_gallowstemplar_n,262,40499.2,113.213,110.627,108,64
lt_gallowstemplar_n,263,75169.4,111.77,109.184,102,64
lt_gallowstemplar_n,264,51556.2,121.113,110.77,113,64
lt_gallowstemplar_n,265,112956,113.77,111.284,104,64
lt_gallowstemplar_n,266,231669,123.426,111.627,112,64
lt_gallowstemplar_n,267,25764.6,111.355,111.355,102,64
lt_gallowstemplar_n,268,77897.6,114.941,109.627,106,64
lt_gallowstemplar_n,269,83935.2,123.983,108.426,108,64
lt_gallowstemplar_n,270,28612.8,119.326,114.598,105,64
lt_gallowstemplar_n,271,30190.4,122.083,112.426,109,64
lt_gallowstemplar_n,272,233990,122.284,114.971,115,64
lt_gallowstemplar_n,273,26094,114.556,112.314,111,64
lt_gallowstemplar_n,274,72157,126.77,112.385,117,64
lt_gallowstemplar_n,275,215512,118.953,112.326,98,64
lt_gallowstemplar_n,276,464198,123.941,114.385,115,64
lt_gallowstemplar_n,277,100178,129.77,113.426,120,64
lt_gallowstemplar_n,278,6.0164e+06,135.912,113.627,122,64
lt_gallowstemplar_n,279,36323.2,117.882,115.397,99,64
lt_gallowstemplar_n,280,35346.4,124.711,118.811,105,64
lt_gallowstemplar_n,281,49102.2,122.042,116.385,116,64
lt_gallowstemplar_n,282,74863.8,117.255,117.255,105,64
lt_gallowstemplar_n,283,1.71515e+06,160.154,119.485,145,64
lt_gallowstemplar_n,284,28439.2,126.627,117.497,121,64
lt_gallowstemplar_n,285,131030,126.012,117.627,115,64
lt_gallowstemplar_n,286,39114.6,125.983,118.426,110,64
lt_gallowstemplar_n,287,33054.4,118.284,117.456,111,64
lt_gallowstemplar_n,288,101626,121.497,117.355,108,64
lt_gallowstemplar_n,289,106607,126.468,119.012,108,64
lt_gallowstemplar_n,290,218705,136.74,122.213,122,64
lt_gallowstemplar_n,291,398745,155.669,121.87,143,64
lt_gallowstemplar_n,292,670716,128.941,122.799,120,64
lt_gallowstemplar_n,293,187105,143.782,120.77,122,64
lt_gallowstemplar_n,294,240528,131.113,120.728,123,64
lt_gallowstemplar_n,295,72567.8,143.196,123.255,121,64
lt_gallowstemplar_n,296,64070.8,135.296,122.912,116,64
lt_gallowstemplar_n,297,126704,138.255,120.255,126,64
lt_gallowstemplar_n,298,1.31892e+06,162.167,121.657,135,64
lt_gallowstemplar_n,299,135308,127.74,123.598,113,64
lt_gallowstemplar_n,300,40446.6,132.326,126.426,118,64
lt_gallowstemplar_n,301,32821,132.698,125.142,125,64
lt_gallowstemplar_n,302,179292,154.095,126.012,129,64
lt_gallowstemplar_n,303,164505,128.113,125.527,120,64
lt_gallowstemplar_n,304,171378,143.598,127.899,133,64
lt_gallowstemplar_n,305,253855,159.154,125.397,144,64
lt_gallowstemplar_n,306,41034,140.083,127.556,127,64
lt_gallowstemplar_n,307,308432,132.941,127.527,124,64
lt_gallowstemplar_n,308,134175,141.184,127.042,131,64
lt_gallowstemplar_n,309,239571,126.598,126.012,116,64
lt_gallowstemplar_n,310,112371,146.983,131.042,131,64
lt_gallowstemplar_n,311,119983,137.77,130.213,128,64
lt_gallowstemplar_n,312,99018.6,130.627,129.456,125,64
lt_gallowstemplar_n,313,73607.6,135.799,131.314,131,64
lt_gallowstemplar_n,314,290525,135.74,128.669,121,64
lt_gallowstemplar_n,315,254196,178.184,131.213,168,64
lt_gallowstemplar_n,316,29757.8,130.899,130.899,129,64
lt_gallowstemplar_n,317,140112,134.113,129.042,126,64
lt_gallowstemplar_n,318,48230.4,134.326,130.569,120,64
lt_gallowstemplar_n,319,95132.2,132.811,128.669,116,64
lt_gallowstemplar_n,320,177233,172.196,132.113,150,64
lt_gallowstemplar_n,321,32044.2,137.912,133.426,124,64
lt_gallowstemplar_n,322,365511,156.296,132.456,137,64
lt_gallowstemplar_n,323,224523,141.284,135.142,134,64
lt_gallowstemplar_n,324,139753,141.213,135.314,136,64
lt_gallowstemplar_n,325,249801,159.711,132.497,140,64
lt_gallowstemplar_n,326,491244,152.841,135.142,141,64
lt_gallowstemplar_n,327,48643.4,141.983,134.669,126,64
lt_gallowstemplar_n,328,264775,139.497,135.355,126,64
lt_gallowstemplar_n,329,323126,147.841,133.113,136,64
lt_gallowstemplar_n,330,63334.8,153.711,137.669,134,64
lt_gallowstemplar_n,331,65609.2,137.385,136.213,133,64
lt_gallowstemplar_n,332,324077,142.012,137.87,131,64
lt_gallowstemplar_n,333,438378,163.355,139.799,154,64
lt_gallowstemplar_n,334,230697,154.912,139.598,141,64
lt_gallowstemplar_n,335,93955.4,145.355,139.213,136,64
lt_gallowstemplar_n,336,140322,143.598,136.042,133,64
lt_gallowstemplar_n,337,74852.8,143.799,138.485,139,64
lt_gallowstemplar_n,338,323222,146.627,137.071,141,64
lt_gallowstemplar_n,339,190286,163.681,136.184,139,64
lt_gallowstemplar_n,340,149712,148.87,141.799,142,64
lt_gallowstemplar_n,341,194659,150.74,143.184,136,64
lt_gallowstemplar_n,342,162407,146.556,140.74,143,64
lt_gallowstemplar_n,343,3.24782e+06,169.698,142.627,162,64
lt_gallowstemplar_n,344,215179,159.841,142.728,148,64
lt_gallowstemplar_n,345,242766,146.598,141.042,136,64
lt_gallowstemplar_n,346,928840,190.397,140.556,174,64
lt_gallowstemplar_n,347,1.2966e+06,187.326,143.142,173,64
lt_gallowstemplar_n,348,4.35053e+06,160.225,140.284,143,64
lt_gallowstemplar_n,349,3.11967e+06,171.125,141.284,151,64
lt_gallowstemplar_n,350,412960,148.556,145.485,145,64
lt_gallowstemplar_n,351,153854,150.497,144.598,137,64
lt_gallowstemplar_n,352,561193,158.598,147.042,148,64
lt_gallowstemplar_n,353,38304.6,144.941,144.941,136,64
lt_gallowstemplar_n,354,144505,165.841,144.527,154,64
lt_gallowstemplar_n,355,136438,166.627,145.899,161,64
lt_gallowstemplar_n,356,229540,171.497,147.899,158,64
lt_gallowstemplar_n,357,280878,170.468,146.627,152,64
lt_gallowstemplar_n,358,254318,162.083,144.284,149,64
lt_gallowstemplar_n,359,1.1947e+06,195.397,145.799,179,64
lt_gallowstemplar_n,360,128533,155.497,149.355,142,64
lt_gallowstemplar_n,361,285838,163.811,148.941,147,64
lt_gallowstemplar_n,362,306162,181.569,151.142,166,64
lt_gallowstemplar_n,363,2.62702e+06,201.326,149.728,187,64
lt_gallowstemplar_n,364,236679,164.397,150.255,148,64
lt_gallowstemplar_n,365,381364,155.912,149.77,142,64
lt_gallowstemplar_n,366,76629.6,170.698,149.385,163,64
lt_gallowstemplar_n,367,242728,165.598,149.698,155,64
lt_gallowstemplar_n,368,144921,154.426,148.284,143,64
lt_gallowstemplar_n,369,98682.2,180.912,148.083,167,64
lt_gallowstemplar_n,370,138259,160.74,153.184,146,64
lt_gallowstemplar_n,371,68592.8,173.569,154.556,158,64
lt_gallowstemplar_n,372,251623,171.468,154.255,153,64
lt_gallowstemplar_n,373,265293,170.64,154.941,153,64
lt_gallowstemplar_n,374,261391,167.326,155.77,153,64
lt_gallowstemplar_n,375,2.22849e+06,184.154,152.698,169,64
lt_gallowstemplar_n,376,145887,164.255,153.627,152,64
lt_gallowstemplar_n,377,265736,171.054,155.698,153,64
lt_gallowstemplar_n,378,125534,179.326,154.941,165,64
lt_gallowstemplar_n,379,136846,164.184,154.627,154,64
lt_gallowstemplar_n,380,416476,167.811,157.77,151,64
lt_gallowstemplar_n,381,190527,164.74,156.355,150,64
lt_gallowstemplar_n,382,109738,177.698,159.456,170,64
lt_gallowstemplar_n,383,51141.2,163.941,157.799,155,64
lt_gallowstemplar_n,384,279495,175.468,156.113,157,64
lt_gallowstemplar_n,385,793789,156.74,156.74,142,64
lt_gallowstemplar_n,386,398417,185.296,157.799,166,64
lt_gallowstemplar_n,387,142208,188.811,156.042,172,64
lt_gallowstemplar_n,388,116466,174.296,157.042,155,64
lt_gallowstemplar_n,389,337847,175.024,158.255,152,64
lt_gallowstemplar_n,390,528586,173.497,163.113,160,64
lt_gallowstemplar_n,391,66816.8,170.154,161.527,155,64
lt_gallowstemplar_n,392,208190,191.74,162.385,177,64
lt_gallowstemplar_n,393,153939,179.77,161.426,170,64
lt_gallowstemplar_n,394,355483,170.497,163.284,157,64
lt_gallowstemplar_n,395,466664,170.184,160.627,160,64
lt_gallowstemplar_n,396,311256,192.296,163.971,173,64
lt_gallowstemplar_n,397,63601.2,171.225,161.184,154,64
lt_gallowstemplar_n,398,304226,181.61,163.426,159,64
lt_gallowstemplar_n,399,490113,182.225,161.113,165,64
lt_gallowstemplar_n,400,216897,172.497,165.184,159,64
lt_gallowstemplar_n,401,255657,173.811,164.255,157,64
lt_gallowstemplar_n,402,308758,193.196,166.042,171,64
lt_gallowstemplar_n,403,106413,183.912,167.87,170,64
lt_gallowstemplar_n,404,190260,190.426,166.77,179,64
lt_gallowstemplar_n,405,166402,183.083,166.113,170,64
lt_gallowstemplar_n,406,272476,191.64,166.627,174,64
lt_gallowstemplar_n,407,299124,178.225,167.74,161,64
lt_gallowstemplar_n,408,252461,172.983,165.426,157,64
lt_gallowstemplar_n,409,128364,203.841,164.728,192,64
lt_gallowstemplar_n,410,313357,175.184,169.87,165,64
lt_gallowstemplar_n,411,474677,184.054,171.184,166,64
lt_gallowstemplar_n,412,442703,182.598,168.657,172,64
lt_gallowstemplar_n,413,124450,185.012,168.083,174,64
lt_gallowstemplar_n,414,4.23453e+06,200.296,171.284,181,64
lt_gallowstemplar_n,415,231503,169.87,169.042,163,64
lt_gallowstemplar_n,416,2.67051e+06,188.326,170.142,174,64
lt_gallowstemplar_n,417,220055,182.569,170.527,167,64
lt_gallowstemplar_n,418,7.31119e+06,185.468,170.598,167,64
lt_gallowstemplar_n,419,98712.2,169.426,168.598,158,64
lt_gallowstemplar_n,420,495282,179.397,174.426,163,64
lt_gallowstemplar_n,421,251627,179.983,172.426,164,64
lt_gallowstemplar_n,422,564195,204.426,174.385,193,64
lt_gallowstemplar_n,423,140769,178.882,173.811,160,64
lt_gallowstemplar_n,424,501501,190.054,175.527,172,64
lt_gallowstemplar_n,425,1.0152e+07,194.296,172.113,175,64
lt_gallowstemplar_n,426,227690,193.912,175.87,180,64
lt_gallowstemplar_n,427,158016,172.154,172.154,157,64
lt_gallowstemplar_n,428,4.53372e+06,195.64,174.87,178,64
lt_gallowstemplar_n,429,161036,178.397,173.083,162,64
lt_gallowstemplar_n,430,257449,193.497,176.87,180,64
lt_gallowstemplar_n,431,447701,208.196,177.042,186,64
lt_gallowstemplar_n,432,5.5652e+06,191.296,177.255,172,64
lt_gallowstemplar_n,433,764480,200.255,179.042,188,64
lt_gallowstemplar_n,434,514648,213.953,179.083,193,64
lt_gallowstemplar_n,435,277150,192.095,177.912,167,64
lt_gallowstemplar_n,436,409917,203.782,179.941,182,64
lt_gallowstemplar_n,437,547258,196.497,177.971,183,64
lt_gallowstemplar_n,438,1.04183e+06,193.184,178.556,183,64
lt_gallowstemplar_n,439,354035,202.296,179.87,183,64
lt_gallowstemplar_n,440,305448,190.61,181.983,168,64
lt_gallowstemplar_n,441,64374.6,187.841,182.184,176,64
lt_gallowstemplar_n,442,165544,203.225,180.154,186,64
lt_gallowstemplar_n,443,672742,200.853,182.083,177,64
lt_gallowstemplar_n,444,6.3824e+06,180.083,180.083,167,64
lt_gallowstemplar_n,445,268743,187.782,180.225,166,64
lt_gallowstemplar_n,446,167522,181.326,181.326,167,64
lt_gallowstemplar_n,447,1.14064e+06,199.669,181.142,187,64
lt_gallowstemplar_n,448,537449,191.882,183.255,173,64
lt_gallowstemplar_n,449,193781,193.196,182.569,171,64
lt_gallowstemplar_n,450,488925,229.953,185.326,209,64
lt_gallowstemplar_n,451,305737,225.61,187.385,203,64
lt_gallowstemplar_n,452,883150,200.811,187.941,184,64
lt_gallowstemplar_n,453,168798,194.539,186.983,174,64
lt_gallowstemplar_n,454,359507,212.64,185.971,195,64
lt_gallowstemplar_n,455,8.63128e+06,203.853,187.184,180,64
lt_gallowstemplar_n,456,323359,205.711,185.669,186,64
lt_gallowstemplar_n,457,155126,215.811,184.213,199,64
lt_gallowstemplar_n,458,424776,201.782,186.426,180,64
lt_gallowstemplar_n,459,188909,194.953,184.326,174,64
lt_gallowstemplar_n,460,744393,202.539,190.841,182,64
lt_gallowstemplar_n,461,231241,206.468,191.355,188,64
lt_gallowstemplar_n,462,147999,199.924,188.225,174,64
lt_gallowstemplar_n,463,388859,195.853,188.296,172,64
lt_gallowstemplar_n,464,351164,214.752,189.841,188,64
lt_gallowstemplar_n,465,763430,198.468,189.841,180,64
lt_gallowstemplar_n,466,7.48328e+06,219.782,191.355,198,64
lt_gallowstemplar_n,467,262620,210.225,189.598,193,64
lt_gallowstemplar_n,468,343793,195.853,188.296,172,64
lt_gallowstemplar_n,469,399995,216.439,188.941,193,64
lt_gallowstemplar_n,470,164227,203.698,194.728,196,64
lt_gallowstemplar_n,471,407097,222.782,195.042,201,64
lt_gallowstemplar_n,472,610386,206.61,195.74,184,64
lt_gallowstemplar_n,473,701601,221.811,194.598,205,64
lt_gallowstemplar_n,474,9.1381e+06,208.681,192.255,184,64
lt_gallowstemplar_n,475,543464,220.125,195.698,200,64
lt_gallowstemplar_n,476,260275,212.811,192.87,196,64
lt_gallowstemplar_n,477,231515,203.711,194.983,184,64
lt_gallowstemplar_n,478,1.25527e+07,213.426,194.113,202,64
lt_gallowstemplar_n,479,1.19921e+07,213.255,195.213,201,64
lt_gallowstemplar_n,480,296460,213.225,196.113,196,64
lt_gallowstemplar_n,481,293755,206.296,198.74,187,64
lt_gallowstemplar_n,482,702102,210.326,199.941,196,64
lt_gallowstemplar_n,483,354580,227.782,198.87,206,64
lt_gallowstemplar_n,484,993269,218.782,196.841,197,64
lt_gallowstemplar_n,485,339333,238.338,196.698,212,64
lt_gallowstemplar_n,486,694725,217.468,198.113,199,64
lt_gallowstemplar_n,487,225888,217.983,196.042,202,64
lt_gallowstemplar_n,488,900637,239.865,198.569,204,64
lt_gallowstemplar_n,489,347869,214.497,197.385,201,64
lt_gallowstemplar_n,490,582746,223.468,201.87,205,64
lt_gallowstemplar_n,491,7.4777e+06,221.497,201.012,208,64
lt_gallowstemplar_n,492,459358,227.811,201.811,211,64
lt_gallowstemplar_n,493,9.96807e+06,229.338,201.255,203,64
lt_gallowstemplar_n,494,1.18866e+06,253.64,202.971,236,64
lt_gallowstemplar_n,495,293555,208.296,200.74,189,64
lt_gallowstemplar_n,496,166762,210.125,202.569,190,64
lt_gallowstemplar_n,497,238128,212.125,203.054,192,64
lt_gallowstemplar_n,498,380171,221.296,201.941,202,64
lt_gallowstemplar_n,499,269894,222.539,203.811,202,64
lt_gallowstemplar_n,500,281430,222.782,206.882,201,64
lt_gallowstemplar_n,501,1.30402e+07,248.338,206.598,222,64
lt_gallowstemplar_n,502,5.67362e+06,229.054,207.456,211,64
lt_gallowstemplar_n,503,1.43497e+06,239.368,206.698,218,64
lt_gallowstemplar_n,504,6.17433e+06,228.569,206.87,213,64
lt_gallowstemplar_n,505,7.04191e+06,205.054,205.054,187,64
lt_gallowstemplar_n,506,520422,219.238,206.368,190,64
lt_gallowstemplar_n,507,216202,226.882,205.184,208,64
lt_gallowstemplar_n,508,599591,236.439,207.284,213,64
lt_gallowstemplar_n,509,278592,224.439,206.598,201,64
lt_gallowstemplar_n,510,3.64115e+06,244.196,211.042,222,64
lt_gallowstemplar_n,511,2.26541e+07,209.054,209.054,191,64
lt_gallowstemplar_n,512,1.84872e+07,209.74,209.74,195,64
lt_gallowstemplar_n,513,705996,264.711,209.556,245,64
lt_gallowstemplar_n,514,928211,262.64,208.314,245,64
lt_gallowstemplar_n,515,503625,247.48,210.426,217,64
lt_gallowstemplar_n,516,5.01295e+06,223.598,208.284,213,64
lt_gallowstemplar_n,517,788765,231.238,209.882,202,64
lt_gallowstemplar_n,518,299784,237.823,210.811,209,64
lt_gallowstemplar_n,519,127128,215.882,208.326,197,64
lt_gallowstemplar_n,520,5.19175e+06,237.439,215.012,214,64
lt_gallowstemplar_n,521,394262,242.61,212.87,220,64
lt_gallowstemplar_n,522,202609,235.154,214.142,220,64
lt_gallowstemplar_n,523,3.08914e+06,231.154,214.385,216,64
lt_gallowstemplar_n,524,878764,230.397,213.527,214,64
lt_gallowstemplar_n,525,889650,264.953,213.213,244,64
lt_gallowstemplar_n,526,408277,252.196,214.598,230,64
lt_gallowstemplar_n,527,8.37593e+06,243.024,213.912,220,64
lt_gallowstemplar_n,528,325881,241.368,215.184,220,64
lt_gallowstemplar_n,529,414414,243.681,213.941,219,64
lt_gallowstemplar_n,530,1.24867e+07,255.64,217.255,238,64
lt_gallowstemplar_n,531,5.42319e+06,245.267,219.184,221,64
lt_gallowstemplar_n,532,9.07867e+06,236.77,219.941,227,64
lt_gallowstemplar_n,533,202669,241.225,218.941,224,64
lt_gallowstemplar_n,534,1.2615e+07,271.853,217.627,248,64
lt_gallowstemplar_n,535,1.35963e+07,246.64,218.941,229,64
lt_gallowstemplar_n,536,471553,255.539,217.355,235,64
lt_gallowstemplar_n,537,611359,231.095,216.326,206,64
lt_gallowstemplar_n,538,654758,238.811,217.213,222,64
lt_gallowstemplar_n,539,799966,230.74,218.355,216,64
lt_gallowstemplar_n,540,349435,233.539,220.083,213,64
lt_gallowstemplar_n,541,179712,232.083,220.042,219,64
lt_gallowstemplar_n,542,663660,249.74,222.184,235,64
lt_gallowstemplar_n,543,5.09699e+06,248.51,222.426,223,64
lt_gallowstemplar_n,544,7.30998e+06,257.882,222.77,239,64
lt_gallowstemplar_n,545,352972,251.723,222.669,220,64
lt_gallowstemplar_n,546,790722,233.468,223.083,215,64
lt_gallowstemplar_n,547,587530,243.924,223.255,218,64
lt_gallowstemplar_n,548,5.10218e+06,261.267,223.385,237,64
lt_gallowstemplar_n,549,5.92859e+06,236.255,222.113,224,64
lt_gallowstemplar_n,550,3.53562e+06,269.497,226.284,256,64
lt_gallowstemplar_n,551,7.24786e+06,243.539,224.912,223,64
lt_gallowstemplar_n,552,375467,253.196,224.284,231,64
lt_gallowstemplar_n,553,514444,254.024,226.024,231,64
lt_gallowstemplar_n,554,369500,257.137,225.355,225,64
lt_gallowstemplar_n,555,941367,282.296,227.142,263,64
lt_gallowstemplar_n,556,6.85149e+06,244.225,225.012,227,64
lt_gallowstemplar_n,557,1.10518e+07,244.255,226.012,232,64
lt_gallowstemplar_n,558,376656,246.61,225.355,224,64
lt_gallowstemplar_n,559,362157,247.966,225.539,215,64
lt_gallowstemplar_n,560,1.13392e+07,283.924,231.698,258,64
lt_gallowstemplar_n,561,2.72139e+06,262.953,231.598,242,64
lt_gallowstemplar_n,562,1.1128e+07,258.652,231.983,229,64
lt_gallowstemplar_n,563,293663,256.225,231.355,239,64
lt_gallowstemplar_n,564,1.19975e+07,256.752,228.083,230,64
lt_gallowstemplar_n,565,1.40086e+07,277.995,230.355,250,64
lt_gallowstemplar_n,566,579718,281.154,231.314,266,64
lt_gallowstemplar_n,567,1.44082e+07,249.154,228.083,234,64
lt_gallowstemplar_n,568,7.78567e+06,246.953,228.326,226,64
lt_gallowstemplar_n,569,886955,260.338,231.184,234,64
lt_gallowstemplar_n,570,369580,241.326,232.941,227,64
lt_gallowstemplar_n,571,4.21261e+06,266.853,234.527,243,64
lt_gallowstemplar_n,572,2.60552e+06,271.51,233.527,246,64
lt_gallowstemplar_n,573,1.13422e+06,285.296,232.385,266,64
lt_gallowstemplar_n,574,1.63037e+07,290.723,235.184,259,64
lt_gallowstemplar_n,575,1.03292e+07,253.184,234.012,243,64
lt_gallowstemplar_n,576,1.34929e+07,288.723,233.426,257,64
lt_gallowstemplar_n,577,234845,261.752,232.012,235,64
lt_gallowstemplar_n,578,1.19287e+07,243.426,233.083,232,64
lt_gallowstemplar_n,579,669099,255.397,233.698,239,64
lt_gallowstemplar_n,580,253446,259.368,238.355,238,64
lt_gallowstemplar_n,581,845015,263.882,236.142,245,64
lt_gallowstemplar_n,582,287392,260.409,236.083,232,64
lt_gallowstemplar_n,583,1.22255e+07,262.681,239.912,238,64
lt_gallowstemplar_n,584,1.04416e+07,263.752,236.255,237,64
lt_gallowstemplar_n,585,848001,264.054,237.971,246,64
lt_gallowstemplar_n,586,342289,256.853,236.426,233,64
lt_gallowstemplar_n,587,248035,261.64,237.698,244,64
lt_gallowstemplar_n,588,508358,246.882,236.255,228,64
lt_gallowstemplar_n,589,1.51213e+07,249.983,239.054,234,64
lt_gallowstemplar_n,590,292057,265.225,240.355,248,64
lt_gallowstemplar_n,591,338158,271.125,240.556,251,64
lt_gallowstemplar_n,592,1.11543e+07,287.439,241.941,264,64
lt_gallowstemplar_n,593,4.3885e+06,289.811,241.385,273,64
lt_gallowstemplar_n,594,354016,260.468,242.77,242,64
lt_gallowstemplar_n,595,282129,257.255,241.598,245,64
lt_gallowstemplar_n,596,324024,273.125,242.456,253,64
lt_gallowstemplar_n,597,524775,256.196,240.012,234,64
lt_gallowstemplar_n,598,344534,264.782,240.113,243,64
lt_gallowstemplar_n,599,556784,271.208,242.154,237,64
lt_gallowstemplar_n,600,545082,281.267,244.113,257,64
lt_gallowstemplar_n,601,1.03634e+07,276.409,246.711,248,64
lt_gallowstemplar_n,602,262111,271.296,247.355,252,64
lt_gallowstemplar_n,603,1.32792e+07,299.853,244.355,276,64
lt_gallowstemplar_n,604,6.50778e+06,279.095,247.255,254,64
lt_gallowstemplar_n,605,363916,275.652,244.255,246,64
lt_gallowstemplar_n,606,946852,272.882,245.326,254,64
lt_gallowstemplar_n,607,251803,284.095,245.912,259,64
lt_gallowstemplar_n,608,1.48204e+07,300.865,245.326,265,64
lt_gallowstemplar_n,609,275716,262.125,247.841,242,64
lt_gallowstemplar_n,610,1.05018e+07,262.953,251.64,242,64
lt_gallowstemplar_n,611,6.02187e+06,270.983,248.255,255,64
lt_gallowstemplar_n,612,1.03143e+07,279.995,251.125,252,64
lt_gallowstemplar_n,613,6.76792e+06,264.983,248.64,249,64
lt_gallowstemplar_n,614,765866,274.167,249.154,247,64
lt_gallowstemplar_n,615,620938,279.966,251.983,247,64
lt_gallowstemplar_n,616,1.28765e+07,265.77,251.569,256,64
lt_gallowstemplar_n,617,403823,278.338,249.426,252,64
lt_gallowstemplar_n,618,837998,284.309,251.497,253,64
lt_gallowstemplar_n,619,1.00539e+07,281.066,248.882,251,64
