map,scenid,tcost,distance,expect,steps,r
random-100-33,0,2127.6,6.82843,6.82843,7,128
random-100-33,1,1244.6,6,6,7,128
random-100-33,2,951.6,4.82843,4.82843,5,128
random-100-33,3,1243,6.41421,6.41421,7,128
random-100-33,4,1243.2,4.24264,4.24264,4,128
random-100-33,5,2131.4,7.82843,7.82843,8,128
random-100-33,6,1041.4,7.82843,7.82843,8,128
random-100-33,7,1505.8,7.41421,7.41421,8,128
random-100-33,8,1003,7.41421,7.41421,8,128
random-100-33,9,1029.8,5.82843,5.82843,6,128
random-100-33,10,1959,12.2426,11.4142,12,128
random-100-33,11,1638.8,9.24264,9.24264,9,128
random-100-33,12,1591.8,9,9,10,128
random-100-33,13,1822,10.4142,10.4142,11,128
random-100-33,14,1601,10.6569,10.6569,10,128
random-100-33,15,1016,8,8,9,128
random-100-33,16,964.2,8,8,9,128
random-100-33,17,1669,9.41421,9.41421,10,128
random-100-33,18,1651,11.4142,11.4142,12,128
random-100-33,19,1520.6,9.65685,9.65685,9,128
random-100-33,20,1690.6,12.4142,12.4142,13,128
random-100-33,21,2036.2,13.4142,13.4142,14,128
random-100-33,22,1924,14,14,15,128
random-100-33,23,3154.2,15.2426,15.2426,15,128
random-100-33,24,1883.8,15.4142,15.4142,16,128
random-100-33,25,2285.6,15.6569,14.8284,15,128
random-100-33,26,2112.2,14.6569,14.6569,14,128
random-100-33,27,5300.2,26.2426,15.4142,26,128
random-100-33,28,2241.4,14.8284,14.8284,15,128
random-100-33,29,2065,14.2426,14.2426,14,128
random-100-33,30,2545.8,17.2426,17.2426,17,128
random-100-33,31,2527.8,18.0711,18.0711,17,128
random-100-33,32,2366.4,20.2426,19.4142,20,128
random-100-33,33,4849.4,20.0711,19.4853,19,128
random-100-33,34,5804.2,25.4853,18.6569,24,128
random-100-33,35,2326,17.0711,17.0711,16,128
random-100-33,36,2417,21.2426,17.8284,21,128
random-100-33,37,2000.8,18.4142,18.4142,19,128
random-100-33,38,1948.6,18.8284,18.2426,19,128
random-100-33,39,4212.4,21.4853,19.2426,20,128
random-100-33,40,2891,22.2426,21.4142,22,128
random-100-33,41,2420.2,22.4142,20.4142,23,128
random-100-33,42,3336.2,24.6569,23.2426,24,128
random-100-33,43,6595.6,24.2426,20.8284,24,128
random-100-33,44,4674,27.4853,22.6569,26,128
random-100-33,45,4313.6,22.2426,22.2426,22,128
random-100-33,46,2814.6,23.2426,23.2426,23,128
random-100-33,47,2984.4,26.8284,22.2426,27,128
random-100-33,48,3175.6,23.6569,23.6569,23,128
random-100-33,49,6660,30.4853,20.8284,29,128
random-100-33,50,5539.4,29.3137,27.6569,27,128
random-100-33,51,4113.2,27.4853,27.4853,26,128
random-100-33,52,7137.2,27.2426,27.2426,27,128
random-100-33,53,5624.6,39.3137,27.8995,37,128
random-100-33,54,8514,37.4853,27.8284,36,128
random-100-33,55,17722.8,24.6569,24.6569,24,128
random-100-33,56,3754,28.4853,24.8284,27,128
random-100-33,57,4283.6,28.8995,25.2426,27,128
random-100-33,58,5862.6,34.8995,25.2426,33,128
random-100-33,59,5362.2,29.4853,27.4853,28,128
random-100-33,60,4530.6,29.0711,29.0711,28,128
random-100-33,61,7711.6,33.7279,31.4853,31,128
random-100-33,62,4732.2,29.8995,28.4853,28,128
random-100-33,63,3532.4,30.8284,30.8284,31,128
random-100-33,64,5153.2,31.4853,29.4853,30,128
random-100-33,65,14285.4,30.2426,30.2426,30,128
random-100-33,66,4650.8,35.0711,28.4853,34,128
random-100-33,67,4882.2,32.3848,31.5563,28,128
random-100-33,68,5814.4,28.8995,28.0711,27,128
random-100-33,69,5065.4,32.3848,31.5563,28,128
random-100-33,70,6435.4,37.3137,35.8995,35,128
random-100-33,71,5538.8,40.3137,35.7279,38,128
random-100-33,72,6064.8,33.8995,33.0711,32,128
random-100-33,73,5535.2,39.7279,32.6569,37,128
random-100-33,74,5798,35.8995,35.8995,34,128
random-100-33,75,5323.6,34.4853,34.4853,33,128
random-100-33,76,3813,33.4853,32.6569,32,128
random-100-33,77,4131,34.8995,32.8995,33,128
random-100-33,78,13473.8,35.8995,34.4853,34,128
random-100-33,79,7443.8,41.6569,35.8995,41,128
random-100-33,80,9884.6,38.7279,37.8995,36,128
random-100-33,81,4706,39.6569,37.0711,39,128
random-100-33,82,5629,39.4853,39.4853,38,128
random-100-33,83,13937.8,64.1421,38.4853,61,128
random-100-33,84,21222.4,38.0711,38.0711,37,128
random-100-33,85,5565.6,38.0711,36.4142,37,128
random-100-33,86,32703.6,38.8284,37.6569,39,128
random-100-33,87,4745.4,37.7279,36.3137,35,128
random-100-33,88,6047,38.7279,38.7279,36,128
random-100-33,89,6477.8,36.8995,36.0711,35,128
random-100-33,90,9658,51.7279,43.4853,49,128
random-100-33,91,5451.4,45.4853,43.4853,44,128
random-100-33,92,7030.2,53.1421,43.4853,50,128
random-100-33,93,5310.8,42.4853,40.4853,41,128
random-100-33,94,6458,43.3137,41.8995,41,128
random-100-33,95,15623,43.6569,41.6569,43,128
random-100-33,96,6182.2,44.1421,42.7279,41,128
random-100-33,97,7313.6,51.5563,43.3137,48,128
random-100-33,98,7885,41.1421,41.1421,38,128
random-100-33,99,8616.8,43.7279,41.4853,41,128
random-100-33,100,7889,49.9706,47.1421,46,128
random-100-33,101,11068.2,49.3137,45.3137,47,128
random-100-33,102,6069.4,47.7279,44.0711,45,128
random-100-33,103,8203,53.1421,44.3137,50,128
random-100-33,104,35067.4,55.0416,47.4853,49,128
random-100-33,105,9593.2,51.3137,47.6569,49,128
random-100-33,106,9990.8,54.3137,47.4853,52,128
random-100-33,107,25043.8,61.1421,44.5563,58,128
random-100-33,108,9015.2,46.0711,46.0711,45,128
random-100-33,109,9278.2,47.7279,46.8995,45,128
random-100-33,110,9172.4,50.8995,50.8995,49,128
random-100-33,111,19767.2,63.7279,50.0711,61,128
random-100-33,112,15256.4,59.1421,50.3137,56,128
random-100-33,113,21789.4,50.3137,49.4853,48,128
random-100-33,114,10127.8,53.1421,50.3137,50,128
random-100-33,115,9706.8,55.1421,49.7279,52,128
random-100-33,116,10498.2,66.8995,50.6569,65,128
random-100-33,117,23612.8,69.4558,50.1421,63,128
random-100-33,118,9918.8,60.5563,51.3848,57,128
random-100-33,119,10489.4,59.9706,51.8284,56,128
random-100-33,120,8924.4,55.4558,54.6274,49,128
random-100-33,121,11812,62.8995,52.6569,61,128
random-100-33,122,10572.4,63.1421,55.7279,60,128
random-100-33,123,8221.8,56.1421,55.3137,53,128
random-100-33,124,14210.4,54.5563,53.7279,51,128
random-100-33,125,18331.2,58.3848,54.7279,54,128
random-100-33,126,9457.6,55.7279,52.3137,53,128
random-100-33,127,25394.8,60.6274,53.2132,55,128
random-100-33,128,7361.8,55.799,52.7279,51,128
random-100-33,129,25379.6,63.5563,55.8995,60,128
random-100-33,130,17118.6,63.9706,56.8995,60,128
random-100-33,131,9546.2,59.3848,56.5563,55,128
random-100-33,132,73901.6,131.698,58.3848,124,128
random-100-33,133,12431,61.1421,56.8995,58,128
random-100-33,134,13633,65.3137,56.1421,63,128
random-100-33,135,13003.8,65.2132,58.9706,60,128
random-100-33,136,10423.6,58.5563,57.7279,55,128
random-100-33,137,20504,58.9706,56.9706,55,128
random-100-33,138,36672.6,74.799,58.5563,70,128
random-100-33,139,19603.2,83.8701,57.3848,77,128
random-100-33,140,12010,73.2132,62.3848,68,128
random-100-33,141,10971,64.799,62.3137,60,128
random-100-33,142,36025,66.6274,63.3137,61,128
random-100-33,143,13665.2,65.799,63.5563,61,128
random-100-33,144,12764.4,73.3848,61.3848,69,128
random-100-33,145,10165.2,63.5563,62.1421,60,128
random-100-33,146,17508,83.9706,63.7279,80,128
random-100-33,147,11391.8,73.799,62.1421,69,128
random-100-33,148,10498.6,66.1421,62.3848,63,128
random-100-33,149,29071.6,62.9706,62.9706,59,128
random-100-33,150,28082.4,71.3137,66.7279,69,128
random-100-33,151,15513.8,68.9706,66.3848,65,128
random-100-33,152,12029.6,70.3848,64.4853,66,128
random-100-33,153,34612.4,83.2132,66.6274,78,128
random-100-33,154,40927.2,83.9706,66.3137,80,128
random-100-33,155,16415.8,72.0416,65.5563,66,128
random-100-33,156,18135.2,73.799,67.3137,69,128
random-100-33,157,49289.2,118.87,67.5563,112,128
random-100-33,158,17795.2,80.3848,67.799,76,128
random-100-33,159,16032.8,74.0416,67.799,68,128
random-100-33,160,23606.8,80.0416,69.799,74,128
random-100-33,161,23722.6,76.9706,68.1421,73,128
random-100-33,162,10050,75.2132,71.799,70,128
random-100-33,163,17206.6,75.0416,68.2132,69,128
random-100-33,164,19859.8,70.3848,68.9706,66,128
random-100-33,165,15184.4,87.5563,69.3137,84,128
random-100-33,166,19632,74.4558,71.3848,68,128
random-100-33,167,9665.6,74.2132,69.9706,69,128
random-100-33,168,30091.4,82.2132,71.6274,77,128
random-100-33,169,28202.2,87.3848,69.7279,83,128
random-100-33,170,15739.4,90.8701,75.5563,84,128
random-100-33,171,19356.6,93.799,75.5563,89,128
random-100-33,172,15586,78.9706,73.3137,75,128
random-100-33,173,108402,103.627,73.3848,98,128
random-100-33,174,15476.8,91.2132,72.9706,86,128
random-100-33,175,109767,81.6274,75.7279,76,128
random-100-33,176,31407.4,82.2843,75.2132,75,128
random-100-33,177,12614.6,77.799,74.3848,73,128
random-100-33,178,14887.2,83.1421,75.3848,80,128
random-100-33,179,35691,83.2132,72.7279,78,128
random-100-33,180,17993.8,86.3137,78.799,84,128
random-100-33,181,11271.2,79.799,76.3848,75,128
random-100-33,182,16005.4,83.6274,78.5563,78,128
random-100-33,183,21642.4,83.8701,77.6274,77,128
random-100-33,184,23452.6,83.3848,76.8995,79,128
random-100-33,185,15397.8,87.1127,76.3848,79,128
random-100-33,186,66208.2,116.799,79.1421,112,128
random-100-33,187,16701.4,86.2132,77.6274,81,128
random-100-33,188,38464.8,122.012,79.0416,111,128
random-100-33,189,31706,97.8701,77.3848,91,128
random-100-33,190,39429.4,90.2843,81.799,83,128
random-100-33,191,16437.8,96.0416,83.2132,90,128
random-100-33,192,20471.4,85.0416,80.5563,79,128
random-100-33,193,18654.4,94.2843,81.799,87,128
random-100-33,194,15686.8,88.8701,83.4558,82,128
random-100-33,195,19153.2,95.5269,82.799,87,128
random-100-33,196,19616.4,97.2132,80.9706,92,128
random-100-33,197,70185.2,105.77,83.3848,96,128
random-100-33,198,50995.8,88.2132,81.1421,83,128
random-100-33,199,16934.4,87.6274,80.5563,82,128
random-100-33,200,21345.2,87.3848,84.3137,83,128
random-100-33,201,29522.6,101.355,85.799,92,128
random-100-33,202,21629.6,90.3848,85.5563,86,128
random-100-33,203,21547.6,92.2843,84.1421,85,128
random-100-33,204,17243.6,88.2132,87.3848,83,128
random-100-33,205,41414.4,95.3553,86.0416,86,128
random-100-33,206,125102,131.456,86.4853,125,128
random-100-33,207,32843.8,101.527,85.1421,93,128
random-100-33,208,17700.4,96.8701,87.5563,90,128
random-100-33,209,18467.8,98.6274,86.8701,93,128
random-100-33,210,26126.4,98.2843,91.3137,91,128
random-100-33,211,16274.4,100.456,89.1421,94,128
random-100-33,212,19225.2,112.213,89.1421,107,128
random-100-33,213,26134.4,98.6985,91.7279,91,128
random-100-33,214,94937.4,115.184,91.1421,105,128
random-100-33,215,29492.4,108.456,91.9706,102,128
random-100-33,216,27442.8,108.698,89.3848,101,128
random-100-33,217,21862.2,95.3848,91.0416,91,128
random-100-33,218,300122,112.971,89.5563,109,128
random-100-33,219,26361.2,96.2132,91.3848,91,128
random-100-33,220,32954.8,107.142,92.5563,104,128
random-100-33,221,18930,100.113,93.8701,92,128
random-100-33,222,85554.6,125.698,93.5563,118,128
random-100-33,223,23118.6,101.698,95.2132,94,128
random-100-33,224,57276.6,149.598,95.3137,139,128
random-100-33,225,16677.6,97.1838,94.3553,87,128
random-100-33,226,124006,112.87,93.2132,106,128
random-100-33,227,24122,97.2132,92.1421,92,128
random-100-33,228,44498.6,94.9706,94.1421,91,128
random-100-33,229,64879.2,113.042,94.2132,107,128
random-100-33,230,34923,116.355,97.3848,107,128
random-100-33,231,27231.8,121.627,99.0416,116,128
random-100-33,232,27826.6,120.456,97.8701,114,128
random-100-33,233,22751,100.627,96.3848,95,128
random-100-33,234,19710,106.799,99.1421,102,128
random-100-33,235,24795.6,112.598,98.5563,102,128
random-100-33,236,66301.6,109.698,99.6985,102,128
random-100-33,237,49571.4,118.87,96.3848,112,128
random-100-33,238,22861.4,105.284,96.4558,98,128
random-100-33,239,38103.8,118.627,96.3848,113,128
random-100-33,240,28411.6,120.456,102.456,114,128
random-100-33,241,22426.6,114.87,101.799,108,128
random-100-33,242,62813.8,121.456,101.213,115,128
random-100-33,243,74612.8,129.87,100.799,123,128
random-100-33,244,38111.8,121.113,101.556,113,128
random-100-33,245,37152.8,133.355,103.799,124,128
random-100-33,246,66168.4,121.042,101.385,115,128
random-100-33,247,22036.8,110.385,102.87,106,128
random-100-33,248,59246.4,108.527,100.971,100,128
random-100-33,249,39065.6,120.184,103.213,110,128
random-100-33,250,23590.6,117.456,104.971,111,128
random-100-33,251,26499.4,122.426,105.941,111,128
random-100-33,252,45779.2,155.527,107.042,147,128
random-100-33,253,23138.4,126.284,107.799,119,128
random-100-33,254,75032.6,160.841,107.971,149,128
random-100-33,255,133998,173.255,106.627,161,128
random-100-33,256,91623.4,121.87,105.627,115,128
random-100-33,257,29407,123.456,107.213,117,128
random-100-33,258,31122,119.527,107.87,111,128
random-100-33,259,70161.2,128.184,104.87,118,128
random-100-33,260,25600,122.284,109.113,115,128
random-100-33,261,27875,126.255,108.456,114,128
random-100-33,262,194190,171.184,109.87,161,128
random-100-33,263,25141.4,127.426,110.799,116,128
random-100-33,264,82790.6,156.598,111.385,146,128
random-100-33,265,32602.4,140.012,111.385,129,128
random-100-33,266,75608.8,116.627,109.799,111,128
random-100-33,267,79160.6,140.012,111.627,129,128
random-100-33,268,64849.8,133.527,110.799,125,128
random-100-33,269,33910.8,131.012,110.385,120,128
random-100-33,270,35338.6,137.941,115.698,129,128
random-100-33,271,37048.4,126.77,113.698,117,128
random-100-33,272,60796,145.841,114.385,134,128
random-100-33,273,29247,133.184,113.184,123,128
random-100-33,274,51050,158.669,113.456,146,128
random-100-33,275,26743.2,123.941,113.456,115,128
random-100-33,276,41873.2,140.841,115.527,129,128
random-100-33,277,608962,119.941,115.941,111,128
random-100-33,278,26348.2,124.87,113.799,118,128
random-100-33,279,58692,155.497,114.042,142,128
random-100-33,280,45130,135.77,116.698,126,128
random-100-33,281,29945.8,129.355,119.456,120,128
random-100-33,282,22583.8,118.598,116.598,108,128
random-100-33,283,140661,129.042,117.87,123,128
random-100-33,284,24595.6,127.355,117.213,118,128
random-100-33,285,195008,166.426,119.355,155,128
random-100-33,286,42810,136.355,118.213,127,128
random-100-33,287,35953.2,130.598,119.87,120,128
random-100-33,288,24307.8,129.012,117.113,118,128
random-100-33,289,60515.6,122.213,116.799,117,128
random-100-33,290,55062.4,157.355,120.87,148,128
random-100-33,291,27923.2,136.698,120.799,129,128
random-100-33,292,113800,156.527,123.698,148,128
random-100-33,293,29484.8,130.113,121.042,122,128
random-100-33,294,47575.8,155.426,123.042,144,128
random-100-33,295,216364,183.598,123.698,173,128
random-100-33,296,48135.2,142.669,123.698,130,128
random-100-33,297,88428.2,152.184,120.385,142,128
random-100-33,298,38824.6,141.841,123.456,130,128
random-100-33,299,51148.2,154.113,120.799,146,128
random-100-33,300,70595,136.527,125.113,128,128
random-100-33,301,87557,168.355,124.456,159,128
random-100-33,302,141395,160.355,124.113,151,128
random-100-33,303,49773.4,173.184,126.456,163,128
random-100-33,304,32946.2,145.912,126.456,132,128
random-100-33,305,373587,140.941,124.113,132,128
random-100-33,306,227230,154.184,127.698,144,128
random-100-33,307,139918,158.426,125.113,147,128
random-100-33,308,48810,154.426,125.698,143,128
random-100-33,309,104358,179.497,125.799,166,128
random-100-33,310,72751.2,143.184,131.042,133,128
random-100-33,311,54681.2,162.698,130.213,155,128
random-100-33,312,140138,161.77,130.456,152,128
random-100-33,313,36176.4,150.426,130.284,139,128
random-100-33,314,47676.4,152.184,128.284,142,128
random-100-33,315,155528,155.841,130.284,144,128
random-100-33,316,51376.2,160.355,130.113,151,128
random-100-33,317,46676.4,154.77,129.456,145,128
random-100-33,318,82106.2,167.912,130.113,154,128
random-100-33,319,34729.6,141.698,131.698,134,128
random-100-33,320,50401.4,165.841,134.627,154,128
random-100-33,321,229752,198.326,133.113,184,128
random-100-33,322,49104,162.012,133.87,151,128
random-100-33,323,81094.2,167.326,132.113,153,128
random-100-33,324,55624.8,148.74,132.698,134,128
random-100-33,325,133446,205.397,132.87,189,128
random-100-33,326,624167,164.426,134.527,153,128
random-100-33,327,82070.6,162.012,134.355,151,128
random-100-33,328,76285.6,181.598,133.213,171,128
random-100-33,329,100354,168.669,132.527,156,128
random-100-33,330,64277.4,176.083,138.77,163,128
random-100-33,331,34346,149.426,136.598,138,128
random-100-33,332,50070.8,145.669,138.598,133,128
random-100-33,333,128316,165.184,139.284,155,128
random-100-33,334,126339,148.941,138.113,140,128
random-100-33,335,56325.4,154.669,137.456,142,128
random-100-33,336,52858,159.497,138.77,146,128
random-100-33,337,32963.2,149.012,137.113,138,128
random-100-33,338,31660,156.255,138.941,144,128
random-100-33,339,30314,157.598,137.012,147,128
random-100-33,340,1.3209e+06,143.012,141.841,132,128
random-100-33,341,40745.2,152.083,142.284,139,128
random-100-33,342,98013.6,200.74,143.042,186,128
random-100-33,343,59593.8,159.426,142.113,148,128
random-100-33,344,48647.8,169.841,142.284,158,128
random-100-33,345,57069.4,150.527,142.87,142,128
random-100-33,346,37587.6,155.598,140.042,145,128
random-100-33,347,57685.6,178.255,141.77,166,128
random-100-33,348,38151.6,162.912,141.698,149,128
random-100-33,349,42456.6,150.012,142.012,139,128
random-100-33,350,457008,146.698,146.698,139,128
random-100-33,351,64359,160.77,145.941,151,128
random-100-33,352,65310.4,182.527,145.456,174,128
random-100-33,353,75967.4,151.012,145.456,140,128
random-100-33,354,859836,209.983,146.87,194,128
random-100-33,355,45857.8,176.669,146.669,164,128
random-100-33,356,75180.4,159.77,144.355,150,128
random-100-33,357,116328,160.255,147.77,148,128
random-100-33,358,37523.8,156.598,144.698,146,128
random-100-33,359,52312.4,168.083,145.456,155,128
random-100-33,360,78264.6,168.426,150.284,157,128
random-100-33,361,66610.8,211.74,150.527,197,128
random-100-33,362,284149,185.983,150.669,170,128
random-100-33,363,79842,193.154,151.113,178,128
random-100-33,364,50687.8,176.426,149.355,165,128
random-100-33,365,103101,222.154,148.698,207,128
random-100-33,366,91374,159.669,148.456,147,128
random-100-33,367,110423,188.012,149.284,177,128
random-100-33,368,73629.8,188.598,149.627,178,128
random-100-33,369,37294.2,168.912,151.355,155,128
random-100-33,370,47306.6,179.841,155.113,168,128
random-100-33,371,38717.8,162.497,153.426,149,128
random-100-33,372,92714,215.74,155.456,201,128
random-100-33,373,55733,168.426,152.669,157,128
random-100-33,374,205196,228.154,155.527,213,128
random-100-33,375,166297,193.669,154.113,181,128
random-100-33,376,430024,204.669,154.042,192,128
random-100-33,377,77416.8,162.083,153.113,149,128
random-100-33,378,220627,190.841,153.042,179,128
random-100-33,379,455248,188.77,155.456,179,128
random-100-33,380,119472,212.74,156.941,198,128
random-100-33,381,76004.2,184.983,157.669,169,128
random-100-33,382,65588.4,195.598,156.284,185,128
random-100-33,383,88691,191.154,158.77,176,128
random-100-33,384,45887.8,180.012,156.456,169,128
random-100-33,385,67882.2,181.841,159.213,170,128
random-100-33,386,120261,180.912,158.669,167,128
random-100-33,387,92943.8,213.983,159.841,198,128
random-100-33,388,38497.8,167.669,157.426,155,128
random-100-33,389,204130,197.598,159.698,187,128
random-100-33,390,83347.6,210.811,163.113,194,128
random-100-33,391,53294.8,194.426,162.426,183,128
random-100-33,392,110094,206.326,163.941,192,128
random-100-33,393,73669.6,211.012,162.77,200,128
random-100-33,394,104581,239.811,162.355,223,128
random-100-33,395,1.42143e+06,189.569,161.083,174,128
random-100-33,396,253347,236.953,160.669,216,128
random-100-33,397,70967.4,207.569,162.941,192,128
random-100-33,398,41306,181.426,160.012,170,128
random-100-33,399,126110,193.669,163.083,181,128
random-100-33,400,192397,203.77,166.698,194,128
random-100-33,401,1.10175e+06,199.74,164.77,185,128
random-100-33,402,235182,214.669,165.941,202,128
random-100-33,403,115284,208.64,165.527,191,128
random-100-33,404,130834,248.154,164.698,233,128
random-100-33,405,147121,206.569,167.012,191,128
random-100-33,406,170360,221.841,167.941,210,128
random-100-33,407,414047,178.426,165.456,167,128
random-100-33,408,89244.6,211.012,164.527,200,128
random-100-33,409,106858,219.225,164.113,202,128
random-100-33,410,661455,195.326,171.527,181,128
random-100-33,411,146511,218.497,171.77,205,128
random-100-33,412,43790.6,190.255,169.426,178,128
random-100-33,413,103855,217.355,171.113,208,128
random-100-33,414,349723,248.811,171.941,232,128
random-100-33,415,90723.8,225.882,169.698,207,128
random-100-33,416,202498,216.255,168.113,204,128
random-100-33,417,73205.8,210.669,171.456,198,128
random-100-33,418,70047.6,207.669,168.941,195,128
random-100-33,419,257645,195.154,170.527,180,128
random-100-33,420,107191,236.711,172.912,217,128
random-100-33,421,85463.6,217.154,174.184,202,128
random-100-33,422,522503,201.497,172.77,188,128
random-100-33,423,351327,214.841,172.598,203,128
random-100-33,424,294621,218.083,173.941,205,128
random-100-33,425,68526.6,204.083,173.456,191,128
random-100-33,426,101164,212.669,173.355,200,128
random-100-33,427,65246.6,191.184,175.042,181,128
random-100-33,428,532121,213.083,173.284,200,128
random-100-33,429,72539.2,186.326,172.083,172,128
random-100-33,430,73844,219.326,177.527,205,128
random-100-33,431,97841.2,217.912,176.456,204,128
random-100-33,432,531925,215.083,176.113,202,128
random-100-33,433,1.08481e+06,257.468,179.527,239,128
random-100-33,434,439759,202.154,176.113,187,128
random-100-33,435,174458,205.74,178.527,191,128
random-100-33,436,284524,222.497,178.355,209,128
random-100-33,437,317637,246.64,176.012,229,128
random-100-33,438,120175,223.225,178.355,206,128
random-100-33,439,75583.2,207.326,176.497,193,128
random-100-33,440,262691,206.154,181.527,191,128
random-100-33,441,135102,241.468,183.184,223,128
random-100-33,442,1.15899e+07,217.569,181.87,202,128
random-100-33,443,1.55882e+06,249.468,180.355,231,128
random-100-33,444,1.14234e+06,222.255,183.184,210,128
random-100-33,445,1.7403e+06,252.397,180.941,236,128
random-100-33,446,149013,221.983,180.184,206,128
random-100-33,447,249293,223.426,180.113,212,128
random-100-33,448,73914.8,222.811,180.184,206,128
random-100-33,449,95660.6,221.669,181.527,209,128
random-100-33,450,547399,224.912,187.941,211,128
random-100-33,451,433874,234.468,186.426,216,128
random-100-33,452,191563,233.083,184.941,220,128
random-100-33,453,1.2708e+06,211.326,187.527,197,128
random-100-33,454,1.65827e+06,209.154,185.355,194,128
random-100-33,455,79509.6,225.154,184.77,210,128
random-100-33,456,104790,224.912,185.598,211,128
random-100-33,457,81906.6,224.811,186.77,208,128
random-100-33,458,247915,230.669,184.527,218,128
random-100-33,459,106657,211.983,187.355,196,128
random-100-33,460,1.12996e+06,227.669,191.77,215,128
random-100-33,461,96425.8,231.397,188.77,215,128
random-100-33,462,3.05607e+06,256.811,188.184,240,128
random-100-33,463,77530.6,230.154,188.598,215,128
random-100-33,464,99719.8,233.569,190.941,218,128
random-100-33,465,101078,224.74,188.598,210,128
random-100-33,466,2.60637e+06,258.64,191.77,241,128
random-100-33,467,91319.2,236.468,189.598,218,128
random-100-33,468,8.38675e+06,250.468,188.184,232,128
random-100-33,469,229685,238.083,191.113,225,128
random-100-33,470,1.34622e+07,254.711,194.184,235,128
random-100-33,471,290599,240.326,192.184,226,128
random-100-33,472,289991,242.326,194.184,228,128
random-100-33,473,172680,242.326,192.184,228,128
random-100-33,474,99411,231.154,193.012,216,128
random-100-33,475,251314,236.497,192.355,223,128
random-100-33,476,1.32196e+06,206.497,193.77,193,128
random-100-33,477,2.35095e+06,231.841,193.355,220,128
random-100-33,478,102296,233.983,195.598,218,128
random-100-33,479,251901,237.912,193.184,224,128
random-100-33,480,3.05112e+06,214.083,198.77,201,128
random-100-33,481,191050,210.497,196.355,197,128
random-100-33,482,2.00277e+06,223.983,196.77,208,128
random-100-33,483,973527,214.426,196.527,203,128
random-100-33,484,453444,231.255,196.184,219,128
random-100-33,485,264859,250.326,197.598,236,128
random-100-33,486,186757,210.497,196.355,197,128
random-100-33,487,1.11079e+06,226.255,197.527,214,128
random-100-33,488,1.50394e+06,225.426,199.184,214,128
random-100-33,489,390194,225.74,197.012,211,128
