map,scenid,tcost,distance,expect,steps,r
room-100-10,0,6092.2,6.65685,6.65685,6,4
room-100-10,1,2607.2,5.24264,4.41421,5,4
room-100-10,2,3939.6,7.82843,7.82843,8,4
room-100-10,3,1946.6,5.65685,4.82843,5,4
room-100-10,4,3433.8,6.65685,6.65685,6,4
room-100-10,5,2266.4,6.24264,5.41421,6,4
room-100-10,6,2072.6,8.07107,6.41421,7,4
room-100-10,7,2133.4,6.65685,5.82843,6,4
room-100-10,8,1832.4,7.07107,6.24264,6,4
room-100-10,9,6511.4,6.82843,6.82843,7,4
room-100-10,10,2901.2,11.4853,9.82843,10,4
room-100-10,11,4077.6,12.8995,11.2426,11,4
room-100-10,12,2988.8,11.8995,11.0711,10,4
room-100-10,13,9791,13.0711,11.4142,12,4
room-100-10,14,3902.4,9.65685,9.65685,9,4
room-100-10,15,3696.8,12.4853,10.8284,11,4
room-100-10,16,9425.4,12.4853,11.6569,11,4
room-100-10,17,2840.2,12.4853,11.6569,11,4
room-100-10,18,6141,13.8995,11.4142,12,4
room-100-10,19,4485.6,9.82843,9.82843,10,4
room-100-10,20,5274,14.7279,12.2426,12,4
room-100-10,21,8097.8,16.4853,15.6569,15,4
room-100-10,22,5076.8,17.3137,15.6569,15,4
room-100-10,23,6381.6,18.1421,14.2426,15,4
room-100-10,24,5380.8,12.8995,12.8995,11,4
room-100-10,25,7735.6,16.7279,15.8995,14,4
room-100-10,26,3339.2,13.3137,12.4853,11,4
room-100-10,27,4441.4,16.1421,13.6569,13,4
room-100-10,28,3654.6,16.4853,14.8284,15,4
room-100-10,29,4791.6,18.7279,15.6569,16,4
room-100-10,30,22207.4,16.0711,16.0711,15,4
room-100-10,31,11287.2,18.6569,18.6569,18,4
room-100-10,32,8845,20.9706,19.3137,17,4
room-100-10,33,12369.8,19.3137,17.6569,17,4
room-100-10,34,10723.8,17.4853,17.4853,16,4
room-100-10,35,4538.6,22.1421,18.8284,19,4
room-100-10,36,21670.6,16.0711,16.0711,15,4
room-100-10,37,5779.4,20.5563,17.2426,17,4
room-100-10,38,17967.8,20.0711,19.2426,19,4
room-100-10,39,5909.8,20.9706,17.8995,17,4
room-100-10,40,33656,21.3137,21.3137,19,4
room-100-10,41,8190.6,24.1421,20.8284,21,4
room-100-10,42,24636.8,21.8995,21.0711,20,4
room-100-10,43,14077.6,21.5563,20.7279,18,4
room-100-10,44,45561.2,23.2426,23.2426,23,4
room-100-10,45,5668.4,21.7279,20.8995,19,4
room-100-10,46,18019.6,23.8284,23.8284,24,4
room-100-10,47,36166.2,22.3137,21.4853,20,4
room-100-10,48,10178.2,24.1421,21.6569,21,4
room-100-10,49,20862.6,21.8995,21.8995,20,4
room-100-10,50,33515.2,28.3137,27.4853,26,4
room-100-10,51,15935.2,29.2132,27.5563,24,4
room-100-10,52,41235.2,26.8995,26.8995,25,4
room-100-10,53,29354.4,26.3137,26.3137,24,4
room-100-10,54,47915.6,27.5563,27.5563,24,4
room-100-10,55,6354.2,25.1421,24.3137,22,4
room-100-10,56,40357.4,26.4853,26.4853,25,4
room-100-10,57,8402.4,29.2132,26.7279,24,4
room-100-10,58,9775.6,26.7279,25.8995,24,4
room-100-10,59,49498.6,28.1421,27.3137,25,4
room-100-10,60,57268.8,31.8995,31.8995,30,4
room-100-10,61,62935.2,31.799,31.799,27,4
room-100-10,62,17977,30.6274,28.9706,25,4
room-100-10,63,60486.4,29.7279,29.7279,27,4
room-100-10,64,54166.4,28.0711,28.0711,27,4
room-100-10,65,13268.2,28.3137,28.3137,26,4
room-100-10,66,51746.4,29.1421,29.1421,26,4
room-100-10,67,37410,30.5563,29.7279,27,4
room-100-10,68,33715,32.9706,31.3137,29,4
room-100-10,69,20632.4,30.1421,28.4853,27,4
room-100-10,70,69918,33.799,32.9706,29,4
room-100-10,71,35662,33.1421,33.1421,30,4
room-100-10,72,42684.4,35.5563,35.5563,32,4
room-100-10,73,29110.8,33.1421,32.3137,30,4
room-100-10,74,23407.2,33.9706,32.3137,30,4
room-100-10,75,123370,34.799,33.9706,30,4
room-100-10,76,40834,35.0416,33.3848,29,4
room-100-10,77,50980.6,33.9706,33.9706,30,4
room-100-10,78,24567.2,35.799,34.1421,31,4
room-100-10,79,43990.4,33.3848,32.799,29,4
room-100-10,80,27006.2,41.2132,39.5563,36,4
room-100-10,81,84626,39.6274,39.6274,34,4
room-100-10,82,53378.2,39.9706,39.1421,36,4
room-100-10,83,45447.8,36.799,36.799,32,4
room-100-10,84,89338.6,39.5563,38.7279,36,4
room-100-10,85,56325.6,36.1421,36.1421,33,4
room-100-10,86,101887,39.4558,37.799,33,4
room-100-10,87,46719.4,36.7279,36.7279,34,4
room-100-10,88,70296.2,38.8701,36.3848,32,4
room-100-10,89,85719,41.2843,39.6274,34,4
room-100-10,90,76742,42.9706,41.5563,39,4
room-100-10,91,131497,41.3137,41.3137,39,4
room-100-10,92,44303.2,43.799,42.1421,39,4
room-100-10,93,44313.8,43.1421,42.3137,40,4
room-100-10,94,135657,43.3848,42.5563,39,4
room-100-10,95,90767.6,40.3848,40.3848,36,4
room-100-10,96,49729.6,42.9706,42.9706,39,4
room-100-10,97,128219,43.7279,43.7279,41,4
room-100-10,98,85892.4,42.3848,41.5563,38,4
room-100-10,99,65485,44.2843,43.4558,37,4
room-100-10,100,62266.8,46.0416,45.2132,40,4
room-100-10,101,119629,46.2132,46.2132,41,4
room-100-10,102,100833,50.3553,47.8701,41,4
room-100-10,103,164421,48.2132,47.3848,43,4
room-100-10,104,54073.6,47.6274,45.1421,42,4
room-100-10,105,51967,46.3848,46.3848,42,4
room-100-10,106,72798.8,48.6274,46.9706,43,4
room-100-10,107,65415.4,47.3848,46.5563,43,4
room-100-10,108,118706,45.3137,45.3137,43,4
room-100-10,109,62883,47.9706,47.1421,44,4
room-100-10,110,112904,50.5269,48.0416,42,4
room-100-10,111,169412,50.0416,50.0416,44,4
room-100-10,112,134391,50.4558,48.2132,44,4
room-100-10,113,117539,52.2132,51.3848,47,4
room-100-10,114,83358.6,49.6274,49.6274,44,4
room-100-10,115,196675,50.2843,49.4558,43,4
room-100-10,116,145900,50.6274,50.6274,45,4
room-100-10,117,82607.2,48.9706,48.9706,45,4
room-100-10,118,77649,49.0416,49.0416,43,4
room-100-10,119,65456.2,48.1421,48.1421,45,4
room-100-10,120,90268.6,52.8701,52.0416,46,4
room-100-10,121,91828.2,55.6274,54.799,50,4
room-100-10,122,53432.6,53.3848,53.3848,49,4
room-100-10,123,172675,53.799,53.799,49,4
room-100-10,124,84780.4,53.2132,53.2132,48,4
room-100-10,125,121553,52.9706,52.9706,49,4
room-100-10,126,46360.8,52.9706,52.9706,49,4
room-100-10,127,153418,53.5563,53.5563,50,4
room-100-10,128,82035.4,52.9706,52.9706,49,4
room-100-10,129,46751.4,53.5563,52.7279,50,4
room-100-10,130,283627,57.8701,57.8701,51,4
room-100-10,131,126558,59.3848,58.5563,55,4
room-100-10,132,172765,57.6274,57.6274,52,4
room-100-10,133,150009,57.3848,57.3848,53,4
room-100-10,134,111135,58.4558,57.6274,52,4
room-100-10,135,94278.6,59.2132,59.2132,54,4
room-100-10,136,59979,60.4558,57.3848,54,4
room-100-10,137,117159,58.6985,58.6985,51,4
room-100-10,138,162246,60.799,59.9706,56,4
room-100-10,139,85639.4,56.0416,56.0416,50,4
room-100-10,140,149253,63.8701,62.2132,57,4
room-100-10,141,218028,63.3848,63.3848,59,4
room-100-10,142,266678,63.3553,61.6985,54,4
room-100-10,143,190171,62.799,61.9706,58,4
room-100-10,144,149977,62.1127,62.1127,54,4
room-100-10,145,265179,61.5269,60.6985,53,4
room-100-10,146,129502,60.8701,60.2843,54,4
room-100-10,147,97397,60.799,60.799,56,4
room-100-10,148,571249,61.5269,60.6985,53,4
room-100-10,149,235621,61.7696,60.1127,52,4
room-100-10,150,193020,70.3553,67.8701,61,4
room-100-10,151,349888,68.5269,66.8701,60,4
room-100-10,152,168805,66.4558,66.4558,60,4
room-100-10,153,320080,68.3553,67.5269,59,4
room-100-10,154,150211,66.1127,66.1127,58,4
room-100-10,155,125934,66.7696,65.9411,57,4
room-100-10,156,251564,68.1838,65.6985,58,4
room-100-10,157,350463,64.4558,64.4558,58,4
room-100-10,158,137402,67.2132,67.2132,62,4
room-100-10,159,187115,65.8701,65.0416,59,4
room-100-10,160,125713,68.0416,68.0416,62,4
room-100-10,161,102384,72.5269,71.6985,64,4
room-100-10,162,330698,70.1127,70.1127,62,4
room-100-10,163,349334,72.6985,71.8701,65,4
room-100-10,164,178751,69.3553,69.3553,60,4
room-100-10,165,175968,68.6985,68.6985,61,4
room-100-10,166,361796,71.1127,71.1127,63,4
room-100-10,167,129759,69.0416,69.0416,63,4
room-100-10,168,298303,72.5269,71.9411,64,4
room-100-10,169,316247,71.0416,71.0416,65,4
room-100-10,170,336119,74.1127,73.2843,66,4
room-100-10,171,405713,75.2843,75.2843,68,4
room-100-10,172,284937,75.6985,75.6985,68,4
room-100-10,173,258080,74.3553,73.7696,65,4
room-100-10,174,115272,73.799,73.799,69,4
room-100-10,175,180976,72.8701,72.8701,66,4
room-100-10,176,158477,75.5269,74.6985,67,4
room-100-10,177,286950,73.2843,72.4558,66,4
room-100-10,178,159699,74.9706,74.9706,71,4
room-100-10,179,485327,75.9411,75.3553,67,4
room-100-10,180,540183,80.7696,79.1127,71,4
room-100-10,181,183953,78.1127,77.2843,70,4
room-100-10,182,210655,80.7696,79.9411,71,4
room-100-10,183,228091,80.7696,79.9411,71,4
room-100-10,184,270120,80.2548,78.598,68,4
room-100-10,185,282522,78.9411,77.2843,70,4
room-100-10,186,180100,79.1127,79.1127,71,4
room-100-10,187,133325,80.2548,76.3553,68,4
room-100-10,188,292931,79.9411,79.9411,71,4
room-100-10,189,355134,77.2843,76.4558,70,4
room-100-10,190,200007,82.9411,82.1127,74,4
room-100-10,191,273853,83.6985,83.6985,76,4
room-100-10,192,250173,82.7696,82.7696,73,4
room-100-10,193,274086,84.4264,83.598,73,4
room-100-10,194,145093,84.9411,82.9411,76,4
room-100-10,195,206999,81.0416,81.0416,75,4
room-100-10,196,657274,83.8701,83.0416,77,4
room-100-10,197,343424,81.6985,81.6985,74,4
room-100-10,198,363519,85.1838,82.6985,75,4
room-100-10,199,368634,81.9411,81.9411,73,4
room-100-10,200,278993,85.1127,84.5269,77,4
room-100-10,201,273748,86.1127,85.2843,78,4
room-100-10,202,257574,85.1838,85.1838,75,4
room-100-10,203,207111,85.3553,85.3553,76,4
room-100-10,204,249749,87.1127,87.1127,79,4
room-100-10,205,417868,86.9411,86.9411,78,4
room-100-10,206,686064,84.9411,84.9411,76,4
room-100-10,207,351103,85.1127,84.2843,77,4
room-100-10,208,345954,86.5269,86.5269,78,4
room-100-10,209,426798,87.0416,87.0416,81,4
room-100-10,210,284265,88.8406,88.8406,77,4
room-100-10,211,232639,92.0122,90.3553,81,4
room-100-10,212,402602,91.7696,90.9411,82,4
room-100-10,213,415969,89.1127,88.2843,81,4
room-100-10,214,335995,90.3553,90.3553,81,4
room-100-10,215,591105,89.598,88.7696,79,4
room-100-10,216,282770,92.4264,91.598,81,4
room-100-10,217,676685,92.6985,91.8701,85,4
room-100-10,218,372008,92.598,89.7696,82,4
room-100-10,219,260855,90.598,90.0122,80,4
room-100-10,220,423456,97.4264,94.9411,86,4
room-100-10,221,297225,94.3553,93.5269,85,4
room-100-10,222,293622,93.9411,93.9411,85,4
room-100-10,223,233002,93.0122,92.1838,82,4
room-100-10,224,650373,96.0122,95.1838,85,4
room-100-10,225,621843,93.1127,92.2843,85,4
room-100-10,226,398975,94.7696,94.7696,85,4
room-100-10,227,309345,97.4975,95.8406,84,4
room-100-10,228,811785,95.9117,94.2548,82,4
room-100-10,229,627981,95.7696,95.7696,86,4
room-100-10,230,357334,98.7696,98.7696,89,4
room-100-10,231,504538,97.0122,96.4264,86,4
room-100-10,232,374890,96.669,96.669,84,4
room-100-10,233,510799,101.426,98.6985,90,4
room-100-10,234,378921,99.3553,98.5269,90,4
room-100-10,235,320009,99.669,99.669,87,4
room-100-10,236,515878,98.598,97.7696,88,4
room-100-10,237,156467,100.841,99.4264,89,4
room-100-10,238,264051,98.8701,98.8701,92,4
room-100-10,239,507981,98.8406,98.0122,87,4
room-100-10,240,414879,103.154,103.154,88,4
room-100-10,241,374802,100.941,100.113,92,4
room-100-10,242,435769,105.154,103.497,90,4
room-100-10,243,927554,102.598,101.77,92,4
room-100-10,244,441467,102.255,101.426,90,4
room-100-10,245,397626,104.841,102.113,93,4
room-100-10,246,197496,102.598,101.184,92,4
room-100-10,247,755058,104.912,103.255,91,4
room-100-10,248,584816,101.426,100.012,90,4
room-100-10,249,498411,101.426,101.426,90,4
room-100-10,250,1.39568e+06,106.941,106.113,98,4
room-100-10,251,1.24209e+06,107.841,107.255,96,4
room-100-10,252,432810,106.497,104.255,93,4
room-100-10,253,449771,106.841,106.012,95,4
room-100-10,254,357288,108.184,107.012,98,4
room-100-10,255,627300,107.77,107.77,98,4
room-100-10,256,383183,105.912,105.912,92,4
room-100-10,257,214725,106.326,104.669,92,4
room-100-10,258,710959,107.355,107.355,98,4
room-100-10,259,504938,107.184,106.355,97,4
room-100-10,260,1.16308e+06,112.598,110.941,102,4
room-100-10,261,290548,111.669,111.083,99,4
room-100-10,262,487947,110.841,110.841,99,4
room-100-10,263,614365,111.184,110.355,101,4
room-100-10,264,492228,110.154,109.326,95,4
room-100-10,265,702562,110.841,110.012,99,4
room-100-10,266,692599,110.941,110.113,102,4
room-100-10,267,585852,112.497,110.841,99,4
room-100-10,268,584365,113.497,111.841,100,4
room-100-10,269,1.22799e+06,112.669,111.841,100,4
room-100-10,270,490004,116.012,115.426,105,4
room-100-10,271,349992,112.497,112.497,99,4
room-100-10,272,346964,113.426,112.598,102,4
room-100-10,273,728917,114.669,112.184,102,4
room-100-10,274,536140,115.326,114.497,101,4
room-100-10,275,723466,112.841,112.012,101,4
room-100-10,276,708316,114.154,113.326,99,4
room-100-10,277,447166,112.397,112.397,96,4
room-100-10,278,1.00256e+06,115.941,115.941,107,4
room-100-10,279,981354,112.184,112.184,102,4
room-100-10,280,769792,116.569,116.569,101,4
room-100-10,281,1.16841e+06,118.669,118.669,106,4
room-100-10,282,376538,118.569,118.569,103,4
room-100-10,283,1.12599e+06,117.841,117.841,106,4
room-100-10,284,300017,119.012,118.184,108,4
room-100-10,285,662961,119.669,118.841,107,4
room-100-10,286,364020,116.397,116.397,100,4
room-100-10,287,506238,117.012,116.426,106,4
room-100-10,288,409317,118.255,118.255,106,4
room-100-10,289,1.04607e+06,120.77,119.941,111,4
room-100-10,290,1.39967e+06,122.326,122.326,108,4
room-100-10,291,493314,121.426,120.598,110,4
room-100-10,292,816192,122.326,122.326,108,4
room-100-10,293,1.15081e+06,121.397,120.811,105,4
room-100-10,294,836272,121.154,121.154,106,4
room-100-10,295,752433,125.669,123.426,113,4
room-100-10,296,1.22338e+06,121.326,121.326,107,4
room-100-10,297,1.21926e+06,123.012,123.012,112,4
room-100-10,298,321809,123.669,122.841,111,4
room-100-10,299,1.04446e+06,125.397,123.74,109,4
room-100-10,300,844370,126.912,126.083,113,4
room-100-10,301,679231,126.326,125.497,112,4
room-100-10,302,880139,125.468,124.64,107,4
room-100-10,303,1.4291e+06,127.184,127.184,117,4
room-100-10,304,1.33144e+06,125.426,124.598,114,4
room-100-10,305,985369,127.326,124.841,113,4
room-100-10,306,668074,127.225,126.397,110,4
room-100-10,307,426423,124.426,124.426,113,4
room-100-10,308,698592,127.012,127.012,116,4
room-100-10,309,321229,124.255,124.255,112,4
room-100-10,310,1.29344e+06,131.64,130.811,114,4
room-100-10,311,748356,134.083,131.598,121,4
room-100-10,312,742340,130.74,129.083,116,4
room-100-10,313,1.62431e+06,130.326,129.497,116,4
room-100-10,314,1.09951e+06,130.326,130.326,116,4
room-100-10,315,833075,130.326,129.497,116,4
room-100-10,316,588218,131.054,129.397,113,4
room-100-10,317,1.18091e+06,131.983,131.983,116,4
room-100-10,318,675110,130.397,129.569,114,4
room-100-10,319,1.60864e+06,131.811,130.983,115,4
room-100-10,320,1.13083e+06,136.154,134.74,121,4
room-100-10,321,975676,133.669,133.669,121,4
room-100-10,322,522789,133.326,132.497,119,4
room-100-10,323,841355,136.012,134.012,125,4
room-100-10,324,538680,135.054,134.225,117,4
room-100-10,325,1.68331e+06,136.296,135.468,117,4
room-100-10,326,1.28539e+06,134.811,133.64,118,4
room-100-10,327,709908,136.912,135.255,123,4
room-100-10,328,1.29095e+06,132.598,132.598,122,4
room-100-10,329,1.18639e+06,132.841,132.841,121,4
room-100-10,330,1.8753e+06,138.912,138.912,125,4
room-100-10,331,1.84014e+06,137.811,137.811,121,4
room-100-10,332,1.25639e+06,137.225,136.397,120,4
room-100-10,333,437626,138.669,138.669,126,4
room-100-10,334,1.73565e+06,136.912,136.083,123,4
room-100-10,335,882348,139.225,138.397,122,4
room-100-10,336,1.75138e+06,137.983,137.154,122,4
room-100-10,337,1.6172e+06,139.125,136.64,119,4
room-100-10,338,1.74406e+06,139.426,139.426,128,4
room-100-10,339,710959,137.083,136.255,124,4
room-100-10,340,1.90975e+06,141.326,140.497,127,4
room-100-10,341,1.26768e+06,142.054,140.882,124,4
room-100-10,342,1.05092e+06,143.468,143.468,125,4
room-100-10,343,2.23996e+06,144.468,143.64,126,4
room-100-10,344,501637,142.841,142.012,131,4
room-100-10,345,1.44469e+06,141.326,141.326,127,4
room-100-10,346,610188,142.912,142.912,129,4
room-100-10,347,737088,144.468,141.154,126,4
room-100-10,348,979322,143.983,142.569,128,4
room-100-10,349,847078,143.397,143.397,127,4
room-100-10,350,815558,146.569,145.74,131,4
room-100-10,351,1.71326e+06,146.054,146.054,128,4
room-100-10,352,675842,144.74,144.74,130,4
room-100-10,353,1.43705e+06,146.397,144.64,130,4
room-100-10,354,2.17902e+06,147.74,147.74,133,4
room-100-10,355,778573,147.882,147.882,129,4
room-100-10,356,1.4424e+06,146.74,146.74,132,4
room-100-10,357,1.15082e+06,146.569,146.569,131,4
room-100-10,358,1.16105e+06,146.054,144.397,128,4
room-100-10,359,684267,147.912,147.912,134,4
room-100-10,360,1.81212e+06,149.397,149.397,133,4
room-100-10,361,1.61981e+06,152.983,151.569,137,4
room-100-10,362,1.52938e+06,150.296,149.125,131,4
room-100-10,363,1.50956e+06,152.397,150.74,136,4
room-100-10,364,1.36981e+06,150.669,149.497,138,4
room-100-10,365,1.92434e+06,151.296,151.296,132,4
room-100-10,366,2.08377e+06,150.397,148.74,134,4
room-100-10,367,1.61415e+06,150.569,150.569,135,4
room-100-10,368,872330,149.74,148.912,135,4
room-100-10,369,785682,150.397,148.154,134,4
room-100-10,370,2.09027e+06,154.64,153.811,137,4
room-100-10,371,1.42314e+06,154.539,152.054,134,4
room-100-10,372,1.12867e+06,153.882,153.882,135,4
room-100-10,373,1.17055e+06,155.983,155.983,140,4
room-100-10,374,627480,153.882,153.054,135,4
room-100-10,375,1.46691e+06,154.154,153.326,139,4
room-100-10,376,1.47122e+06,155.983,155.983,140,4
room-100-10,377,833130,156.225,153.74,139,4
room-100-10,378,1.48066e+06,155.811,155.811,139,4
room-100-10,379,1.16474e+06,153.569,153.569,138,4
room-100-10,380,1.83526e+06,159.953,159.125,139,4
room-100-10,381,1.43141e+06,159.468,158.64,141,4
room-100-10,382,912021,159.882,158.225,141,4
room-100-10,383,1.42875e+06,158.468,158.468,140,4
room-100-10,384,1.99523e+06,158.054,157.225,140,4
room-100-10,385,1.36806e+06,162.64,159.326,145,4
room-100-10,386,1.36354e+06,156.912,156.912,143,4
room-100-10,387,1.92909e+06,161.054,159.054,143,4
room-100-10,388,771434,157.983,157.983,142,4
room-100-10,389,1.95186e+06,161.953,159.468,141,4
room-100-10,390,2.31948e+06,162.711,162.125,143,4
room-100-10,391,2.14902e+06,161.368,161.368,140,4
room-100-10,392,2.42076e+06,164.539,163.711,144,4
room-100-10,393,2.10929e+06,161.711,161.125,142,4
room-100-10,394,2.291e+06,161.882,160.711,143,4
room-100-10,395,2.08112e+06,161.125,160.296,141,4
room-100-10,396,1.11006e+06,163.225,161.468,146,4
room-100-10,397,1.98122e+06,162.397,162.397,146,4
room-100-10,398,1.53037e+06,160.64,160.64,143,4
room-100-10,399,1.75706e+06,161.64,161.64,144,4
room-100-10,400,1.70334e+06,166.711,165.882,147,4
room-100-10,401,1.73848e+06,166.983,164.74,151,4
room-100-10,402,1.01637e+06,169.397,167.74,153,4
room-100-10,403,1.39987e+06,164.882,164.054,146,4
room-100-10,404,1.36693e+06,167.953,167.125,147,4
room-100-10,405,1.70994e+06,165.125,165.125,145,4
room-100-10,406,2.48124e+06,166.782,166.782,145,4
room-100-10,407,2.05185e+06,167.368,166.539,146,4
room-100-10,408,1.89194e+06,164.64,164.64,147,4
room-100-10,409,1.02124e+06,169.225,165.811,152,4
room-100-10,410,926909,170.64,170.054,153,4
room-100-10,411,1.86333e+06,171.125,169.468,151,4
room-100-10,412,1.34674e+06,174.054,170.74,156,4
room-100-10,413,1.07788e+06,169.882,169.054,151,4
room-100-10,414,1.06793e+06,169.983,168.326,154,4
room-100-10,415,926291,171.468,170.882,153,4
room-100-10,416,1.01218e+06,172.225,171.64,155,4
room-100-10,417,975465,169.225,168.64,152,4
room-100-10,418,1.89489e+06,172.054,169.569,154,4
room-100-10,419,1.71037e+06,169.368,169.368,148,4
