map,scenid,tcost,distance,expect,steps,r
w_bonepitmining_a2,0,3025.4,7.82843,7.82843,8,128
w_bonepitmining_a2,1,1655.8,7.82843,7.82843,8,128
w_bonepitmining_a2,2,1523.6,7.24264,7.24264,7,128
w_bonepitmining_a2,3,1082.6,5.41421,5.41421,6,128
w_bonepitmining_a2,4,1229,5.24264,5.24264,5,128
w_bonepitmining_a2,5,1490.8,7.24264,7.24264,7,128
w_bonepitmining_a2,6,1698.6,6.65685,6.65685,6,128
w_bonepitmining_a2,7,1310.2,4.82843,4.82843,5,128
w_bonepitmining_a2,8,1553.2,6,6,7,128
w_bonepitmining_a2,9,1442,6.82843,6.82843,7,128
w_bonepitmining_a2,10,1703.6,8.82843,8.82843,9,128
w_bonepitmining_a2,11,1846.2,9.07107,9.07107,8,128
w_bonepitmining_a2,12,1677.2,8.65685,8.65685,8,128
w_bonepitmining_a2,13,1529.6,8.65685,8.65685,8,128
w_bonepitmining_a2,14,1824,10.0711,10.0711,9,128
w_bonepitmining_a2,15,2115.8,9.41421,9.41421,10,128
w_bonepitmining_a2,16,1662.6,9.65685,9.65685,9,128
w_bonepitmining_a2,17,2279,10.6569,10.6569,10,128
w_bonepitmining_a2,18,1708.8,10,10,11,128
w_bonepitmining_a2,19,2481.4,10.4853,10.4853,9,128
w_bonepitmining_a2,20,2845.2,14.8995,14.8995,13,128
w_bonepitmining_a2,21,2625.4,12.8995,12.8995,11,128
w_bonepitmining_a2,22,2398.8,15.4142,15.4142,16,128
w_bonepitmining_a2,23,2928.4,15.7279,15.7279,13,128
w_bonepitmining_a2,24,1980.4,12.4142,12.4142,13,128
w_bonepitmining_a2,25,2281.6,14.6569,14.6569,14,128
w_bonepitmining_a2,26,2200.8,12.0711,12.0711,11,128
w_bonepitmining_a2,27,2477.4,15.7279,15.7279,13,128
w_bonepitmining_a2,28,2541,13.4853,13.4853,12,128
w_bonepitmining_a2,29,2335,15.6569,15.6569,15,128
w_bonepitmining_a2,30,2771,17.2426,17.2426,17,128
w_bonepitmining_a2,31,2335,16.6569,16.6569,16,128
w_bonepitmining_a2,32,3238.6,18.8284,18.8284,19,128
w_bonepitmining_a2,33,3889.4,19.5563,19.5563,16,128
w_bonepitmining_a2,34,3297.8,16.7279,16.7279,14,128
w_bonepitmining_a2,35,3437.2,17.0711,17.0711,16,128
w_bonepitmining_a2,36,2727.4,16.8284,16.8284,17,128
w_bonepitmining_a2,37,3282.6,18.4853,18.4853,17,128
w_bonepitmining_a2,38,2753.2,16.8284,16.8284,17,128
w_bonepitmining_a2,39,4207.2,18.4853,18.4853,17,128
w_bonepitmining_a2,40,3203,22,22,23,128
w_bonepitmining_a2,41,3950.2,22.3137,22.3137,20,128
w_bonepitmining_a2,42,3525.2,23.6569,23.6569,23,128
w_bonepitmining_a2,43,4244.4,23.2426,23.2426,23,128
w_bonepitmining_a2,44,4287.6,23.8284,23.8284,24,128
w_bonepitmining_a2,45,4141.8,22.3848,22.3848,18,128
w_bonepitmining_a2,46,3011.2,20.2426,20.2426,20,128
w_bonepitmining_a2,47,3912.8,23.7279,23.7279,21,128
w_bonepitmining_a2,48,3182.6,20.5563,20.5563,17,128
w_bonepitmining_a2,49,3875.6,23.6569,23.6569,23,128
w_bonepitmining_a2,50,3947.4,24.3137,24.3137,22,128
w_bonepitmining_a2,51,4485.2,27.9706,27.9706,24,128
w_bonepitmining_a2,52,4478.4,25.8995,25.8995,24,128
w_bonepitmining_a2,53,4826.2,27.9706,27.9706,24,128
w_bonepitmining_a2,54,4059.4,25.2132,25.2132,20,128
w_bonepitmining_a2,55,4162.2,24.2426,24.2426,24,128
w_bonepitmining_a2,56,4516.4,27.0711,27.0711,26,128
w_bonepitmining_a2,57,4110.6,26.0711,26.0711,25,128
w_bonepitmining_a2,58,5174.4,27.4558,27.4558,21,128
w_bonepitmining_a2,59,4594,26.799,26.799,22,128
w_bonepitmining_a2,60,4694.8,30.4853,30.4853,29,128
w_bonepitmining_a2,61,5099.4,30.0416,28.3848,24,128
w_bonepitmining_a2,62,4550.2,29.8995,29.8995,28,128
w_bonepitmining_a2,63,5329.2,29.799,29.799,25,128
w_bonepitmining_a2,64,5183,30.2132,30.2132,25,128
w_bonepitmining_a2,65,5118.6,31.4853,30.0711,30,128
w_bonepitmining_a2,66,5631.8,31.3848,31.3848,27,128
w_bonepitmining_a2,67,5787.6,30.9706,30.9706,27,128
w_bonepitmining_a2,68,5550,29.7279,29.7279,27,128
w_bonepitmining_a2,69,5359.2,30.6985,30.6985,23,128
w_bonepitmining_a2,70,6261.6,36.3137,34.6569,34,128
w_bonepitmining_a2,71,5976.6,32.1127,32.1127,24,128
w_bonepitmining_a2,72,6192.8,32.6985,32.6985,25,128
w_bonepitmining_a2,73,4739.6,32.0711,32.0711,31,128
w_bonepitmining_a2,74,5938.8,35.799,35.799,31,128
w_bonepitmining_a2,75,5385.6,33.0711,33.0711,32,128
w_bonepitmining_a2,76,6205.6,32.0416,32.0416,26,128
w_bonepitmining_a2,77,6341.6,34.799,34.799,30,128
w_bonepitmining_a2,78,6153.4,34.2426,34.2426,34,128
w_bonepitmining_a2,79,6105,35.8995,35.8995,34,128
w_bonepitmining_a2,80,7562.6,40.1421,39.3137,37,128
w_bonepitmining_a2,81,10798.4,39.9706,39.9706,36,128
w_bonepitmining_a2,82,6819.4,36.6985,36.6985,29,128
w_bonepitmining_a2,83,13326.8,43.2132,39.5563,38,128
w_bonepitmining_a2,84,6067.8,38.4142,38.4142,39,128
w_bonepitmining_a2,85,7545.6,42.1421,39.8995,39,128
w_bonepitmining_a2,86,7181.4,37.4853,37.4853,36,128
w_bonepitmining_a2,87,6560.8,36.6985,36.6985,29,128
w_bonepitmining_a2,88,7117.8,39.0711,39.0711,38,128
w_bonepitmining_a2,89,7590.2,39.4558,37.799,33,128
w_bonepitmining_a2,90,7654.6,41.3848,41.3848,37,128
w_bonepitmining_a2,91,7486.6,40.0416,40.0416,34,128
w_bonepitmining_a2,92,7732.4,43.6985,43.6985,36,128
w_bonepitmining_a2,93,7143.6,41.8995,41.8995,40,128
w_bonepitmining_a2,94,7877.2,40.5563,40.5563,37,128
w_bonepitmining_a2,95,8701.4,46.2132,43.7279,41,128
w_bonepitmining_a2,96,7026.4,42.3137,42.3137,40,128
w_bonepitmining_a2,97,8118.2,42.2426,42.2426,42,128
w_bonepitmining_a2,98,7822.2,43.2426,42.4142,43,128
w_bonepitmining_a2,99,7522.2,43.3137,43.3137,41,128
w_bonepitmining_a2,100,8729,44.5269,44.5269,36,128
w_bonepitmining_a2,101,18961,57.7696,45.1421,48,128
w_bonepitmining_a2,102,16403.8,48.9411,47.1838,40,128
w_bonepitmining_a2,103,8067.6,46.9706,46.9706,43,128
w_bonepitmining_a2,104,9824,47.3848,47.3848,43,128
w_bonepitmining_a2,105,8252.6,46.5563,46.5563,43,128
w_bonepitmining_a2,106,10110.2,47.7696,44.4558,38,128
w_bonepitmining_a2,107,7888.6,47.4142,47.4142,48,128
w_bonepitmining_a2,108,9438.4,46.5269,46.5269,38,128
w_bonepitmining_a2,109,10007,51.9411,47.6985,43,128
w_bonepitmining_a2,110,9185,48.4853,48.4853,47,128
w_bonepitmining_a2,111,10917,52.9411,50.598,44,128
w_bonepitmining_a2,112,10048.6,50.2132,50.2132,45,128
w_bonepitmining_a2,113,10121,53.2843,48.799,46,128
w_bonepitmining_a2,114,10237,51.598,51.598,41,128
w_bonepitmining_a2,115,9467.2,50.1127,50.1127,42,128
w_bonepitmining_a2,116,9393.8,51.1127,51.1127,43,128
w_bonepitmining_a2,117,9142.6,51.4558,50.6274,45,128
w_bonepitmining_a2,118,8823,52.4558,51.6274,46,128
w_bonepitmining_a2,119,9829,51.9706,50.799,48,128
w_bonepitmining_a2,120,9753.8,55.4853,55.4853,54,128
w_bonepitmining_a2,121,10568.4,53.5269,53.5269,45,128
w_bonepitmining_a2,122,10360.2,55.799,55.799,51,128
w_bonepitmining_a2,123,10285.2,52.4142,52.4142,53,128
w_bonepitmining_a2,124,10611.4,55.5269,55.5269,47,128
w_bonepitmining_a2,125,9417.8,54.598,53.7696,44,128
w_bonepitmining_a2,126,11051.4,53.8701,53.8701,47,128
w_bonepitmining_a2,127,8879.4,55.8284,55.8284,56,128
w_bonepitmining_a2,128,8863.2,55.0711,54.2426,54,128
w_bonepitmining_a2,129,120885,53.6274,53.6274,48,128
w_bonepitmining_a2,130,13366,58.1838,58.1838,48,128
w_bonepitmining_a2,131,11762.2,57.3553,57.3553,48,128
w_bonepitmining_a2,132,12490.6,59.3553,56.4264,50,128
w_bonepitmining_a2,133,11118,58.7279,57.0711,56,128
w_bonepitmining_a2,134,11069.2,60.6274,58.2843,55,128
w_bonepitmining_a2,135,12275.4,57.2132,57.2132,52,128
w_bonepitmining_a2,136,28665.2,69.598,58.6274,59,128
w_bonepitmining_a2,137,12274.6,58,58,59,128
w_bonepitmining_a2,138,11531.2,57.8284,57.8284,58,128
w_bonepitmining_a2,139,10711.6,56.4142,56.4142,57,128
w_bonepitmining_a2,140,12463.2,62.5269,62.5269,54,128
w_bonepitmining_a2,141,12666.6,63.2548,63.2548,51,128
w_bonepitmining_a2,142,13428,63.2132,63.2132,58,128
w_bonepitmining_a2,143,12117.4,61.2132,61.2132,56,128
w_bonepitmining_a2,144,10996.2,63.2843,62.4558,56,128
w_bonepitmining_a2,145,12060.8,61.5563,61.5563,58,128
w_bonepitmining_a2,146,12597.4,60.4264,60.4264,49,128
w_bonepitmining_a2,147,12659,60.1421,60.1421,57,128
w_bonepitmining_a2,148,15866,61.3848,60.2132,57,128
w_bonepitmining_a2,149,12648.8,60.4853,60.4853,59,128
w_bonepitmining_a2,150,13276,69.4264,67.1838,58,128
w_bonepitmining_a2,151,12259.6,64.3848,64.3848,60,128
w_bonepitmining_a2,152,25256.4,70.4975,64.9411,57,128
w_bonepitmining_a2,153,13319.6,64.8701,64.8701,58,128
w_bonepitmining_a2,154,15345.2,67.2843,67.2843,60,128
w_bonepitmining_a2,155,13145.4,66.2426,66.2426,66,128
w_bonepitmining_a2,156,13192.6,65.3259,65.3259,51,128
w_bonepitmining_a2,157,12445.4,68.0122,67.1838,57,128
w_bonepitmining_a2,158,12521.2,64.3259,64.3259,50,128
w_bonepitmining_a2,159,14994.4,71.0122,64.2843,60,128
w_bonepitmining_a2,160,14249.6,72.3137,70.6569,70,128
w_bonepitmining_a2,161,15683.2,71.598,69.1127,61,128
w_bonepitmining_a2,162,16325.2,71.3553,69.6985,62,128
w_bonepitmining_a2,163,13104.4,69.3553,69.3553,60,128
w_bonepitmining_a2,164,20989.6,79.1543,71.9411,64,128
w_bonepitmining_a2,165,15696.4,71.9117,71.9117,58,128
w_bonepitmining_a2,166,14386.4,70.799,70.799,66,128
w_bonepitmining_a2,167,14363.2,69.1838,69.1838,59,128
w_bonepitmining_a2,168,13280.6,71.2426,70.4142,71,128
w_bonepitmining_a2,169,14775.8,70.598,70.598,60,128
w_bonepitmining_a2,170,16925.6,75.3137,75.3137,73,128
w_bonepitmining_a2,171,14697.8,73.7279,73.7279,71,128
w_bonepitmining_a2,172,14647.2,72.8701,72.8701,66,128
w_bonepitmining_a2,173,16249.2,74.0416,74.0416,68,128
w_bonepitmining_a2,174,78522.8,82.598,75.0416,72,128
w_bonepitmining_a2,175,22287.4,78.1127,73.9706,70,128
w_bonepitmining_a2,176,15594.2,73.397,73.397,57,128
w_bonepitmining_a2,177,22398.6,72.3137,72.3137,70,128
w_bonepitmining_a2,178,17251.8,80.3553,72.3137,71,128
w_bonepitmining_a2,179,14406.6,75.598,75.0122,65,128
w_bonepitmining_a2,180,32739.2,87.598,76.8701,77,128
w_bonepitmining_a2,181,16962.2,80.6396,78.9828,63,128
w_bonepitmining_a2,182,45416,79.669,76.8406,67,128
w_bonepitmining_a2,183,16575.4,79.4558,79.4558,73,128
w_bonepitmining_a2,184,17631.4,78.1838,78.1838,68,128
w_bonepitmining_a2,185,17050.4,78.4558,78.4558,72,128
w_bonepitmining_a2,186,18398.4,82.6396,77.9117,65,128
w_bonepitmining_a2,187,20179,83.3259,76.598,69,128
w_bonepitmining_a2,188,16600.8,78.397,78.397,62,128
w_bonepitmining_a2,189,134464,86.7107,76.1838,67,128
w_bonepitmining_a2,190,17696.2,85.5269,81.3848,77,128
w_bonepitmining_a2,191,13895.2,82.4264,80.7696,71,128
w_bonepitmining_a2,192,19013.6,87.0122,81.598,76,128
w_bonepitmining_a2,193,18310.2,85.2843,81.9117,78,128
w_bonepitmining_a2,194,305305,98.0538,80.9411,80,128
w_bonepitmining_a2,195,20252.4,85.669,80.2548,73,128
w_bonepitmining_a2,196,18315.8,80.2254,80.2254,63,128
w_bonepitmining_a2,197,17895.6,81.8822,81.8822,63,128
w_bonepitmining_a2,198,18314.6,85.9117,80.1127,72,128
w_bonepitmining_a2,199,17134.4,83.2426,83.2426,83,128
w_bonepitmining_a2,200,20730.4,96.0833,86.6274,83,128
w_bonepitmining_a2,201,21021.8,86.8822,86.8822,68,128
w_bonepitmining_a2,202,17818.6,87.1421,84.8995,84,128
w_bonepitmining_a2,203,17453.8,86.8406,86.8406,75,128
w_bonepitmining_a2,204,18315.8,86.0416,86.0416,80,128
w_bonepitmining_a2,205,19256.6,88.3137,87.4853,86,128
w_bonepitmining_a2,206,24605,94.6396,84.598,77,128
w_bonepitmining_a2,207,18197.4,86.598,86.598,76,128
w_bonepitmining_a2,208,37238.8,90.0833,87.598,77,128
w_bonepitmining_a2,209,65138.4,85.7696,84.9411,76,128
w_bonepitmining_a2,210,288903,109.196,89.1127,87,128
w_bonepitmining_a2,211,22887.6,89.4975,89.4975,76,128
w_bonepitmining_a2,212,23039.6,91.7696,89.5269,82,128
w_bonepitmining_a2,213,19715,91.6274,89.1421,86,128
w_bonepitmining_a2,214,19690.2,94.1127,89.9706,86,128
w_bonepitmining_a2,215,216959,90.0833,89.2548,77,128
w_bonepitmining_a2,216,19397.6,93.1127,88.1421,85,128
w_bonepitmining_a2,217,19897.2,88.0833,88.0833,75,128
w_bonepitmining_a2,218,171192,92.6985,90.9411,85,128
w_bonepitmining_a2,219,20134,93.1249,91.468,73,128
w_bonepitmining_a2,220,22676,94.2132,94.2132,89,128
w_bonepitmining_a2,221,21929,95.8822,95.8822,77,128
w_bonepitmining_a2,222,180778,95.8406,95.8406,84,128
w_bonepitmining_a2,223,23597.6,104.598,93.3848,94,128
w_bonepitmining_a2,224,24007.8,97.6396,94.3259,80,128
w_bonepitmining_a2,225,25038.2,94.7817,93.1249,73,128
w_bonepitmining_a2,226,29276.4,94.9117,94.0833,81,128
w_bonepitmining_a2,227,39435.8,101.184,92.1127,91,128
w_bonepitmining_a2,228,22864.6,98.669,92.5269,86,128
w_bonepitmining_a2,229,186399,95.1127,95.1127,87,128
w_bonepitmining_a2,230,310233,101.326,97.1838,87,128
w_bonepitmining_a2,231,18901.2,96.9411,96.9411,88,128
w_bonepitmining_a2,232,22548.6,99.6274,97.9706,94,128
w_bonepitmining_a2,233,28452.8,97.4975,97.4975,84,128
w_bonepitmining_a2,234,22302.2,98.4853,96.8284,97,128
w_bonepitmining_a2,235,171170,98.6985,96.2132,91,128
w_bonepitmining_a2,236,394430,99.7401,99.7401,85,128
w_bonepitmining_a2,237,23868.8,97.8112,97.2254,81,128
w_bonepitmining_a2,238,38073.6,111.439,98.9117,88,128
w_bonepitmining_a2,239,23310.6,100.77,96.8701,91,128
w_bonepitmining_a2,240,25866.8,109.426,102.456,98,128
w_bonepitmining_a2,241,51864.6,106.368,102.225,85,128
w_bonepitmining_a2,242,27576.8,104.355,102.698,95,128
w_bonepitmining_a2,243,27933.4,109.983,103.497,94,128
w_bonepitmining_a2,244,26415.8,103.024,103.024,80,128
w_bonepitmining_a2,245,24013.6,100.255,100.255,88,128
w_bonepitmining_a2,246,21185.4,101.527,101.527,93,128
w_bonepitmining_a2,247,68591.6,105.326,102.841,91,128
w_bonepitmining_a2,248,24938.6,108.054,103.912,90,128
w_bonepitmining_a2,249,139536,105.397,101.983,89,128
w_bonepitmining_a2,250,33179.6,111.953,107.468,91,128
w_bonepitmining_a2,251,71325.2,108.569,107.154,93,128
w_bonepitmining_a2,252,23374,105.071,105.071,104,128
w_bonepitmining_a2,253,27661.6,114.598,106.698,104,128
w_bonepitmining_a2,254,23180.8,106.811,105.154,90,128
w_bonepitmining_a2,255,44302.2,105.083,104.497,92,128
w_bonepitmining_a2,256,41894.4,116.267,107.054,92,128
w_bonepitmining_a2,257,27354.6,104.87,104.042,98,128
w_bonepitmining_a2,258,23504.6,107.355,106.527,98,128
w_bonepitmining_a2,259,25852.8,106.77,106.77,97,128
w_bonepitmining_a2,260,24865,113.598,111.941,103,128
w_bonepitmining_a2,261,343917,115.296,108.083,96,128
w_bonepitmining_a2,262,25933.6,111.953,111.953,91,128
w_bonepitmining_a2,263,41352.8,121.368,109.669,100,128
w_bonepitmining_a2,264,28772,114.983,110.841,99,128
w_bonepitmining_a2,265,25111,109.397,108.569,93,128
w_bonepitmining_a2,266,42562,113.326,108.497,99,128
w_bonepitmining_a2,267,27712,115.267,111.953,91,128
w_bonepitmining_a2,268,34809.4,127.51,111.225,102,128
w_bonepitmining_a2,269,271965,123.811,110.698,107,128
w_bonepitmining_a2,270,29554.4,116.64,114.983,99,128
w_bonepitmining_a2,271,28678.6,112.054,112.054,94,128
w_bonepitmining_a2,272,27429,116.296,115.468,97,128
w_bonepitmining_a2,273,31175.6,119.012,115.113,108,128
w_bonepitmining_a2,274,28694.4,113.355,113.355,104,128
w_bonepitmining_a2,275,44497.6,123.61,114.397,101,128
w_bonepitmining_a2,276,28974,119.267,114.296,95,128
w_bonepitmining_a2,277,629056,118.669,115.355,106,128
w_bonepitmining_a2,278,28938.6,112.77,112.77,103,128
w_bonepitmining_a2,279,36033.2,129.497,112.77,116,128
w_bonepitmining_a2,280,28754.6,119.368,116.054,98,128
w_bonepitmining_a2,281,36618.2,127.397,119.113,111,128
w_bonepitmining_a2,282,29062.6,118.042,118.042,112,128
w_bonepitmining_a2,283,243498,116.012,116.012,105,128
w_bonepitmining_a2,284,42982.4,137.983,119.941,122,128
w_bonepitmining_a2,285,32219.6,121.681,118.368,97,128
w_bonepitmining_a2,286,33777.8,127.539,117.74,107,128
w_bonepitmining_a2,287,31822,116.841,116.012,105,128
w_bonepitmining_a2,288,30362.4,126.083,117.799,113,128
w_bonepitmining_a2,289,29383.2,118.782,118.196,97,128
w_bonepitmining_a2,290,32209,135.61,123.669,113,128
w_bonepitmining_a2,291,32319.6,123.74,123.154,109,128
w_bonepitmining_a2,292,32206.8,125.51,122.196,100,128
w_bonepitmining_a2,293,49950.8,137.054,120.527,119,128
w_bonepitmining_a2,294,29477.8,123.681,120.368,99,128
w_bonepitmining_a2,295,246430,120.64,120.054,103,128
w_bonepitmining_a2,296,28378.4,127.154,122.083,112,128
w_bonepitmining_a2,297,34205.6,127.024,122.054,104,128
w_bonepitmining_a2,298,30556.6,126.669,123.355,114,128
w_bonepitmining_a2,299,101549,131.054,123.497,113,128
w_bonepitmining_a2,300,47205.2,131.782,127.681,110,128
w_bonepitmining_a2,301,476981,135.681,124.811,111,128
w_bonepitmining_a2,302,60624.4,140.711,126.426,121,128
w_bonepitmining_a2,303,33120.8,128.196,125.953,106,128
w_bonepitmining_a2,304,33842.6,128.51,125.196,103,128
w_bonepitmining_a2,305,32201.4,125.113,125.113,117,128
w_bonepitmining_a2,306,32344.6,125.64,125.64,108,128
w_bonepitmining_a2,307,35177.2,128.853,125.539,105,128
w_bonepitmining_a2,308,53702.4,128.882,127.125,110,128
w_bonepitmining_a2,309,415496,153.167,127.527,126,128
w_bonepitmining_a2,310,33651.4,133.581,128.61,106,128
w_bonepitmining_a2,311,33000.4,132.267,128.953,108,128
w_bonepitmining_a2,312,4.65102e+06,130.468,128.225,112,128
w_bonepitmining_a2,313,33040.2,135.953,130.983,115,128
w_bonepitmining_a2,314,34735.8,138.782,130.74,117,128
w_bonepitmining_a2,315,106926,130.782,129.953,109,128
w_bonepitmining_a2,316,92823.4,134.953,129.882,114,128
w_bonepitmining_a2,317,35697.4,130.841,130.841,119,128
w_bonepitmining_a2,318,32932.6,134.64,131.326,117,128
w_bonepitmining_a2,319,36644,134.054,129.083,116,128
w_bonepitmining_a2,320,44998.4,139.752,134.782,113,128
w_bonepitmining_a2,321,1.22331e+06,152.095,135.267,127,128
w_bonepitmining_a2,322,62841.2,142.51,132.853,117,128
w_bonepitmining_a2,323,918468,159.752,134.841,133,128
w_bonepitmining_a2,324,34829,144.912,135.012,131,128
w_bonepitmining_a2,325,53272.6,138.61,135.095,116,128
w_bonepitmining_a2,326,898149,139.083,133.284,126,128
w_bonepitmining_a2,327,42820.4,137.024,132.882,114,128
w_bonepitmining_a2,328,36628.8,138.581,135.267,111,128
w_bonepitmining_a2,329,604941,134.184,132.527,124,128
w_bonepitmining_a2,330,482700,143.296,139.983,124,128
w_bonepitmining_a2,331,70061.6,140.924,137.024,115,128
w_bonepitmining_a2,332,1.57244e+06,144.196,136.64,122,128
w_bonepitmining_a2,333,35662.2,141.912,138.598,128,128
w_bonepitmining_a2,334,261974,138.267,137.439,114,128
w_bonepitmining_a2,335,89819.6,153.38,136.368,120,128
w_bonepitmining_a2,336,63627.6,158.267,137.598,134,128
w_bonepitmining_a2,337,156309,143.296,139.154,124,128
w_bonepitmining_a2,338,33672,139.527,136.941,131,128
w_bonepitmining_a2,339,61126.6,158.296,139.225,139,128
w_bonepitmining_a2,340,52579,163.823,142.426,135,128
w_bonepitmining_a2,341,33694.4,142.581,141.167,115,128
w_bonepitmining_a2,342,46672.6,160.752,140.669,134,128
w_bonepitmining_a2,343,53030,163.238,141.598,134,128
w_bonepitmining_a2,344,522544,142.439,142.439,119,128
w_bonepitmining_a2,345,49768.6,154.054,140.598,136,128
w_bonepitmining_a2,346,41158.8,142.983,142.983,127,128
w_bonepitmining_a2,347,37337.8,146.024,141.054,123,128
w_bonepitmining_a2,348,39850.4,146.196,142.054,124,128
w_bonepitmining_a2,349,34614,142.539,141.125,122,128
w_bonepitmining_a2,350,132679,147.368,145.711,126,128
w_bonepitmining_a2,351,56210.2,150.095,146.782,125,128
w_bonepitmining_a2,352,603623,157.61,146.397,135,128
w_bonepitmining_a2,353,542554,155.539,145.154,135,128
w_bonepitmining_a2,354,153821,145.024,145.024,122,128
w_bonepitmining_a2,355,8.17621e+06,152.125,145.497,132,128
w_bonepitmining_a2,356,46026.4,159.439,145.255,136,128
w_bonepitmining_a2,357,2.33009e+06,148.095,146.095,123,128
w_bonepitmining_a2,358,2.87429e+06,146.267,146.267,122,128
w_bonepitmining_a2,359,42981.4,156.912,147.698,143,128
w_bonepitmining_a2,360,2.21347e+06,156.439,149.711,133,128
w_bonepitmining_a2,361,691443,160.296,148.782,141,128
w_bonepitmining_a2,362,6.80139e+06,148.267,148.267,124,128
w_bonepitmining_a2,363,6.78741e+06,148.51,148.51,123,128
w_bonepitmining_a2,364,621333,172.309,149.983,141,128
w_bonepitmining_a2,365,64374,166.409,149.497,138,128
w_bonepitmining_a2,366,40881.2,149.042,149.042,143,128
w_bonepitmining_a2,367,1.84502e+06,159.238,148.953,130,128
w_bonepitmining_a2,368,205669,166.882,151.125,148,128
w_bonepitmining_a2,369,602106,165.439,148.912,142,128
w_bonepitmining_a2,370,1.01556e+06,177.794,152.054,144,128
w_bonepitmining_a2,371,48369.2,163.397,154.527,147,128
w_bonepitmining_a2,372,62638.8,162.095,152.054,137,128
w_bonepitmining_a2,373,1.16832e+06,184.48,154.882,154,128
w_bonepitmining_a2,374,46494.6,156.551,153.238,124,128
w_bonepitmining_a2,375,67578,176.338,154.113,150,128
w_bonepitmining_a2,376,48828.8,163.539,155.64,143,128
w_bonepitmining_a2,377,87403.2,155.338,153.681,129,128
w_bonepitmining_a2,378,48586.2,159.167,152.196,132,128
w_bonepitmining_a2,379,613164,166.681,155.468,142,128
w_bonepitmining_a2,380,76691.4,195.652,159.527,166,128
w_bonepitmining_a2,381,50976.8,168.853,156.083,145,128
w_bonepitmining_a2,382,40987.8,157.924,156.51,132,128
w_bonepitmining_a2,383,1.29395e+06,161.581,157.338,134,128
w_bonepitmining_a2,384,466236,168.652,157.882,139,128
w_bonepitmining_a2,385,303817,184.338,158.698,158,128
w_bonepitmining_a2,386,50304.6,163.238,158.267,134,128
w_bonepitmining_a2,387,91216.4,159.953,157.368,139,128
w_bonepitmining_a2,388,50811.2,164.238,158.439,135,128
w_bonepitmining_a2,389,45938.8,172.267,156.468,148,128
w_bonepitmining_a2,390,1.71349e+06,160.267,160.267,136,128
w_bonepitmining_a2,391,47711.8,164.539,162.882,144,128
w_bonepitmining_a2,392,47558.6,161.983,161.154,146,128
w_bonepitmining_a2,393,43631.6,165.61,163.61,143,128
w_bonepitmining_a2,394,555353,165.811,161.083,149,128
w_bonepitmining_a2,395,877110,162.125,162.125,142,128
w_bonepitmining_a2,396,396496,196.066,160.912,166,128
w_bonepitmining_a2,397,6.66451e+06,174.581,160.296,147,128
w_bonepitmining_a2,398,627984,172.924,161.711,147,128
w_bonepitmining_a2,399,230166,185.309,162.154,154,128
w_bonepitmining_a2,400,55143.8,186.368,167.598,165,128
w_bonepitmining_a2,401,2.79284e+06,181.326,167.385,167,128
w_bonepitmining_a2,402,104233,180.137,167.995,148,128
w_bonepitmining_a2,403,50919,170.279,166.137,134,128
w_bonepitmining_a2,404,5.16514e+06,185.095,166.225,160,128
w_bonepitmining_a2,405,1.0629e+06,194.137,165.912,162,128
w_bonepitmining_a2,406,59308.8,173.622,167.823,139,128
w_bonepitmining_a2,407,1.12265e+06,191.48,164.811,161,128
w_bonepitmining_a2,408,119490,176.125,164.024,156,128
w_bonepitmining_a2,409,517444,187.38,167.397,154,128
w_bonepitmining_a2,410,52264.2,176.811,168.184,160,128
w_bonepitmining_a2,411,49494.2,172.184,169.113,162,128
w_bonepitmining_a2,412,1.86345e+06,190.551,168.953,158,128
w_bonepitmining_a2,413,51073.4,174.108,170.794,137,128
w_bonepitmining_a2,414,4.89014e+06,175.752,171.61,149,128
w_bonepitmining_a2,415,132138,195.35,170.196,157,128
w_bonepitmining_a2,416,48265.2,175.723,168.51,144,128
w_bonepitmining_a2,417,45824.4,179.995,170.681,152,128
w_bonepitmining_a2,418,246219,178.924,169.267,153,128
w_bonepitmining_a2,419,477105,173.409,171.167,145,128
w_bonepitmining_a2,420,429365,203.723,174.284,172,128
w_bonepitmining_a2,421,60561,193.368,173.184,172,128
w_bonepitmining_a2,422,48991.2,182.953,174.468,162,128
w_bonepitmining_a2,423,2.30833e+06,175.51,173.267,150,128
w_bonepitmining_a2,424,61579,187.983,174.527,172,128
w_bonepitmining_a2,425,201702,178.681,175.368,154,128
w_bonepitmining_a2,426,83956.2,177.38,172.409,144,128
w_bonepitmining_a2,427,123460,198.007,175.782,158,128
w_bonepitmining_a2,428,48655.4,176.196,174.196,154,128
w_bonepitmining_a2,429,51563.4,182.924,173.125,157,128
w_bonepitmining_a2,430,59150,183.208,179.894,149,128
w_bonepitmining_a2,431,416388,219.279,177.941,183,128
w_bonepitmining_a2,432,52631,180.137,176.823,148,128
w_bonepitmining_a2,433,108581,186.208,178.752,152,128
w_bonepitmining_a2,434,1.65798e+06,213.179,178.811,174,128
w_bonepitmining_a2,435,1.38472e+06,215.35,179.853,177,128
w_bonepitmining_a2,436,112594,199.451,176.397,164,128
w_bonepitmining_a2,437,1.03637e+06,188.853,178.267,165,128
w_bonepitmining_a2,438,72633,185.309,177.024,154,128
w_bonepitmining_a2,439,2.06965e+06,207.823,177.154,179,128
w_bonepitmining_a2,440,1.37602e+06,189.853,180.782,166,128
w_bonepitmining_a2,441,185412,196.48,180.983,166,128
w_bonepitmining_a2,442,637207,189.711,182.497,170,128
w_bonepitmining_a2,443,66090,197.451,181.61,162,128
w_bonepitmining_a2,444,49429.2,181.87,181.87,175,128
w_bonepitmining_a2,445,422910,212.108,182.912,175,128
w_bonepitmining_a2,446,50722.8,183.184,180.698,173,128
w_bonepitmining_a2,447,287055,183.409,182.581,155,128
w_bonepitmining_a2,448,52808.4,185.397,183.154,169,128
w_bonepitmining_a2,449,110052,181.953,180.539,161,128
w_bonepitmining_a2,450,1.06051e+07,187.551,186.723,155,128
w_bonepitmining_a2,451,339205,189.953,187.468,169,128
w_bonepitmining_a2,452,56136.8,189.669,184.941,177,128
w_bonepitmining_a2,453,2.87517e+06,196.995,185.054,169,128
w_bonepitmining_a2,454,1.13073e+07,203.894,187.811,173,128
w_bonepitmining_a2,455,55338.4,190.711,187.397,171,128
w_bonepitmining_a2,456,534681,191.782,185.681,170,128
w_bonepitmining_a2,457,490478,211.622,185.355,177,128
w_bonepitmining_a2,458,932582,202.752,184.569,176,128
w_bonepitmining_a2,459,6.10785e+06,193.338,186.711,167,128
w_bonepitmining_a2,460,3.23978e+06,191.095,188.853,166,128
w_bonepitmining_a2,461,61398.6,191.426,190.841,180,128
w_bonepitmining_a2,462,223791,190.551,190.551,158,128
w_bonepitmining_a2,463,67658.2,193.836,190.522,153,128
w_bonepitmining_a2,464,1.90625e+06,199.267,190.154,175,128
w_bonepitmining_a2,465,83790.4,202.208,188.125,168,128
w_bonepitmining_a2,466,577053,206.865,191.368,171,128
w_bonepitmining_a2,467,1.06826e+07,204.309,188.225,173,128
w_bonepitmining_a2,468,548659,205.368,189.125,184,128
w_bonepitmining_a2,469,9.01813e+06,191.338,188.409,165,128
w_bonepitmining_a2,470,83546.8,202.581,195.953,175,128
w_bonepitmining_a2,471,403408,203.581,193.966,176,128
w_bonepitmining_a2,472,121476,237.764,194.083,199,128
w_bonepitmining_a2,473,310188,201.894,194.681,171,128
w_bonepitmining_a2,474,1.54641e+06,209.066,194.681,179,128
w_bonepitmining_a2,475,56587,193.811,192.397,177,128
w_bonepitmining_a2,476,67261,194.882,194.296,176,128
w_bonepitmining_a2,477,527904,207.137,194.125,175,128
w_bonepitmining_a2,478,73951,216.794,193.882,183,128
w_bonepitmining_a2,479,2.11528e+06,201.037,193.238,166,128
w_bonepitmining_a2,480,377833,216.108,199.439,179,128
w_bonepitmining_a2,481,3.89226e+06,198.652,197.238,169,128
w_bonepitmining_a2,482,328829,198.652,198.652,169,128
w_bonepitmining_a2,483,186625,213.078,196.409,171,128
w_bonepitmining_a2,484,304254,216.764,198.439,178,128
w_bonepitmining_a2,485,4.37845e+06,213.421,198.409,173,128
w_bonepitmining_a2,486,1.23209e+06,219.681,197.397,195,128
w_bonepitmining_a2,487,717391,203.095,196.468,178,128
w_bonepitmining_a2,488,325785,211.137,196.468,179,128
w_bonepitmining_a2,489,125063,224.563,197.953,180,128
w_bonepitmining_a2,490,127407,225.22,201.095,179,128
w_bonepitmining_a2,491,680674,213.279,201.095,177,128
w_bonepitmining_a2,492,121124,221.179,201.439,182,128
w_bonepitmining_a2,493,79219,217.664,200.267,176,128
w_bonepitmining_a2,494,1.35604e+06,218.38,202.296,185,128
w_bonepitmining_a2,495,1.69486e+06,215.421,201.581,175,128
w_bonepitmining_a2,496,866654,205.581,203.095,178,128
w_bonepitmining_a2,497,104684,208.664,203.693,167,128
w_bonepitmining_a2,498,700966,217.522,203.681,180,128
w_bonepitmining_a2,499,173945,202.581,202.581,175,128
w_bonepitmining_a2,500,1.36695e+07,221.35,204.439,183,128
w_bonepitmining_a2,501,7.45551e+06,222.894,205.983,192,128
w_bonepitmining_a2,502,2.22336e+06,215.451,204.095,180,128
w_bonepitmining_a2,503,495031,227.593,206.782,188,128
w_bonepitmining_a2,504,3.96439e+06,236.492,205.196,194,128
w_bonepitmining_a2,505,217209,207.551,205.309,175,128
w_bonepitmining_a2,506,700286,210.581,207.267,183,128
w_bonepitmining_a2,507,1.82215e+06,252.049,204.569,205,128
w_bonepitmining_a2,508,9.0881e+06,222.622,205.51,188,128
w_bonepitmining_a2,509,159810,218.936,205.338,181,128
w_bonepitmining_a2,510,1.42628e+07,218.51,211.054,193,128
w_bonepitmining_a2,511,374509,224.853,209.74,201,128
w_bonepitmining_a2,512,1.34626e+07,228.936,211.196,191,128
w_bonepitmining_a2,513,8.00439e+06,231.907,210.853,189,128
w_bonepitmining_a2,514,1.12758e+07,227.865,208.468,192,128
w_bonepitmining_a2,515,790450,227.35,209.61,189,128
w_bonepitmining_a2,516,92417.6,232.35,209.882,194,128
w_bonepitmining_a2,517,169437,219.995,210.681,192,128
w_bonepitmining_a2,518,1.14872e+06,210.309,209.48,179,128
w_bonepitmining_a2,519,2.23162e+06,256.049,209.397,209,128
w_bonepitmining_a2,520,6.51715e+06,216.61,215.782,194,128
w_bonepitmining_a2,521,1.36682e+06,228.782,212.296,207,128
w_bonepitmining_a2,522,178136,233.522,212.125,196,128
w_bonepitmining_a2,523,3.13443e+06,260.463,215.811,213,128
w_bonepitmining_a2,524,1.38201e+06,229.978,213.652,185,128
w_bonepitmining_a2,525,520930,232.078,213.752,190,128
w_bonepitmining_a2,526,1.14945e+07,215.61,214.782,193,128
w_bonepitmining_a2,527,88318,216.179,213.693,177,128
w_bonepitmining_a2,528,482942,228.823,212.882,200,128
w_bonepitmining_a2,529,1.01696e+07,218.48,213.794,188,128
w_bonepitmining_a2,530,392348,221.652,216.095,192,128
w_bonepitmining_a2,531,518299,220.752,218.267,194,128
w_bonepitmining_a2,532,613528,236.179,217.267,197,128
w_bonepitmining_a2,533,7.15446e+06,229.936,216.581,192,128
w_bonepitmining_a2,534,3.24833e+06,219.966,219.137,187,128
w_bonepitmining_a2,535,1.61438e+06,252.563,216.782,208,128
w_bonepitmining_a2,536,234006,243.451,217.669,208,128
w_bonepitmining_a2,537,324099,225.238,218.61,196,128
w_bonepitmining_a2,538,318592,221.723,216.167,190,128
w_bonepitmining_a2,539,98710.2,236.794,217.439,203,128
w_bonepitmining_a2,540,258338,243.321,223.338,200,128
w_bonepitmining_a2,541,1.3414e+07,224.439,220.296,201,128
w_bonepitmining_a2,542,8.56063e+06,270.291,222.61,222,128
w_bonepitmining_a2,543,6.18383e+06,233.693,222.581,197,128
w_bonepitmining_a2,544,79872.6,231.995,222.882,204,128
w_bonepitmining_a2,545,1.10258e+07,231.38,220.51,198,128
w_bonepitmining_a2,546,1.00803e+07,250.392,220.468,205,128
w_bonepitmining_a2,547,2.27216e+06,224.581,223.752,197,128
w_bonepitmining_a2,548,175319,237.392,222.38,192,128
w_bonepitmining_a2,549,576536,233.652,222.054,204,128
w_bonepitmining_a2,550,429593,244.48,226.497,214,128
w_bonepitmining_a2,551,126145,249.735,225.61,206,128
w_bonepitmining_a2,552,1.6424e+07,230.61,225.64,208,128
w_bonepitmining_a2,553,1.25046e+07,238.823,224.196,210,128
w_bonepitmining_a2,554,889213,226.338,225.51,200,128
w_bonepitmining_a2,555,1.01404e+07,251.522,225.397,214,128
w_bonepitmining_a2,556,112799,246.652,224.468,217,128
w_bonepitmining_a2,557,4.22892e+06,227.267,226.439,203,128
w_bonepitmining_a2,558,7.35353e+06,229.137,226.066,197,128
w_bonepitmining_a2,559,4.18975e+06,259.978,226.255,215,128
w_bonepitmining_a2,560,2.17891e+06,243.35,229.752,205,128
w_bonepitmining_a2,561,1.03597e+07,255.836,229.853,215,128
w_bonepitmining_a2,562,1.88293e+07,233.953,230.64,213,128
w_bonepitmining_a2,563,1.03689e+07,230.51,229.681,205,128
w_bonepitmining_a2,564,5.02372e+06,236.865,229.652,201,128
w_bonepitmining_a2,565,1.55754e+07,244.108,229.681,207,128
w_bonepitmining_a2,566,83397,238.225,231.012,221,128
w_bonepitmining_a2,567,1.32893e+07,229.681,228.853,205,128
w_bonepitmining_a2,568,3.42655e+06,231.995,231.167,204,128
w_bonepitmining_a2,569,3.95143e+06,231.238,229.581,202,128
w_bonepitmining_a2,570,1.18663e+07,235.681,232.61,211,128
w_bonepitmining_a2,571,805159,237.409,234.095,209,128
w_bonepitmining_a2,572,707331,255.007,233.953,215,128
w_bonepitmining_a2,573,131477,258.12,232.338,209,128
w_bonepitmining_a2,574,627675,260.463,234.681,213,128
w_bonepitmining_a2,575,606129,249.693,233.125,213,128
w_bonepitmining_a2,576,7.24699e+06,238.853,235.539,215,128
w_bonepitmining_a2,577,114090,263.279,235.539,227,128
w_bonepitmining_a2,578,743770,241.752,233.468,215,128
w_bonepitmining_a2,579,3.69726e+06,290.818,235.054,233,128
w_bonepitmining_a2,580,369669,263.362,239.238,213,128
w_bonepitmining_a2,581,117845,266.664,239.468,225,128
w_bonepitmining_a2,582,1.19674e+07,248.279,239.451,212,128
w_bonepitmining_a2,583,679096,238.752,237.924,212,128
w_bonepitmining_a2,584,1.53831e+07,255.764,237.196,217,128
w_bonepitmining_a2,585,2.14668e+07,240.581,236.439,213,128
w_bonepitmining_a2,586,500719,252.794,238.953,219,128
w_bonepitmining_a2,587,4.72207e+06,240.208,237.137,206,128
w_bonepitmining_a2,588,468377,239.296,237.054,220,128
w_bonepitmining_a2,589,1.02022e+07,270.25,237.154,229,128
w_bonepitmining_a2,590,5.44817e+06,254.635,241.037,208,128
w_bonepitmining_a2,591,318378,260.593,242.752,221,128
w_bonepitmining_a2,592,2.07572e+06,244.451,243.622,209,128
w_bonepitmining_a2,593,353130,252.066,242.953,222,128
w_bonepitmining_a2,594,2.31668e+06,293.434,240.539,241,128
w_bonepitmining_a2,595,301929,269.777,242.338,219,128
w_bonepitmining_a2,596,1.19208e+07,285.948,241.439,236,128
w_bonepitmining_a2,597,2.11782e+07,250.238,243.853,221,128
w_bonepitmining_a2,598,1.17881e+07,251.35,240.823,213,128
w_bonepitmining_a2,599,1.30182e+07,271.434,241.024,219,128
w_bonepitmining_a2,600,1.55936e+07,263.492,245.752,221,128
w_bonepitmining_a2,601,8.44324e+06,245.338,245.338,219,128
w_bonepitmining_a2,602,573330,265.693,244.296,229,128
w_bonepitmining_a2,603,1.22056e+07,257.622,247.681,223,128
w_bonepitmining_a2,604,1.95759e+06,287.161,247.238,231,128
w_bonepitmining_a2,605,490296,270.35,245.64,232,128
w_bonepitmining_a2,606,3.71689e+06,245.61,245.61,223,128
w_bonepitmining_a2,607,8.59193e+06,271.392,247.125,226,128
w_bonepitmining_a2,608,1.16495e+07,301.304,245.095,241,128
w_bonepitmining_a2,609,490968,271.25,247.711,230,128
w_bonepitmining_a2,610,7.57737e+06,267.037,248.811,232,128
w_bonepitmining_a2,611,627921,260.368,249.74,239,128
w_bonepitmining_a2,612,1.40654e+07,260.492,250.551,218,128
w_bonepitmining_a2,613,1.57061e+06,251.037,249.38,216,128
w_bonepitmining_a2,614,391835,252.782,250.296,231,128
w_bonepitmining_a2,615,1.90046e+06,252.38,251.551,219,128
w_bonepitmining_a2,616,430725,303.291,251.853,255,128
w_bonepitmining_a2,617,6.96286e+06,274.676,251.137,221,128
w_bonepitmining_a2,618,593107,265.338,251.983,239,128
w_bonepitmining_a2,619,177721,252.196,250.782,230,128
w_bonepitmining_a2,620,409550,270.551,252.711,238,128
w_bonepitmining_a2,621,438940,268.693,252.368,232,128
w_bonepitmining_a2,622,153586,254.853,253.439,231,128
w_bonepitmining_a2,623,415643,264.108,254.409,227,128
w_bonepitmining_a2,624,1.62787e+06,308.576,254.024,252,128
w_bonepitmining_a2,625,8.12901e+06,287.735,255.468,244,128
w_bonepitmining_a2,626,628615,268.664,253.652,227,128
w_bonepitmining_a2,627,1.14501e+06,259.238,255.924,230,128
w_bonepitmining_a2,628,278416,284.434,255.338,232,128
w_bonepitmining_a2,629,1.13014e+07,289.777,253.811,239,128
w_bonepitmining_a2,630,1.50051e+06,259.794,256.723,226,128
w_bonepitmining_a2,631,2.27793e+07,267.924,259.64,242,128
w_bonepitmining_a2,632,7.63534e+06,268.007,256.894,228,128
w_bonepitmining_a2,633,481953,287.818,256.238,230,128
w_bonepitmining_a2,634,4.46384e+06,304.362,258.64,254,128
w_bonepitmining_a2,635,1.83573e+07,257.681,257.681,233,128
w_bonepitmining_a2,636,1.24485e+07,270.137,257.853,238,128
w_bonepitmining_a2,637,1.13086e+07,308.475,257.238,249,128
w_bonepitmining_a2,638,1.33782e+07,258.095,258.095,233,128
w_bonepitmining_a2,639,109152,260.752,257.681,234,128
w_bonepitmining_a2,640,266637,276.593,260.995,237,128
w_bonepitmining_a2,641,409915,278.007,262.752,238,128
w_bonepitmining_a2,642,1.28578e+07,294.392,262.326,249,128
w_bonepitmining_a2,643,1.32028e+07,270.551,260.853,238,128
w_bonepitmining_a2,644,1.71254e+07,261.066,261.066,231,128
w_bonepitmining_a2,645,663490,299.434,262.338,247,128
w_bonepitmining_a2,646,363502,272.894,263.782,242,128
w_bonepitmining_a2,647,1.21563e+07,282.806,262.581,237,128
w_bonepitmining_a2,648,655665,288.794,262.811,255,128
w_bonepitmining_a2,649,183179,282.794,261.439,249,128
w_bonepitmining_a2,650,2.27354e+07,264.581,264.581,237,128
w_bonepitmining_a2,651,452964,291.978,267.368,247,128
w_bonepitmining_a2,652,359118,271.409,266.439,243,128
w_bonepitmining_a2,653,610595,287.551,264.539,255,128
w_bonepitmining_a2,654,427137,279.35,265.995,241,128
w_bonepitmining_a2,655,645646,300.291,266.267,252,128
w_bonepitmining_a2,656,183182,267.51,265.853,242,128
w_bonepitmining_a2,657,9.78786e+06,306.049,266.853,259,128
w_bonepitmining_a2,658,1.83434e+07,273.966,264.024,241,128
w_bonepitmining_a2,659,791413,284.007,267.439,244,128
w_bonepitmining_a2,660,418833,282.309,268.125,251,128
w_bonepitmining_a2,661,7.5299e+06,328.647,271.953,270,128
w_bonepitmining_a2,662,171096,275.924,270.853,250,128
w_bonepitmining_a2,663,741622,302.764,268.64,264,128
w_bonepitmining_a2,664,1.28495e+07,300.019,269.368,248,128
w_bonepitmining_a2,665,3.24142e+07,269.208,269.208,235,128
w_bonepitmining_a2,666,335265,295.191,269.652,244,128
w_bonepitmining_a2,667,442085,296.605,269.167,245,128
w_bonepitmining_a2,668,9.01786e+06,280.137,268.782,248,128
w_bonepitmining_a2,669,2.60339e+07,271.267,271.267,247,128
w_bonepitmining_a2,670,755327,302.836,274.167,262,128
w_bonepitmining_a2,671,6.41663e+06,319.676,273.267,266,128
w_bonepitmining_a2,672,1.04851e+07,295.38,272.225,262,128
w_bonepitmining_a2,673,669156,303.693,275.225,267,128
w_bonepitmining_a2,674,500746,295.321,272.953,252,128
w_bonepitmining_a2,675,107208,283.137,274.409,251,128
w_bonepitmining_a2,676,1.09931e+07,333.831,274.794,264,128
w_bonepitmining_a2,677,614768,293.137,274.811,261,128
w_bonepitmining_a2,678,649357,285.995,272.154,258,128
w_bonepitmining_a2,679,2.91754e+07,288.907,274.723,246,128
w_bonepitmining_a2,680,431313,296.421,278.439,256,128
w_bonepitmining_a2,681,1.13117e+07,311.534,279.024,262,128
w_bonepitmining_a2,682,436544,292.664,276.338,251,128
w_bonepitmining_a2,683,657507,287.51,278.397,262,128
w_bonepitmining_a2,684,507503,294.652,278.711,265,128
w_bonepitmining_a2,685,358240,312.563,277.51,268,128
w_bonepitmining_a2,686,531404,286.51,277.296,261,128
w_bonepitmining_a2,687,437239,305.505,276.066,251,128
w_bonepitmining_a2,688,464145,287.095,279.882,262,128
w_bonepitmining_a2,689,164192,305.392,278.095,260,128
w_bonepitmining_a2,690,1.13008e+07,302.522,280.539,265,128
w_bonepitmining_a2,691,1.79003e+07,312.777,282.368,262,128
w_bonepitmining_a2,692,8.9606e+06,301.907,281.196,259,128
w_bonepitmining_a2,693,526306,299.279,280.468,263,128
w_bonepitmining_a2,694,1.73798e+06,289.936,282.723,252,128
w_bonepitmining_a2,695,1.76518e+07,313.09,280.924,259,128
w_bonepitmining_a2,696,2.18318e+06,323.446,283.522,259,128
w_bonepitmining_a2,697,4.33327e+06,331.375,283.995,269,128
w_bonepitmining_a2,698,166783,302.291,282.208,254,128
w_bonepitmining_a2,699,1.33984e+06,283.38,282.551,250,128
w_bonepitmining_a2,700,739472,310.492,285.882,268,128
w_bonepitmining_a2,701,7.9462e+06,290.794,287.723,257,128
w_bonepitmining_a2,702,452985,313.161,285.622,257,128
w_bonepitmining_a2,703,627296,291.037,287.137,256,128
w_bonepitmining_a2,704,2.17188e+07,306.534,286.309,257,128
w_bonepitmining_a2,705,270146,320.806,284.782,275,128
w_bonepitmining_a2,706,1.34533e+07,304.078,287.409,262,128
w_bonepitmining_a2,707,492927,305.894,287.083,275,128
w_bonepitmining_a2,708,378299,295.167,287.711,268,128
w_bonepitmining_a2,709,1.25959e+07,314.777,286.61,264,128
w_bonepitmining_a2,710,2.57885e+06,330.647,288.238,272,128
w_bonepitmining_a2,711,1.2498e+07,304.563,291.208,260,128
w_bonepitmining_a2,712,597424,305.995,291.326,278,128
w_bonepitmining_a2,713,2.96892e+06,342.759,291.966,275,128
w_bonepitmining_a2,714,438594,304.451,291.196,269,128
w_bonepitmining_a2,715,1.24702e+06,322.25,290.51,281,128
w_bonepitmining_a2,716,1.31753e+07,326.99,288.539,270,128
w_bonepitmining_a2,717,507558,309.451,290.64,274,128
w_bonepitmining_a2,718,1.13574e+07,327.09,289.024,273,128
w_bonepitmining_a2,719,1.13249e+07,322.149,289.238,278,128
w_bonepitmining_a2,720,518705,312.764,295.752,274,128
w_bonepitmining_a2,721,8.89223e+06,303.622,293.48,269,128
w_bonepitmining_a2,722,2.37123e+07,323.877,295.125,276,128
w_bonepitmining_a2,723,9.51574e+06,349.588,294.61,281,128
w_bonepitmining_a2,724,1.22409e+07,315.35,293.368,277,128
w_bonepitmining_a2,725,3.10852e+06,344.889,294.924,285,128
w_bonepitmining_a2,726,1.25488e+07,326.593,292.51,287,128
w_bonepitmining_a2,727,7.74814e+06,343.86,293.167,279,128
w_bonepitmining_a2,728,1.22346e+07,340.99,294.439,284,128
w_bonepitmining_a2,729,1.22613e+07,315.764,292.024,277,128
w_bonepitmining_a2,730,1.93282e+07,339.818,296.054,282,128
w_bonepitmining_a2,731,1.70854e+07,335.99,296.953,279,128
w_bonepitmining_a2,732,456136,309.723,296.468,278,128
w_bonepitmining_a2,733,453316,303.681,297.296,279,128
w_bonepitmining_a2,734,9.60437e+06,322.907,298.882,280,128
w_bonepitmining_a2,735,8.04572e+06,320.522,299.811,283,128
w_bonepitmining_a2,736,1.07948e+07,328.836,296.167,288,128
w_bonepitmining_a2,737,940796,318.622,296.154,284,128
w_bonepitmining_a2,738,2.22443e+07,343.617,296.782,280,128
w_bonepitmining_a2,739,1.51453e+07,329.362,296.995,279,128
w_bonepitmining_a2,740,5.0087e+06,349.517,301.309,283,128
w_bonepitmining_a2,741,3.0522e+07,321.191,302.865,270,128
w_bonepitmining_a2,742,2.51664e+07,323.362,301.966,273,128
w_bonepitmining_a2,743,1.40313e+07,361.902,303.61,290,128
w_bonepitmining_a2,744,3.36332e+06,363.345,303.238,296,128
w_bonepitmining_a2,745,9.93654e+06,304.037,300.723,269,128
w_bonepitmining_a2,746,1.75448e+07,303.492,303.492,261,128
w_bonepitmining_a2,747,472158,321.108,302.882,284,128
w_bonepitmining_a2,748,1.46785e+06,341.333,302.681,286,128
w_bonepitmining_a2,749,2.00377e+07,338.647,303.853,280,128
w_bonepitmining_a2,750,1.82124e+07,339.919,305.368,285,128
w_bonepitmining_a2,751,3.10773e+07,322.321,306.581,279,128
w_bonepitmining_a2,752,1.86062e+07,349.818,307.953,292,128
w_bonepitmining_a2,753,478307,336.304,305.936,276,128
w_bonepitmining_a2,754,6.55646e+06,329.291,305.51,281,128
w_bonepitmining_a2,755,1.25962e+07,337.534,307.711,288,128
w_bonepitmining_a2,756,518026,326.622,307.811,292,128
w_bonepitmining_a2,757,1.36625e+07,346.848,306.723,294,128
w_bonepitmining_a2,758,1.00528e+07,339.132,305.652,278,128
w_bonepitmining_a2,759,1.74803e+07,349.434,306.64,297,128
w_bonepitmining_a2,760,1.31054e+07,343.362,311.539,293,128
w_bonepitmining_a2,761,796075,326.451,309.782,291,128
w_bonepitmining_a2,762,1.11963e+07,340.676,309.095,287,128
w_bonepitmining_a2,763,3.9578e+07,329.078,310.267,287,128
w_bonepitmining_a2,764,1.29297e+07,338.492,311.882,296,128
w_bonepitmining_a2,765,1.60946e+07,343.534,311.711,294,128
w_bonepitmining_a2,766,6.21014e+07,318.823,309.125,290,128
w_bonepitmining_a2,767,804540,347.534,311.51,298,128
w_bonepitmining_a2,768,516451,335.392,309.711,290,128
w_bonepitmining_a2,769,434142,322.652,310.225,293,128
w_bonepitmining_a2,770,1.24517e+07,352.546,315.51,291,128
w_bonepitmining_a2,771,6.10251e+07,321.409,314.196,293,128
w_bonepitmining_a2,772,3.0941e+07,347.333,312.196,292,128
w_bonepitmining_a2,773,1.62496e+07,352.073,315.865,281,128
w_bonepitmining_a2,774,1.54089e+07,351.161,314.368,295,128
w_bonepitmining_a2,775,9.055e+06,338.907,315.711,296,128
w_bonepitmining_a2,776,3.0234e+07,341.362,315.681,291,128
w_bonepitmining_a2,777,1.07388e+07,350.505,315.853,296,128
w_bonepitmining_a2,778,1.22993e+07,354.99,313.853,298,128
w_bonepitmining_a2,779,2.62316e+06,355.446,314.693,291,128
w_bonepitmining_a2,780,1.19356e+06,347.434,318.238,295,128
w_bonepitmining_a2,781,1.09491e+07,346.09,319.581,292,128
w_bonepitmining_a2,782,3.61493e+06,366.588,316.723,298,128
w_bonepitmining_a2,783,1.43045e+07,349.362,318.368,299,128
w_bonepitmining_a2,784,1.98836e+07,376.801,319.439,302,128
w_bonepitmining_a2,785,2.74489e+07,338.747,317.35,283,128
w_bonepitmining_a2,786,6.02822e+07,323.581,317.196,296,128
w_bonepitmining_a2,787,5.42778e+06,375.902,318.238,304,128
w_bonepitmining_a2,788,2.97492e+06,359.617,318.865,296,128
w_bonepitmining_a2,789,1.29702e+07,383.872,318.51,307,128
w_bonepitmining_a2,790,1.09405e+07,345.593,323.225,306,128
w_bonepitmining_a2,791,1.31074e+07,353.676,321.024,300,128
w_bonepitmining_a2,792,691971,340.38,322.397,307,128
w_bonepitmining_a2,793,567665,344.936,323.054,307,128
w_bonepitmining_a2,794,5.68115e+06,370.86,323.48,306,128
w_bonepitmining_a2,795,6.96246e+07,337.622,323.196,303,128
w_bonepitmining_a2,796,468206,332.894,322.953,302,128
w_bonepitmining_a2,797,1.45478e+07,345.563,321.539,301,128
w_bonepitmining_a2,798,553113,350.877,321.054,303,128
w_bonepitmining_a2,799,7.20943e+07,330.137,323.51,298,128
w_bonepitmining_a2,800,4.49993e+07,358.161,327.167,302,128
w_bonepitmining_a2,801,419736,335.794,327.51,302,128
w_bonepitmining_a2,802,1.57212e+06,354.392,325.723,309,128
w_bonepitmining_a2,803,1.12051e+07,367.316,325.936,295,128
w_bonepitmining_a2,804,4.28661e+07,325.196,325.196,303,128
w_bonepitmining_a2,805,520552,342.066,324.912,312,128
w_bonepitmining_a2,806,4.96836e+07,336.108,324.51,299,128
w_bonepitmining_a2,807,1.9623e+07,347.836,327.125,307,128
w_bonepitmining_a2,808,8.88285e+06,366.362,325.368,316,128
w_bonepitmining_a2,809,1.82006e+07,370.688,324.196,305,128
w_bonepitmining_a2,810,498649,353.806,329.782,308,128
w_bonepitmining_a2,811,8.54451e+07,329.652,329.652,300,128
w_bonepitmining_a2,812,695170,343.693,328.782,307,128
w_bonepitmining_a2,813,5.08403e+07,341.279,329.095,305,128
w_bonepitmining_a2,814,1.90841e+06,380.345,328.581,313,128
w_bonepitmining_a2,815,1.36984e+07,369.215,329.836,294,128
w_bonepitmining_a2,816,1.37049e+07,362.948,328.296,313,128
w_bonepitmining_a2,817,1.45338e+07,358.919,329.924,304,128
w_bonepitmining_a2,818,601232,365.446,330.007,301,128
w_bonepitmining_a2,819,1.21217e+07,370.019,330.782,318,128
w_bonepitmining_a2,820,4.7266e+07,353.149,335.167,309,128
w_bonepitmining_a2,821,9.89325e+06,359.676,334.823,306,128
w_bonepitmining_a2,822,1.0586e+07,371.777,334.539,321,128
w_bonepitmining_a2,823,2.87294e+07,360.421,335.468,320,128
w_bonepitmining_a2,824,4.93673e+07,335.581,333.924,308,128
w_bonepitmining_a2,825,2.45107e+07,364.019,335.267,312,128
w_bonepitmining_a2,826,3.94741e+07,363.818,334.238,306,128
w_bonepitmining_a2,827,4.62648e+06,377.588,334.309,309,128
w_bonepitmining_a2,828,3.16715e+07,348.764,332.196,310,128
w_bonepitmining_a2,829,3.71443e+06,386.558,334.208,313,128
w_bonepitmining_a2,830,2.00242e+06,349.279,336.51,313,128
w_bonepitmining_a2,831,1.11155e+07,341.238,339.581,312,128
w_bonepitmining_a2,832,4.17614e+07,374.032,338.309,310,128
w_bonepitmining_a2,833,2.2413e+07,367.007,338.296,327,128
w_bonepitmining_a2,834,6.16691e+07,337.995,337.995,310,128
w_bonepitmining_a2,835,1.76895e+06,395.973,337.823,322,128
w_bonepitmining_a2,836,8.25743e+07,339.924,339.924,314,128
w_bonepitmining_a2,837,7.22041e+07,336.439,336.439,313,128
w_bonepitmining_a2,838,1.09848e+07,341.309,337.995,310,128
w_bonepitmining_a2,839,3.27372e+06,378.759,336.35,311,128
w_bonepitmining_a2,840,4.34195e+07,348.409,340.953,320,128
w_bonepitmining_a2,841,1.31685e+07,372.706,343.794,324,128
w_bonepitmining_a2,842,548580,375.434,342.539,323,128
w_bonepitmining_a2,843,1.69808e+07,360.593,342.368,321,128
w_bonepitmining_a2,844,4.49389e+07,351.208,340.681,317,128
w_bonepitmining_a2,845,8.87169e+07,362.191,342.794,311,128
w_bonepitmining_a2,846,577984,365.179,342.811,326,128
w_bonepitmining_a2,847,590668,365.948,340.267,316,128
w_bonepitmining_a2,848,7.69647e+07,345.752,342.681,319,128
w_bonepitmining_a2,849,5.79405e+07,341.167,341.167,314,128
w_bonepitmining_a2,850,4.11899e+07,347.51,344.439,322,128
w_bonepitmining_a2,851,6.18603e+07,345.095,345.095,320,128
w_bonepitmining_a2,852,7.01064e+07,347.196,347.196,325,128
w_bonepitmining_a2,853,3.63403e+06,399.044,347.522,323,128
w_bonepitmining_a2,854,3.45523e+06,387.588,344.108,319,128
w_bonepitmining_a2,855,3.22513e+06,403.801,346.48,329,128
w_bonepitmining_a2,856,3.56102e+06,378.777,344.066,328,128
w_bonepitmining_a2,857,6.67928e+06,387.09,345.267,333,128
w_bonepitmining_a2,858,5.3312e+07,359.593,346.823,320,128
w_bonepitmining_a2,859,6.79182e+07,345.196,345.196,323,128
w_bonepitmining_a2,860,2.6244e+07,390.416,348.551,321,128
w_bonepitmining_a2,861,7.15321e+07,352.167,348.267,325,128
w_bonepitmining_a2,862,1.08939e+07,348.823,348.823,320,128
w_bonepitmining_a2,863,2.50289e+06,408.458,351.137,332,128
w_bonepitmining_a2,864,4.29895e+07,374.362,351.409,324,128
w_bonepitmining_a2,865,4.03521e+07,368.563,348.924,324,128
w_bonepitmining_a2,866,5.58082e+07,359.321,351.037,316,128
w_bonepitmining_a2,867,1.4334e+07,395.387,351.865,321,128
w_bonepitmining_a2,868,1.2861e+07,377.333,351.652,322,128
w_bonepitmining_a2,869,8.42757e+06,381.019,350.551,329,128
w_bonepitmining_a2,870,4.00754e+07,368.35,353.681,330,128
w_bonepitmining_a2,871,5.19605e+07,355.267,355.267,331,128
w_bonepitmining_a2,872,5.78307e+06,410.186,352.522,330,128
w_bonepitmining_a2,873,2.45528e+07,355.267,355.267,331,128
w_bonepitmining_a2,874,4.77082e+07,357.622,355.966,323,128
w_bonepitmining_a2,875,1.0145e+07,392.747,355.51,337,128
w_bonepitmining_a2,876,9.60361e+07,352.551,352.551,320,128
w_bonepitmining_a2,877,3.69134e+07,353.64,353.64,336,128
w_bonepitmining_a2,878,6.65497e+07,355.024,355.024,332,128
w_bonepitmining_a2,879,8.50735e+07,366.978,352.309,322,128
w_bonepitmining_a2,880,3.50756e+07,382.25,359.681,341,128
w_bonepitmining_a2,881,1.14772e+07,359.995,359.995,332,128
w_bonepitmining_a2,882,3.06946e+07,362.439,359.953,339,128
w_bonepitmining_a2,883,1.76047e+07,406.328,357.936,322,128
w_bonepitmining_a2,884,1.05987e+07,356.238,356.238,327,128
w_bonepitmining_a2,885,7.98702e+07,359.652,357.995,330,128
w_bonepitmining_a2,886,1.35298e+07,359.409,359.409,331,128
w_bonepitmining_a2,887,1.15129e+08,361.823,356.024,333,128
w_bonepitmining_a2,888,2.09093e+07,359.037,356.551,324,128
w_bonepitmining_a2,889,9.0749e+07,368.007,359.137,328,128
w_bonepitmining_a2,890,1.88097e+07,380.279,362.054,344,128
w_bonepitmining_a2,891,3.40587e+07,362.853,362.853,339,128
w_bonepitmining_a2,892,1.33691e+07,378.877,361.279,331,128
w_bonepitmining_a2,893,1.43196e+07,392.333,360.51,337,128
w_bonepitmining_a2,894,9.62491e+06,396.404,363.409,339,128
w_bonepitmining_a2,895,3.57288e+07,360.024,360.024,337,128
w_bonepitmining_a2,896,1.54736e+07,390.434,362.267,338,128
w_bonepitmining_a2,897,1.44681e+07,412.186,360.865,332,128
w_bonepitmining_a2,898,7.47692e+07,363.995,363.995,336,128
w_bonepitmining_a2,899,4.22925e+07,362.924,362.924,337,128
w_bonepitmining_a2,900,3.4593e+07,366.368,366.368,345,128
w_bonepitmining_a2,901,1.15306e+07,401.404,365.581,344,128
w_bonepitmining_a2,902,7.60385e+07,365.38,365.38,332,128
w_bonepitmining_a2,903,4.64354e+07,366.581,366.581,339,128
w_bonepitmining_a2,904,4.1059e+07,365.924,365.924,340,128
w_bonepitmining_a2,905,3.44112e+07,366.267,366.267,342,128
w_bonepitmining_a2,906,5.0569e+07,366.48,366.48,336,128
w_bonepitmining_a2,907,2.60714e+07,386.049,366.167,339,128
w_bonepitmining_a2,908,1.10026e+06,377.492,365.066,335,128
w_bonepitmining_a2,909,1.89561e+07,391.919,364.581,337,128
w_bonepitmining_a2,910,3.11312e+07,368.539,368.539,348,128
w_bonepitmining_a2,911,1.67725e+07,368.125,368.125,348,128
w_bonepitmining_a2,912,4.82768e+07,369.823,369.823,341,128
w_bonepitmining_a2,913,3.97024e+07,406.245,371.108,336,128
w_bonepitmining_a2,914,7.00388e+07,374.894,370.752,344,128
w_bonepitmining_a2,915,3.43502e+07,371.853,371.853,348,128
w_bonepitmining_a2,916,2.78907e+07,370.853,370.853,347,128
w_bonepitmining_a2,917,1.20405e+07,394.848,369.995,342,128
w_bonepitmining_a2,918,1.47365e+07,370.439,370.439,347,128
w_bonepitmining_a2,919,3.97219e+07,372.48,369.995,342,128
w_bonepitmining_a2,920,1.24585e+07,403.919,372.037,349,128
w_bonepitmining_a2,921,1.04571e+08,380.978,373.764,336,128
w_bonepitmining_a2,922,3.96522e+07,375.409,375.409,347,128
w_bonepitmining_a2,923,3.82847e+07,378.823,375.167,350,128
w_bonepitmining_a2,924,6.17574e+07,374.267,373.439,350,128
w_bonepitmining_a2,925,1.56296e+07,373.48,372.652,343,128
w_bonepitmining_a2,926,1.5218e+07,399.576,374.723,343,128
w_bonepitmining_a2,927,4.45114e+07,383.865,372.752,348,128
w_bonepitmining_a2,928,3.12129e+07,375.338,372.853,349,128
w_bonepitmining_a2,929,2.29219e+07,389.664,372.267,348,128
w_bonepitmining_a2,930,1.96092e+07,399.149,376.782,355,128
w_bonepitmining_a2,931,1.48221e+06,386.007,377.723,346,128
w_bonepitmining_a2,932,3.87077e+07,378.51,378.51,353,128
w_bonepitmining_a2,933,2.63117e+07,381.652,378.338,352,128
w_bonepitmining_a2,934,2.08701e+07,376.823,376.823,348,128
w_bonepitmining_a2,935,1.50024e+07,402.203,378.179,339,128
w_bonepitmining_a2,936,3.45882e+07,379.995,379.995,352,128
w_bonepitmining_a2,937,1.22715e+07,377.51,377.51,352,128
w_bonepitmining_a2,938,4.70753e+06,398.161,377.451,342,128
w_bonepitmining_a2,939,2.63901e+07,398.948,376.581,349,128
w_bonepitmining_a2,940,9.57628e+07,380.622,380.622,346,128
w_bonepitmining_a2,941,2.56861e+07,382.095,380.439,357,128
w_bonepitmining_a2,942,2.22141e+07,381.853,381.853,358,128
w_bonepitmining_a2,943,3.35753e+07,383.409,383.409,355,128
w_bonepitmining_a2,944,8.33094e+07,384.078,383.25,342,128
w_bonepitmining_a2,945,2.17282e+07,388.167,380.711,361,128
w_bonepitmining_a2,946,1.20549e+08,384.007,383.179,344,128
w_bonepitmining_a2,947,2.35582e+07,423.487,381.966,352,128
w_bonepitmining_a2,948,1.09878e+07,384.48,383.652,354,128
w_bonepitmining_a2,949,6.02431e+07,381.51,381.51,356,128
w_bonepitmining_a2,950,2.49086e+07,407.635,387.752,361,128
w_bonepitmining_a2,951,7.51253e+06,436.671,385.108,354,128
w_bonepitmining_a2,952,1.88252e+07,386.782,385.125,365,128
w_bonepitmining_a2,953,3.17271e+07,388.48,384.338,358,128
w_bonepitmining_a2,954,1.13419e+07,385.622,385.622,351,128
w_bonepitmining_a2,955,1.33364e+08,401.149,386.48,357,128
w_bonepitmining_a2,956,3.7112e+07,384.38,384.38,351,128
w_bonepitmining_a2,957,1.06693e+07,389.836,387.35,349,128
w_bonepitmining_a2,958,1.53199e+07,408.061,384.037,349,128
w_bonepitmining_a2,959,7.7749e+07,386.238,386.238,357,128
w_bonepitmining_a2,960,2.91292e+07,403.936,390.924,366,128
w_bonepitmining_a2,961,2.01089e+07,392.38,389.894,359,128
w_bonepitmining_a2,962,5.40213e+07,388.066,388.066,358,128
w_bonepitmining_a2,963,1.72017e+08,395.865,389.238,360,128
w_bonepitmining_a2,964,1.55384e+07,418.161,390.823,362,128
w_bonepitmining_a2,965,3.51857e+07,419.546,389.279,358,128
w_bonepitmining_a2,966,6.79442e+06,444.742,390.007,360,128
w_bonepitmining_a2,967,2.19742e+07,428.002,388.137,359,128
w_bonepitmining_a2,968,7.16986e+07,391.48,391.48,361,128
w_bonepitmining_a2,969,1.60619e+07,436.014,391.764,355,128
w_bonepitmining_a2,970,9.68849e+06,393.966,393.966,361,128
w_bonepitmining_a2,971,3.38629e+07,392.853,392.853,369,128
w_bonepitmining_a2,972,2.44094e+07,408.421,392.823,368,128
w_bonepitmining_a2,973,3.47349e+07,395.439,395.439,372,128
w_bonepitmining_a2,974,1.01426e+08,395.078,395.078,353,128
w_bonepitmining_a2,975,7.0223e+07,395.966,395.966,363,128
w_bonepitmining_a2,976,9.43449e+07,412.262,393.451,359,128
w_bonepitmining_a2,977,5.73305e+07,397.149,393.007,353,128
w_bonepitmining_a2,978,2.5576e+07,415.948,395.238,366,128
w_bonepitmining_a2,979,1.93486e+07,440.227,394.321,353,128
w_bonepitmining_a2,980,1.69081e+08,403.936,397.309,366,128
w_bonepitmining_a2,981,5.61841e+07,406.593,397.137,367,128
w_bonepitmining_a2,982,2.86705e+07,413.907,398.167,371,128
w_bonepitmining_a2,983,8.04677e+07,397.924,397.924,372,128
w_bonepitmining_a2,984,1.177e+08,414.049,399.137,367,128
w_bonepitmining_a2,985,5.52411e+07,407.764,399.137,369,128
w_bonepitmining_a2,986,2.15615e+07,405.167,396.882,378,128
w_bonepitmining_a2,987,5.43247e+07,420.404,399.35,363,128
w_bonepitmining_a2,988,5.60952e+07,416.676,396.693,363,128
w_bonepitmining_a2,989,9.79416e+06,399.208,399.208,365,128
w_bonepitmining_a2,990,1.45721e+07,405.238,401.924,376,128
w_bonepitmining_a2,991,2.28504e+07,410.581,403.953,383,128
w_bonepitmining_a2,992,4.02056e+07,414.362,403.593,364,128
w_bonepitmining_a2,993,1.61142e+07,400.593,400.593,361,128
w_bonepitmining_a2,994,2.5672e+07,417.505,400.936,363,128
w_bonepitmining_a2,995,5.6267e+07,413.492,401.551,371,128
w_bonepitmining_a2,996,1.51776e+06,418.99,401.593,362,128
w_bonepitmining_a2,997,4.03305e+07,403.037,403.037,368,128
w_bonepitmining_a2,998,3.36343e+07,402.024,402.024,379,128
w_bonepitmining_a2,999,3.36227e+07,400.782,400.782,379,128
w_bonepitmining_a2,1000,3.26297e+07,405.966,405.966,373,128
w_bonepitmining_a2,1001,1.05835e+07,410.451,404.652,375,128
w_bonepitmining_a2,1002,8.12387e+06,409.966,404.167,377,128
w_bonepitmining_a2,1003,9.19942e+06,410.137,407.652,378,128
w_bonepitmining_a2,1004,3.36956e+07,405.095,405.095,380,128
w_bonepitmining_a2,1005,9.30012e+07,407.693,407.693,371,128
w_bonepitmining_a2,1006,6.67597e+07,411.563,407.664,367,128
w_bonepitmining_a2,1007,9.94178e+07,406.451,406.451,371,128
w_bonepitmining_a2,1008,4.73022e+07,428.161,404.966,372,128
w_bonepitmining_a2,1009,7.63794e+07,407.865,407.865,372,128
w_bonepitmining_a2,1010,1.27225e+07,411.752,409.267,385,128
w_bonepitmining_a2,1011,9.28908e+07,411.936,411.936,374,128
w_bonepitmining_a2,1012,9.74763e+07,410.593,409.764,371,128
w_bonepitmining_a2,1013,1.6591e+08,409.35,409.35,371,128
w_bonepitmining_a2,1014,1.78904e+08,417.664,409.38,376,128
w_bonepitmining_a2,1015,3.29302e+07,410.995,410.995,383,128
w_bonepitmining_a2,1016,9.10946e+07,411.794,411.794,378,128
w_bonepitmining_a2,1017,1.58263e+07,418.551,411.338,386,128
w_bonepitmining_a2,1018,3.4926e+07,416.149,408.836,372,128
w_bonepitmining_a2,1019,3.22621e+07,426.534,408.451,377,128
w_bonepitmining_a2,1020,1.92228e+08,412.238,412.238,383,128
w_bonepitmining_a2,1021,2.63592e+07,436.889,414.522,377,128
w_bonepitmining_a2,1022,8.37977e+07,414.208,414.208,380,128
w_bonepitmining_a2,1023,1.38777e+07,412.463,412.463,365,128
w_bonepitmining_a2,1024,3.50062e+07,412.794,412.794,379,128
w_bonepitmining_a2,1025,5.98223e+06,412.551,412.551,380,128
w_bonepitmining_a2,1026,1.0158e+07,424.108,414.167,387,128
w_bonepitmining_a2,1027,7.78092e+07,419.936,415.794,382,128
w_bonepitmining_a2,1028,9.84958e+06,413.806,412.978,368,128
w_bonepitmining_a2,1029,4.04053e+07,421.563,413.421,377,128
w_bonepitmining_a2,1030,9.09882e+07,418.894,418.894,388,128
w_bonepitmining_a2,1031,5.39794e+07,427.948,417.179,378,128
w_bonepitmining_a2,1032,3.42302e+07,416.652,416.652,387,128
w_bonepitmining_a2,1033,3.30615e+07,418.794,418.794,385,128
w_bonepitmining_a2,1034,7.08144e+06,418.865,418.865,383,128
w_bonepitmining_a2,1035,4.25971e+06,424.492,417.037,382,128
w_bonepitmining_a2,1036,7.24506e+06,417.38,417.38,384,128
w_bonepitmining_a2,1037,5.81518e+07,427.978,416.865,383,128
w_bonepitmining_a2,1038,3.22333e+07,418.752,418.752,392,128
w_bonepitmining_a2,1039,2.18064e+08,418.723,418.723,387,128
w_bonepitmining_a2,1040,9.24685e+07,420.037,420.037,385,128
w_bonepitmining_a2,1041,3.47207e+07,420.551,420.551,388,128
w_bonepitmining_a2,1042,6.92811e+06,422.037,421.208,387,128
w_bonepitmining_a2,1043,5.93552e+07,437.09,420.179,383,128
w_bonepitmining_a2,1044,1.11299e+08,420.806,420.806,375,128
w_bonepitmining_a2,1045,4.34086e+07,420.664,420.664,379,128
w_bonepitmining_a2,1046,3.07421e+07,422.421,422.421,382,128
w_bonepitmining_a2,1047,8.03734e+07,422.108,422.108,385,128
w_bonepitmining_a2,1048,8.66325e+06,427.593,420.966,388,128
w_bonepitmining_a2,1049,3.30327e+07,422.066,422.066,392,128
w_bonepitmining_a2,1050,9.27923e+07,425.108,425.108,388,128
w_bonepitmining_a2,1051,8.42604e+07,424.108,424.108,387,128
w_bonepitmining_a2,1052,8.52232e+07,438.777,426.007,388,128
w_bonepitmining_a2,1053,3.3246e+07,426.451,426.451,391,128
w_bonepitmining_a2,1054,3.21878e+07,425.309,425.309,394,128
w_bonepitmining_a2,1055,4.79574e+06,430.451,427.137,395,128
w_bonepitmining_a2,1056,3.46028e+07,425.208,425.208,391,128
w_bonepitmining_a2,1057,8.97851e+07,426.978,426.978,382,128
w_bonepitmining_a2,1058,4.31294e+06,432.492,425.037,390,128
w_bonepitmining_a2,1059,1.76632e+07,427.191,425.534,376,128
w_bonepitmining_a2,1060,7.59578e+07,441.09,428.321,387,128
w_bonepitmining_a2,1061,3.47376e+07,429.966,429.966,397,128
w_bonepitmining_a2,1062,4.80086e+07,430.635,430.049,384,128
w_bonepitmining_a2,1063,3.43911e+07,428.936,428.936,391,128
w_bonepitmining_a2,1064,4.65755e+06,434.836,429.865,394,128
w_bonepitmining_a2,1065,3.31955e+07,428.622,428.622,394,128
w_bonepitmining_a2,1066,3.45648e+07,431.037,431.037,396,128
w_bonepitmining_a2,1067,1.60292e+08,428.693,428.693,392,128
w_bonepitmining_a2,1068,5.05528e+07,429.806,429.806,384,128
w_bonepitmining_a2,1069,4.68419e+07,431.25,431.25,390,128
w_bonepitmining_a2,1070,1.54323e+07,434.664,434.664,393,128
w_bonepitmining_a2,1071,1.80547e+07,433.936,433.936,396,128
w_bonepitmining_a2,1072,4.29274e+06,437.522,433.38,400,128
w_bonepitmining_a2,1073,1.1683e+08,433.049,433.049,386,128
w_bonepitmining_a2,1074,4.75883e+07,446.262,433.492,393,128
w_bonepitmining_a2,1075,7.11652e+07,433.049,433.049,386,128
w_bonepitmining_a2,1076,1.00903e+08,433.451,433.451,398,128
w_bonepitmining_a2,1077,1.3094e+07,434.149,434.149,390,128
w_bonepitmining_a2,1078,1.54085e+07,432.534,432.534,383,128
w_bonepitmining_a2,1079,4.0465e+07,432.492,432.492,390,128
w_bonepitmining_a2,1080,1.30465e+07,439.735,439.735,396,128
w_bonepitmining_a2,1081,3.59452e+07,438.764,438.764,400,128
w_bonepitmining_a2,1082,1.35455e+07,438.907,438.907,396,128
w_bonepitmining_a2,1083,4.13102e+06,445.978,438.522,401,128
w_bonepitmining_a2,1084,3.44811e+07,436.451,436.451,401,128
w_bonepitmining_a2,1085,6.09673e+07,450.848,437.492,398,128
w_bonepitmining_a2,1086,1.23397e+08,436.706,436.706,388,128
w_bonepitmining_a2,1087,3.29944e+07,452.576,439.22,396,128
w_bonepitmining_a2,1088,4.38441e+07,450.777,438.007,400,128
w_bonepitmining_a2,1089,4.71045e+07,452.848,439.492,400,128
w_bonepitmining_a2,1090,6.75433e+07,455.505,442.149,401,128
w_bonepitmining_a2,1091,1.23569e+08,440.534,440.534,391,128
w_bonepitmining_a2,1092,3.80325e+07,456.161,442.806,400,128
w_bonepitmining_a2,1093,3.68059e+07,455.919,442.563,401,128
w_bonepitmining_a2,1094,4.85805e+07,456.99,443.635,400,128
w_bonepitmining_a2,1095,4.43107e+07,455.434,442.078,403,128
w_bonepitmining_a2,1096,3.45406e+07,440.179,440.179,401,128
w_bonepitmining_a2,1097,1.74842e+07,442.321,442.321,399,128
w_bonepitmining_a2,1098,8.96655e+07,447.806,441.664,402,128
w_bonepitmining_a2,1099,1.34324e+07,443.735,443.735,400,128
w_bonepitmining_a2,1100,3.37908e+07,460.09,446.735,406,128
w_bonepitmining_a2,1101,3.96085e+07,459.404,446.049,402,128
w_bonepitmining_a2,1102,1.6573e+07,447.563,447.563,403,128
w_bonepitmining_a2,1103,1.26248e+07,444.563,444.563,400,128
w_bonepitmining_a2,1104,8.31241e+07,457.919,444.563,403,128
w_bonepitmining_a2,1105,1.31453e+07,444.149,444.149,400,128
w_bonepitmining_a2,1106,9.17545e+07,445.836,445.007,405,128
w_bonepitmining_a2,1107,1.36312e+07,447.463,447.463,400,128
w_bonepitmining_a2,1108,1.3229e+07,446.291,446.291,398,128
w_bonepitmining_a2,1109,1.3245e+07,446.392,446.392,401,128
