map,scenid,tcost,distance,expect,steps,r
w_bonepitdestroyed_a3,0,3221.8,6.41421,6.41421,7,4
w_bonepitdestroyed_a3,1,2189.2,7.65685,7.65685,7,4
w_bonepitdestroyed_a3,2,1834.6,6.65685,6.65685,6,4
w_bonepitdestroyed_a3,3,1465.2,6.41421,6.41421,7,4
w_bonepitdestroyed_a3,4,1306,6.24264,6.24264,6,4
w_bonepitdestroyed_a3,5,1741.4,6.65685,6.65685,6,4
w_bonepitdestroyed_a3,6,1634,6.65685,6.65685,6,4
w_bonepitdestroyed_a3,7,1544.4,7,7,8,4
w_bonepitdestroyed_a3,8,1446.4,5.82843,5.82843,6,4
w_bonepitdestroyed_a3,9,1391.2,6.24264,6.24264,6,4
w_bonepitdestroyed_a3,10,1613,8.24264,8.24264,8,4
w_bonepitdestroyed_a3,11,1983.4,9.41421,9.41421,10,4
w_bonepitdestroyed_a3,12,2876.6,11.4853,11.4853,10,4
w_bonepitdestroyed_a3,13,2101.8,11,11,12,4
w_bonepitdestroyed_a3,14,2019.2,9.48528,9.48528,8,4
w_bonepitdestroyed_a3,15,2048.8,11.4853,11.4853,10,4
w_bonepitdestroyed_a3,16,1702.8,9.41421,9.41421,10,4
w_bonepitdestroyed_a3,17,1411.8,8,8,9,4
w_bonepitdestroyed_a3,18,2087.2,10.8284,10.8284,11,4
w_bonepitdestroyed_a3,19,1807.2,9.48528,9.48528,8,4
w_bonepitdestroyed_a3,20,2499.2,14.6569,14.6569,14,4
w_bonepitdestroyed_a3,21,3056.4,13.4853,13.4853,12,4
w_bonepitdestroyed_a3,22,2484.4,14.6569,14.6569,14,4
w_bonepitdestroyed_a3,23,2392.8,12.0711,12.0711,11,4
w_bonepitdestroyed_a3,24,2977.4,14.2426,14.2426,14,4
w_bonepitdestroyed_a3,25,2360.6,13.0711,13.0711,12,4
w_bonepitdestroyed_a3,26,2243.6,13.4142,13.4142,14,4
w_bonepitdestroyed_a3,27,3122.2,15.3137,15.3137,13,4
w_bonepitdestroyed_a3,28,2552.6,14.2426,14.2426,14,4
w_bonepitdestroyed_a3,29,2383.8,13.8995,13.8995,12,4
w_bonepitdestroyed_a3,30,3397.8,19.8995,19.8995,18,4
w_bonepitdestroyed_a3,31,3735.6,19.8995,19.8995,18,4
w_bonepitdestroyed_a3,32,3135.4,16.8995,16.8995,15,4
w_bonepitdestroyed_a3,33,2970.6,16.7279,16.7279,14,4
w_bonepitdestroyed_a3,34,2443.6,16.6569,16.6569,16,4
w_bonepitdestroyed_a3,35,3503.8,18.7279,18.7279,16,4
w_bonepitdestroyed_a3,36,3381.2,19.8284,19.8284,20,4
w_bonepitdestroyed_a3,37,2633.6,17.4853,17.4853,16,4
w_bonepitdestroyed_a3,38,3399.2,17.5563,17.5563,14,4
w_bonepitdestroyed_a3,39,4446.4,19.4142,19.4142,20,4
w_bonepitdestroyed_a3,40,4331,23.0711,23.0711,22,4
w_bonepitdestroyed_a3,41,4231.8,21.6569,21.6569,21,4
w_bonepitdestroyed_a3,42,3319.4,21.6569,21.6569,21,4
w_bonepitdestroyed_a3,43,4426.2,22.0711,22.0711,21,4
w_bonepitdestroyed_a3,44,3835.6,23.4853,23.4853,22,4
w_bonepitdestroyed_a3,45,4167.8,23.1421,23.1421,20,4
w_bonepitdestroyed_a3,46,4060.4,23.6569,23.6569,23,4
w_bonepitdestroyed_a3,47,4250.2,20.6569,20.6569,20,4
w_bonepitdestroyed_a3,48,3797.4,21.5563,21.5563,18,4
w_bonepitdestroyed_a3,49,4140.4,20.799,20.799,16,4
w_bonepitdestroyed_a3,50,4130.6,26.8284,26.8284,27,4
w_bonepitdestroyed_a3,51,3707.6,25.4142,25.4142,26,4
w_bonepitdestroyed_a3,52,5711,26.9706,26.9706,23,4
w_bonepitdestroyed_a3,53,4467.6,24.6274,24.6274,19,4
w_bonepitdestroyed_a3,54,5148.6,26.9706,26.9706,23,4
w_bonepitdestroyed_a3,55,5585,27.4142,27.4142,28,4
w_bonepitdestroyed_a3,56,4090.6,25.6569,25.6569,25,4
w_bonepitdestroyed_a3,57,4332.8,27.4853,27.4853,26,4
w_bonepitdestroyed_a3,58,4859.2,27.3848,27.3848,23,4
w_bonepitdestroyed_a3,59,5331.6,26.4558,26.4558,20,4
w_bonepitdestroyed_a3,60,4081.6,28.2426,28.2426,28,4
w_bonepitdestroyed_a3,61,5427.6,28.9706,28.9706,25,4
w_bonepitdestroyed_a3,62,6030.2,29.2843,29.2843,22,4
w_bonepitdestroyed_a3,63,6002.2,30.1421,28.4853,27,4
w_bonepitdestroyed_a3,64,6468.2,30.3137,30.3137,28,4
w_bonepitdestroyed_a3,65,6060.4,29.8284,29.8284,30,4
w_bonepitdestroyed_a3,66,5587,30.6985,30.6985,23,4
w_bonepitdestroyed_a3,67,5350.6,28.7279,28.7279,26,4
w_bonepitdestroyed_a3,68,5904.4,30.2843,30.2843,23,4
w_bonepitdestroyed_a3,69,7844.8,29.0711,29.0711,28,4
w_bonepitdestroyed_a3,70,6967.2,34.8701,34.8701,28,4
w_bonepitdestroyed_a3,71,6293.8,34.8995,34.8995,33,4
w_bonepitdestroyed_a3,72,5769.6,35.8995,35.8995,34,4
w_bonepitdestroyed_a3,73,20925.6,36.9706,35.3137,33,4
w_bonepitdestroyed_a3,74,46289.8,34.9706,34.9706,31,4
w_bonepitdestroyed_a3,75,7353.8,32.7279,32.7279,30,4
w_bonepitdestroyed_a3,76,7191.2,32.3848,32.3848,28,4
w_bonepitdestroyed_a3,77,7497.4,32.8995,32.8995,31,4
w_bonepitdestroyed_a3,78,7059.4,35.8701,35.8701,29,4
w_bonepitdestroyed_a3,79,7640.4,34.4558,34.4558,28,4
w_bonepitdestroyed_a3,80,8094.8,39.9411,39.9411,31,4
w_bonepitdestroyed_a3,81,5856.2,36.2426,36.2426,36,4
w_bonepitdestroyed_a3,82,6306.8,38.0711,38.0711,37,4
w_bonepitdestroyed_a3,83,7482.4,36.3553,36.3553,27,4
w_bonepitdestroyed_a3,84,8474.4,37.3848,37.3848,33,4
w_bonepitdestroyed_a3,85,7190,38.3553,38.3553,29,4
w_bonepitdestroyed_a3,86,7678,36.8284,36.8284,37,4
w_bonepitdestroyed_a3,87,7461.6,37.7279,37.7279,35,4
w_bonepitdestroyed_a3,88,8930.4,39.799,39.799,35,4
w_bonepitdestroyed_a3,89,8067.4,38.4558,38.4558,32,4
w_bonepitdestroyed_a3,90,8849.6,42.0711,42.0711,41,4
w_bonepitdestroyed_a3,91,8837.6,42.799,42.799,38,4
w_bonepitdestroyed_a3,92,7801.8,43.4853,43.4853,42,4
w_bonepitdestroyed_a3,93,7991,40.1127,40.1127,32,4
w_bonepitdestroyed_a3,94,9640.6,43.598,43.598,33,4
w_bonepitdestroyed_a3,95,8856.8,42.5269,42.5269,34,4
w_bonepitdestroyed_a3,96,8656,44.9706,42.4853,41,4
w_bonepitdestroyed_a3,97,9407,43.3848,43.3848,39,4
w_bonepitdestroyed_a3,98,7691.8,40.3553,40.3553,31,4
w_bonepitdestroyed_a3,99,8982.6,42.598,42.598,32,4
w_bonepitdestroyed_a3,100,9320.4,46.3848,46.3848,42,4
w_bonepitdestroyed_a3,101,9547.4,45.2843,45.2843,38,4
w_bonepitdestroyed_a3,102,38709.6,47.6274,47.6274,42,4
w_bonepitdestroyed_a3,103,9174.8,44.4558,44.4558,38,4
w_bonepitdestroyed_a3,104,8231.6,44.8995,44.8995,43,4
w_bonepitdestroyed_a3,105,9176.2,47.9411,47.9411,39,4
w_bonepitdestroyed_a3,106,9336.6,47.1127,47.1127,39,4
w_bonepitdestroyed_a3,107,7953,44.7279,44.7279,42,4
w_bonepitdestroyed_a3,108,11225.2,46.2548,46.2548,34,4
w_bonepitdestroyed_a3,109,23196.8,44.1127,44.1127,36,4
w_bonepitdestroyed_a3,110,10193.2,49.0833,49.0833,36,4
w_bonepitdestroyed_a3,111,9357,48.7696,48.7696,39,4
w_bonepitdestroyed_a3,112,10917.2,51.4975,51.4975,38,4
w_bonepitdestroyed_a3,113,11026.2,48.6569,48.6569,48,4
w_bonepitdestroyed_a3,114,10687,49.4264,49.4264,38,4
w_bonepitdestroyed_a3,115,10008.4,48.2843,48.2843,41,4
w_bonepitdestroyed_a3,116,11302.6,49.8701,49.8701,43,4
w_bonepitdestroyed_a3,117,10556.6,50.4264,50.4264,39,4
w_bonepitdestroyed_a3,118,9804.4,48.8406,48.8406,37,4
w_bonepitdestroyed_a3,119,10666.6,48.9706,48.9706,45,4
w_bonepitdestroyed_a3,120,82113.8,56.6985,53.3848,49,4
w_bonepitdestroyed_a3,121,11234.2,53.5563,53.5563,50,4
w_bonepitdestroyed_a3,122,54790,54.1127,54.1127,46,4
w_bonepitdestroyed_a3,123,170521,54.7279,54.7279,52,4
w_bonepitdestroyed_a3,124,10549.2,52.5563,52.5563,49,4
w_bonepitdestroyed_a3,125,13366.4,55.4264,55.4264,44,4
w_bonepitdestroyed_a3,126,9798.2,55.8284,55.8284,56,4
w_bonepitdestroyed_a3,127,12922.4,54.5269,54.5269,46,4
w_bonepitdestroyed_a3,128,12127.6,54.3259,54.3259,40,4
w_bonepitdestroyed_a3,129,10838.8,54.6985,54.6985,47,4
w_bonepitdestroyed_a3,130,12169.2,58.3553,58.3553,49,4
w_bonepitdestroyed_a3,131,14441.2,61.598,59.1127,51,4
w_bonepitdestroyed_a3,132,12895.8,57.8284,57.8284,58,4
w_bonepitdestroyed_a3,133,13619.2,57.2843,57.2843,50,4
w_bonepitdestroyed_a3,134,11716.4,57.1838,57.1838,47,4
w_bonepitdestroyed_a3,135,11715.2,56.799,56.799,52,4
w_bonepitdestroyed_a3,136,13579.8,60.4264,57.9411,49,4
w_bonepitdestroyed_a3,137,12722.2,59.1127,57.4558,51,4
w_bonepitdestroyed_a3,138,12346.8,56.9117,56.9117,43,4
w_bonepitdestroyed_a3,139,12349.6,58.9706,58.9706,55,4
w_bonepitdestroyed_a3,140,14924,63.3137,63.3137,61,4
w_bonepitdestroyed_a3,141,12836.4,62.6274,62.6274,57,4
w_bonepitdestroyed_a3,142,13356.4,63.9706,63.9706,60,4
w_bonepitdestroyed_a3,143,18087.8,65.5269,61.6274,57,4
w_bonepitdestroyed_a3,144,11388.8,60.7279,60.7279,58,4
w_bonepitdestroyed_a3,145,13434.2,62.9117,62.9117,49,4
w_bonepitdestroyed_a3,146,13131,62.598,62.598,52,4
w_bonepitdestroyed_a3,147,13820.4,60.7401,60.7401,46,4
w_bonepitdestroyed_a3,148,14259.4,61.1421,61.1421,58,4
w_bonepitdestroyed_a3,149,14218,63.2254,63.2254,46,4
w_bonepitdestroyed_a3,150,16359.2,65.4975,65.4975,52,4
w_bonepitdestroyed_a3,151,14047.4,64.7401,64.7401,50,4
w_bonepitdestroyed_a3,152,11953.2,66.4142,66.4142,67,4
w_bonepitdestroyed_a3,153,68905.4,67.0122,65.3553,56,4
w_bonepitdestroyed_a3,154,14892.8,66.468,66.468,48,4
w_bonepitdestroyed_a3,155,31171,69.0833,67.4264,56,4
w_bonepitdestroyed_a3,156,15630.4,66.5685,66.5685,51,4
w_bonepitdestroyed_a3,157,12631.2,64.7279,64.7279,62,4
w_bonepitdestroyed_a3,158,44073.4,65.2548,65.2548,53,4
w_bonepitdestroyed_a3,159,16537,67.598,67.598,57,4
w_bonepitdestroyed_a3,160,13481,69.9706,69.9706,66,4
w_bonepitdestroyed_a3,161,73545.4,71.0122,70.1838,60,4
w_bonepitdestroyed_a3,162,17401.2,71.669,71.669,59,4
w_bonepitdestroyed_a3,163,137439,69.6985,69.6985,62,4
w_bonepitdestroyed_a3,164,15960,69.0122,69.0122,58,4
w_bonepitdestroyed_a3,165,17471.4,70.0833,70.0833,57,4
w_bonepitdestroyed_a3,166,13167.8,71,71,72,4
w_bonepitdestroyed_a3,167,75214.8,70.4975,70.4975,57,4
w_bonepitdestroyed_a3,168,14874.6,70.8995,70.8995,69,4
w_bonepitdestroyed_a3,169,77437.2,72.7401,71.0833,58,4
w_bonepitdestroyed_a3,170,16708.2,75.1838,74.3553,65,4
w_bonepitdestroyed_a3,171,20017.8,72.7401,72.7401,58,4
w_bonepitdestroyed_a3,172,133540,74.598,74.598,64,4
w_bonepitdestroyed_a3,173,47094.6,74.2132,74.2132,69,4
w_bonepitdestroyed_a3,174,15028.6,72.8995,72.8995,71,4
w_bonepitdestroyed_a3,175,14066,75.3553,75.3553,66,4
w_bonepitdestroyed_a3,176,16980.2,74.3553,74.3553,65,4
w_bonepitdestroyed_a3,177,17343,72.397,72.397,56,4
w_bonepitdestroyed_a3,178,15753.4,73.0833,72.2548,60,4
w_bonepitdestroyed_a3,179,17497.2,74.8406,73.1838,63,4
w_bonepitdestroyed_a3,180,18813.2,78.1249,78.1249,58,4
w_bonepitdestroyed_a3,181,97336.8,77.8406,77.8406,66,4
w_bonepitdestroyed_a3,182,18669.6,78.3675,78.3675,57,4
w_bonepitdestroyed_a3,183,16939.8,79.2843,78.4558,72,4
w_bonepitdestroyed_a3,184,18300.4,79.8406,79.8406,68,4
w_bonepitdestroyed_a3,185,467820,79.4558,79.4558,73,4
w_bonepitdestroyed_a3,186,21033.8,78.3848,78.3848,74,4
w_bonepitdestroyed_a3,187,20582.2,83.1838,79.8701,73,4
w_bonepitdestroyed_a3,188,18735.2,76.2965,76.2965,57,4
w_bonepitdestroyed_a3,189,16992,76.2254,76.2254,59,4
w_bonepitdestroyed_a3,190,18454.4,82.6274,82.6274,77,4
w_bonepitdestroyed_a3,191,19455.6,84.7401,83.0833,70,4
w_bonepitdestroyed_a3,192,19692.2,82.7107,82.7107,63,4
w_bonepitdestroyed_a3,193,219166,82.0833,82.0833,69,4
w_bonepitdestroyed_a3,194,17547.2,83.6569,83.6569,83,4
w_bonepitdestroyed_a3,195,146084,81.3553,81.3553,72,4
w_bonepitdestroyed_a3,196,372479,81.2132,81.2132,76,4
w_bonepitdestroyed_a3,197,181813,81.2254,81.2254,64,4
w_bonepitdestroyed_a3,198,18111.8,83.1543,83.1543,68,4
w_bonepitdestroyed_a3,199,1.09913e+06,82.8112,82.8112,66,4
w_bonepitdestroyed_a3,200,298319,85.2132,85.2132,80,4
w_bonepitdestroyed_a3,201,18196,86.9706,86.1421,83,4
w_bonepitdestroyed_a3,202,21437.4,86.5685,86.5685,71,4
w_bonepitdestroyed_a3,203,48666.2,87.9706,87.9706,84,4
w_bonepitdestroyed_a3,204,21993,85.0833,84.2548,72,4
w_bonepitdestroyed_a3,205,51017.4,85.2254,85.2254,68,4
w_bonepitdestroyed_a3,206,18879.4,84.3848,84.3848,80,4
w_bonepitdestroyed_a3,207,154660,87.1543,87.1543,72,4
w_bonepitdestroyed_a3,208,20122.4,87.9706,87.9706,84,4
w_bonepitdestroyed_a3,209,455166,87.9117,87.9117,74,4
w_bonepitdestroyed_a3,210,23344.2,89.8284,89.8284,90,4
w_bonepitdestroyed_a3,211,25176,91.799,91.799,87,4
w_bonepitdestroyed_a3,212,38410.8,88.8995,88.0711,87,4
w_bonepitdestroyed_a3,213,23087.6,90.196,90.196,68,4
w_bonepitdestroyed_a3,214,1.15129e+06,90.2965,90.2965,71,4
w_bonepitdestroyed_a3,215,19177.2,88.0711,88.0711,87,4
w_bonepitdestroyed_a3,216,39396.8,91.9828,88.669,76,4
w_bonepitdestroyed_a3,217,129210,95.1543,91.8406,80,4
w_bonepitdestroyed_a3,218,23001.2,90.7817,89.1249,69,4
w_bonepitdestroyed_a3,219,435758,90.6274,90.6274,85,4
w_bonepitdestroyed_a3,220,24706.8,92.9117,92.9117,79,4
w_bonepitdestroyed_a3,221,941731,94.2132,94.2132,89,4
w_bonepitdestroyed_a3,222,22981.4,94.2548,93.4264,82,4
w_bonepitdestroyed_a3,223,19893.6,95.9533,95.9533,75,4
w_bonepitdestroyed_a3,224,20152,94.3137,94.3137,92,4
w_bonepitdestroyed_a3,225,23928.8,92.9706,92.9706,89,4
w_bonepitdestroyed_a3,226,21190,93.1543,93.1543,78,4
w_bonepitdestroyed_a3,227,22056,94.0538,92.397,76,4
w_bonepitdestroyed_a3,228,56524.4,93.2965,93.2965,74,4
w_bonepitdestroyed_a3,229,22418.4,95.2254,95.2254,78,4
w_bonepitdestroyed_a3,230,28548.6,99.598,98.7696,89,4
w_bonepitdestroyed_a3,231,23504.4,99.397,99.397,83,4
w_bonepitdestroyed_a3,232,26778,101.669,99.1838,89,4
w_bonepitdestroyed_a3,233,23248.8,101.953,98.0538,81,4
w_bonepitdestroyed_a3,234,26821.2,97.9828,97.9828,82,4
w_bonepitdestroyed_a3,235,28464.6,99.3259,99.3259,85,4
w_bonepitdestroyed_a3,236,29469,96.5097,96.5097,71,4
w_bonepitdestroyed_a3,237,1.23421e+06,97.196,97.196,75,4
w_bonepitdestroyed_a3,238,139277,96.397,96.397,80,4
w_bonepitdestroyed_a3,239,26169.8,97.1543,97.1543,82,4
w_bonepitdestroyed_a3,240,23860.6,103.042,103.042,97,4
w_bonepitdestroyed_a3,241,27532.2,100.782,100.782,79,4
w_bonepitdestroyed_a3,242,27921.6,100.368,100.368,79,4
w_bonepitdestroyed_a3,243,104379,104.698,101.385,97,4
w_bonepitdestroyed_a3,244,106887,100.426,100.426,89,4
w_bonepitdestroyed_a3,245,28829,103.267,103.267,79,4
w_bonepitdestroyed_a3,246,235562,105.841,102.527,94,4
w_bonepitdestroyed_a3,247,73241.6,102.154,102.154,87,4
w_bonepitdestroyed_a3,248,777421,101.113,101.113,93,4
w_bonepitdestroyed_a3,249,32703.4,104.77,102.284,95,4
w_bonepitdestroyed_a3,250,93728.2,104.941,104.113,96,4
w_bonepitdestroyed_a3,251,28156,109.61,107.125,87,4
w_bonepitdestroyed_a3,252,27052.2,109.024,107.368,86,4
w_bonepitdestroyed_a3,253,30927,105.581,105.581,78,4
w_bonepitdestroyed_a3,254,97395.8,104.184,104.184,94,4
w_bonepitdestroyed_a3,255,103974,108.799,105.485,104,4
w_bonepitdestroyed_a3,256,31201,107.971,107.971,104,4
w_bonepitdestroyed_a3,257,827082,107.87,107.87,101,4
w_bonepitdestroyed_a3,258,26802.6,109.556,107.071,106,4
w_bonepitdestroyed_a3,259,76730,107.598,107.598,97,4
w_bonepitdestroyed_a3,260,34090.4,110.61,110.61,88,4
w_bonepitdestroyed_a3,261,31090.2,111.184,111.184,101,4
w_bonepitdestroyed_a3,262,87015.4,108.385,108.385,104,4
w_bonepitdestroyed_a3,263,1.82707e+06,109.669,109.669,97,4
w_bonepitdestroyed_a3,264,31280.2,110.368,110.368,89,4
w_bonepitdestroyed_a3,265,29994,108.64,108.64,91,4
w_bonepitdestroyed_a3,266,48376,110.439,110.439,87,4
w_bonepitdestroyed_a3,267,26876.4,109.799,108.971,105,4
w_bonepitdestroyed_a3,268,29623.2,109.196,109.196,87,4
w_bonepitdestroyed_a3,269,1.09583e+06,109.255,109.255,97,4
w_bonepitdestroyed_a3,270,250535,118.912,115.598,105,4
w_bonepitdestroyed_a3,271,293403,118.113,115.627,110,4
w_bonepitdestroyed_a3,272,32055.4,114.983,112.497,99,4
w_bonepitdestroyed_a3,273,34272,113.054,113.054,95,4
w_bonepitdestroyed_a3,274,123792,117.083,115.426,104,4
w_bonepitdestroyed_a3,275,85778.2,118.74,115.426,104,4
w_bonepitdestroyed_a3,276,31352.6,114.61,112.953,92,4
w_bonepitdestroyed_a3,277,911802,114.669,114.669,102,4
w_bonepitdestroyed_a3,278,359228,115.397,115.397,99,4
w_bonepitdestroyed_a3,279,42677.8,112.799,112.799,108,4
w_bonepitdestroyed_a3,280,28987.2,117.468,117.468,99,4
w_bonepitdestroyed_a3,281,32033.6,119.184,119.184,109,4
w_bonepitdestroyed_a3,282,478849,119.941,119.941,111,4
w_bonepitdestroyed_a3,283,427773,121.284,118.213,114,4
w_bonepitdestroyed_a3,284,562090,118.782,118.782,97,4
w_bonepitdestroyed_a3,285,34163,117.995,117.995,90,4
w_bonepitdestroyed_a3,286,158836,118.024,118.024,95,4
w_bonepitdestroyed_a3,287,35601.8,116.368,116.368,95,4
w_bonepitdestroyed_a3,288,32903,117.326,117.326,103,4
w_bonepitdestroyed_a3,289,183289,118.426,118.426,107,4
w_bonepitdestroyed_a3,290,332377,125.255,123.012,113,4
w_bonepitdestroyed_a3,291,287487,121.711,121.711,102,4
w_bonepitdestroyed_a3,292,512901,123.296,123.296,104,4
w_bonepitdestroyed_a3,293,36433,123.238,123.238,94,4
w_bonepitdestroyed_a3,294,33850.2,123.083,123.083,110,4
w_bonepitdestroyed_a3,295,111792,123.799,120.485,119,4
w_bonepitdestroyed_a3,296,156023,123.255,123.255,111,4
w_bonepitdestroyed_a3,297,608521,122.456,122.456,116,4
w_bonepitdestroyed_a3,298,1.39381e+06,121.598,121.598,111,4
w_bonepitdestroyed_a3,299,32338.4,120.983,120.983,105,4
w_bonepitdestroyed_a3,300,41206.4,125.255,125.255,113,4
w_bonepitdestroyed_a3,301,224366,126.326,126.326,112,4
w_bonepitdestroyed_a3,302,1.2938e+06,127.196,127.196,105,4
w_bonepitdestroyed_a3,303,250005,125.355,125.355,116,4
w_bonepitdestroyed_a3,304,38226,126.125,126.125,106,4
w_bonepitdestroyed_a3,305,70715,125.983,125.983,110,4
w_bonepitdestroyed_a3,306,35759.8,126.811,124.326,110,4
w_bonepitdestroyed_a3,307,37025.2,125.125,125.125,105,4
w_bonepitdestroyed_a3,308,65212.2,127.456,127.456,121,4
w_bonepitdestroyed_a3,309,1.28621e+06,125.426,125.426,114,4
w_bonepitdestroyed_a3,310,37631,133.841,131.355,122,4
w_bonepitdestroyed_a3,311,40509.2,129.024,129.024,106,4
w_bonepitdestroyed_a3,312,832708,129.255,129.255,117,4
w_bonepitdestroyed_a3,313,37330.8,131.368,131.368,110,4
w_bonepitdestroyed_a3,314,192628,128.711,128.711,109,4
w_bonepitdestroyed_a3,315,118947,130.012,130.012,119,4
w_bonepitdestroyed_a3,316,40206.4,128.794,128.794,95,4
w_bonepitdestroyed_a3,317,38690.6,129.225,129.225,112,4
w_bonepitdestroyed_a3,318,35388.6,131.527,131.527,123,4
w_bonepitdestroyed_a3,319,151750,130.083,130.083,117,4
w_bonepitdestroyed_a3,320,34703.8,133.669,133.669,121,4
w_bonepitdestroyed_a3,321,259101,132.853,132.024,109,4
w_bonepitdestroyed_a3,322,40881.2,138.296,135.811,119,4
w_bonepitdestroyed_a3,323,46203.8,134.924,132.439,109,4
w_bonepitdestroyed_a3,324,38433.8,135.953,135.953,115,4
w_bonepitdestroyed_a3,325,57735.2,132.456,132.456,126,4
w_bonepitdestroyed_a3,326,29667.2,133.556,133.556,130,4
w_bonepitdestroyed_a3,327,39880.6,134.468,134.468,116,4
w_bonepitdestroyed_a3,328,620342,132.355,132.355,123,4
w_bonepitdestroyed_a3,329,435814,133.711,133.711,114,4
w_bonepitdestroyed_a3,330,98764.8,143.154,139.255,128,4
w_bonepitdestroyed_a3,331,340718,136.74,136.74,122,4
w_bonepitdestroyed_a3,332,498723,137.61,137.61,115,4
w_bonepitdestroyed_a3,333,136354,139.196,139.196,117,4
w_bonepitdestroyed_a3,334,241869,137.397,137.397,121,4
w_bonepitdestroyed_a3,335,38871.6,139.669,136.355,127,4
w_bonepitdestroyed_a3,336,51187.8,141.054,138.569,123,4
w_bonepitdestroyed_a3,337,163011,139.167,139.167,112,4
w_bonepitdestroyed_a3,338,386926,138.811,138.811,122,4
w_bonepitdestroyed_a3,339,115060,138.527,138.527,130,4
w_bonepitdestroyed_a3,340,3.49805e+06,140.284,140.284,133,4
w_bonepitdestroyed_a3,341,586860,146.196,142.296,124,4
w_bonepitdestroyed_a3,342,49949.4,141.095,141.095,116,4
w_bonepitdestroyed_a3,343,46606.6,142.995,142.995,115,4
w_bonepitdestroyed_a3,344,763884,146.782,142.882,125,4
w_bonepitdestroyed_a3,345,40208.4,144.213,141.728,139,4
w_bonepitdestroyed_a3,346,517472,140.953,140.953,120,4
w_bonepitdestroyed_a3,347,496201,142.983,142.983,127,4
w_bonepitdestroyed_a3,348,299636,142.51,142.51,117,4
w_bonepitdestroyed_a3,349,554333,141.782,141.782,120,4
w_bonepitdestroyed_a3,350,46721.2,147.25,147.25,106,4
w_bonepitdestroyed_a3,351,250232,144.61,144.61,122,4
w_bonepitdestroyed_a3,352,45279.4,144.652,144.652,115,4
w_bonepitdestroyed_a3,353,488334,147.154,145.497,132,4
w_bonepitdestroyed_a3,354,683044,148.154,147.326,133,4
w_bonepitdestroyed_a3,355,706595,145.326,145.326,131,4
w_bonepitdestroyed_a3,356,46114.8,147.238,147.238,118,4
w_bonepitdestroyed_a3,357,206869,147.196,147.196,125,4
w_bonepitdestroyed_a3,358,271842,147.426,147.426,136,4
w_bonepitdestroyed_a3,359,38727.6,145.527,145.527,137,4
w_bonepitdestroyed_a3,360,1.45628e+06,155.225,151.912,138,4
w_bonepitdestroyed_a3,361,272584,149.782,149.782,128,4
w_bonepitdestroyed_a3,362,42962,148.782,148.782,127,4
w_bonepitdestroyed_a3,363,48268.8,151.154,151.154,136,4
w_bonepitdestroyed_a3,364,103566,149.154,149.154,134,4
w_bonepitdestroyed_a3,365,2.05709e+06,150.213,150.213,145,4
w_bonepitdestroyed_a3,366,49139.2,151.51,151.51,126,4
w_bonepitdestroyed_a3,367,647155,150.912,149.255,137,4
w_bonepitdestroyed_a3,368,48971.6,151.439,151.439,128,4
w_bonepitdestroyed_a3,369,204606,151.368,151.368,130,4
w_bonepitdestroyed_a3,370,459875,158.255,154.941,146,4
w_bonepitdestroyed_a3,371,433281,152.468,152.468,134,4
w_bonepitdestroyed_a3,372,2.23603e+06,152.456,152.456,146,4
w_bonepitdestroyed_a3,373,45848.2,152.794,152.794,119,4
w_bonepitdestroyed_a3,374,215337,152.267,152.267,128,4
w_bonepitdestroyed_a3,375,446573,154.497,154.497,141,4
w_bonepitdestroyed_a3,376,128961,154.083,152.426,141,4
w_bonepitdestroyed_a3,377,152056,153.681,153.681,129,4
w_bonepitdestroyed_a3,378,235500,153.125,153.125,133,4
w_bonepitdestroyed_a3,379,255708,155.569,155.569,140,4
w_bonepitdestroyed_a3,380,58388.6,157.409,157.409,129,4
w_bonepitdestroyed_a3,381,844596,156.154,156.154,141,4
w_bonepitdestroyed_a3,382,1.24184e+06,156.238,156.238,127,4
w_bonepitdestroyed_a3,383,480558,159.752,159.752,133,4
w_bonepitdestroyed_a3,384,180677,160.397,157.083,144,4
w_bonepitdestroyed_a3,385,1.39836e+06,161.326,158.012,147,4
w_bonepitdestroyed_a3,386,52910.4,158.078,158.078,116,4
w_bonepitdestroyed_a3,387,54269.8,159.924,159.924,134,4
w_bonepitdestroyed_a3,388,441398,158.238,158.238,129,4
w_bonepitdestroyed_a3,389,532770,162.326,158.426,148,4
w_bonepitdestroyed_a3,390,1.94902e+06,162.983,162.983,147,4
w_bonepitdestroyed_a3,391,59597.8,163.451,163.451,128,4
w_bonepitdestroyed_a3,392,45178.6,161.953,161.953,141,4
w_bonepitdestroyed_a3,393,420503,162.125,162.125,142,4
w_bonepitdestroyed_a3,394,73364,163.51,163.51,138,4
w_bonepitdestroyed_a3,395,462053,161.882,161.882,143,4
w_bonepitdestroyed_a3,396,332224,162.184,162.184,152,4
w_bonepitdestroyed_a3,397,115665,161.581,161.581,134,4
w_bonepitdestroyed_a3,398,261114,163.681,163.681,139,4
w_bonepitdestroyed_a3,399,102569,163.196,163.196,141,4
w_bonepitdestroyed_a3,400,46089.8,165.966,165.137,133,4
w_bonepitdestroyed_a3,401,387805,167.853,167.024,144,4
w_bonepitdestroyed_a3,402,444891,165.095,165.095,140,4
w_bonepitdestroyed_a3,403,54867.8,165.054,165.054,147,4
w_bonepitdestroyed_a3,404,49097.8,166.799,165.142,162,4
w_bonepitdestroyed_a3,405,272352,167.61,164.296,145,4
w_bonepitdestroyed_a3,406,197176,166.125,164.468,146,4
w_bonepitdestroyed_a3,407,173145,170.456,167.142,164,4
w_bonepitdestroyed_a3,408,62428.6,168.551,167.723,136,4
w_bonepitdestroyed_a3,409,53339.8,164.426,164.426,153,4
w_bonepitdestroyed_a3,410,1.15007e+06,171.167,171.167,144,4
w_bonepitdestroyed_a3,411,98550.8,170.882,170.882,152,4
w_bonepitdestroyed_a3,412,268260,170.439,170.439,147,4
w_bonepitdestroyed_a3,413,57749.4,171.38,171.38,138,4
w_bonepitdestroyed_a3,414,115686,169.652,169.652,140,4
w_bonepitdestroyed_a3,415,108477,171.054,171.054,153,4
w_bonepitdestroyed_a3,416,2.71207e+06,169.698,169.698,162,4
w_bonepitdestroyed_a3,417,530381,169.61,169.61,147,4
w_bonepitdestroyed_a3,418,411798,168.539,168.539,148,4
w_bonepitdestroyed_a3,419,2.20053e+06,168.255,168.255,156,4
w_bonepitdestroyed_a3,420,68101,175.74,175.74,161,4
w_bonepitdestroyed_a3,421,612162,172.397,172.397,156,4
w_bonepitdestroyed_a3,422,939630,173.882,173.882,155,4
w_bonepitdestroyed_a3,423,384555,175.184,175.184,165,4
w_bonepitdestroyed_a3,424,228017,173.924,173.924,148,4
w_bonepitdestroyed_a3,425,425683,173.054,173.054,155,4
w_bonepitdestroyed_a3,426,584659,172.024,172.024,149,4
w_bonepitdestroyed_a3,427,1.33718e+06,175.882,175.882,157,4
w_bonepitdestroyed_a3,428,85738,174.326,174.326,160,4
w_bonepitdestroyed_a3,429,1.06951e+06,177.397,174.083,161,4
w_bonepitdestroyed_a3,430,377614,176.054,176.054,158,4
w_bonepitdestroyed_a3,431,288948,179.823,179.823,151,4
w_bonepitdestroyed_a3,432,766129,176.066,176.066,146,4
w_bonepitdestroyed_a3,433,1.28607e+06,177.208,177.208,143,4
w_bonepitdestroyed_a3,434,750674,179.681,176.368,155,4
w_bonepitdestroyed_a3,435,460507,176.551,176.551,144,4
w_bonepitdestroyed_a3,436,226051,178.125,177.296,158,4
w_bonepitdestroyed_a3,437,1.07239e+06,177.841,177.841,166,4
w_bonepitdestroyed_a3,438,126317,178.238,178.238,149,4
w_bonepitdestroyed_a3,439,619197,176.853,176.853,153,4
w_bonepitdestroyed_a3,440,475444,180.794,180.794,147,4
w_bonepitdestroyed_a3,441,65851.2,181.581,181.581,154,4
w_bonepitdestroyed_a3,442,1.34777e+06,183.38,183.38,150,4
w_bonepitdestroyed_a3,443,423287,180.439,180.439,157,4
w_bonepitdestroyed_a3,444,361448,187.296,183.397,168,4
w_bonepitdestroyed_a3,445,1.77289e+06,182.598,182.598,172,4
w_bonepitdestroyed_a3,446,1.78561e+06,182.167,182.167,155,4
w_bonepitdestroyed_a3,447,573085,182.326,182.326,168,4
w_bonepitdestroyed_a3,448,346552,180.539,180.539,160,4
w_bonepitdestroyed_a3,449,1.02706e+06,182.539,182.539,162,4
w_bonepitdestroyed_a3,450,800950,184.983,184.983,169,4
w_bonepitdestroyed_a3,451,1.99723e+06,186.936,186.936,149,4
w_bonepitdestroyed_a3,452,397091,185.924,185.924,160,4
w_bonepitdestroyed_a3,453,355541,188.397,187.569,172,4
w_bonepitdestroyed_a3,454,1.71397e+06,188.953,185.054,168,4
w_bonepitdestroyed_a3,455,277903,187.409,184.095,159,4
w_bonepitdestroyed_a3,456,888925,184.368,184.368,163,4
w_bonepitdestroyed_a3,457,1.70579e+06,185.225,185.225,168,4
w_bonepitdestroyed_a3,458,602615,184.811,184.811,168,4
w_bonepitdestroyed_a3,459,574937,187.782,187.782,166,4
w_bonepitdestroyed_a3,460,83777.4,191.054,191.054,173,4
w_bonepitdestroyed_a3,461,697421,188.823,188.823,160,4
w_bonepitdestroyed_a3,462,495352,192.51,189.196,167,4
w_bonepitdestroyed_a3,463,575938,189.024,189.024,166,4
w_bonepitdestroyed_a3,464,70760.2,194.811,191.497,178,4
w_bonepitdestroyed_a3,465,1.79614e+06,195.196,191.296,173,4
w_bonepitdestroyed_a3,466,1.73897e+06,191.48,191.48,161,4
w_bonepitdestroyed_a3,467,433992,188.225,188.225,171,4
w_bonepitdestroyed_a3,468,199843,191.522,191.522,154,4
w_bonepitdestroyed_a3,469,197512,189.279,189.279,153,4
w_bonepitdestroyed_a3,470,1.65625e+06,195.853,192.539,172,4
w_bonepitdestroyed_a3,471,494067,192.167,192.167,165,4
w_bonepitdestroyed_a3,472,191700,197.497,194.184,184,4
w_bonepitdestroyed_a3,473,1.114e+06,193.338,193.338,167,4
w_bonepitdestroyed_a3,474,75633.2,194.622,194.622,160,4
w_bonepitdestroyed_a3,475,264547,193.669,193.669,181,4
w_bonepitdestroyed_a3,476,870709,192.012,192.012,181,4
w_bonepitdestroyed_a3,477,777508,193.184,192.355,183,4
w_bonepitdestroyed_a3,478,862415,195.037,195.037,160,4
w_bonepitdestroyed_a3,479,727182,193.51,193.51,168,4
w_bonepitdestroyed_a3,480,438919,199.723,199.723,168,4
w_bonepitdestroyed_a3,481,2.24587e+06,198.024,196.368,175,4
w_bonepitdestroyed_a3,482,1.86188e+06,197.61,196.782,175,4
w_bonepitdestroyed_a3,483,1.39476e+06,196.723,196.723,165,4
w_bonepitdestroyed_a3,484,1.09105e+06,199.439,199.439,176,4
w_bonepitdestroyed_a3,485,491976,196.894,196.894,166,4
w_bonepitdestroyed_a3,486,810462,197.924,197.924,172,4
w_bonepitdestroyed_a3,487,811625,196.912,196.912,183,4
w_bonepitdestroyed_a3,488,743394,197.267,197.267,173,4
w_bonepitdestroyed_a3,489,573385,199.125,199.125,179,4
w_bonepitdestroyed_a3,490,1.12788e+06,202.397,202.397,186,4
w_bonepitdestroyed_a3,491,80930.2,202.723,202.723,171,4
w_bonepitdestroyed_a3,492,1.0254e+06,200.024,200.024,177,4
w_bonepitdestroyed_a3,493,1.4711e+06,203.983,203.983,188,4
w_bonepitdestroyed_a3,494,1.22107e+06,201.48,201.48,171,4
w_bonepitdestroyed_a3,495,206996,203.066,202.238,173,4
w_bonepitdestroyed_a3,496,583547,200.154,200.154,185,4
w_bonepitdestroyed_a3,497,2.74532e+06,202.794,202.794,169,4
w_bonepitdestroyed_a3,498,1.49657e+06,202.409,202.409,174,4
w_bonepitdestroyed_a3,499,1.20326e+06,203.225,203.225,186,4
w_bonepitdestroyed_a3,500,1.08296e+06,206.924,206.924,181,4
w_bonepitdestroyed_a3,501,697074,204.296,204.296,185,4
w_bonepitdestroyed_a3,502,450467,207.439,207.439,184,4
w_bonepitdestroyed_a3,503,589039,207.296,207.296,188,4
w_bonepitdestroyed_a3,504,613030,205.51,205.51,180,4
w_bonepitdestroyed_a3,505,824820,206.912,206.912,193,4
w_bonepitdestroyed_a3,506,1.10297e+06,206.894,206.894,176,4
w_bonepitdestroyed_a3,507,82736,206.853,204.368,183,4
w_bonepitdestroyed_a3,508,1.11398e+06,207.024,206.196,184,4
w_bonepitdestroyed_a3,509,1.2026e+06,205.77,205.77,196,4
w_bonepitdestroyed_a3,510,486239,211.137,211.137,179,4
w_bonepitdestroyed_a3,511,941429,211.669,211.669,199,4
w_bonepitdestroyed_a3,512,1.91703e+06,210.468,210.468,192,4
w_bonepitdestroyed_a3,513,2.7315e+06,209.225,209.225,192,4
w_bonepitdestroyed_a3,514,771167,210.823,210.823,182,4
w_bonepitdestroyed_a3,515,441503,209.078,208.25,167,4
w_bonepitdestroyed_a3,516,70458.6,211.728,211.728,209,4
w_bonepitdestroyed_a3,517,235154,210.267,210.267,186,4
w_bonepitdestroyed_a3,518,786244,211.681,211.681,187,4
w_bonepitdestroyed_a3,519,660179,211.836,211.836,171,4
w_bonepitdestroyed_a3,520,2.11298e+06,213.953,213.953,193,4
w_bonepitdestroyed_a3,521,545501,213.113,213.113,205,4
w_bonepitdestroyed_a3,522,170625,212.669,212.669,200,4
w_bonepitdestroyed_a3,523,1.22866e+06,213.681,213.681,189,4
w_bonepitdestroyed_a3,524,974805,213.338,212.51,187,4
w_bonepitdestroyed_a3,525,1.3555e+06,212.095,212.095,187,4
w_bonepitdestroyed_a3,526,746049,215.255,215.255,203,4
w_bonepitdestroyed_a3,527,2.48325e+06,214.569,214.569,199,4
w_bonepitdestroyed_a3,528,1.93748e+06,215.569,215.569,200,4
w_bonepitdestroyed_a3,529,343472,213.125,213.125,193,4
w_bonepitdestroyed_a3,530,222876,218.25,218.25,177,4
w_bonepitdestroyed_a3,531,856177,216.024,216.024,193,4
w_bonepitdestroyed_a3,532,1.4666e+06,216.154,216.154,201,4
w_bonepitdestroyed_a3,533,1.3408e+06,217.368,217.368,196,4
w_bonepitdestroyed_a3,534,767120,217.51,217.51,192,4
w_bonepitdestroyed_a3,535,2.13102e+06,216.841,216.841,205,4
w_bonepitdestroyed_a3,536,1.65764e+06,218.083,218.083,205,4
w_bonepitdestroyed_a3,537,751172,219.823,219.823,191,4
w_bonepitdestroyed_a3,538,503008,217.51,217.51,192,4
w_bonepitdestroyed_a3,539,825586,219.267,219.267,195,4
w_bonepitdestroyed_a3,540,647464,222.811,222.811,206,4
w_bonepitdestroyed_a3,541,836070,222.108,222.108,185,4
w_bonepitdestroyed_a3,542,1.20811e+06,220.711,220.711,201,4
w_bonepitdestroyed_a3,543,698385,221.125,221.125,201,4
w_bonepitdestroyed_a3,544,3.48107e+06,224.669,223.012,212,4
w_bonepitdestroyed_a3,545,527416,221.108,221.108,184,4
w_bonepitdestroyed_a3,546,1.30548e+06,221.497,221.497,208,4
w_bonepitdestroyed_a3,547,690622,223.255,223.255,211,4
w_bonepitdestroyed_a3,548,748263,220.196,220.196,198,4
w_bonepitdestroyed_a3,549,886046,220.894,220.894,190,4
w_bonepitdestroyed_a3,550,711944,224.267,224.267,200,4
w_bonepitdestroyed_a3,551,728987,224.267,224.267,200,4
w_bonepitdestroyed_a3,552,1.82083e+06,226.225,226.225,209,4
w_bonepitdestroyed_a3,553,941845,225.137,225.137,193,4
w_bonepitdestroyed_a3,554,1.5094e+06,224.167,224.167,197,4
w_bonepitdestroyed_a3,555,533526,226.368,226.368,205,4
w_bonepitdestroyed_a3,556,947371,225.225,225.225,208,4
w_bonepitdestroyed_a3,557,887560,224.966,224.966,192,4
w_bonepitdestroyed_a3,558,386841,224.196,224.196,202,4
w_bonepitdestroyed_a3,559,1.11838e+06,227.522,227.522,190,4
w_bonepitdestroyed_a3,560,1.39979e+06,230.983,230.983,215,4
w_bonepitdestroyed_a3,561,1.48063e+06,230.622,230.622,196,4
w_bonepitdestroyed_a3,562,1.5127e+06,230.321,230.321,187,4
w_bonepitdestroyed_a3,563,1.18606e+06,231.468,231.468,213,4
w_bonepitdestroyed_a3,564,2.21687e+06,231.238,231.238,202,4
w_bonepitdestroyed_a3,565,998001,229.865,229.865,194,4
w_bonepitdestroyed_a3,566,958271,229.64,229.64,212,4
w_bonepitdestroyed_a3,567,1.00308e+06,230.037,230.037,195,4
w_bonepitdestroyed_a3,568,334545,230.953,230.953,210,4
w_bonepitdestroyed_a3,569,1.37187e+06,229.137,229.137,197,4
w_bonepitdestroyed_a3,570,4.39429e+06,234.711,234.711,215,4
w_bonepitdestroyed_a3,571,971538,233.782,233.782,212,4
w_bonepitdestroyed_a3,572,1.06241e+06,234.581,234.581,207,4
w_bonepitdestroyed_a3,573,728953,232.782,232.782,211,4
w_bonepitdestroyed_a3,574,1.74084e+06,235.125,235.125,215,4
w_bonepitdestroyed_a3,575,589840,234.368,234.368,213,4
w_bonepitdestroyed_a3,576,955559,233.439,232.61,210,4
w_bonepitdestroyed_a3,577,485074,233.593,233.593,194,4
w_bonepitdestroyed_a3,578,1.11366e+06,235.894,235.894,205,4
w_bonepitdestroyed_a3,579,995827,233.966,233.966,201,4
w_bonepitdestroyed_a3,580,690022,237.924,237.924,212,4
w_bonepitdestroyed_a3,581,333670,239.51,236.196,214,4
w_bonepitdestroyed_a3,582,188124,239.681,239.681,215,4
w_bonepitdestroyed_a3,583,2.41591e+06,237.439,237.439,214,4
w_bonepitdestroyed_a3,584,619284,236.037,236.037,201,4
w_bonepitdestroyed_a3,585,1.57725e+06,239.225,239.225,222,4
w_bonepitdestroyed_a3,586,1.47807e+06,238.782,238.782,217,4
w_bonepitdestroyed_a3,587,1.36523e+06,239.794,239.794,206,4
w_bonepitdestroyed_a3,588,1.03783e+06,237.279,237.279,201,4
w_bonepitdestroyed_a3,589,1.2336e+06,237.711,237.711,218,4
w_bonepitdestroyed_a3,590,1.74172e+06,243.581,243.581,216,4
w_bonepitdestroyed_a3,591,1.54427e+06,246.823,243.752,218,4
w_bonepitdestroyed_a3,592,1.05839e+06,242.652,240.995,213,4
w_bonepitdestroyed_a3,593,3.33777e+06,241.74,240.912,227,4
w_bonepitdestroyed_a3,594,1.0134e+06,243.894,243.894,213,4
w_bonepitdestroyed_a3,595,2.3878e+06,243.225,243.225,226,4
w_bonepitdestroyed_a3,596,1.30804e+06,243.208,243.208,209,4
w_bonepitdestroyed_a3,597,2.39708e+06,242.078,242.078,200,4
w_bonepitdestroyed_a3,598,661608,240.255,240.255,228,4
w_bonepitdestroyed_a3,599,638624,241.451,241.451,206,4
w_bonepitdestroyed_a3,600,2.54685e+06,247.255,247.255,235,4
w_bonepitdestroyed_a3,601,470700,244.995,244.995,217,4
w_bonepitdestroyed_a3,602,702788,246.179,246.179,207,4
w_bonepitdestroyed_a3,603,677621,247.338,247.338,221,4
w_bonepitdestroyed_a3,604,1.29034e+06,244.752,244.752,218,4
w_bonepitdestroyed_a3,605,925243,244.066,244.066,214,4
w_bonepitdestroyed_a3,606,1.48659e+06,245.936,245.936,208,4
w_bonepitdestroyed_a3,607,1.73933e+06,246.054,246.054,228,4
w_bonepitdestroyed_a3,608,3.26206e+06,247.669,247.669,235,4
w_bonepitdestroyed_a3,609,1.10103e+06,245.108,245.108,208,4
w_bonepitdestroyed_a3,610,763788,250.853,250.853,227,4
w_bonepitdestroyed_a3,611,2.68456e+06,250.551,250.551,218,4
w_bonepitdestroyed_a3,612,1.47551e+06,248.321,248.321,205,4
w_bonepitdestroyed_a3,613,1.37349e+06,248.581,248.581,221,4
w_bonepitdestroyed_a3,614,532722,249.238,249.238,220,4
w_bonepitdestroyed_a3,615,765869,250.054,250.054,232,4
w_bonepitdestroyed_a3,616,2.44195e+06,248.238,248.238,219,4
w_bonepitdestroyed_a3,617,1.05106e+06,251.054,251.054,233,4
w_bonepitdestroyed_a3,618,322492,254.196,250.882,232,4
w_bonepitdestroyed_a3,619,1.15443e+06,250.38,249.551,217,4
w_bonepitdestroyed_a3,620,1.13982e+06,255.752,255.752,229,4
w_bonepitdestroyed_a3,621,1.09664e+06,255.794,255.794,222,4
w_bonepitdestroyed_a3,622,2.81963e+06,253.924,253.924,228,4
w_bonepitdestroyed_a3,623,1.97436e+06,253.095,253.095,228,4
w_bonepitdestroyed_a3,624,976876,252.61,252.61,230,4
w_bonepitdestroyed_a3,625,223745,254.681,254.681,230,4
w_bonepitdestroyed_a3,626,1.26679e+06,254.024,254.024,231,4
w_bonepitdestroyed_a3,627,1.09681e+06,255.593,255.593,216,4
w_bonepitdestroyed_a3,628,1.69151e+06,253.167,253.167,226,4
w_bonepitdestroyed_a3,629,940829,255.125,254.296,235,4
w_bonepitdestroyed_a3,630,1.41221e+06,259.279,259.279,223,4
w_bonepitdestroyed_a3,631,1.72303e+06,257.953,257.953,237,4
w_bonepitdestroyed_a3,632,1.56028e+06,258.723,258.723,227,4
w_bonepitdestroyed_a3,633,1.10748e+06,257.924,256.267,232,4
w_bonepitdestroyed_a3,634,1.24549e+06,258.836,258.836,218,4
w_bonepitdestroyed_a3,635,1.11576e+06,257.338,256.51,231,4
w_bonepitdestroyed_a3,636,1.64763e+06,256.309,256.309,225,4
w_bonepitdestroyed_a3,637,1.02117e+06,258.48,258.48,228,4
w_bonepitdestroyed_a3,638,6.17457e+06,257.581,257.581,230,4
w_bonepitdestroyed_a3,639,2.63963e+06,258.326,258.326,244,4
w_bonepitdestroyed_a3,640,6.70941e+06,261.953,261.953,241,4
w_bonepitdestroyed_a3,641,1.00513e+06,261.225,261.225,244,4
w_bonepitdestroyed_a3,642,920281,262.409,262.409,234,4
w_bonepitdestroyed_a3,643,1.58744e+06,260.836,260.836,220,4
w_bonepitdestroyed_a3,644,1.53817e+06,263.154,263.154,248,4
w_bonepitdestroyed_a3,645,3.37509e+06,262.054,262.054,244,4
w_bonepitdestroyed_a3,646,2.95571e+06,261.167,261.167,234,4
w_bonepitdestroyed_a3,647,945971,262.35,262.35,224,4
w_bonepitdestroyed_a3,648,3.83628e+06,261.426,261.426,250,4
w_bonepitdestroyed_a3,649,848646,260.184,260.184,250,4
w_bonepitdestroyed_a3,650,398884,267.439,267.439,244,4
w_bonepitdestroyed_a3,651,1.34085e+06,264.492,264.492,222,4
w_bonepitdestroyed_a3,652,1.12448e+06,266.38,266.38,233,4
w_bonepitdestroyed_a3,653,360330,267.894,267.894,237,4
w_bonepitdestroyed_a3,654,6.11337e+06,266.338,266.338,240,4
w_bonepitdestroyed_a3,655,1.93513e+06,265.179,265.179,226,4
w_bonepitdestroyed_a3,656,1.0399e+06,267.51,267.51,242,4
w_bonepitdestroyed_a3,657,1.54795e+06,265.966,265.966,233,4
w_bonepitdestroyed_a3,658,1.13946e+06,266.894,266.894,236,4
w_bonepitdestroyed_a3,659,2.21097e+06,265.569,265.569,250,4
w_bonepitdestroyed_a3,660,1.4562e+06,271.078,271.078,229,4
w_bonepitdestroyed_a3,661,1.20767e+06,268.569,268.569,253,4
w_bonepitdestroyed_a3,662,409537,271.368,270.539,250,4
w_bonepitdestroyed_a3,663,1.24601e+06,270.208,270.208,236,4
w_bonepitdestroyed_a3,664,867197,269.924,269.924,244,4
w_bonepitdestroyed_a3,665,661001,269.078,269.078,227,4
w_bonepitdestroyed_a3,666,129140,271.882,271.054,253,4
w_bonepitdestroyed_a3,667,1.98876e+06,270.978,270.978,226,4
w_bonepitdestroyed_a3,668,861798,271.125,271.125,251,4
w_bonepitdestroyed_a3,669,1.31146e+06,270.095,270.095,245,4
w_bonepitdestroyed_a3,670,273687,273.693,272.865,237,4
w_bonepitdestroyed_a3,671,1.56015e+06,274.693,274.693,238,4
w_bonepitdestroyed_a3,672,899422,275.108,275.108,238,4
w_bonepitdestroyed_a3,673,3.65263e+06,274.024,274.024,251,4
w_bonepitdestroyed_a3,674,1.96357e+06,272.693,272.693,236,4
w_bonepitdestroyed_a3,675,1.27625e+06,275.409,275.409,247,4
w_bonepitdestroyed_a3,676,3.26486e+06,274.995,274.995,247,4
w_bonepitdestroyed_a3,677,2.57206e+06,274.409,274.409,246,4
w_bonepitdestroyed_a3,678,1.94568e+06,273.593,273.593,234,4
w_bonepitdestroyed_a3,679,2.57998e+06,272.267,272.267,248,4
w_bonepitdestroyed_a3,680,3.63741e+06,277.551,277.551,245,4
w_bonepitdestroyed_a3,681,2.06558e+06,279.823,279.823,251,4
w_bonepitdestroyed_a3,682,520798,277.841,277.841,266,4
w_bonepitdestroyed_a3,683,1.75568e+06,277.279,277.279,241,4
w_bonepitdestroyed_a3,684,1.13708e+06,276.652,276.652,247,4
w_bonepitdestroyed_a3,685,1.42191e+06,278.279,276.622,242,4
w_bonepitdestroyed_a3,686,901036,276.113,276.113,268,4
w_bonepitdestroyed_a3,687,1.62788e+06,276.238,276.238,247,4
w_bonepitdestroyed_a3,688,2.33569e+06,279.877,279.877,232,4
w_bonepitdestroyed_a3,689,1.86533e+06,277.279,276.451,241,4
w_bonepitdestroyed_a3,690,3.33009e+06,283.439,283.439,260,4
w_bonepitdestroyed_a3,691,1.18488e+06,282.421,282.421,242,4
w_bonepitdestroyed_a3,692,5.76627e+06,280.551,280.551,248,4
w_bonepitdestroyed_a3,693,2.48033e+06,282.894,282.894,252,4
w_bonepitdestroyed_a3,694,1.35945e+06,283.522,283.522,246,4
w_bonepitdestroyed_a3,695,2.21952e+06,282.35,282.35,244,4
w_bonepitdestroyed_a3,696,1.37889e+06,283.61,281.125,261,4
w_bonepitdestroyed_a3,697,2.91119e+06,281.368,281.368,260,4
w_bonepitdestroyed_a3,698,1.74062e+06,283.137,283.137,251,4
w_bonepitdestroyed_a3,699,2.4754e+06,280.392,280.392,235,4
w_bonepitdestroyed_a3,700,1.92224e+06,284.995,284.995,257,4
w_bonepitdestroyed_a3,701,1.94845e+06,285.51,285.51,260,4
w_bonepitdestroyed_a3,702,3.79185e+06,287.907,287.907,245,4
w_bonepitdestroyed_a3,703,1.17768e+06,287.534,287.534,238,4
w_bonepitdestroyed_a3,704,1.66934e+06,284.966,284.966,252,4
w_bonepitdestroyed_a3,705,2.02501e+06,285.137,285.137,253,4
w_bonepitdestroyed_a3,706,1.01188e+06,287.279,287.279,251,4
w_bonepitdestroyed_a3,707,1.62202e+06,286.877,286.877,239,4
w_bonepitdestroyed_a3,708,1.13006e+06,285.439,285.439,262,4
w_bonepitdestroyed_a3,709,1.05487e+06,285.622,285.622,251,4
w_bonepitdestroyed_a3,710,975940,288.853,288.853,265,4
w_bonepitdestroyed_a3,711,747535,288.078,288.078,246,4
w_bonepitdestroyed_a3,712,1.5444e+06,291.22,291.22,245,4
w_bonepitdestroyed_a3,713,919009,291.095,291.095,266,4
w_bonepitdestroyed_a3,714,1.42739e+06,291.794,291.794,258,4
w_bonepitdestroyed_a3,715,2.31589e+06,290.593,290.593,251,4
w_bonepitdestroyed_a3,716,810422,289.25,289.25,248,4
w_bonepitdestroyed_a3,717,1.01913e+06,288.095,288.095,263,4
w_bonepitdestroyed_a3,718,780879,288.836,288.836,248,4
w_bonepitdestroyed_a3,719,1.51205e+06,290.924,290.924,265,4
w_bonepitdestroyed_a3,720,581372,295.066,294.238,265,4
w_bonepitdestroyed_a3,721,3.75731e+06,292.362,292.362,242,4
w_bonepitdestroyed_a3,722,2.24178e+06,292.108,292.108,255,4
w_bonepitdestroyed_a3,723,863933,292.711,292.711,273,4
w_bonepitdestroyed_a3,724,1.88188e+06,295.208,295.208,261,4
w_bonepitdestroyed_a3,725,665458,296.794,295.966,263,4
w_bonepitdestroyed_a3,726,1.56623e+06,294.463,294.463,247,4
w_bonepitdestroyed_a3,727,1.15745e+06,294.066,294.066,264,4
w_bonepitdestroyed_a3,728,1.37029e+06,295.522,295.522,258,4
w_bonepitdestroyed_a3,729,1.53188e+06,295.794,295.794,262,4
w_bonepitdestroyed_a3,730,1.20322e+06,297.35,297.35,259,4
w_bonepitdestroyed_a3,731,1.12717e+06,298.38,298.38,265,4
w_bonepitdestroyed_a3,732,1.03595e+06,297.61,297.61,275,4
w_bonepitdestroyed_a3,733,1.26111e+06,299.238,299.238,270,4
w_bonepitdestroyed_a3,734,2.38989e+06,299.894,299.894,269,4
w_bonepitdestroyed_a3,735,3.5536e+06,300.865,299.208,265,4
w_bonepitdestroyed_a3,736,3.06202e+06,299.823,299.823,271,4
w_bonepitdestroyed_a3,737,1.91636e+06,298.007,298.007,258,4
w_bonepitdestroyed_a3,738,5.61644e+06,298.024,298.024,275,4
w_bonepitdestroyed_a3,739,1.73223e+06,298.823,298.823,270,4
w_bonepitdestroyed_a3,740,2.65911e+06,302.309,300.652,271,4
w_bonepitdestroyed_a3,741,1.5496e+06,303.25,303.25,262,4
w_bonepitdestroyed_a3,742,1.26781e+06,301.983,301.983,286,4
w_bonepitdestroyed_a3,743,1.36716e+06,303.764,303.764,265,4
w_bonepitdestroyed_a3,744,5.16139e+06,302.853,302.853,279,4
w_bonepitdestroyed_a3,745,1.06908e+06,300.434,300.434,248,4
w_bonepitdestroyed_a3,746,2.15436e+06,300.593,300.593,261,4
w_bonepitdestroyed_a3,747,3.81792e+06,300.22,300.22,254,4
w_bonepitdestroyed_a3,748,1.01102e+06,302.865,302.037,267,4
w_bonepitdestroyed_a3,749,1.61568e+06,302.137,302.137,270,4
w_bonepitdestroyed_a3,750,1.38675e+06,304.262,304.262,251,4
w_bonepitdestroyed_a3,751,3.60559e+06,306.924,306.924,281,4
w_bonepitdestroyed_a3,752,2.2868e+06,304.12,304.12,255,4
w_bonepitdestroyed_a3,753,4.762e+06,305.51,305.51,280,4
w_bonepitdestroyed_a3,754,3.75157e+06,305.049,305.049,258,4
w_bonepitdestroyed_a3,755,2.07909e+06,304.593,304.593,265,4
w_bonepitdestroyed_a3,756,1.30114e+06,304.049,304.049,257,4
w_bonepitdestroyed_a3,757,948987,304.782,304.782,283,4
w_bonepitdestroyed_a3,758,2.37629e+06,306.948,306.948,257,4
w_bonepitdestroyed_a3,759,2.03151e+06,304.321,304.321,261,4
w_bonepitdestroyed_a3,760,1.01352e+06,309.581,309.581,282,4
w_bonepitdestroyed_a3,761,3.06258e+06,311.836,311.836,271,4
w_bonepitdestroyed_a3,762,1.84277e+06,311.22,311.22,265,4
w_bonepitdestroyed_a3,763,1.19415e+06,308.037,308.037,273,4
w_bonepitdestroyed_a3,764,7.20464e+06,310.652,310.652,281,4
w_bonepitdestroyed_a3,765,2.1367e+06,308.836,308.007,268,4
w_bonepitdestroyed_a3,766,2.21733e+06,309.108,308.279,272,4
w_bonepitdestroyed_a3,767,653845,308.51,308.51,283,4
w_bonepitdestroyed_a3,768,1.519e+06,311.35,311.35,273,4
w_bonepitdestroyed_a3,769,2.80401e+06,308.823,308.823,280,4
w_bonepitdestroyed_a3,770,1.36065e+06,313.291,313.291,265,4
w_bonepitdestroyed_a3,771,5.72607e+06,314.267,314.267,290,4
w_bonepitdestroyed_a3,772,4.00836e+06,314.338,314.338,288,4
w_bonepitdestroyed_a3,773,1.70614e+06,314.551,314.551,282,4
w_bonepitdestroyed_a3,774,7.9278e+06,314.782,314.782,293,4
w_bonepitdestroyed_a3,775,2.77064e+06,312.924,312.924,287,4
w_bonepitdestroyed_a3,776,2.14357e+06,314.664,314.664,273,4
w_bonepitdestroyed_a3,777,1.22792e+06,313.492,313.492,271,4
w_bonepitdestroyed_a3,778,1.4143e+06,316.421,315.593,276,4
w_bonepitdestroyed_a3,779,1.09314e+06,313.693,313.693,277,4
w_bonepitdestroyed_a3,780,2.66299e+06,319.492,319.492,277,4
w_bonepitdestroyed_a3,781,2.27723e+06,316.25,316.25,275,4
w_bonepitdestroyed_a3,782,1.14803e+06,319.718,319.718,259,4
w_bonepitdestroyed_a3,783,1.99289e+06,321.049,319.392,274,4
w_bonepitdestroyed_a3,784,1.2799e+06,317.836,317.836,277,4
w_bonepitdestroyed_a3,785,1.1824e+06,317.179,317.179,278,4
w_bonepitdestroyed_a3,786,4.91286e+06,319.534,317.049,270,4
w_bonepitdestroyed_a3,787,989309,318.439,318.439,295,4
w_bonepitdestroyed_a3,788,1.59273e+06,319.978,319.978,275,4
w_bonepitdestroyed_a3,789,1.42735e+06,319.279,319.279,283,4
w_bonepitdestroyed_a3,790,1.11234e+06,322.563,322.563,278,4
w_bonepitdestroyed_a3,791,4.28851e+06,323.706,322.877,275,4
w_bonepitdestroyed_a3,792,1.02296e+06,320.355,320.355,311,4
w_bonepitdestroyed_a3,793,1.25473e+06,324.25,323.421,283,4
w_bonepitdestroyed_a3,794,1.20324e+06,320.894,320.894,290,4
w_bonepitdestroyed_a3,795,1.14265e+06,322.836,322.836,282,4
w_bonepitdestroyed_a3,796,1.68676e+06,321.12,320.291,272,4
w_bonepitdestroyed_a3,797,2.73364e+06,322.421,322.421,282,4
w_bonepitdestroyed_a3,798,1.15715e+06,321.35,321.35,283,4
w_bonepitdestroyed_a3,799,3.34031e+06,323.208,323.208,289,4
w_bonepitdestroyed_a3,800,1.52379e+06,325.936,325.936,288,4
w_bonepitdestroyed_a3,801,2.0922e+06,328.191,327.362,277,4
w_bonepitdestroyed_a3,802,1.22535e+06,325.137,325.137,293,4
w_bonepitdestroyed_a3,803,5.82358e+06,326.995,326.995,299,4
w_bonepitdestroyed_a3,804,1.86115e+06,325.635,325.635,279,4
w_bonepitdestroyed_a3,805,2.16832e+06,327.191,327.191,276,4
w_bonepitdestroyed_a3,806,1.10346e+06,326.99,326.99,270,4
w_bonepitdestroyed_a3,807,1.07841e+06,327.049,327.049,280,4
w_bonepitdestroyed_a3,808,4.05538e+06,324.823,324.823,296,4
w_bonepitdestroyed_a3,809,2.4776e+06,325.907,325.907,283,4
w_bonepitdestroyed_a3,810,1.31701e+06,331.522,331.522,294,4
w_bonepitdestroyed_a3,811,6.73304e+06,331.919,331.919,277,4
w_bonepitdestroyed_a3,812,1.36346e+06,329.463,329.463,282,4
w_bonepitdestroyed_a3,813,2.95981e+06,331.811,330.983,315,4
w_bonepitdestroyed_a3,814,1.09739e+06,330.409,330.409,302,4
w_bonepitdestroyed_a3,815,3.02172e+06,333.321,331.664,290,4
w_bonepitdestroyed_a3,816,3.30019e+06,328.706,328.706,280,4
w_bonepitdestroyed_a3,817,1.57384e+06,330.238,330.238,301,4
w_bonepitdestroyed_a3,818,1.48548e+06,330.848,330.848,278,4
w_bonepitdestroyed_a3,819,1.50958e+06,328.191,328.191,277,4
w_bonepitdestroyed_a3,820,3.5263e+06,334.108,332.451,297,4
w_bonepitdestroyed_a3,821,1.965e+06,334.421,334.421,294,4
w_bonepitdestroyed_a3,822,3.39837e+06,332.007,332.007,292,4
w_bonepitdestroyed_a3,823,1.48741e+06,335.078,335.078,293,4
w_bonepitdestroyed_a3,824,5.01221e+06,333.735,333.735,290,4
w_bonepitdestroyed_a3,825,3.45151e+06,332.054,332.054,314,4
w_bonepitdestroyed_a3,826,5.32056e+06,334.652,334.652,305,4
w_bonepitdestroyed_a3,827,3.79628e+06,333.25,333.25,292,4
w_bonepitdestroyed_a3,828,1.87703e+06,334.309,334.309,303,4
w_bonepitdestroyed_a3,829,1.74827e+06,334.492,334.492,292,4
w_bonepitdestroyed_a3,830,1.62395e+06,336.007,336.007,296,4
w_bonepitdestroyed_a3,831,2.33442e+06,336.439,336.439,313,4
w_bonepitdestroyed_a3,832,1.99796e+06,339.693,339.693,303,4
w_bonepitdestroyed_a3,833,2.48687e+06,337.434,337.434,285,4
w_bonepitdestroyed_a3,834,2.53338e+06,338.22,338.22,292,4
w_bonepitdestroyed_a3,835,2.08267e+06,340.037,339.208,305,4
w_bonepitdestroyed_a3,836,4.12705e+06,336.723,336.723,305,4
w_bonepitdestroyed_a3,837,1.20946e+06,338.907,338.907,296,4
w_bonepitdestroyed_a3,838,1.37641e+06,338.865,337.208,303,4
w_bonepitdestroyed_a3,839,1.24755e+06,337.161,337.161,281,4
w_bonepitdestroyed_a3,840,2.83102e+06,342.22,342.22,296,4
w_bonepitdestroyed_a3,841,1.62141e+06,341.238,341.238,312,4
w_bonepitdestroyed_a3,842,1.35518e+06,342.149,342.149,298,4
w_bonepitdestroyed_a3,843,3.35269e+06,341.037,341.037,306,4
w_bonepitdestroyed_a3,844,2.47877e+06,343.74,343.74,329,4
w_bonepitdestroyed_a3,845,3.7754e+06,343.262,343.262,290,4
w_bonepitdestroyed_a3,846,3.55952e+06,342.706,342.706,294,4
w_bonepitdestroyed_a3,847,1.58196e+06,342.836,342.836,302,4
w_bonepitdestroyed_a3,848,4.618e+06,340.894,340.894,310,4
w_bonepitdestroyed_a3,849,1.8183e+06,342.664,342.664,301,4
w_bonepitdestroyed_a3,850,1.59265e+06,348.291,344.978,300,4
w_bonepitdestroyed_a3,851,1.65062e+06,347.966,347.966,315,4
w_bonepitdestroyed_a3,852,6.07835e+06,344.066,344.066,314,4
w_bonepitdestroyed_a3,853,1.46066e+06,346.137,346.137,314,4
w_bonepitdestroyed_a3,854,6.10391e+06,346.309,346.309,315,4
w_bonepitdestroyed_a3,855,2.83808e+06,344.563,344.563,300,4
w_bonepitdestroyed_a3,856,1.30473e+06,346.108,346.108,309,4
w_bonepitdestroyed_a3,857,2.69006e+06,345.966,345.966,313,4
w_bonepitdestroyed_a3,858,2.54861e+06,347.551,347.551,315,4
w_bonepitdestroyed_a3,859,1.38158e+06,344.522,344.522,307,4
w_bonepitdestroyed_a3,860,7.09845e+06,349.635,349.635,303,4
w_bonepitdestroyed_a3,861,1.89239e+06,349.238,348.409,320,4
w_bonepitdestroyed_a3,862,1.35212e+06,349.321,349.321,306,4
w_bonepitdestroyed_a3,863,3.12673e+06,350.907,350.907,308,4
w_bonepitdestroyed_a3,864,6.3089e+06,351.137,351.137,319,4
w_bonepitdestroyed_a3,865,3.72838e+06,350.037,349.208,315,4
w_bonepitdestroyed_a3,866,4.9769e+06,350.108,350.108,313,4
w_bonepitdestroyed_a3,867,4.61104e+06,349.392,349.392,304,4
w_bonepitdestroyed_a3,868,2.34711e+06,350.22,350.22,304,4
w_bonepitdestroyed_a3,869,1.53253e+06,351.233,351.233,293,4
w_bonepitdestroyed_a3,870,3.06976e+06,352.149,352.149,308,4
w_bonepitdestroyed_a3,871,1.53022e+06,355.12,355.12,306,4
w_bonepitdestroyed_a3,872,8.03228e+06,353.451,353.451,318,4
w_bonepitdestroyed_a3,873,1.12751e+06,352.735,352.735,309,4
w_bonepitdestroyed_a3,874,1.12426e+06,353.836,353.836,313,4
w_bonepitdestroyed_a3,875,4.12805e+06,355.421,355.421,315,4
w_bonepitdestroyed_a3,876,2.78232e+06,357.279,355.622,321,4
w_bonepitdestroyed_a3,877,4.22266e+06,353.049,353.049,306,4
w_bonepitdestroyed_a3,878,1.95484e+06,353.167,353.167,326,4
w_bonepitdestroyed_a3,879,2.0198e+06,354.622,354.622,320,4
w_bonepitdestroyed_a3,880,2.54739e+06,356.309,356.309,325,4
w_bonepitdestroyed_a3,881,1.94296e+06,359.321,359.321,316,4
w_bonepitdestroyed_a3,882,5.74524e+06,358.551,358.551,326,4
w_bonepitdestroyed_a3,883,1.86054e+06,357.836,357.836,317,4
w_bonepitdestroyed_a3,884,3.31991e+06,358.007,358.007,318,4
w_bonepitdestroyed_a3,885,2.86778e+06,357.049,357.049,310,4
w_bonepitdestroyed_a3,886,2.78707e+06,357.321,356.492,314,4
w_bonepitdestroyed_a3,887,1.41015e+06,359.593,359.593,320,4
w_bonepitdestroyed_a3,888,2.15538e+06,359.924,359.924,334,4
w_bonepitdestroyed_a3,889,1.70397e+06,357.421,357.421,317,4
w_bonepitdestroyed_a3,890,5.38622e+06,360.907,360.907,318,4
w_bonepitdestroyed_a3,891,5.69735e+06,361.966,361.966,329,4
w_bonepitdestroyed_a3,892,7.57076e+06,361.681,361.681,337,4
w_bonepitdestroyed_a3,893,2.20754e+06,361.907,361.078,319,4
w_bonepitdestroyed_a3,894,2.98729e+06,363.019,363.019,311,4
w_bonepitdestroyed_a3,895,3.56548e+06,362.978,362.978,318,4
w_bonepitdestroyed_a3,896,3.3464e+06,360.948,360.948,311,4
w_bonepitdestroyed_a3,897,3.04329e+06,360.078,360.078,318,4
w_bonepitdestroyed_a3,898,2.54304e+06,362.392,362.392,317,4
w_bonepitdestroyed_a3,899,1.75916e+06,360.995,360.167,333,4
w_bonepitdestroyed_a3,900,5.13433e+06,367.007,367.007,327,4
w_bonepitdestroyed_a3,901,2.84059e+06,365.463,365.463,318,4
w_bonepitdestroyed_a3,902,1.92862e+06,364.208,364.208,330,4
w_bonepitdestroyed_a3,903,1.86038e+06,366.492,366.492,324,4
w_bonepitdestroyed_a3,904,4.99783e+06,366.877,366.877,319,4
w_bonepitdestroyed_a3,905,2.83814e+06,367.593,367.593,328,4
w_bonepitdestroyed_a3,906,1.77617e+06,368.019,367.191,316,4
w_bonepitdestroyed_a3,907,1.35208e+06,364.706,364.706,316,4
w_bonepitdestroyed_a3,908,4.0953e+06,364.149,364.149,320,4
w_bonepitdestroyed_a3,909,3.11188e+06,364.764,364.764,326,4
w_bonepitdestroyed_a3,910,2.31287e+06,371.049,371.049,324,4
w_bonepitdestroyed_a3,911,2.06636e+06,372.149,371.321,328,4
w_bonepitdestroyed_a3,912,3.02451e+06,369.522,369.522,332,4
w_bonepitdestroyed_a3,913,1.65099e+06,368.978,368.978,324,4
w_bonepitdestroyed_a3,914,4.76893e+06,368.764,368.764,330,4
w_bonepitdestroyed_a3,915,3.12394e+06,368.179,368.179,329,4
w_bonepitdestroyed_a3,916,2.35218e+06,369.12,369.12,320,4
w_bonepitdestroyed_a3,917,2.31463e+06,369.936,369.936,332,4
w_bonepitdestroyed_a3,918,2.71566e+06,370.191,370.191,319,4
w_bonepitdestroyed_a3,919,3.791e+06,370.777,370.777,320,4
w_bonepitdestroyed_a3,920,1.50878e+06,375.421,375.421,335,4
w_bonepitdestroyed_a3,921,2.41798e+06,374.605,373.777,323,4
w_bonepitdestroyed_a3,922,4.20167e+06,373.593,373.593,334,4
w_bonepitdestroyed_a3,923,4.7385e+06,373.978,373.978,329,4
w_bonepitdestroyed_a3,924,1.52795e+06,374.492,374.492,332,4
w_bonepitdestroyed_a3,925,7.71978e+06,374.049,374.049,327,4
w_bonepitdestroyed_a3,926,3.60282e+06,375.007,375.007,335,4
w_bonepitdestroyed_a3,927,1.98938e+06,375.149,375.149,331,4
w_bonepitdestroyed_a3,928,3.33009e+06,372.38,372.38,339,4
w_bonepitdestroyed_a3,929,1.86355e+06,374.019,374.019,322,4
w_bonepitdestroyed_a3,930,1.70184e+06,377.735,377.735,334,4
w_bonepitdestroyed_a3,931,1.64114e+06,376.622,376.622,342,4
w_bonepitdestroyed_a3,932,2.84771e+06,377.836,377.836,337,4
w_bonepitdestroyed_a3,933,1.3819e+06,376.179,376.179,337,4
w_bonepitdestroyed_a3,934,1.805e+06,377.593,376.764,338,4
w_bonepitdestroyed_a3,935,2.84353e+06,376.108,376.108,339,4
w_bonepitdestroyed_a3,936,3.52825e+06,379.806,379.806,334,4
w_bonepitdestroyed_a3,937,1.56358e+06,378.948,378.948,329,4
w_bonepitdestroyed_a3,938,3.9714e+06,377.463,377.463,330,4
w_bonepitdestroyed_a3,939,4.44764e+06,378.149,377.321,334,4
w_bonepitdestroyed_a3,940,4.56955e+06,382.25,382.25,341,4
w_bonepitdestroyed_a3,941,5.35497e+06,380.137,380.137,348,4
w_bonepitdestroyed_a3,942,7.65035e+06,382.078,380.421,340,4
w_bonepitdestroyed_a3,943,7.36371e+06,381.777,381.777,331,4
w_bonepitdestroyed_a3,944,2.97781e+06,383.191,383.191,332,4
w_bonepitdestroyed_a3,945,2.70286e+06,381.362,381.362,331,4
w_bonepitdestroyed_a3,946,3.10122e+06,380.463,380.463,333,4
w_bonepitdestroyed_a3,947,2.53993e+06,380.593,380.593,341,4
w_bonepitdestroyed_a3,948,3.06218e+06,382.22,381.392,336,4
w_bonepitdestroyed_a3,949,2.47408e+06,381.907,381.907,339,4
w_bonepitdestroyed_a3,950,2.94073e+06,387.777,387.191,337,4
w_bonepitdestroyed_a3,951,2.84152e+06,385.978,385.978,341,4
w_bonepitdestroyed_a3,952,1.8377e+06,387.362,387.362,337,4
w_bonepitdestroyed_a3,953,1.71965e+06,384.505,384.505,330,4
w_bonepitdestroyed_a3,954,6.18561e+06,387.179,387.179,348,4
w_bonepitdestroyed_a3,955,4.27106e+06,386.593,386.593,347,4
w_bonepitdestroyed_a3,956,5.25678e+06,385.593,385.593,346,4
w_bonepitdestroyed_a3,957,1.91122e+06,384.635,384.635,338,4
w_bonepitdestroyed_a3,958,1.7944e+06,387.764,387.764,349,4
w_bonepitdestroyed_a3,959,4.36755e+06,387.049,387.049,340,4
w_bonepitdestroyed_a3,960,5.78142e+06,389.463,389.463,342,4
w_bonepitdestroyed_a3,961,5.44336e+06,390.463,390.463,343,4
w_bonepitdestroyed_a3,962,3.12353e+06,391.907,391.907,349,4
w_bonepitdestroyed_a3,963,2.02815e+06,390.019,390.019,338,4
w_bonepitdestroyed_a3,964,2.53542e+06,389.735,389.735,346,4
w_bonepitdestroyed_a3,965,2.67082e+06,390.735,390.735,347,4
w_bonepitdestroyed_a3,966,4.40079e+06,388.907,388.907,346,4
w_bonepitdestroyed_a3,967,2.98006e+06,391.978,391.978,347,4
w_bonepitdestroyed_a3,968,2.12833e+06,392.007,391.179,352,4
w_bonepitdestroyed_a3,969,3.79092e+06,390.35,390.35,352,4
w_bonepitdestroyed_a3,970,1.83616e+06,392.463,392.463,345,4
w_bonepitdestroyed_a3,971,4.79342e+06,393.463,393.463,346,4
w_bonepitdestroyed_a3,972,7.73159e+06,392.007,392.007,352,4
w_bonepitdestroyed_a3,973,1.59802e+06,394.907,394.907,352,4
w_bonepitdestroyed_a3,974,2.30924e+06,393.647,393.647,335,4
w_bonepitdestroyed_a3,975,2.55262e+06,394.505,394.505,340,4
w_bonepitdestroyed_a3,976,3.51999e+06,393.877,393.877,346,4
w_bonepitdestroyed_a3,977,1.85201e+06,393.534,393.534,344,4
w_bonepitdestroyed_a3,978,1.62646e+06,392.848,392.848,340,4
w_bonepitdestroyed_a3,979,3.2363e+06,395.463,395.463,348,4
w_bonepitdestroyed_a3,980,1.31427e+06,399.605,399.605,348,4
w_bonepitdestroyed_a3,981,4.11698e+06,397.764,397.764,359,4
w_bonepitdestroyed_a3,982,1.77334e+06,398.38,398.38,365,4
w_bonepitdestroyed_a3,983,1.60201e+06,397.806,396.978,352,4
w_bonepitdestroyed_a3,984,2.89411e+06,399.605,399.605,348,4
w_bonepitdestroyed_a3,985,1.67613e+06,398.546,398.546,337,4
w_bonepitdestroyed_a3,986,4.48689e+06,398.392,397.563,353,4
w_bonepitdestroyed_a3,987,3.35864e+06,398.149,398.149,354,4
w_bonepitdestroyed_a3,988,1.45977e+06,397.38,397.38,364,4
w_bonepitdestroyed_a3,989,1.2892e+06,397.978,397.978,353,4
w_bonepitdestroyed_a3,990,3.83818e+06,401.475,401.475,342,4
w_bonepitdestroyed_a3,991,2.76207e+06,401.362,401.362,351,4
w_bonepitdestroyed_a3,992,5.08743e+06,400.848,400.848,348,4
w_bonepitdestroyed_a3,993,1.73988e+06,403.836,403.836,363,4
w_bonepitdestroyed_a3,994,4.70433e+06,401.764,401.764,363,4
w_bonepitdestroyed_a3,995,2.30797e+06,403.505,403.505,349,4
w_bonepitdestroyed_a3,996,2.53914e+06,403.706,403.706,355,4
w_bonepitdestroyed_a3,997,2.10556e+06,401.404,401.404,344,4
w_bonepitdestroyed_a3,998,3.57156e+06,403.676,403.676,350,4
w_bonepitdestroyed_a3,999,3.49202e+06,402.492,401.664,360,4
w_bonepitdestroyed_a3,1000,3.18346e+06,404.576,404.576,348,4
w_bonepitdestroyed_a3,1001,3.36282e+06,407.475,407.475,348,4
w_bonepitdestroyed_a3,1002,2.84616e+06,405.948,405.948,356,4
w_bonepitdestroyed_a3,1003,2.51091e+06,405.877,405.877,358,4
w_bonepitdestroyed_a3,1004,1.69657e+06,406.108,406.108,369,4
w_bonepitdestroyed_a3,1005,2.79308e+06,408.777,407.948,358,4
w_bonepitdestroyed_a3,1006,3.32964e+06,405.877,405.877,358,4
w_bonepitdestroyed_a3,1007,1.70234e+06,404.375,404.375,342,4
w_bonepitdestroyed_a3,1008,3.85349e+06,406.948,406.948,357,4
w_bonepitdestroyed_a3,1009,2.58037e+06,404.96,404.96,343,4
w_bonepitdestroyed_a3,1010,3.12883e+06,410.789,410.789,348,4
w_bonepitdestroyed_a3,1011,1.82201e+06,409.848,409.848,357,4
w_bonepitdestroyed_a3,1012,4.79012e+06,408.161,408.161,352,4
w_bonepitdestroyed_a3,1013,3.48338e+06,411.078,411.078,369,4
w_bonepitdestroyed_a3,1014,1.93098e+06,409.291,409.291,361,4
w_bonepitdestroyed_a3,1015,1.40391e+06,411.12,411.12,362,4
w_bonepitdestroyed_a3,1016,5.27895e+06,410.191,410.191,359,4
w_bonepitdestroyed_a3,1017,2.89705e+06,410.12,410.12,361,4
w_bonepitdestroyed_a3,1018,5.3075e+06,410.191,410.191,359,4
w_bonepitdestroyed_a3,1019,2.49922e+06,410.505,410.505,356,4
w_bonepitdestroyed_a3,1020,5.58798e+06,414.22,414.22,368,4
w_bonepitdestroyed_a3,1021,1.78168e+06,414.877,414.877,367,4
w_bonepitdestroyed_a3,1022,4.46557e+06,414.777,414.777,364,4
w_bonepitdestroyed_a3,1023,6.15137e+06,412.262,412.262,359,4
w_bonepitdestroyed_a3,1024,4.41113e+06,414.321,414.321,371,4
w_bonepitdestroyed_a3,1025,5.92206e+06,415.777,415.777,365,4
w_bonepitdestroyed_a3,1026,6.41097e+06,412.848,412.848,360,4
w_bonepitdestroyed_a3,1027,4.75847e+06,412.362,412.362,362,4
w_bonepitdestroyed_a3,1028,4.64659e+06,413.877,413.877,366,4
w_bonepitdestroyed_a3,1029,5.13841e+06,414.392,414.392,369,4
w_bonepitdestroyed_a3,1030,5.52438e+06,419.404,419.404,362,4
w_bonepitdestroyed_a3,1031,2.34879e+06,416.99,416.99,360,4
w_bonepitdestroyed_a3,1032,4.12396e+06,419.777,419.777,369,4
w_bonepitdestroyed_a3,1033,2.7756e+06,417.12,417.12,368,4
w_bonepitdestroyed_a3,1034,4.07567e+06,419.647,419.647,361,4
w_bonepitdestroyed_a3,1035,2.05271e+06,416.362,416.362,366,4
w_bonepitdestroyed_a3,1036,1.76501e+06,418.463,418.463,371,4
w_bonepitdestroyed_a3,1037,1.58545e+06,416.434,416.434,364,4
w_bonepitdestroyed_a3,1038,3.54305e+06,419.392,419.392,374,4
w_bonepitdestroyed_a3,1039,3.28611e+06,418.203,418.203,355,4
w_bonepitdestroyed_a3,1040,1.71369e+06,420.889,420.889,361,4
w_bonepitdestroyed_a3,1041,4.44731e+06,424.688,423.032,359,4
w_bonepitdestroyed_a3,1042,2.58105e+06,420.078,420.078,378,4
w_bonepitdestroyed_a3,1043,4.48032e+06,422.132,422.132,361,4
w_bonepitdestroyed_a3,1044,1.65011e+06,421.877,421.877,374,4
w_bonepitdestroyed_a3,1045,1.62815e+06,421.563,421.563,377,4
w_bonepitdestroyed_a3,1046,1.36724e+06,421.664,421.664,380,4
w_bonepitdestroyed_a3,1047,2.50035e+06,423.132,423.132,362,4
w_bonepitdestroyed_a3,1048,4.88229e+06,423.848,423.848,371,4
w_bonepitdestroyed_a3,1049,1.76169e+06,421.978,421.978,377,4
w_bonepitdestroyed_a3,1050,1.79574e+06,425.049,425.049,378,4
w_bonepitdestroyed_a3,1051,1.96684e+06,424.362,424.362,374,4
w_bonepitdestroyed_a3,1052,4.24303e+06,424.534,424.534,375,4
w_bonepitdestroyed_a3,1053,5.13874e+06,424.718,424.718,364,4
w_bonepitdestroyed_a3,1054,3.64532e+06,427.617,427.617,364,4
w_bonepitdestroyed_a3,1055,5.77282e+06,426.534,426.534,377,4
w_bonepitdestroyed_a3,1056,2.73806e+06,425.99,425.99,369,4
w_bonepitdestroyed_a3,1057,1.56745e+06,426.676,426.676,373,4
w_bonepitdestroyed_a3,1058,5.22184e+06,425.96,425.96,364,4
w_bonepitdestroyed_a3,1059,2.67421e+06,425.877,425.877,378,4
w_bonepitdestroyed_a3,1060,3.30145e+06,431.333,431.333,376,4
w_bonepitdestroyed_a3,1061,1.48207e+06,429.919,429.919,375,4
w_bonepitdestroyed_a3,1062,1.73503e+06,429.362,429.362,379,4
w_bonepitdestroyed_a3,1063,3.09506e+06,429.836,429.836,389,4
w_bonepitdestroyed_a3,1064,1.6213e+06,429.505,429.505,375,4
w_bonepitdestroyed_a3,1065,4.8783e+06,431.149,431.149,387,4
w_bonepitdestroyed_a3,1066,5.95599e+06,429.434,429.434,377,4
w_bonepitdestroyed_a3,1067,1.76745e+06,431.635,431.635,385,4
w_bonepitdestroyed_a3,1068,1.08068e+07,428.605,428.605,377,4
w_bonepitdestroyed_a3,1069,2.70336e+06,431.831,431.831,362,4
w_bonepitdestroyed_a3,1070,6.18209e+06,433.434,433.434,381,4
w_bonepitdestroyed_a3,1071,4.69356e+06,434.061,434.061,375,4
w_bonepitdestroyed_a3,1072,5.49215e+06,434.99,434.99,378,4
w_bonepitdestroyed_a3,1073,6.05761e+06,433.676,433.676,380,4
w_bonepitdestroyed_a3,1074,2.2824e+06,432.463,432.463,385,4
w_bonepitdestroyed_a3,1075,3.27905e+06,432.635,432.635,386,4
w_bonepitdestroyed_a3,1076,5.16383e+06,435.534,435.534,386,4
w_bonepitdestroyed_a3,1077,2.24717e+06,433.96,433.96,372,4
w_bonepitdestroyed_a3,1078,3.74364e+06,434.848,434.848,382,4
w_bonepitdestroyed_a3,1079,2.71052e+06,434.233,433.404,376,4
w_bonepitdestroyed_a3,1080,4.50164e+06,436.693,436.693,400,4
w_bonepitdestroyed_a3,1081,3.29667e+06,439.161,439.161,383,4
w_bonepitdestroyed_a3,1082,3.05346e+06,438.818,438.818,381,4
w_bonepitdestroyed_a3,1083,3.30629e+06,436.078,436.078,394,4
w_bonepitdestroyed_a3,1084,6.59077e+06,438.149,438.149,394,4
w_bonepitdestroyed_a3,1085,4.33841e+06,439.635,439.635,393,4
w_bonepitdestroyed_a3,1086,2.08859e+06,436.446,436.446,372,4
w_bonepitdestroyed_a3,1087,6.88777e+06,439.806,439.806,394,4
w_bonepitdestroyed_a3,1088,1.70418e+06,439.647,439.647,381,4
w_bonepitdestroyed_a3,1089,2.17599e+06,439.032,439.032,375,4
w_bonepitdestroyed_a3,1090,4.70665e+06,443.019,443.019,391,4
w_bonepitdestroyed_a3,1091,4.70557e+06,440.073,440.073,369,4
w_bonepitdestroyed_a3,1092,3.02282e+06,441.789,441.789,379,4
w_bonepitdestroyed_a3,1093,1.56743e+06,443.061,443.061,384,4
w_bonepitdestroyed_a3,1094,2.95811e+06,441.96,441.96,380,4
w_bonepitdestroyed_a3,1095,2.04272e+06,443.659,443.659,373,4
w_bonepitdestroyed_a3,1096,3.09333e+06,441.635,441.635,395,4
w_bonepitdestroyed_a3,1097,3.06108e+06,441.304,441.304,381,4
w_bonepitdestroyed_a3,1098,3.00018e+06,441.505,441.505,387,4
w_bonepitdestroyed_a3,1099,2.51636e+06,442.333,442.333,387,4
w_bonepitdestroyed_a3,1100,2.87656e+06,445.362,445.362,395,4
w_bonepitdestroyed_a3,1101,2.43574e+06,446.789,446.789,384,4
w_bonepitdestroyed_a3,1102,2.26576e+06,444.877,444.877,397,4
w_bonepitdestroyed_a3,1103,4.35396e+06,444.463,444.463,397,4
w_bonepitdestroyed_a3,1104,2.40012e+06,444.404,444.404,387,4
w_bonepitdestroyed_a3,1105,3.75716e+06,446.588,446.588,378,4
w_bonepitdestroyed_a3,1106,2.12134e+06,447.576,447.576,391,4
w_bonepitdestroyed_a3,1107,3.27156e+06,444.576,444.576,388,4
w_bonepitdestroyed_a3,1108,4.98262e+06,447.747,447.747,392,4
w_bonepitdestroyed_a3,1109,3.0113e+06,444.161,444.161,388,4
w_bonepitdestroyed_a3,1110,1.8322e+06,448.806,448.806,403,4
w_bonepitdestroyed_a3,1111,3.70903e+06,449.333,448.505,394,4
w_bonepitdestroyed_a3,1112,5.76201e+06,448.049,448.049,401,4
w_bonepitdestroyed_a3,1113,5.10414e+06,448.86,448.86,384,4
w_bonepitdestroyed_a3,1114,3.27082e+06,451.002,451.002,382,4
w_bonepitdestroyed_a3,1115,3.42603e+06,449.007,449.007,409,4
w_bonepitdestroyed_a3,1116,5.20295e+06,448.132,448.132,387,4
w_bonepitdestroyed_a3,1117,2.5454e+06,449.245,449.245,379,4
w_bonepitdestroyed_a3,1118,5.95696e+06,449.09,449.09,395,4
w_bonepitdestroyed_a3,1119,3.41254e+06,448.647,448.647,390,4
w_bonepitdestroyed_a3,1120,3.05744e+06,452.09,452.09,398,4
w_bonepitdestroyed_a3,1121,3.91021e+06,456.191,455.362,405,4
w_bonepitdestroyed_a3,1122,2.44476e+06,453.617,453.617,390,4
w_bonepitdestroyed_a3,1123,3.17952e+06,452.375,452.375,390,4
w_bonepitdestroyed_a3,1124,2.59935e+06,452.233,452.233,394,4
w_bonepitdestroyed_a3,1125,6.65848e+06,452.605,452.605,401,4
w_bonepitdestroyed_a3,1126,2.48095e+06,455.333,455.333,400,4
w_bonepitdestroyed_a3,1127,3.66851e+06,455.492,455.492,413,4
w_bonepitdestroyed_a3,1128,2.49557e+06,455.019,455.019,403,4
w_bonepitdestroyed_a3,1129,1.97762e+06,454.517,454.517,388,4
w_bonepitdestroyed_a3,1130,4.9966e+06,457.362,457.362,407,4
w_bonepitdestroyed_a3,1131,4.63807e+06,458.274,458.274,393,4
w_bonepitdestroyed_a3,1132,3.99692e+06,456.99,456.99,400,4
w_bonepitdestroyed_a3,1133,2.98873e+06,456.132,456.132,395,4
w_bonepitdestroyed_a3,1134,1.9292e+06,456.534,456.534,407,4
w_bonepitdestroyed_a3,1135,3.19659e+06,459.233,459.233,401,4
w_bonepitdestroyed_a3,1136,2.43948e+06,458.304,458.304,398,4
w_bonepitdestroyed_a3,1137,1.95035e+06,457.919,457.919,403,4
w_bonepitdestroyed_a3,1138,4.19818e+06,457.078,457.078,415,4
w_bonepitdestroyed_a3,1139,1.92907e+06,456.291,456.291,408,4
w_bonepitdestroyed_a3,1140,5.26676e+06,460.806,460.806,415,4
w_bonepitdestroyed_a3,1141,1.56935e+06,461.321,461.321,418,4
w_bonepitdestroyed_a3,1142,2.06214e+06,461.262,461.262,408,4
w_bonepitdestroyed_a3,1143,2.76784e+06,462.274,462.274,397,4
w_bonepitdestroyed_a3,1144,3.85326e+06,461.274,461.274,396,4
w_bonepitdestroyed_a3,1145,3.1529e+06,463.747,463.747,408,4
w_bonepitdestroyed_a3,1146,2.43858e+06,462.333,462.333,407,4
w_bonepitdestroyed_a3,1147,2.99851e+06,462.617,462.617,399,4
w_bonepitdestroyed_a3,1148,4.73183e+06,463.073,463.073,392,4
w_bonepitdestroyed_a3,1149,3.85073e+06,462.718,462.718,402,4
w_bonepitdestroyed_a3,1150,3.23986e+06,465.487,465.487,394,4
w_bonepitdestroyed_a3,1151,3.15447e+06,465.576,465.576,409,4
w_bonepitdestroyed_a3,1152,1.85958e+06,467.831,467.831,398,4
w_bonepitdestroyed_a3,1153,1.66616e+06,465.563,465.563,421,4
w_bonepitdestroyed_a3,1154,5.02099e+06,465.664,465.664,424,4
w_bonepitdestroyed_a3,1155,4.10259e+06,465.517,465.517,399,4
w_bonepitdestroyed_a3,1156,2.53202e+06,464.806,464.806,419,4
w_bonepitdestroyed_a3,1157,5.07897e+06,466.333,466.333,411,4
w_bonepitdestroyed_a3,1158,3.42499e+06,467.831,467.831,398,4
w_bonepitdestroyed_a3,1159,3.57551e+06,464.132,464.132,403,4
w_bonepitdestroyed_a3,1160,2.20023e+06,471.546,471.546,410,4
w_bonepitdestroyed_a3,1161,5.76554e+06,469.948,469.948,420,4
w_bonepitdestroyed_a3,1162,1.78929e+06,470.149,470.149,426,4
w_bonepitdestroyed_a3,1163,2.6228e+06,471.706,471.706,423,4
w_bonepitdestroyed_a3,1164,7.3048e+06,469.706,468.877,421,4
w_bonepitdestroyed_a3,1165,2.15435e+06,470.304,470.304,410,4
w_bonepitdestroyed_a3,1166,3.04258e+06,470.245,470.245,400,4
w_bonepitdestroyed_a3,1167,1.9411e+06,469.321,469.321,426,4
w_bonepitdestroyed_a3,1168,2.87364e+06,471.99,471.99,415,4
w_bonepitdestroyed_a3,1169,1.61174e+06,470.25,470.25,429,4
w_bonepitdestroyed_a3,1170,5.3807e+06,474.149,474.149,430,4
w_bonepitdestroyed_a3,1171,1.94081e+06,472.191,472.191,421,4
w_bonepitdestroyed_a3,1172,1.85475e+06,475.978,475.978,431,4
w_bonepitdestroyed_a3,1173,2.51355e+06,475.635,475.635,429,4
w_bonepitdestroyed_a3,1174,2.04202e+06,473.777,473.777,423,4
w_bonepitdestroyed_a3,1175,2.6908e+06,474.304,474.304,414,4
w_bonepitdestroyed_a3,1176,5.11021e+06,475.09,475.09,421,4
w_bonepitdestroyed_a3,1177,1.68877e+06,475.049,475.049,428,4
w_bonepitdestroyed_a3,1178,1.78061e+06,472.191,472.191,421,4
w_bonepitdestroyed_a3,1179,2.1424e+06,473.262,473.262,420,4
w_bonepitdestroyed_a3,1180,4.05643e+06,477.86,477.86,413,4
w_bonepitdestroyed_a3,1181,3.77671e+06,479.818,479.818,422,4
w_bonepitdestroyed_a3,1182,7.39759e+06,476.647,476.647,418,4
w_bonepitdestroyed_a3,1183,3.16421e+06,479.103,479.103,413,4
w_bonepitdestroyed_a3,1184,4.96623e+06,477.919,477.919,423,4
w_bonepitdestroyed_a3,1185,2.04227e+06,476.203,476.203,413,4
w_bonepitdestroyed_a3,1186,2.87243e+06,478.831,478.831,409,4
w_bonepitdestroyed_a3,1187,1.73678e+06,477.262,477.262,424,4
w_bonepitdestroyed_a3,1188,3.56132e+06,477.161,477.161,421,4
w_bonepitdestroyed_a3,1189,6.81938e+06,479.291,479.291,431,4
w_bonepitdestroyed_a3,1190,2.59301e+06,481.605,481.605,430,4
w_bonepitdestroyed_a3,1191,1.9818e+06,481.73,481.73,409,4
w_bonepitdestroyed_a3,1192,1.88608e+06,482.517,482.517,416,4
w_bonepitdestroyed_a3,1193,6.32776e+06,482.919,482.919,428,4
w_bonepitdestroyed_a3,1194,6.16849e+06,480.836,480.836,440,4
w_bonepitdestroyed_a3,1195,2.69513e+06,480.659,480.659,410,4
w_bonepitdestroyed_a3,1196,7.24173e+06,482.392,482.392,437,4
w_bonepitdestroyed_a3,1197,5.31721e+06,483.517,483.517,417,4
w_bonepitdestroyed_a3,1198,2.38774e+06,480.161,480.161,424,4
w_bonepitdestroyed_a3,1199,2.31534e+06,480.434,480.434,428,4
w_bonepitdestroyed_a3,1200,4.28416e+06,484.245,484.245,414,4
w_bonepitdestroyed_a3,1201,2.60208e+06,484.96,484.96,423,4
w_bonepitdestroyed_a3,1202,1.91563e+06,484.291,484.291,436,4
w_bonepitdestroyed_a3,1203,2.17268e+06,485.416,485.416,416,4
w_bonepitdestroyed_a3,1204,4.49148e+06,486.191,486.191,435,4
w_bonepitdestroyed_a3,1205,3.43518e+06,486.186,486.186,406,4
w_bonepitdestroyed_a3,1206,3.53041e+06,484.647,484.647,426,4
w_bonepitdestroyed_a3,1207,5.64825e+06,486.362,486.362,436,4
w_bonepitdestroyed_a3,1208,2.56475e+06,484.149,484.149,440,4
w_bonepitdestroyed_a3,1209,6.36978e+06,486.12,486.12,437,4
w_bonepitdestroyed_a3,1210,7.36236e+06,490.191,490.191,439,4
w_bonepitdestroyed_a3,1211,4.68907e+06,490.434,490.434,438,4
w_bonepitdestroyed_a3,1212,4.80555e+06,490.233,490.233,432,4
w_bonepitdestroyed_a3,1213,2.6158e+06,489.09,489.09,435,4
w_bonepitdestroyed_a3,1214,8.33597e+06,489.049,489.049,442,4
w_bonepitdestroyed_a3,1215,1.96772e+06,489.262,489.262,436,4
w_bonepitdestroyed_a3,1216,2.92952e+06,489.316,489.316,417,4
w_bonepitdestroyed_a3,1217,4.90689e+06,491.848,491.848,439,4
w_bonepitdestroyed_a3,1218,2.02594e+06,491.676,491.676,438,4
w_bonepitdestroyed_a3,1219,5.26037e+06,489.978,489.978,445,4
w_bonepitdestroyed_a3,1220,6.15596e+06,493.576,493.576,437,4
w_bonepitdestroyed_a3,1221,2.0879e+06,494.978,494.978,450,4
w_bonepitdestroyed_a3,1222,3.03317e+06,495.505,495.505,441,4
w_bonepitdestroyed_a3,1223,2.49338e+06,494.978,494.978,450,4
w_bonepitdestroyed_a3,1224,6.64918e+06,495.061,495.061,436,4
w_bonepitdestroyed_a3,1225,1.73349e+06,492.161,492.161,436,4
w_bonepitdestroyed_a3,1226,1.72564e+06,495.948,495.948,446,4
w_bonepitdestroyed_a3,1227,9.478e+06,494.546,494.546,433,4
w_bonepitdestroyed_a3,1228,4.35525e+06,492.434,492.434,440,4
w_bonepitdestroyed_a3,1229,3.58932e+06,495.647,495.647,437,4
w_bonepitdestroyed_a3,1230,4.68532e+06,497.647,497.647,439,4
w_bonepitdestroyed_a3,1231,4.03017e+06,499.563,499.563,455,4
w_bonepitdestroyed_a3,1232,5.36958e+06,496.404,496.404,439,4
w_bonepitdestroyed_a3,1233,3.02433e+06,498.848,498.848,446,4
w_bonepitdestroyed_a3,1234,4.77807e+06,499.706,499.706,451,4
w_bonepitdestroyed_a3,1235,5.87041e+06,497.132,497.132,436,4
w_bonepitdestroyed_a3,1236,2.41851e+06,496.777,496.777,446,4
w_bonepitdestroyed_a3,1237,5.1902e+06,496.706,496.706,448,4
w_bonepitdestroyed_a3,1238,1.68838e+06,498.534,498.534,449,4
w_bonepitdestroyed_a3,1239,4.73355e+06,496.605,496.605,445,4
w_bonepitdestroyed_a3,1240,2.35328e+06,500.019,500.019,448,4
w_bonepitdestroyed_a3,1241,2.96978e+06,501.877,501.877,454,4
w_bonepitdestroyed_a3,1242,9.48377e+06,502.375,502.375,440,4
w_bonepitdestroyed_a3,1243,4.59088e+06,502.404,502.404,445,4
w_bonepitdestroyed_a3,1244,4.81722e+06,501.392,501.392,456,4
w_bonepitdestroyed_a3,1245,5.00772e+06,500.877,500.877,453,4
w_bonepitdestroyed_a3,1246,1.84794e+06,501.706,501.706,453,4
w_bonepitdestroyed_a3,1247,1.67162e+06,501.706,501.706,453,4
w_bonepitdestroyed_a3,1248,5.28813e+06,503.647,503.647,445,4
w_bonepitdestroyed_a3,1249,3.07613e+06,503.701,503.701,426,4
w_bonepitdestroyed_a3,1250,7.25293e+06,504.262,504.262,451,4
w_bonepitdestroyed_a3,1251,4.57494e+06,507.132,507.132,446,4
w_bonepitdestroyed_a3,1252,5.1221e+06,507.534,507.534,458,4
w_bonepitdestroyed_a3,1253,1.62617e+06,504.919,504.919,450,4
w_bonepitdestroyed_a3,1254,3.27359e+06,505.333,505.333,450,4
w_bonepitdestroyed_a3,1255,1.77269e+06,504.907,504.907,462,4
w_bonepitdestroyed_a3,1256,1.78687e+06,505.191,505.191,454,4
w_bonepitdestroyed_a3,1257,1.86816e+06,505.605,505.605,454,4
w_bonepitdestroyed_a3,1258,3.77328e+06,507.706,507.706,459,4
w_bonepitdestroyed_a3,1259,3.95685e+06,507.99,507.99,451,4
w_bonepitdestroyed_a3,1260,2.43009e+06,511.647,511.647,453,4
w_bonepitdestroyed_a3,1261,5.72457e+06,510.818,510.818,453,4
w_bonepitdestroyed_a3,1262,8.11845e+06,509.99,509.99,453,4
w_bonepitdestroyed_a3,1263,2.02677e+06,509.759,509.759,442,4
w_bonepitdestroyed_a3,1264,1.75572e+06,509.291,509.291,461,4
w_bonepitdestroyed_a3,1265,8.42927e+06,509.534,509.534,460,4
w_bonepitdestroyed_a3,1266,8.73604e+06,509.948,509.948,460,4
w_bonepitdestroyed_a3,1267,4.537e+06,508.505,508.505,454,4
w_bonepitdestroyed_a3,1268,5.04946e+06,510.416,510.416,441,4
w_bonepitdestroyed_a3,1269,6.29224e+06,511.919,511.919,457,4
w_bonepitdestroyed_a3,1270,4.72046e+06,514.333,514.333,459,4
w_bonepitdestroyed_a3,1271,7.87513e+06,514.872,514.872,438,4
w_bonepitdestroyed_a3,1272,4.66321e+06,515.706,515.706,467,4
w_bonepitdestroyed_a3,1273,3.94338e+06,512.191,512.191,461,4
w_bonepitdestroyed_a3,1274,5.40092e+06,513.848,513.848,461,4
w_bonepitdestroyed_a3,1275,3.19386e+06,512.517,512.517,446,4
w_bonepitdestroyed_a3,1276,3.53158e+06,512.078,512.078,470,4
w_bonepitdestroyed_a3,1277,5.13064e+06,514.12,512.463,465,4
w_bonepitdestroyed_a3,1278,4.97186e+06,512.605,512.605,461,4
w_bonepitdestroyed_a3,1279,5.47762e+06,512.392,512.392,467,4
w_bonepitdestroyed_a3,1280,9.18177e+06,517.161,517.161,461,4
w_bonepitdestroyed_a3,1281,2.58925e+06,516.777,516.777,466,4
w_bonepitdestroyed_a3,1282,2.06163e+06,517.86,517.86,453,4
w_bonepitdestroyed_a3,1283,2.5911e+06,516.86,516.86,452,4
w_bonepitdestroyed_a3,1284,3.72811e+06,518.362,518.362,468,4
w_bonepitdestroyed_a3,1285,3.66685e+06,518.475,518.475,459,4
w_bonepitdestroyed_a3,1286,5.07102e+06,519.262,519.262,466,4
w_bonepitdestroyed_a3,1287,2.46581e+06,517.233,517.233,459,4
w_bonepitdestroyed_a3,1288,2.04601e+06,516.747,516.747,461,4
w_bonepitdestroyed_a3,1289,3.28529e+06,516.434,516.434,464,4
w_bonepitdestroyed_a3,1290,4.56344e+06,520.818,520.818,463,4
w_bonepitdestroyed_a3,1291,1.96464e+06,522.434,521.605,470,4
w_bonepitdestroyed_a3,1292,2.3306e+06,522.647,520.99,464,4
w_bonepitdestroyed_a3,1293,1.7426e+06,520.505,520.505,466,4
w_bonepitdestroyed_a3,1294,6.55625e+06,523.262,523.262,470,4
w_bonepitdestroyed_a3,1295,4.26118e+06,522.647,522.647,464,4
w_bonepitdestroyed_a3,1296,2.41758e+06,523.375,521.718,461,4
w_bonepitdestroyed_a3,1297,3.08119e+06,521.948,521.948,472,4
w_bonepitdestroyed_a3,1298,3.53892e+06,523.191,522.362,472,4
w_bonepitdestroyed_a3,1299,2.00273e+06,520.262,520.262,467,4
w_bonepitdestroyed_a3,1300,5.00896e+06,526.321,526.321,483,4
w_bonepitdestroyed_a3,1301,3.32511e+06,525.688,525.688,460,4
w_bonepitdestroyed_a3,1302,2.37826e+06,526.475,526.475,467,4
w_bonepitdestroyed_a3,1303,2.92746e+06,526.321,526.321,483,4
w_bonepitdestroyed_a3,1304,2.06308e+06,527.688,527.688,462,4
w_bonepitdestroyed_a3,1305,1.98515e+06,526.073,526.073,455,4
w_bonepitdestroyed_a3,1306,5.04722e+06,524.262,524.262,471,4
w_bonepitdestroyed_a3,1307,4.07975e+06,525.446,525.446,461,4
w_bonepitdestroyed_a3,1308,5.47401e+06,527.777,527.777,477,4
w_bonepitdestroyed_a3,1309,3.53771e+06,530.434,527.12,478,4
w_bonepitdestroyed_a3,1310,5.92921e+06,531.676,531.676,478,4
w_bonepitdestroyed_a3,1311,4.72896e+06,531.404,531.404,474,4
w_bonepitdestroyed_a3,1312,5.42366e+06,529.978,529.149,485,4
w_bonepitdestroyed_a3,1313,2.58542e+06,528.96,528.96,467,4
w_bonepitdestroyed_a3,1314,5.23754e+06,530.061,529.233,471,4
w_bonepitdestroyed_a3,1315,4.35321e+06,531.392,531.392,486,4
w_bonepitdestroyed_a3,1316,3.81462e+06,530.161,530.161,474,4
w_bonepitdestroyed_a3,1317,2.1038e+06,528.049,528.049,481,4
w_bonepitdestroyed_a3,1318,2.30935e+06,529.09,529.09,475,4
w_bonepitdestroyed_a3,1319,2.70272e+06,530.635,530.635,484,4
w_bonepitdestroyed_a3,1320,4.65946e+06,535.291,535.291,487,4
w_bonepitdestroyed_a3,1321,2.5063e+06,534.404,534.404,477,4
w_bonepitdestroyed_a3,1322,4.36198e+06,533.463,533.463,486,4
w_bonepitdestroyed_a3,1323,3.04941e+06,533.061,533.061,474,4
w_bonepitdestroyed_a3,1324,4.6113e+06,533.99,533.99,477,4
w_bonepitdestroyed_a3,1325,7.705e+06,534.505,534.505,480,4
w_bonepitdestroyed_a3,1326,3.02626e+06,537.789,534.475,475,4
w_bonepitdestroyed_a3,1327,6.85297e+06,533.291,532.463,485,4
w_bonepitdestroyed_a3,1328,5.04328e+06,535.475,535.475,476,4
w_bonepitdestroyed_a3,1329,2.16637e+06,532.049,532.049,485,4
w_bonepitdestroyed_a3,1330,7.59244e+06,539.948,538.291,490,4
w_bonepitdestroyed_a3,1331,5.65779e+06,538.676,538.676,485,4
w_bonepitdestroyed_a3,1332,1.67309e+06,538.777,538.777,488,4
w_bonepitdestroyed_a3,1333,1.85453e+06,537.718,537.718,477,4
w_bonepitdestroyed_a3,1334,4.76319e+06,536.593,536.593,497,4
w_bonepitdestroyed_a3,1335,3.93191e+06,537.492,537.492,495,4
w_bonepitdestroyed_a3,1336,4.36126e+06,536.22,536.22,490,4
w_bonepitdestroyed_a3,1337,7.93062e+06,536.019,536.019,484,4
w_bonepitdestroyed_a3,1338,2.03242e+06,539.291,539.291,491,4
w_bonepitdestroyed_a3,1339,1.85375e+06,538.446,538.446,474,4
w_bonepitdestroyed_a3,1340,2.08974e+06,540.877,540.877,493,4
w_bonepitdestroyed_a3,1341,5.75647e+06,540.362,540.362,490,4
w_bonepitdestroyed_a3,1342,7.19536e+06,541.421,541.421,501,4
w_bonepitdestroyed_a3,1343,4.43575e+06,540.191,540.191,489,4
w_bonepitdestroyed_a3,1344,1.71076e+06,543.505,543.505,489,4
w_bonepitdestroyed_a3,1345,2.09212e+06,541.434,541.434,489,4
w_bonepitdestroyed_a3,1346,4.62228e+06,542.149,542.149,498,4
w_bonepitdestroyed_a3,1347,2.97481e+06,543.747,543.747,488,4
w_bonepitdestroyed_a3,1348,2.43259e+06,542.22,542.22,496,4
w_bonepitdestroyed_a3,1349,1.67334e+06,541.818,541.818,484,4
w_bonepitdestroyed_a3,1350,3.41536e+06,547.605,547.605,496,4
w_bonepitdestroyed_a3,1351,4.58618e+06,547.889,547.889,488,4
w_bonepitdestroyed_a3,1352,6.81134e+06,544.735,544.735,501,4
w_bonepitdestroyed_a3,1353,5.31181e+06,547.475,547.475,488,4
w_bonepitdestroyed_a3,1354,5.82674e+06,544.09,544.09,490,4
w_bonepitdestroyed_a3,1355,6.50945e+06,545.777,545.777,495,4
w_bonepitdestroyed_a3,1356,2.65823e+06,547.161,547.161,491,4
w_bonepitdestroyed_a3,1357,1.91355e+06,546.617,546.617,483,4
w_bonepitdestroyed_a3,1358,6.66322e+06,544.664,544.664,503,4
w_bonepitdestroyed_a3,1359,1.96948e+06,545.434,545.434,493,4
w_bonepitdestroyed_a3,1360,1.93804e+06,550.203,550.203,487,4
w_bonepitdestroyed_a3,1361,4.54787e+06,552.161,551.333,496,4
w_bonepitdestroyed_a3,1362,4.3321e+06,550.534,550.534,501,4
w_bonepitdestroyed_a3,1363,3.33941e+06,551.973,551.973,478,4
w_bonepitdestroyed_a3,1364,2.23266e+06,549.517,549.517,483,4
w_bonepitdestroyed_a3,1365,4.35335e+06,549.291,549.291,501,4
w_bonepitdestroyed_a3,1366,4.67304e+06,549.434,548.605,497,4
w_bonepitdestroyed_a3,1367,4.49693e+06,551.558,551.558,478,4
w_bonepitdestroyed_a3,1368,2.96862e+06,551.919,551.919,497,4
w_bonepitdestroyed_a3,1369,2.71738e+06,551.262,549.605,498,4
w_bonepitdestroyed_a3,1370,7.84718e+06,554.534,554.534,505,4
w_bonepitdestroyed_a3,1371,5.42931e+06,552.233,552.233,494,4
w_bonepitdestroyed_a3,1372,7.4833e+06,553.362,553.362,503,4
w_bonepitdestroyed_a3,1373,1.87187e+06,555.659,555.659,485,4
w_bonepitdestroyed_a3,1374,2.05093e+06,554.902,554.902,483,4
w_bonepitdestroyed_a3,1375,5.37127e+06,555.191,555.191,504,4
w_bonepitdestroyed_a3,1376,4.08943e+06,554.517,554.517,488,4
w_bonepitdestroyed_a3,1377,5.68026e+06,553.747,553.747,498,4
w_bonepitdestroyed_a3,1378,1.87369e+06,555.262,555.262,502,4
w_bonepitdestroyed_a3,1379,7.5952e+06,552.434,552.434,500,4
w_bonepitdestroyed_a3,1380,7.09344e+06,559.777,558.948,509,4
w_bonepitdestroyed_a3,1381,2.85012e+06,559.434,559.434,507,4
w_bonepitdestroyed_a3,1382,2.24e+06,556.659,556.659,486,4
w_bonepitdestroyed_a3,1383,4.66376e+06,558.505,558.505,504,4
w_bonepitdestroyed_a3,1384,1.66397e+06,559.978,559.978,515,4
w_bonepitdestroyed_a3,1385,2.39133e+06,556.25,556.25,515,4
w_bonepitdestroyed_a3,1386,4.85614e+06,559.161,559.161,503,4
w_bonepitdestroyed_a3,1387,6.06737e+06,557.446,557.446,493,4
w_bonepitdestroyed_a3,1388,5.49875e+06,556.86,556.86,492,4
w_bonepitdestroyed_a3,1389,1.95723e+06,559.304,559.304,499,4
w_bonepitdestroyed_a3,1390,5.4514e+06,560.96,560.96,499,4
w_bonepitdestroyed_a3,1391,6.84173e+06,561.605,561.605,510,4
w_bonepitdestroyed_a3,1392,4.43963e+06,563.161,563.161,507,4
w_bonepitdestroyed_a3,1393,7.47473e+06,560.434,560.434,508,4
w_bonepitdestroyed_a3,1394,2.2714e+06,561.333,561.333,506,4
w_bonepitdestroyed_a3,1395,4.70885e+06,563.12,562.291,514,4
w_bonepitdestroyed_a3,1396,1.97913e+06,560.404,560.404,503,4
w_bonepitdestroyed_a3,1397,2.88115e+06,565.161,563.505,509,4
w_bonepitdestroyed_a3,1398,1.86108e+06,561.274,561.274,496,4
w_bonepitdestroyed_a3,1399,9.71735e+06,563.262,563.262,510,4
w_bonepitdestroyed_a3,1400,5.8323e+06,565.907,565.907,523,4
w_bonepitdestroyed_a3,1401,3.41615e+06,566.735,566.735,523,4
w_bonepitdestroyed_a3,1402,9.23338e+06,567.848,567.848,515,4
w_bonepitdestroyed_a3,1403,8.51875e+06,565.203,565.203,502,4
w_bonepitdestroyed_a3,1404,2.65975e+06,564.09,564.09,510,4
w_bonepitdestroyed_a3,1405,6.27121e+06,564.588,564.588,496,4
w_bonepitdestroyed_a3,1406,1.93312e+06,565.103,565.103,499,4
w_bonepitdestroyed_a3,1407,5.03582e+06,564.505,564.505,510,4
w_bonepitdestroyed_a3,1408,3.81732e+06,567.806,567.806,522,4
w_bonepitdestroyed_a3,1409,6.74082e+06,566.563,566.563,522,4
w_bonepitdestroyed_a3,1410,6.30034e+06,569.818,569.818,512,4
w_bonepitdestroyed_a3,1411,5.26907e+06,571.848,571.848,519,4
w_bonepitdestroyed_a3,1412,4.54123e+06,569.588,569.588,501,4
w_bonepitdestroyed_a3,1413,2.78082e+06,571.316,571.316,499,4
w_bonepitdestroyed_a3,1414,4.4807e+06,568.889,568.889,509,4
w_bonepitdestroyed_a3,1415,1.75315e+06,571.333,571.333,516,4
w_bonepitdestroyed_a3,1416,3.13035e+06,569.635,569.635,523,4
w_bonepitdestroyed_a3,1417,3.11408e+06,570.291,570.291,522,4
w_bonepitdestroyed_a3,1418,5.22216e+06,571.99,571.99,515,4
w_bonepitdestroyed_a3,1419,7.84852e+06,569.321,569.321,526,4
w_bonepitdestroyed_a3,1420,2.74736e+06,574.392,574.392,529,4
w_bonepitdestroyed_a3,1421,4.63324e+06,573.848,573.848,521,4
w_bonepitdestroyed_a3,1422,1.97177e+06,572.872,572.872,496,4
w_bonepitdestroyed_a3,1423,6.40821e+06,575.262,575.262,522,4
w_bonepitdestroyed_a3,1424,6.91513e+06,575.161,575.161,519,4
w_bonepitdestroyed_a3,1425,4.94189e+06,572.245,572.245,502,4
w_bonepitdestroyed_a3,1426,2.2092e+06,575.647,575.647,517,4
w_bonepitdestroyed_a3,1427,2.29057e+06,576.061,574.404,517,4
w_bonepitdestroyed_a3,1428,5.70004e+06,572.421,572.421,532,4
w_bonepitdestroyed_a3,1429,6.5352e+06,575.588,575.588,507,4
w_bonepitdestroyed_a3,1430,1.88132e+06,577.73,577.73,505,4
w_bonepitdestroyed_a3,1431,4.25484e+06,576.848,576.848,524,4
w_bonepitdestroyed_a3,1432,1.03017e+07,578.463,578.463,531,4
w_bonepitdestroyed_a3,1433,9.17398e+06,578.889,578.889,519,4
w_bonepitdestroyed_a3,1434,2.2506e+06,579.831,579.831,510,4
w_bonepitdestroyed_a3,1435,6.61854e+06,577.404,576.576,520,4
w_bonepitdestroyed_a3,1436,2.67516e+06,576.818,576.818,519,4
w_bonepitdestroyed_a3,1437,8.11427e+06,576.362,576.362,526,4
w_bonepitdestroyed_a3,1438,3.62588e+06,578.161,578.161,522,4
w_bonepitdestroyed_a3,1439,4.20112e+06,577.203,577.203,514,4
w_bonepitdestroyed_a3,1440,4.18854e+06,583.233,583.233,525,4
w_bonepitdestroyed_a3,1441,5.39469e+06,583.345,583.345,516,4
w_bonepitdestroyed_a3,1442,4.35736e+06,582.73,582.73,510,4
w_bonepitdestroyed_a3,1443,4.54301e+06,580.375,580.375,518,4
w_bonepitdestroyed_a3,1444,5.70212e+06,582.848,582.848,530,4
w_bonepitdestroyed_a3,1445,5.75127e+06,580.73,580.73,508,4
w_bonepitdestroyed_a3,1446,2.31199e+06,582.286,582.286,505,4
w_bonepitdestroyed_a3,1447,3.00599e+06,583.362,583.362,533,4
w_bonepitdestroyed_a3,1448,2.92736e+06,580.647,580.647,522,4
w_bonepitdestroyed_a3,1449,2.26555e+06,581.404,581.404,524,4
w_bonepitdestroyed_a3,1450,7.48071e+06,584.007,584.007,544,4
w_bonepitdestroyed_a3,1451,9.06147e+06,587.605,587.605,536,4
w_bonepitdestroyed_a3,1452,2.02675e+06,586.475,586.475,527,4
w_bonepitdestroyed_a3,1453,7.16325e+06,587.735,587.735,544,4
w_bonepitdestroyed_a3,1454,6.07588e+06,585.617,585.617,522,4
w_bonepitdestroyed_a3,1455,1.94776e+06,586.588,586.588,518,4
w_bonepitdestroyed_a3,1456,5.44285e+06,585.073,585.073,514,4
w_bonepitdestroyed_a3,1457,2.69448e+06,587.701,587.701,510,4
w_bonepitdestroyed_a3,1458,2.89275e+06,586.103,586.103,520,4
w_bonepitdestroyed_a3,1459,2.78769e+06,587.002,587.002,518,4
w_bonepitdestroyed_a3,1460,2.95871e+06,590.676,590.676,537,4
w_bonepitdestroyed_a3,1461,6.27501e+06,588.404,588.404,531,4
w_bonepitdestroyed_a3,1462,2.63947e+06,588.789,588.789,526,4
w_bonepitdestroyed_a3,1463,5.48085e+06,588.049,588.049,541,4
w_bonepitdestroyed_a3,1464,6.82502e+06,589.061,589.061,530,4
w_bonepitdestroyed_a3,1465,3.96759e+06,590.161,590.161,534,4
w_bonepitdestroyed_a3,1466,4.75333e+06,588.688,588.688,523,4
w_bonepitdestroyed_a3,1467,7.26459e+06,590.22,590.22,544,4
w_bonepitdestroyed_a3,1468,5.57044e+06,590.605,590.605,539,4
w_bonepitdestroyed_a3,1469,5.02539e+06,590.759,590.759,523,4
w_bonepitdestroyed_a3,1470,5.51643e+06,593.701,593.701,516,4
w_bonepitdestroyed_a3,1471,5.19836e+06,592.144,592.144,519,4
w_bonepitdestroyed_a3,1472,4.83176e+06,593.019,593.019,541,4
w_bonepitdestroyed_a3,1473,2.21281e+06,594.534,594.534,545,4
w_bonepitdestroyed_a3,1474,2.75539e+06,594.789,594.789,532,4
w_bonepitdestroyed_a3,1475,6.68623e+06,594.576,594.576,538,4
w_bonepitdestroyed_a3,1476,9.68387e+06,593.061,593.061,534,4
w_bonepitdestroyed_a3,1477,1.82569e+06,593.931,593.931,527,4
w_bonepitdestroyed_a3,1478,5.82823e+06,595.617,595.617,532,4
w_bonepitdestroyed_a3,1479,2.98826e+06,593.546,593.546,532,4
w_bonepitdestroyed_a3,1480,1.90564e+06,599.215,599.215,524,4
w_bonepitdestroyed_a3,1481,2.11532e+06,599.174,599.174,531,4
w_bonepitdestroyed_a3,1482,6.31554e+06,597.446,597.446,533,4
w_bonepitdestroyed_a3,1483,2.19487e+06,596.647,596.647,538,4
w_bonepitdestroyed_a3,1484,3.03581e+06,596.806,596.806,551,4
w_bonepitdestroyed_a3,1485,5.23323e+06,596.889,596.889,537,4
w_bonepitdestroyed_a3,1486,6.05023e+06,596.647,596.647,538,4
w_bonepitdestroyed_a3,1487,6.46019e+06,598.902,598.073,527,4
w_bonepitdestroyed_a3,1488,5.452e+06,600.316,599.487,528,4
w_bonepitdestroyed_a3,1489,4.59572e+06,596.203,596.203,533,4
w_bonepitdestroyed_a3,1490,5.0035e+06,601.103,601.103,535,4
w_bonepitdestroyed_a3,1491,4.7085e+06,601.345,601.345,534,4
w_bonepitdestroyed_a3,1492,2.51056e+06,601.73,601.73,529,4
w_bonepitdestroyed_a3,1493,2.45387e+06,603.103,603.103,537,4
w_bonepitdestroyed_a3,1494,4.68651e+06,601.789,601.789,539,4
w_bonepitdestroyed_a3,1495,2.62601e+06,600.659,600.659,530,4
w_bonepitdestroyed_a3,1496,4.35697e+06,601.718,600.889,541,4
w_bonepitdestroyed_a3,1497,2.7623e+06,600.416,600.416,531,4
w_bonepitdestroyed_a3,1498,5.59621e+06,601.688,601.688,536,4
w_bonepitdestroyed_a3,1499,4.51928e+06,603.96,603.96,542,4
w_bonepitdestroyed_a3,1500,4.45552e+06,605.032,605.032,541,4
w_bonepitdestroyed_a3,1501,2.6829e+06,607.002,607.002,538,4
w_bonepitdestroyed_a3,1502,4.53436e+06,607.475,607.475,548,4
w_bonepitdestroyed_a3,1503,2.31717e+06,607.345,607.345,540,4
w_bonepitdestroyed_a3,1504,4.49164e+06,604.931,604.931,538,4
w_bonepitdestroyed_a3,1505,3.55203e+06,607.032,607.032,543,4
w_bonepitdestroyed_a3,1506,2.51478e+06,605.688,605.688,540,4
w_bonepitdestroyed_a3,1507,7.54692e+06,605.919,605.919,551,4
w_bonepitdestroyed_a3,1508,6.50091e+06,604.132,604.132,543,4
w_bonepitdestroyed_a3,1509,4.58094e+06,607.375,607.375,545,4
w_bonepitdestroyed_a3,1510,2.08765e+06,610.475,610.475,551,4
w_bonepitdestroyed_a3,1511,2.39018e+06,608.487,608.487,537,4
w_bonepitdestroyed_a3,1512,5.67593e+06,609.86,609.86,545,4
w_bonepitdestroyed_a3,1513,4.70439e+06,608.186,608.186,528,4
w_bonepitdestroyed_a3,1514,5.53945e+06,608.416,608.416,539,4
w_bonepitdestroyed_a3,1515,1.88608e+06,611.96,611.96,550,4
w_bonepitdestroyed_a3,1516,2.75074e+06,611.174,611.174,543,4
w_bonepitdestroyed_a3,1517,2.28271e+06,610.872,610.872,534,4
w_bonepitdestroyed_a3,1518,5.03282e+06,609.701,609.701,532,4
w_bonepitdestroyed_a3,1519,2.01749e+06,608.132,608.132,547,4
w_bonepitdestroyed_a3,1520,4.45061e+06,615.345,615.345,548,4
w_bonepitdestroyed_a3,1521,2.11339e+06,612.931,612.931,546,4
w_bonepitdestroyed_a3,1522,4.99409e+06,612.759,612.759,545,4
w_bonepitdestroyed_a3,1523,5.51403e+06,612.688,612.688,547,4
w_bonepitdestroyed_a3,1524,2.66128e+06,615.032,615.032,551,4
w_bonepitdestroyed_a3,1525,2.51232e+06,615.617,615.617,552,4
w_bonepitdestroyed_a3,1526,2.19929e+06,613.789,613.789,551,4
w_bonepitdestroyed_a3,1527,4.7266e+06,612.458,612.458,536,4
w_bonepitdestroyed_a3,1528,2.59543e+06,612.103,612.103,546,4
w_bonepitdestroyed_a3,1529,3.78007e+06,613.434,613.434,561,4
w_bonepitdestroyed_a3,1530,4.67891e+06,616.831,616.002,547,4
w_bonepitdestroyed_a3,1531,4.55501e+06,618.529,618.529,540,4
w_bonepitdestroyed_a3,1532,2.19529e+06,617.458,617.458,541,4
w_bonepitdestroyed_a3,1533,1.91585e+06,618.843,618.843,537,4
w_bonepitdestroyed_a3,1534,5.44014e+06,617.345,617.345,550,4
w_bonepitdestroyed_a3,1535,2.68708e+06,617.274,617.274,552,4
w_bonepitdestroyed_a3,1536,4.52129e+06,618.588,618.588,550,4
w_bonepitdestroyed_a3,1537,4.36095e+06,616.375,616.375,554,4
w_bonepitdestroyed_a3,1538,2.26487e+06,617.002,617.002,548,4
w_bonepitdestroyed_a3,1539,4.51121e+06,618.103,618.103,552,4
w_bonepitdestroyed_a3,1540,4.38153e+06,623.032,623.032,559,4
w_bonepitdestroyed_a3,1541,4.33406e+06,622.032,622.032,558,4
w_bonepitdestroyed_a3,1542,1.95421e+06,620.558,620.558,547,4
w_bonepitdestroyed_a3,1543,1.92812e+06,623.274,623.274,558,4
w_bonepitdestroyed_a3,1544,5.01615e+06,623.002,623.002,554,4
w_bonepitdestroyed_a3,1545,4.98963e+06,622.517,622.517,556,4
w_bonepitdestroyed_a3,1546,4.14181e+06,620.818,620.818,563,4
w_bonepitdestroyed_a3,1547,4.83307e+06,621.659,621.659,551,4
w_bonepitdestroyed_a3,1548,4.93775e+06,623.759,623.759,556,4
w_bonepitdestroyed_a3,1549,5.13386e+06,620.588,620.588,552,4
w_bonepitdestroyed_a3,1550,4.14878e+06,627.345,627.345,560,4
w_bonepitdestroyed_a3,1551,2.70519e+06,626.487,626.487,555,4
w_bonepitdestroyed_a3,1552,4.13496e+06,627.345,627.345,560,4
w_bonepitdestroyed_a3,1553,5.51908e+06,626.002,626.002,557,4
w_bonepitdestroyed_a3,1554,4.38227e+06,626.144,626.144,553,4
w_bonepitdestroyed_a3,1555,2.40701e+06,625.759,625.759,558,4
w_bonepitdestroyed_a3,1556,4.63933e+06,628.316,627.487,556,4
w_bonepitdestroyed_a3,1557,4.5498e+06,627.316,627.316,555,4
w_bonepitdestroyed_a3,1558,5.25139e+06,627.044,627.044,551,4
w_bonepitdestroyed_a3,1559,5.13915e+06,627.86,627.86,563,4
w_bonepitdestroyed_a3,1560,6.03951e+06,631.144,630.316,558,4
w_bonepitdestroyed_a3,1561,2.64643e+06,629.044,629.044,553,4
w_bonepitdestroyed_a3,1562,4.26415e+06,631.73,631.73,559,4
w_bonepitdestroyed_a3,1563,1.87892e+06,630.671,630.671,548,4
w_bonepitdestroyed_a3,1564,3.23948e+06,631.174,631.174,563,4
w_bonepitdestroyed_a3,1565,7.47761e+06,630.889,630.889,571,4
w_bonepitdestroyed_a3,1566,2.614e+06,630.558,630.558,557,4
w_bonepitdestroyed_a3,1567,4.57255e+06,628.174,628.174,560,4
w_bonepitdestroyed_a3,1568,2.11039e+06,631.96,631.96,570,4
w_bonepitdestroyed_a3,1569,4.38277e+06,631.144,631.144,558,4
w_bonepitdestroyed_a3,1570,2.0095e+06,633.558,633.558,560,4
w_bonepitdestroyed_a3,1571,4.19316e+06,635.375,635.375,573,4
w_bonepitdestroyed_a3,1572,5.40415e+06,634.701,633.044,557,4
w_bonepitdestroyed_a3,1573,5.86966e+06,632.688,632.688,567,4
w_bonepitdestroyed_a3,1574,4.18773e+06,634.558,634.558,561,4
w_bonepitdestroyed_a3,1575,7.14031e+06,633.96,633.96,572,4
w_bonepitdestroyed_a3,1576,4.52025e+06,633.458,633.458,557,4
w_bonepitdestroyed_a3,1577,4.09847e+06,634.245,634.245,564,4
w_bonepitdestroyed_a3,1578,4.32294e+06,632.215,632.215,557,4
w_bonepitdestroyed_a3,1579,7.41478e+06,632.688,632.688,567,4
w_bonepitdestroyed_a3,1580,3.40346e+06,638.174,638.174,570,4
w_bonepitdestroyed_a3,1581,4.73496e+06,639.316,638.487,567,4
w_bonepitdestroyed_a3,1582,2.64723e+06,638.144,638.144,565,4
w_bonepitdestroyed_a3,1583,4.88031e+06,637.517,637.517,571,4
w_bonepitdestroyed_a3,1584,5.38488e+06,639.416,639.416,570,4
w_bonepitdestroyed_a3,1585,4.26449e+06,639.103,639.103,573,4
w_bonepitdestroyed_a3,1586,2.79796e+06,638.801,638.801,564,4
w_bonepitdestroyed_a3,1587,5.57964e+06,636.115,636.115,558,4
w_bonepitdestroyed_a3,1588,6.52757e+06,637.304,637.304,577,4
w_bonepitdestroyed_a3,1589,4.90843e+06,637.973,637.973,564,4
w_bonepitdestroyed_a3,1590,5.02714e+06,643.558,643.558,570,4
w_bonepitdestroyed_a3,1591,3.01508e+06,640.931,640.931,574,4
w_bonepitdestroyed_a3,1592,6.28172e+06,640.203,640.203,577,4
w_bonepitdestroyed_a3,1593,3.90996e+06,642.576,642.576,586,4
w_bonepitdestroyed_a3,1594,4.1957e+06,642.044,642.044,566,4
w_bonepitdestroyed_a3,1595,2.223e+06,641.872,641.872,565,4
w_bonepitdestroyed_a3,1596,6.06544e+06,642.517,642.517,576,4
w_bonepitdestroyed_a3,1597,2.9587e+06,642.558,642.558,569,4
w_bonepitdestroyed_a3,1598,5.09526e+06,640.446,640.446,576,4
w_bonepitdestroyed_a3,1599,4.21806e+06,642.701,642.701,565,4
w_bonepitdestroyed_a3,1600,4.52449e+06,646.63,646.63,571,4
w_bonepitdestroyed_a3,1601,3.33503e+06,645.274,645.274,580,4
w_bonepitdestroyed_a3,1602,4.11453e+06,647.286,647.286,570,4
w_bonepitdestroyed_a3,1603,3.21978e+06,646.801,646.801,572,4
w_bonepitdestroyed_a3,1604,5.54552e+06,645.86,645.86,581,4
w_bonepitdestroyed_a3,1605,2.71987e+06,646.588,646.588,578,4
w_bonepitdestroyed_a3,1606,3.5478e+06,645.902,645.902,574,4
w_bonepitdestroyed_a3,1607,3.52324e+06,647.174,647.174,579,4
w_bonepitdestroyed_a3,1608,4.66065e+06,645.6,645.6,565,4
w_bonepitdestroyed_a3,1609,6.97048e+06,646.203,646.203,583,4
w_bonepitdestroyed_a3,1610,4.00417e+06,649.345,649.345,582,4
w_bonepitdestroyed_a3,1611,4.78163e+06,649.931,649.931,583,4
w_bonepitdestroyed_a3,1612,4.61995e+06,648.772,648.772,569,4
w_bonepitdestroyed_a3,1613,2.37754e+06,648.772,648.772,569,4
w_bonepitdestroyed_a3,1614,4.4791e+06,648.688,648.688,583,4
w_bonepitdestroyed_a3,1615,6.45758e+06,651.002,651.002,582,4
w_bonepitdestroyed_a3,1616,4.17396e+06,649.316,649.316,577,4
w_bonepitdestroyed_a3,1617,4.86811e+06,651.659,651.659,581,4
w_bonepitdestroyed_a3,1618,4.37477e+06,651.458,651.458,575,4
w_bonepitdestroyed_a3,1619,5.76693e+06,649.73,649.73,577,4
w_bonepitdestroyed_a3,1620,2.59612e+06,655.115,655.115,577,4
w_bonepitdestroyed_a3,1621,4.85054e+06,655.458,655.458,579,4
w_bonepitdestroyed_a3,1622,5.1532e+06,653.558,653.558,580,4
w_bonepitdestroyed_a3,1623,4.58844e+06,654.588,654.588,586,4
w_bonepitdestroyed_a3,1624,5.01358e+06,655.245,655.245,585,4
w_bonepitdestroyed_a3,1625,4.23159e+06,652.286,652.286,575,4
w_bonepitdestroyed_a3,1626,4.39378e+06,655.014,655.014,574,4
w_bonepitdestroyed_a3,1627,5.22652e+06,652.487,652.487,581,4
w_bonepitdestroyed_a3,1628,4.42835e+06,652.973,652.973,579,4
w_bonepitdestroyed_a3,1629,4.88742e+06,653.772,653.772,574,4
w_bonepitdestroyed_a3,1630,5.04018e+06,659.63,659.63,584,4
w_bonepitdestroyed_a3,1631,5.77671e+06,659.73,659.73,587,4
w_bonepitdestroyed_a3,1632,3.06319e+06,658.458,658.458,582,4
w_bonepitdestroyed_a3,1633,8.56256e+06,656.517,656.517,590,4
w_bonepitdestroyed_a3,1634,2.73936e+06,657.943,657.943,579,4
w_bonepitdestroyed_a3,1635,4.5212e+06,657.044,656.215,581,4
w_bonepitdestroyed_a3,1636,4.88146e+06,658.002,658.002,589,4
w_bonepitdestroyed_a3,1637,3.43323e+06,659.103,659.103,593,4
w_bonepitdestroyed_a3,1638,4.00674e+06,657.902,657.902,586,4
w_bonepitdestroyed_a3,1639,6.21152e+06,659.902,659.902,588,4
w_bonepitdestroyed_a3,1640,5.00821e+06,660.831,660.831,591,4
w_bonepitdestroyed_a3,1641,4.6615e+06,661.772,661.772,582,4
w_bonepitdestroyed_a3,1642,4.38876e+06,661.517,661.517,595,4
w_bonepitdestroyed_a3,1643,7.11789e+06,660.688,660.688,595,4
w_bonepitdestroyed_a3,1644,4.09016e+06,663.044,663.044,587,4
w_bonepitdestroyed_a3,1645,6.78516e+06,660.73,660.73,588,4
w_bonepitdestroyed_a3,1646,3.97692e+06,663.115,663.115,585,4
w_bonepitdestroyed_a3,1647,4.4302e+06,662.801,662.801,588,4
w_bonepitdestroyed_a3,1648,4.04953e+06,661.357,660.529,582,4
w_bonepitdestroyed_a3,1649,3.26853e+06,660.144,660.144,587,4
w_bonepitdestroyed_a3,1650,5.90093e+06,665.86,665.86,601,4
w_bonepitdestroyed_a3,1651,4.85852e+06,665.002,665.002,596,4
w_bonepitdestroyed_a3,1652,5.15902e+06,664.558,664.558,591,4
w_bonepitdestroyed_a3,1653,2.70383e+06,666.245,666.245,596,4
w_bonepitdestroyed_a3,1654,2.76542e+06,664.073,664.073,593,4
w_bonepitdestroyed_a3,1655,3.73249e+06,667.186,667.186,587,4
w_bonepitdestroyed_a3,1656,4.13169e+06,665.943,665.943,587,4
w_bonepitdestroyed_a3,1657,2.72173e+06,664.316,664.316,592,4
w_bonepitdestroyed_a3,1658,2.22425e+06,664.257,664.257,582,4
w_bonepitdestroyed_a3,1659,4.05462e+06,666.245,666.245,596,4
w_bonepitdestroyed_a3,1660,2.80113e+06,670.357,670.357,591,4
w_bonepitdestroyed_a3,1661,5.82004e+06,668.387,668.387,594,4
w_bonepitdestroyed_a3,1662,4.31758e+06,668.357,668.357,589,4
w_bonepitdestroyed_a3,1663,4.11695e+06,670.357,670.357,591,4
w_bonepitdestroyed_a3,1664,4.35481e+06,669.257,669.257,587,4
w_bonepitdestroyed_a3,1665,4.00191e+06,671.257,671.257,589,4
w_bonepitdestroyed_a3,1666,4.068e+06,672.014,671.186,591,4
w_bonepitdestroyed_a3,1667,2.5457e+06,668.328,668.328,584,4
w_bonepitdestroyed_a3,1668,3.17085e+06,668.286,668.286,591,4
w_bonepitdestroyed_a3,1669,5.19302e+06,670.387,669.558,596,4
w_bonepitdestroyed_a3,1670,4.26477e+06,672.186,672.186,592,4
w_bonepitdestroyed_a3,1671,5.54153e+06,672.387,672.387,598,4
w_bonepitdestroyed_a3,1672,4.2132e+06,673.558,673.558,600,4
w_bonepitdestroyed_a3,1673,4.14796e+06,674.772,674.772,595,4
w_bonepitdestroyed_a3,1674,3.96008e+06,673.772,673.772,594,4
w_bonepitdestroyed_a3,1675,4.99006e+06,675.144,674.316,602,4
w_bonepitdestroyed_a3,1676,4.08898e+06,675.186,674.357,595,4
w_bonepitdestroyed_a3,1677,4.19381e+06,672.801,672.801,598,4
w_bonepitdestroyed_a3,1678,3.97627e+06,674.085,674.085,591,4
w_bonepitdestroyed_a3,1679,4.58009e+06,673.985,673.985,588,4
w_bonepitdestroyed_a3,1680,3.57071e+06,678.115,678.115,600,4
w_bonepitdestroyed_a3,1681,3.4939e+06,678.772,678.772,599,4
w_bonepitdestroyed_a3,1682,4.44526e+06,677.428,677.428,596,4
w_bonepitdestroyed_a3,1683,3.98976e+06,678.215,678.215,603,4
w_bonepitdestroyed_a3,1684,4.45777e+06,679.671,679.671,597,4
w_bonepitdestroyed_a3,1685,4.2208e+06,676.5,676.5,593,4
w_bonepitdestroyed_a3,1686,5.50193e+06,678.558,678.558,605,4
w_bonepitdestroyed_a3,1687,3.59877e+06,677.458,677.458,601,4
w_bonepitdestroyed_a3,1688,3.96855e+06,678.6,678.6,598,4
w_bonepitdestroyed_a3,1689,4.66583e+06,679.357,679.357,600,4
w_bonepitdestroyed_a3,1690,4.2712e+06,680.973,680.973,607,4
w_bonepitdestroyed_a3,1691,3.81065e+06,680.914,680.914,597,4
w_bonepitdestroyed_a3,1692,4.55986e+06,680.671,680.671,598,4
w_bonepitdestroyed_a3,1693,3.71489e+06,682.671,682.671,600,4
w_bonepitdestroyed_a3,1694,4.05849e+06,681.085,681.085,598,4
w_bonepitdestroyed_a3,1695,4.91736e+06,682.428,682.428,601,4
w_bonepitdestroyed_a3,1696,5.54398e+06,681.801,681.801,607,4
w_bonepitdestroyed_a3,1697,4.22471e+06,682.813,682.813,596,4
w_bonepitdestroyed_a3,1698,4.32629e+06,683.813,683.813,597,4
w_bonepitdestroyed_a3,1699,4.06912e+06,682.286,682.286,605,4
w_bonepitdestroyed_a3,1700,5.30958e+06,685.286,685.286,608,4
w_bonepitdestroyed_a3,1701,3.6839e+06,686.985,686.985,601,4
w_bonepitdestroyed_a3,1702,2.63654e+06,687.357,687.357,608,4
w_bonepitdestroyed_a3,1703,4.37093e+06,685.056,685.056,597,4
w_bonepitdestroyed_a3,1704,4.06077e+06,684.044,684.044,608,4
w_bonepitdestroyed_a3,1705,5.5078e+06,685.529,685.529,607,4
w_bonepitdestroyed_a3,1706,5.39838e+06,686.943,686.943,608,4
w_bonepitdestroyed_a3,1707,2.25058e+06,687.985,687.985,602,4
w_bonepitdestroyed_a3,1708,4.77919e+06,684.943,684.943,606,4
w_bonepitdestroyed_a3,1709,2.79398e+06,687.399,687.399,601,4
