map,scenid,total-src,20move-src,distance,path_size,hLevel,pure
brc203d,0,103,85,0,0,0,1
brc203d,1,348,343,0,0,0,1
brc203d,2,186,164,0,0,0,1
brc203d,3,254,239,0,0,0,1
brc203d,4,235,235,0,0,0,1
brc203d,5,273,268,0,0,0,1
brc203d,6,168,142,0,0,0,1
brc203d,7,322,357,0,0,0,1
brc203d,8,262,266,0,0,0,1
brc203d,9,255,204,0,0,0,1
brc203d,10,650,608,0,0,0,1
brc203d,11,580,477,0,0,0,1
brc203d,12,481,466,0,0,0,1
brc203d,13,543,558,0,0,0,1
brc203d,14,414,325,0,0,0,1
brc203d,15,354,342,0,0,0,1
brc203d,16,354,335,0,0,0,1
brc203d,17,517,505,0,0,0,1
brc203d,18,571,482,0,0,0,1
brc203d,19,349,300,0,0,0,1
brc203d,20,650,590,0,0,0,1
brc203d,21,414,366,0,0,0,1
brc203d,22,440,425,0,0,0,1
brc203d,23,925,784,0,0,0,1
brc203d,24,895,961,0,0,0,1
brc203d,25,669,649,0,0,0,1
brc203d,26,604,518,0,0,0,1
brc203d,27,607,573,0,0,0,1
brc203d,28,546,575,0,0,0,1
brc203d,29,548,543,0,0,0,1
brc203d,30,727,641,0,0,0,1
brc203d,31,882,892,0,0,0,1
brc203d,32,813,978,0,0,0,1
brc203d,33,788,619,0,0,0,1
brc203d,34,1074,872,0,0,0,1
brc203d,35,792,771,0,0,0,1
brc203d,36,670,585,0,0,0,1
brc203d,37,619,571,0,0,0,1
brc203d,38,744,719,0,0,0,1
brc203d,39,712,614,0,0,0,1
brc203d,40,748,616,0,0,0,1
brc203d,41,846,874,0,0,0,1
brc203d,42,1077,1197,0,0,0,1
brc203d,43,888,1019,0,0,0,1
brc203d,44,1129,1180,0,0,0,1
brc203d,45,1075,1266,0,0,0,1
brc203d,46,1402,1393,0,0,0,1
brc203d,47,743,686,0,0,0,1
brc203d,48,925,921,0,0,0,1
brc203d,49,1072,942,0,0,0,1
brc203d,50,826,676,0,0,0,1
brc203d,51,861,842,0,0,0,1
brc203d,52,1195,1386,0,0,0,1
brc203d,53,1468,1561,0,0,0,1
brc203d,54,1144,1119,0,0,0,1
brc203d,55,1392,1485,0,0,0,1
brc203d,56,1289,1339,0,0,0,1
brc203d,57,907,1001,0,0,0,1
brc203d,58,1152,1112,0,0,0,1
brc203d,59,933,1046,0,0,0,1
brc203d,60,917,914,0,0,0,1
brc203d,61,1477,1035,0,0,0,1
brc203d,62,1755,1266,0,0,0,1
brc203d,63,2109,1560,0,0,0,1
brc203d,64,1099,985,0,0,0,1
brc203d,65,1314,843,0,0,0,1
brc203d,66,1823,1288,0,0,0,1
brc203d,67,1391,978,0,0,0,1
brc203d,68,1002,876,0,0,0,1
brc203d,69,1134,992,0,0,0,1
brc203d,70,1302,833,0,0,0,1
brc203d,71,2086,1262,0,0,0,1
brc203d,72,1737,1530,0,0,0,1
brc203d,73,1543,1039,0,0,0,1
brc203d,74,1065,822,0,0,0,1
brc203d,75,1714,1266,0,0,0,1
brc203d,76,1557,974,0,0,0,1
brc203d,77,1491,1159,0,0,0,1
brc203d,78,1370,1205,0,0,0,1
brc203d,79,943,698,0,0,0,1
brc203d,80,1252,655,0,0,0,1
brc203d,81,1641,940,0,0,0,1
brc203d,82,1086,763,0,0,0,1
brc203d,83,1492,935,0,0,0,1
brc203d,84,2927,1475,0,0,0,1
brc203d,85,2064,1641,0,0,0,1
brc203d,86,2495,1724,0,0,0,1
brc203d,87,1397,1114,0,0,0,1
brc203d,88,1566,1279,0,0,0,1
brc203d,89,1454,924,0,0,0,1
brc203d,90,1162,559,0,0,0,1
brc203d,91,2005,1152,0,0,0,1
brc203d,92,1897,942,0,0,0,1
brc203d,93,2471,1525,0,0,0,1
brc203d,94,2177,1631,0,0,0,1
brc203d,95,2887,1417,0,0,0,1
brc203d,96,2133,1321,0,0,0,1
brc203d,97,2872,1627,0,0,0,1
brc203d,98,2485,1171,0,0,0,1
brc203d,99,2436,1228,0,0,0,1
brc203d,100,1706,981,0,0,0,1
brc203d,101,1655,808,0,0,0,1
brc203d,102,1266,779,0,0,0,1
brc203d,103,1013,577,0,0,0,1
brc203d,104,1821,834,0,0,0,1
brc203d,105,1822,748,0,0,0,1
brc203d,106,2799,1197,0,0,0,1
brc203d,107,2276,1477,0,0,0,1
brc203d,108,2645,1477,0,0,0,1
brc203d,109,2143,1465,0,0,0,1
brc203d,110,2164,977,0,0,0,1
brc203d,111,1649,706,0,0,0,1
brc203d,112,2470,814,0,0,0,1
brc203d,113,1867,670,0,0,0,1
brc203d,114,2631,956,0,0,0,1
brc203d,115,1358,596,0,0,0,1
brc203d,116,2381,975,0,0,0,1
brc203d,117,1800,996,0,0,0,1
brc203d,118,2360,740,0,0,0,1
brc203d,119,2199,984,0,0,0,1
brc203d,120,1904,550,0,0,0,1
brc203d,121,1823,666,0,0,0,1
brc203d,122,1724,438,0,0,0,1
brc203d,123,2182,748,0,0,0,1
brc203d,124,1890,516,0,0,0,1
brc203d,125,2660,1176,0,0,0,1
brc203d,126,2830,1438,0,0,0,1
brc203d,127,2273,1143,0,0,0,1
brc203d,128,2545,677,0,0,0,1
brc203d,129,2355,861,0,0,0,1
brc203d,130,2560,636,0,0,0,1
brc203d,131,2608,1252,0,0,0,1
brc203d,132,2339,1113,0,0,0,1
brc203d,133,2834,975,0,0,0,1
brc203d,134,2770,528,0,0,0,1
brc203d,135,3393,739,0,0,0,1
brc203d,136,1796,476,0,0,0,1
brc203d,137,3242,1047,0,0,0,1
brc203d,138,2055,840,0,0,0,1
brc203d,139,2864,690,0,0,0,1
brc203d,140,2700,1187,0,0,0,1
brc203d,141,2304,580,0,0,0,1
brc203d,142,2622,723,0,0,0,1
brc203d,143,2415,676,0,0,0,1
brc203d,144,3351,1497,0,0,0,1
brc203d,145,3194,1070,0,0,0,1
brc203d,146,2800,734,0,0,0,1
brc203d,147,2402,609,0,0,0,1
brc203d,148,2913,881,0,0,0,1
brc203d,149,4279,643,0,0,0,1
brc203d,150,2454,698,0,0,0,1
brc203d,151,2577,584,0,0,0,1
brc203d,152,3052,559,0,0,0,1
brc203d,153,1706,442,0,0,0,1
brc203d,154,2448,745,0,0,0,1
brc203d,155,2764,1139,0,0,0,1
brc203d,156,2744,975,0,0,0,1
brc203d,157,1583,500,0,0,0,1
brc203d,158,2770,472,0,0,0,1
brc203d,159,1873,394,0,0,0,1
brc203d,160,2995,784,0,0,0,1
brc203d,161,2732,480,0,0,0,1
brc203d,162,2860,541,0,0,0,1
brc203d,163,2166,470,0,0,0,1
brc203d,164,2652,509,0,0,0,1
brc203d,165,2850,671,0,0,0,1
brc203d,166,3653,1281,0,0,0,1
brc203d,167,4461,1244,0,0,0,1
brc203d,168,3217,519,0,0,0,1
brc203d,169,2589,424,0,0,0,1
brc203d,170,2361,474,0,0,0,1
brc203d,171,3194,781,0,0,0,1
brc203d,172,4748,1506,0,0,0,1
brc203d,173,2891,952,0,0,0,1
brc203d,174,2136,638,0,0,0,1
brc203d,175,2793,579,0,0,0,1
brc203d,176,2600,437,0,0,0,1
brc203d,177,5050,1182,0,0,0,1
brc203d,178,3787,1024,0,0,0,1
brc203d,179,2254,679,0,0,0,1
brc203d,180,2763,576,0,0,0,1
brc203d,181,3239,582,0,0,0,1
brc203d,182,3042,448,0,0,0,1
brc203d,183,2303,406,0,0,0,1
brc203d,184,2991,751,0,0,0,1
brc203d,185,4439,1392,0,0,0,1
brc203d,186,3534,1121,0,0,0,1
brc203d,187,3365,1262,0,0,0,1
brc203d,188,3153,1018,0,0,0,1
brc203d,189,2998,774,0,0,0,1
brc203d,190,2495,446,0,0,0,1
brc203d,191,3207,639,0,0,0,1
brc203d,192,2559,466,0,0,0,1
brc203d,193,3188,401,0,0,0,1
brc203d,194,2823,594,0,0,0,1
brc203d,195,5111,1176,0,0,0,1
brc203d,196,4410,1142,0,0,0,1
brc203d,197,3259,1283,0,0,0,1
brc203d,198,2592,525,0,0,0,1
brc203d,199,3393,557,0,0,0,1
brc203d,200,4281,696,0,0,0,1
brc203d,201,2272,480,0,0,0,1
brc203d,202,3684,753,0,0,0,1
brc203d,203,3384,510,0,0,0,1
brc203d,204,3406,441,0,0,0,1
brc203d,205,2795,359,0,0,0,1
brc203d,206,3553,663,0,0,0,1
brc203d,207,4358,1237,0,0,0,1
brc203d,208,3071,950,0,0,0,1
brc203d,209,3611,1121,0,0,0,1
brc203d,210,3231,553,0,0,0,1
brc203d,211,3109,474,0,0,0,1
brc203d,212,3765,786,0,0,0,1
brc203d,213,2617,354,0,0,0,1
brc203d,214,3844,983,0,0,0,1
brc203d,215,5425,1430,0,0,0,1
brc203d,216,3631,831,0,0,0,1
brc203d,217,3402,1136,0,0,0,1
brc203d,218,3302,793,0,0,0,1
brc203d,219,5265,1500,0,0,0,1
brc203d,220,3514,657,0,0,0,1
brc203d,221,2919,601,0,0,0,1
brc203d,222,4046,690,0,0,0,1
brc203d,223,4189,691,0,0,0,1
brc203d,224,3641,625,0,0,0,1
brc203d,225,5204,1627,0,0,0,1
brc203d,226,3654,565,0,0,0,1
brc203d,227,3428,728,0,0,0,1
brc203d,228,4322,802,0,0,0,1
brc203d,229,3447,1070,0,0,0,1
brc203d,230,3455,777,0,0,0,1
brc203d,231,3518,663,0,0,0,1
brc203d,232,3406,628,0,0,0,1
brc203d,233,2556,449,0,0,0,1
brc203d,234,4381,1191,0,0,0,1
brc203d,235,4315,1101,0,0,0,1
brc203d,236,3566,539,0,0,0,1
brc203d,237,3937,988,0,0,0,1
brc203d,238,4082,620,0,0,0,1
brc203d,239,3435,510,0,0,0,1
brc203d,240,4097,550,0,0,0,1
brc203d,241,3706,622,0,0,0,1
brc203d,242,3752,425,0,0,0,1
brc203d,243,2232,370,0,0,0,1
brc203d,244,3416,821,0,0,0,1
brc203d,245,3340,503,0,0,0,1
brc203d,246,3030,426,0,0,0,1
brc203d,247,3878,1401,0,0,0,1
brc203d,248,4314,1016,0,0,0,1
brc203d,249,4522,1241,0,0,0,1
brc203d,250,2750,554,0,0,0,1
brc203d,251,3338,477,0,0,0,1
brc203d,252,3113,613,0,0,0,1
brc203d,253,5109,788,0,0,0,1
brc203d,254,3331,542,0,0,0,1
brc203d,255,3356,640,0,0,0,1
brc203d,256,4591,977,0,0,0,1
brc203d,257,3219,558,0,0,0,1
brc203d,258,5310,1084,0,0,0,1
brc203d,259,4546,807,0,0,0,1
brc203d,260,4378,798,0,0,0,1
brc203d,261,3791,527,0,0,0,1
brc203d,262,4043,409,0,0,0,1
brc203d,263,3416,423,0,0,0,1
brc203d,264,2891,412,0,0,0,1
brc203d,265,2666,366,0,0,0,1
brc203d,266,2602,570,0,0,0,1
brc203d,267,5949,1023,0,0,0,1
brc203d,268,5674,1165,0,0,0,1
brc203d,269,3907,813,0,0,0,1
brc203d,270,4773,691,0,0,0,1
brc203d,271,3925,474,0,0,0,1
brc203d,272,5512,814,0,0,0,1
brc203d,273,4958,701,0,0,0,1
brc203d,274,4500,673,0,0,0,1
brc203d,275,3281,706,0,0,0,1
brc203d,276,5319,1045,0,0,0,1
brc203d,277,4094,515,0,0,0,1
brc203d,278,5368,1183,0,0,0,1
brc203d,279,4714,844,0,0,0,1
brc203d,280,4166,505,0,0,0,1
brc203d,281,3240,502,0,0,0,1
brc203d,282,4948,781,0,0,0,1
brc203d,283,5667,1056,0,0,0,1
brc203d,284,5052,649,0,0,0,1
brc203d,285,5115,1042,0,0,0,1
brc203d,286,6082,1214,0,0,0,1
brc203d,287,3686,717,0,0,0,1
brc203d,288,5030,911,0,0,0,1
brc203d,289,4376,756,0,0,0,1
brc203d,290,4764,467,0,0,0,1
brc203d,291,3828,362,0,0,0,1
brc203d,292,4860,760,0,0,0,1
brc203d,293,4735,649,0,0,0,1
brc203d,294,5024,640,0,0,0,1
brc203d,295,4510,588,0,0,0,1
brc203d,296,5793,1368,0,0,0,1
brc203d,297,4333,722,0,0,0,1
brc203d,298,5028,673,0,0,0,1
brc203d,299,4230,799,0,0,0,1
brc203d,300,5389,735,0,0,0,1
brc203d,301,5901,729,0,0,0,1
brc203d,302,4054,412,0,0,0,1
brc203d,303,3774,480,0,0,0,1
brc203d,304,4361,645,0,0,0,1
brc203d,305,5648,608,0,0,0,1
brc203d,306,5582,1447,0,0,0,1
brc203d,307,5488,1041,0,0,0,1
brc203d,308,4970,1172,0,0,0,1
brc203d,309,4113,967,0,0,0,1
brc203d,310,5527,629,0,0,0,1
brc203d,311,4278,520,0,0,0,1
brc203d,312,5432,752,0,0,0,1
brc203d,313,3780,452,0,0,0,1
brc203d,314,3440,520,0,0,0,1
brc203d,315,5640,759,0,0,0,1
brc203d,316,4177,561,0,0,0,1
brc203d,317,4767,582,0,0,0,1
brc203d,318,3911,477,0,0,0,1
brc203d,319,3932,600,0,0,0,1
brc203d,320,4646,545,0,0,0,1
brc203d,321,5143,482,0,0,0,1
brc203d,322,4196,444,0,0,0,1
brc203d,323,5281,681,0,0,0,1
brc203d,324,3216,358,0,0,0,1
brc203d,325,4387,539,0,0,0,1
brc203d,326,4360,650,0,0,0,1
brc203d,327,3200,369,0,0,0,1
brc203d,328,4833,650,0,0,0,1
brc203d,329,5346,956,0,0,0,1
brc203d,330,4566,506,0,0,0,1
brc203d,331,5633,486,0,0,0,1
brc203d,332,5354,548,0,0,0,1
brc203d,333,4086,477,0,0,0,1
brc203d,334,4453,688,0,0,0,1
brc203d,335,5100,932,0,0,0,1
brc203d,336,5463,560,0,0,0,1
brc203d,337,4534,500,0,0,0,1
brc203d,338,6332,947,0,0,0,1
brc203d,339,5309,1289,0,0,0,1
brc203d,340,4891,682,0,0,0,1
brc203d,341,4854,634,0,0,0,1
brc203d,342,4877,659,0,0,0,1
brc203d,343,4481,596,0,0,0,1
brc203d,344,5332,616,0,0,0,1
brc203d,345,5264,715,0,0,0,1
brc203d,346,4352,686,0,0,0,1
brc203d,347,4213,432,0,0,0,1
brc203d,348,6447,732,0,0,0,1
brc203d,349,4190,405,0,0,0,1
brc203d,350,4605,609,0,0,0,1
brc203d,351,3537,394,0,0,0,1
brc203d,352,3811,533,0,0,0,1
brc203d,353,5736,466,0,0,0,1
brc203d,354,4200,483,0,0,0,1
brc203d,355,4579,413,0,0,0,1
brc203d,356,5260,691,0,0,0,1
brc203d,357,4617,478,0,0,0,1
brc203d,358,5088,652,0,0,0,1
brc203d,359,4882,1042,0,0,0,1
brc203d,360,4319,442,0,0,0,1
brc203d,361,4870,696,0,0,0,1
brc203d,362,4531,845,0,0,0,1
brc203d,363,5287,558,0,0,0,1
brc203d,364,5849,474,0,0,0,1
brc203d,365,6296,727,0,0,0,1
brc203d,366,5243,691,0,0,0,1
brc203d,367,4284,636,0,0,0,1
brc203d,368,6055,948,0,0,0,1
brc203d,369,5533,867,0,0,0,1
brc203d,370,5687,627,0,0,0,1
brc203d,371,4739,500,0,0,0,1
brc203d,372,5666,692,0,0,0,1
brc203d,373,4816,749,0,0,0,1
brc203d,374,4614,708,0,0,0,1
brc203d,375,5289,617,0,0,0,1
brc203d,376,5270,717,0,0,0,1
brc203d,377,4440,569,0,0,0,1
brc203d,378,5816,1094,0,0,0,1
brc203d,379,5117,449,0,0,0,1
brc203d,380,5818,479,0,0,0,1
brc203d,381,6379,496,0,0,0,1
brc203d,382,5486,399,0,0,0,1
brc203d,383,5374,883,0,0,0,1
brc203d,384,3984,429,0,0,0,1
brc203d,385,5339,645,0,0,0,1
brc203d,386,4687,469,0,0,0,1
brc203d,387,7015,663,0,0,0,1
brc203d,388,5540,559,0,0,0,1
brc203d,389,5105,465,0,0,0,1
brc203d,390,5433,621,0,0,0,1
brc203d,391,5126,397,0,0,0,1
brc203d,392,5406,781,0,0,0,1
brc203d,393,3725,429,0,0,0,1
brc203d,394,6078,713,0,0,0,1
brc203d,395,5308,790,0,0,0,1
brc203d,396,4014,581,0,0,0,1
brc203d,397,4552,848,0,0,0,1
brc203d,398,5195,695,0,0,0,1
brc203d,399,4876,616,0,0,0,1
brc203d,400,5423,717,0,0,0,1
brc203d,401,6554,915,0,0,0,1
brc203d,402,5444,571,0,0,0,1
brc203d,403,3868,536,0,0,0,1
brc203d,404,5433,571,0,0,0,1
brc203d,405,4529,640,0,0,0,1
brc203d,406,5699,663,0,0,0,1
brc203d,407,5346,579,0,0,0,1
brc203d,408,4700,470,0,0,0,1
brc203d,409,5933,781,0,0,0,1
brc203d,410,6145,1062,0,0,0,1
brc203d,411,5768,506,0,0,0,1
brc203d,412,6617,891,0,0,0,1
brc203d,413,4079,493,0,0,0,1
brc203d,414,5171,890,0,0,0,1
brc203d,415,4437,661,0,0,0,1
brc203d,416,7093,980,0,0,0,1
brc203d,417,4713,841,0,0,0,1
brc203d,418,4088,563,0,0,0,1
brc203d,419,5980,1134,0,0,0,1
brc203d,420,5280,532,0,0,0,1
brc203d,421,6406,785,0,0,0,1
brc203d,422,5880,669,0,0,0,1
brc203d,423,6068,760,0,0,0,1
brc203d,424,3992,452,0,0,0,1
brc203d,425,5271,684,0,0,0,1
brc203d,426,5892,651,0,0,0,1
brc203d,427,6194,722,0,0,0,1
brc203d,428,4435,534,0,0,0,1
brc203d,429,5950,713,0,0,0,1
brc203d,430,6215,698,0,0,0,1
brc203d,431,4878,495,0,0,0,1
brc203d,432,6304,844,0,0,0,1
brc203d,433,3834,520,0,0,0,1
brc203d,434,3493,405,0,0,0,1
brc203d,435,6133,625,0,0,0,1
brc203d,436,6219,615,0,0,0,1
brc203d,437,7486,1008,0,0,0,1
brc203d,438,5785,656,0,0,0,1
brc203d,439,6262,899,0,0,0,1
brc203d,440,6557,635,0,0,0,1
brc203d,441,6471,764,0,0,0,1
brc203d,442,7131,784,0,0,0,1
brc203d,443,5106,696,0,0,0,1
brc203d,444,5845,659,0,0,0,1
brc203d,445,4668,607,0,0,0,1
brc203d,446,6234,633,0,0,0,1
brc203d,447,5170,783,0,0,0,1
brc203d,448,4747,405,0,0,0,1
brc203d,449,6246,701,0,0,0,1
brc203d,450,5380,577,0,0,0,1
brc203d,451,4395,457,0,0,0,1
brc203d,452,4738,422,0,0,0,1
brc203d,453,5532,572,0,0,0,1
brc203d,454,5270,519,0,0,0,1
brc203d,455,6438,791,0,0,0,1
brc203d,456,7671,899,0,0,0,1
brc203d,457,5688,814,0,0,0,1
brc203d,458,6289,708,0,0,0,1
brc203d,459,4669,443,0,0,0,1
brc203d,460,7167,758,0,0,0,1
brc203d,461,5893,567,0,0,0,1
brc203d,462,5785,587,0,0,0,1
brc203d,463,5570,716,0,0,0,1
brc203d,464,6332,735,0,0,0,1
brc203d,465,5917,630,0,0,0,1
brc203d,466,5532,932,0,0,0,1
brc203d,467,5175,485,0,0,0,1
brc203d,468,7079,1074,0,0,0,1
brc203d,469,6192,910,0,0,0,1
brc203d,470,7640,569,0,0,0,1
brc203d,471,6096,648,0,0,0,1
brc203d,472,5511,731,0,0,0,1
brc203d,473,6013,404,0,0,0,1
brc203d,474,5413,614,0,0,0,1
brc203d,475,5892,681,0,0,0,1
brc203d,476,5022,443,0,0,0,1
brc203d,477,6124,645,0,0,0,1
brc203d,478,7038,654,0,0,0,1
brc203d,479,6959,618,0,0,0,1
brc203d,480,7246,812,0,0,0,1
brc203d,481,7016,668,0,0,0,1
brc203d,482,6192,617,0,0,0,1
brc203d,483,5608,454,0,0,0,1
brc203d,484,6676,910,0,0,0,1
brc203d,485,5339,464,0,0,0,1
brc203d,486,4342,481,0,0,0,1
brc203d,487,7585,1005,0,0,0,1
brc203d,488,6751,626,0,0,0,1
brc203d,489,8089,870,0,0,0,1
brc203d,490,6123,668,0,0,0,1
brc203d,491,5418,606,0,0,0,1
brc203d,492,5969,446,0,0,0,1
brc203d,493,6847,635,0,0,0,1
brc203d,494,6402,620,0,0,0,1
brc203d,495,5649,674,0,0,0,1
brc203d,496,5118,420,0,0,0,1
brc203d,497,7163,615,0,0,0,1
brc203d,498,6703,587,0,0,0,1
brc203d,499,7067,613,0,0,0,1
brc203d,500,5063,495,0,0,0,1
brc203d,501,7014,661,0,0,0,1
brc203d,502,5368,540,0,0,0,1
brc203d,503,5854,584,0,0,0,1
brc203d,504,7279,783,0,0,0,1
brc203d,505,6422,1034,0,0,0,1
brc203d,506,8173,786,0,0,0,1
brc203d,507,5689,876,0,0,0,1
brc203d,508,6056,633,0,0,0,1
brc203d,509,5684,614,0,0,0,1
brc203d,510,7552,638,0,0,0,1
brc203d,511,5595,624,0,0,0,1
brc203d,512,6357,617,0,0,0,1
brc203d,513,5401,568,0,0,0,1
brc203d,514,5493,391,0,0,0,1
brc203d,515,5282,553,0,0,0,1
brc203d,516,8123,644,0,0,0,1
brc203d,517,6226,562,0,0,0,1
brc203d,518,6644,792,0,0,0,1
brc203d,519,5424,736,0,0,0,1
brc203d,520,7529,553,0,0,0,1
brc203d,521,6218,595,0,0,0,1
brc203d,522,5780,470,0,0,0,1
brc203d,523,7944,913,0,0,0,1
brc203d,524,7064,717,0,0,0,1
brc203d,525,8338,809,0,0,0,1
brc203d,526,6652,554,0,0,0,1
brc203d,527,7370,724,0,0,0,1
brc203d,528,6871,678,0,0,0,1
brc203d,529,5275,528,0,0,0,1
brc203d,530,6888,557,0,0,0,1
brc203d,531,5827,535,0,0,0,1
brc203d,532,5698,544,0,0,0,1
brc203d,533,7029,463,0,0,0,1
brc203d,534,7195,658,0,0,0,1
brc203d,535,8829,868,0,0,0,1
brc203d,536,7186,577,0,0,0,1
brc203d,537,7037,530,0,0,0,1
brc203d,538,8399,556,0,0,0,1
brc203d,539,8436,749,0,0,0,1
brc203d,540,7230,701,0,0,0,1
brc203d,541,6594,588,0,0,0,1
brc203d,542,7369,576,0,0,0,1
brc203d,543,7284,574,0,0,0,1
brc203d,544,6655,448,0,0,0,1
brc203d,545,6989,721,0,0,0,1
brc203d,546,8726,742,0,0,0,1
brc203d,547,6777,598,0,0,0,1
brc203d,548,8265,595,0,0,0,1
brc203d,549,7188,941,0,0,0,1
brc203d,550,8936,528,0,0,0,1
brc203d,551,7128,700,0,0,0,1
brc203d,552,8273,644,0,0,0,1
brc203d,553,6482,710,0,0,0,1
brc203d,554,7206,505,0,0,0,1
brc203d,555,8265,743,0,0,0,1
brc203d,556,7928,557,0,0,0,1
brc203d,557,6481,511,0,0,0,1
brc203d,558,7353,603,0,0,0,1
brc203d,559,6436,652,0,0,0,1
brc203d,560,6946,562,0,0,0,1
brc203d,561,6555,516,0,0,0,1
brc203d,562,7740,545,0,0,0,1
brc203d,563,7511,469,0,0,0,1
brc203d,564,6987,576,0,0,0,1
brc203d,565,6594,497,0,0,0,1
brc203d,566,8613,777,0,0,0,1
brc203d,567,6235,459,0,0,0,1
brc203d,568,9172,684,0,0,0,1
brc203d,569,7413,609,0,0,0,1
brc203d,570,9250,549,0,0,0,1
brc203d,571,8707,631,0,0,0,1
brc203d,572,8806,666,0,0,0,1
brc203d,573,7321,555,0,0,0,1
brc203d,574,6801,578,0,0,0,1
brc203d,575,7506,730,0,0,0,1
brc203d,576,6957,642,0,0,0,1
brc203d,577,7133,456,0,0,0,1
brc203d,578,5636,600,0,0,0,1
brc203d,579,9509,711,0,0,0,1
brc203d,580,8700,477,0,0,0,1
brc203d,581,7564,481,0,0,0,1
brc203d,582,8219,574,0,0,0,1
brc203d,583,6251,439,0,0,0,1
brc203d,584,7456,692,0,0,0,1
brc203d,585,6933,594,0,0,0,1
brc203d,586,9410,827,0,0,0,1
brc203d,587,7504,772,0,0,0,1
brc203d,588,8374,540,0,0,0,1
brc203d,589,8268,616,0,0,0,1
brc203d,590,8863,488,0,0,0,1
brc203d,591,7277,644,0,0,0,1
brc203d,592,8236,523,0,0,0,1
brc203d,593,7863,696,0,0,0,1
brc203d,594,7478,678,0,0,0,1
brc203d,595,7581,507,0,0,0,1
brc203d,596,7207,602,0,0,0,1
brc203d,597,7501,428,0,0,0,1
brc203d,598,5969,520,0,0,0,1
brc203d,599,6870,600,0,0,0,1
brc203d,600,8812,489,0,0,0,1
brc203d,601,7890,590,0,0,0,1
brc203d,602,8179,654,0,0,0,1
brc203d,603,7616,576,0,0,0,1
brc203d,604,8074,712,0,0,0,1
brc203d,605,10403,816,0,0,0,1
brc203d,606,8266,913,0,0,0,1
brc203d,607,7098,739,0,0,0,1
brc203d,608,6616,667,0,0,0,1
brc203d,609,6584,589,0,0,0,1
brc203d,610,6335,500,0,0,0,1
brc203d,611,7002,492,0,0,0,1
brc203d,612,6746,533,0,0,0,1
brc203d,613,7284,818,0,0,0,1
brc203d,614,8150,593,0,0,0,1
brc203d,615,7615,806,0,0,0,1
brc203d,616,6131,687,0,0,0,1
brc203d,617,5991,491,0,0,0,1
brc203d,618,6613,494,0,0,0,1
brc203d,619,6278,645,0,0,0,1
brc203d,620,9915,515,0,0,0,1
brc203d,621,8670,486,0,0,0,1
brc203d,622,6559,454,0,0,0,1
brc203d,623,6262,516,0,0,0,1
brc203d,624,9111,627,0,0,0,1
brc203d,625,7935,655,0,0,0,1
brc203d,626,7241,530,0,0,0,1
brc203d,627,6662,477,0,0,0,1
brc203d,628,7713,747,0,0,0,1
brc203d,629,7428,497,0,0,0,1
brc203d,630,8819,522,0,0,0,1
brc203d,631,9425,485,0,0,0,1
brc203d,632,8234,520,0,0,0,1
brc203d,633,7966,693,0,0,0,1
brc203d,634,7272,605,0,0,0,1
brc203d,635,7535,511,0,0,0,1
brc203d,636,8221,942,0,0,0,1
brc203d,637,7250,574,0,0,0,1
brc203d,638,8671,560,0,0,0,1
brc203d,639,8172,594,0,0,0,1
brc203d,640,10356,497,0,0,0,1
brc203d,641,8738,453,0,0,0,1
brc203d,642,8720,523,0,0,0,1
brc203d,643,6588,491,0,0,0,1
brc203d,644,6784,436,0,0,0,1
brc203d,645,7497,501,0,0,0,1
brc203d,646,9245,609,0,0,0,1
brc203d,647,8284,943,0,0,0,1
brc203d,648,6458,791,0,0,0,1
brc203d,649,6251,588,0,0,0,1
brc203d,650,8678,783,0,0,0,1
brc203d,651,8337,619,0,0,0,1
brc203d,652,8144,481,0,0,0,1
brc203d,653,8642,858,0,0,0,1
brc203d,654,7858,803,0,0,0,1
brc203d,655,7208,501,0,0,0,1
brc203d,656,6478,460,0,0,0,1
brc203d,657,6409,454,0,0,0,1
brc203d,658,8824,719,0,0,0,1
brc203d,659,8199,760,0,0,0,1
brc203d,660,7410,505,0,0,0,1
brc203d,661,6580,528,0,0,0,1
brc203d,662,6999,517,0,0,0,1
brc203d,663,8162,738,0,0,0,1
brc203d,664,9100,617,0,0,0,1
brc203d,665,7966,750,0,0,0,1
brc203d,666,6837,546,0,0,0,1
brc203d,667,7638,723,0,0,0,1
brc203d,668,8605,660,0,0,0,1
brc203d,669,9466,728,0,0,0,1
brc203d,670,9275,532,0,0,0,1
brc203d,671,6957,534,0,0,0,1
brc203d,672,7386,557,0,0,0,1
brc203d,673,8984,635,0,0,0,1
brc203d,674,8516,630,0,0,0,1
brc203d,675,8622,474,0,0,0,1
brc203d,676,8949,870,0,0,0,1
brc203d,677,8482,775,0,0,0,1
brc203d,678,7224,602,0,0,0,1
brc203d,679,7796,514,0,0,0,1
brc203d,680,7517,588,0,0,0,1
brc203d,681,9598,607,0,0,0,1
brc203d,682,7673,562,0,0,0,1
brc203d,683,8618,531,0,0,0,1
brc203d,684,5961,422,0,0,0,1
brc203d,685,10129,705,0,0,0,1
brc203d,686,9000,786,0,0,0,1
brc203d,687,7670,614,0,0,0,1
brc203d,688,7928,799,0,0,0,1
brc203d,689,7015,706,0,0,0,1
brc203d,690,7711,555,0,0,0,1
brc203d,691,10715,575,0,0,0,1
brc203d,692,8312,564,0,0,0,1
brc203d,693,8204,622,0,0,0,1
brc203d,694,7885,683,0,0,0,1
brc203d,695,7461,630,0,0,0,1
brc203d,696,7405,528,0,0,0,1
brc203d,697,8603,523,0,0,0,1
brc203d,698,7777,486,0,0,0,1
brc203d,699,6905,533,0,0,0,1
brc203d,700,7736,478,0,0,0,1
brc203d,701,8922,634,0,0,0,1
brc203d,702,6999,526,0,0,0,1
brc203d,703,7120,697,0,0,0,1
brc203d,704,6922,555,0,0,0,1
brc203d,705,6883,496,0,0,0,1
brc203d,706,6842,467,0,0,0,1
brc203d,707,7100,659,0,0,0,1
brc203d,708,6895,604,0,0,0,1
brc203d,709,6828,505,0,0,0,1
brc203d,710,10225,621,0,0,0,1
brc203d,711,7170,605,0,0,0,1
brc203d,712,6550,692,0,0,0,1
brc203d,713,7116,589,0,0,0,1
brc203d,714,9907,647,0,0,0,1
brc203d,715,7482,539,0,0,0,1
brc203d,716,7432,555,0,0,0,1
brc203d,717,7598,546,0,0,0,1
brc203d,718,9813,1169,0,0,0,1
brc203d,719,9225,912,0,0,0,1
brc203d,720,7973,512,0,0,0,1
brc203d,721,7123,510,0,0,0,1
brc203d,722,7929,449,0,0,0,1
brc203d,723,7715,508,0,0,0,1
brc203d,724,7628,469,0,0,0,1
brc203d,725,9552,593,0,0,0,1
brc203d,726,9295,517,0,0,0,1
brc203d,727,8407,580,0,0,0,1
brc203d,728,8445,638,0,0,0,1
brc203d,729,8559,528,0,0,0,1
brc203d,730,11745,557,0,0,0,1
brc203d,731,10953,436,0,0,0,1
brc203d,732,10277,617,0,0,0,1
brc203d,733,8401,554,0,0,0,1
brc203d,734,7635,434,0,0,0,1
brc203d,735,10186,645,0,0,0,1
brc203d,736,9303,813,0,0,0,1
brc203d,737,8164,640,0,0,0,1
brc203d,738,9078,589,0,0,0,1
brc203d,739,7990,551,0,0,0,1
brc203d,740,11320,468,0,0,0,1
brc203d,741,10254,473,0,0,0,1
brc203d,742,7499,502,0,0,0,1
brc203d,743,10280,683,0,0,0,1
brc203d,744,9058,580,0,0,0,1
brc203d,745,7682,571,0,0,0,1
brc203d,746,9690,525,0,0,0,1
brc203d,747,9023,528,0,0,0,1
brc203d,748,7504,494,0,0,0,1
brc203d,749,10370,539,0,0,0,1
brc203d,750,11732,469,0,0,0,1
brc203d,751,9181,504,0,0,0,1
brc203d,752,9760,540,0,0,0,1
brc203d,753,8697,482,0,0,0,1
brc203d,754,8389,511,0,0,0,1
brc203d,755,9282,723,0,0,0,1
brc203d,756,8029,662,0,0,0,1
brc203d,757,8328,625,0,0,0,1
brc203d,758,7845,526,0,0,0,1
brc203d,759,7401,500,0,0,0,1
brc203d,760,11184,461,0,0,0,1
brc203d,761,9224,463,0,0,0,1
brc203d,762,9134,599,0,0,0,1
brc203d,763,11277,783,0,0,0,1
brc203d,764,9010,473,0,0,0,1
brc203d,765,10895,573,0,0,0,1
brc203d,766,10846,958,0,0,0,1
brc203d,767,8613,688,0,0,0,1
brc203d,768,7712,550,0,0,0,1
brc203d,769,8203,611,0,0,0,1
brc203d,770,11520,483,0,0,0,1
brc203d,771,11380,773,0,0,0,1
brc203d,772,7929,536,0,0,0,1
brc203d,773,10689,491,0,0,0,1
brc203d,774,9381,445,0,0,0,1
brc203d,775,9551,660,0,0,0,1
brc203d,776,8643,628,0,0,0,1
brc203d,777,7171,446,0,0,0,1
brc203d,778,8699,675,0,0,0,1
brc203d,779,8123,642,0,0,0,1
brc203d,780,6811,555,0,0,0,1
brc203d,781,8519,705,0,0,0,1
brc203d,782,8258,670,0,0,0,1
brc203d,783,8041,653,0,0,0,1
brc203d,784,8598,640,0,0,0,1
brc203d,785,11384,641,0,0,0,1
brc203d,786,8747,658,0,0,0,1
brc203d,787,8334,537,0,0,0,1
brc203d,788,8167,608,0,0,0,1
brc203d,789,8134,865,0,0,0,1
brc203d,790,10107,614,0,0,0,1
brc203d,791,8472,599,0,0,0,1
brc203d,792,7878,531,0,0,0,1
brc203d,793,8087,594,0,0,0,1
brc203d,794,10232,636,0,0,0,1
brc203d,795,8538,638,0,0,0,1
brc203d,796,8346,584,0,0,0,1
brc203d,797,8000,510,0,0,0,1
brc203d,798,7791,483,0,0,0,1
brc203d,799,8341,570,0,0,0,1
brc203d,800,10091,601,0,0,0,1
brc203d,801,9058,548,0,0,0,1
brc203d,802,9792,679,0,0,0,1
brc203d,803,9466,608,0,0,0,1
brc203d,804,8437,486,0,0,0,1
brc203d,805,8498,531,0,0,0,1
brc203d,806,8368,461,0,0,0,1
brc203d,807,8104,570,0,0,0,1
brc203d,808,8160,663,0,0,0,1
brc203d,809,8499,490,0,0,0,1
brc203d,810,9013,640,0,0,0,1
brc203d,811,8640,494,0,0,0,1
brc203d,812,8155,503,0,0,0,1
brc203d,813,8121,514,0,0,0,1
brc203d,814,8619,519,0,0,0,1
brc203d,815,10802,670,0,0,0,1
brc203d,816,10059,646,0,0,0,1
brc203d,817,9202,906,0,0,0,1
brc203d,818,8299,550,0,0,0,1
brc203d,819,8307,536,0,0,0,1
brc203d,820,8324,628,0,0,0,1
brc203d,821,8371,676,0,0,0,1
brc203d,822,8804,660,0,0,0,1
brc203d,823,8850,505,0,0,0,1
brc203d,824,8401,533,0,0,0,1
brc203d,825,8356,585,0,0,0,1
brc203d,826,8300,569,0,0,0,1
brc203d,827,9697,559,0,0,0,1
brc203d,828,8841,537,0,0,0,1
brc203d,829,8400,510,0,0,0,1
brc203d,830,8007,522,0,0,0,1
brc203d,831,9177,541,0,0,0,1
brc203d,832,11513,592,0,0,0,1
brc203d,833,8473,508,0,0,0,1
brc203d,834,10059,729,0,0,0,1
brc203d,835,10416,616,0,0,0,1
brc203d,836,8797,580,0,0,0,1
brc203d,837,8652,537,0,0,0,1
brc203d,838,9133,530,0,0,0,1
brc203d,839,8509,599,0,0,0,1
brc203d,840,8501,478,0,0,0,1
brc203d,841,6648,494,0,0,0,1
brc203d,842,8978,594,0,0,0,1
brc203d,843,8683,536,0,0,0,1
brc203d,844,8530,553,0,0,0,1
brc203d,845,8705,532,0,0,0,1
brc203d,846,9421,458,0,0,0,1
brc203d,847,9934,508,0,0,0,1
brc203d,848,8090,518,0,0,0,1
brc203d,849,9466,641,0,0,0,1
brc203d,850,7944,442,0,0,0,1
brc203d,851,7241,511,0,0,0,1
brc203d,852,10580,524,0,0,0,1
brc203d,853,9240,593,0,0,0,1
brc203d,854,9083,597,0,0,0,1
brc203d,855,9123,493,0,0,0,1
brc203d,856,11723,564,0,0,0,1
brc203d,857,7233,400,0,0,0,1
brc203d,858,9063,582,0,0,0,1
brc203d,859,8337,579,0,0,0,1
brc203d,860,6815,362,0,0,0,1
brc203d,861,8730,572,0,0,0,1
brc203d,862,6580,349,0,0,0,1
brc203d,863,7025,504,0,0,0,1
brc203d,864,9573,611,0,0,0,1
brc203d,865,9253,543,0,0,0,1
brc203d,866,8967,549,0,0,0,1
brc203d,867,8168,456,0,0,0,1
brc203d,868,9613,510,0,0,0,1
brc203d,869,9200,511,0,0,0,1
brc203d,870,11092,579,0,0,0,1
brc203d,871,8001,488,0,0,0,1
brc203d,872,6744,411,0,0,0,1
brc203d,873,9299,539,0,0,0,1
brc203d,874,9324,558,0,0,0,1
brc203d,875,9537,514,0,0,0,1
brc203d,876,12375,540,0,0,0,1
brc203d,877,9489,527,0,0,0,1
brc203d,878,8769,521,0,0,0,1
brc203d,879,8786,513,0,0,0,1
brc203d,880,10907,488,0,0,0,1
brc203d,881,11532,485,0,0,0,1
brc203d,882,10347,493,0,0,0,1
brc203d,883,11597,513,0,0,0,1
brc203d,884,8342,374,0,0,0,1
brc203d,885,11370,571,0,0,0,1
brc203d,886,10562,530,0,0,0,1
brc203d,887,10046,589,0,0,0,1
brc203d,888,10326,561,0,0,0,1
brc203d,889,9830,413,0,0,0,1
brc203d,890,11660,451,0,0,0,1
brc203d,891,9359,459,0,0,0,1
brc203d,892,11683,686,0,0,0,1
brc203d,893,10393,558,0,0,0,1
brc203d,894,13404,488,0,0,0,1
brc203d,895,11190,556,0,0,0,1
brc203d,896,11346,502,0,0,0,1
brc203d,897,11320,533,0,0,0,1
brc203d,898,11588,485,0,0,0,1
brc203d,899,10752,559,0,0,0,1
brc203d,900,11574,575,0,0,0,1
brc203d,901,9458,406,0,0,0,1
brc203d,902,11560,514,0,0,0,1
brc203d,903,11439,473,0,0,0,1
brc203d,904,10014,439,0,0,0,1
brc203d,905,11220,526,0,0,0,1
brc203d,906,8877,408,0,0,0,1
brc203d,907,11233,498,0,0,0,1
brc203d,908,12008,540,0,0,0,1
brc203d,909,11222,483,0,0,0,1
brc203d,910,9060,514,0,0,0,1
brc203d,911,8573,375,0,0,0,1
brc203d,912,11652,577,0,0,0,1
brc203d,913,10703,509,0,0,0,1
brc203d,914,11650,558,0,0,0,1
brc203d,915,8845,377,0,0,0,1
brc203d,916,9844,532,0,0,0,1
brc203d,917,11786,524,0,0,0,1
brc203d,918,10384,512,0,0,0,1
brc203d,919,11014,465,0,0,0,1
brc203d,920,12136,533,0,0,0,1
brc203d,921,11113,458,0,0,0,1
brc203d,922,10950,509,0,0,0,1
brc203d,923,11270,461,0,0,0,1
brc203d,924,11186,492,0,0,0,1
brc203d,925,10537,471,0,0,0,1
brc203d,926,10615,497,0,0,0,1
brc203d,927,13172,688,0,0,0,1
brc203d,928,11316,536,0,0,0,1
brc203d,929,10551,532,0,0,0,1
brc203d,930,10874,611,0,0,0,1
brc203d,931,10841,506,0,0,0,1
brc203d,932,10144,483,0,0,0,1
brc203d,933,10442,465,0,0,0,1
brc203d,934,10082,540,0,0,0,1
brc203d,935,10605,494,0,0,0,1
brc203d,936,11148,467,0,0,0,1
brc203d,937,12713,497,0,0,0,1
brc203d,938,11375,429,0,0,0,1
brc203d,939,10266,451,0,0,0,1
brc203d,940,13366,537,0,0,0,1
brc203d,941,13470,553,0,0,0,1
brc203d,942,11436,572,0,0,0,1
brc203d,943,10770,517,0,0,0,1
brc203d,944,10257,478,0,0,0,1
brc203d,945,12788,495,0,0,0,1
brc203d,946,11037,576,0,0,0,1
brc203d,947,10485,510,0,0,0,1
brc203d,948,10349,600,0,0,0,1
brc203d,949,9748,526,0,0,0,1
brc203d,950,9842,486,0,0,0,1
brc203d,951,9696,542,0,0,0,1
brc203d,952,9678,520,0,0,0,1
brc203d,953,13924,601,0,0,0,1
brc203d,954,13165,496,0,0,0,1
brc203d,955,10859,452,0,0,0,1
brc203d,956,11261,551,0,0,0,1
brc203d,957,10250,626,0,0,0,1
brc203d,958,9865,840,0,0,0,1
brc203d,959,8961,433,0,0,0,1
brc203d,960,11616,555,0,0,0,1
brc203d,961,9550,467,0,0,0,1
brc203d,962,14345,519,0,0,0,1
brc203d,963,11986,497,0,0,0,1
brc203d,964,10281,536,0,0,0,1
brc203d,965,10274,479,0,0,0,1
brc203d,966,10609,581,0,0,0,1
brc203d,967,10209,765,0,0,0,1
brc203d,968,9343,588,0,0,0,1
brc203d,969,9885,723,0,0,0,1
brc203d,970,10695,523,0,0,0,1
brc203d,971,9812,545,0,0,0,1
brc203d,972,9576,438,0,0,0,1
brc203d,973,14853,582,0,0,0,1
brc203d,974,9602,443,0,0,0,1
brc203d,975,8430,481,0,0,0,1
brc203d,976,8431,432,0,0,0,1
brc203d,977,8140,444,0,0,0,1
brc203d,978,12333,541,0,0,0,1
brc203d,979,14263,517,0,0,0,1
brc203d,980,12750,437,0,0,0,1
brc203d,981,10193,441,0,0,0,1
brc203d,982,12881,553,0,0,0,1
brc203d,983,11117,562,0,0,0,1
brc203d,984,10597,489,0,0,0,1
brc203d,985,10144,498,0,0,0,1
brc203d,986,9773,462,0,0,0,1
brc203d,987,13825,506,0,0,0,1
brc203d,988,10581,592,0,0,0,1
brc203d,989,10083,538,0,0,0,1
brc203d,990,9706,482,0,0,0,1
brc203d,991,9847,581,0,0,0,1
brc203d,992,13781,491,0,0,0,1
brc203d,993,10741,493,0,0,0,1
brc203d,994,10428,562,0,0,0,1
brc203d,995,9541,492,0,0,0,1
brc203d,996,10360,551,0,0,0,1
brc203d,997,9460,525,0,0,0,1
brc203d,998,10048,520,0,0,0,1
brc203d,999,9749,467,0,0,0,1
brc203d,1000,13989,469,0,0,0,1
brc203d,1001,11519,605,0,0,0,1
brc203d,1002,11130,442,0,0,0,1
brc203d,1003,10501,497,0,0,0,1
brc203d,1004,10060,561,0,0,0,1
brc203d,1005,14125,456,0,0,0,1
brc203d,1006,12843,425,0,0,0,1
brc203d,1007,10977,475,0,0,0,1
brc203d,1008,10782,686,0,0,0,1
brc203d,1009,11587,816,0,0,0,1
brc203d,1010,10727,496,0,0,0,1
brc203d,1011,11234,523,0,0,0,1
brc203d,1012,10191,511,0,0,0,1
brc203d,1013,9845,467,0,0,0,1
brc203d,1014,10019,550,0,0,0,1
brc203d,1015,9683,470,0,0,0,1
brc203d,1016,10500,720,0,0,0,1
brc203d,1017,10749,774,0,0,0,1
brc203d,1018,9702,559,0,0,0,1
brc203d,1019,10204,615,0,0,0,1
brc203d,1020,10047,572,0,0,0,1
brc203d,1021,9847,510,0,0,0,1
brc203d,1022,10138,560,0,0,0,1
brc203d,1023,9694,482,0,0,0,1
brc203d,1024,10507,413,0,0,0,1
brc203d,1025,9274,443,0,0,0,1
brc203d,1026,10302,502,0,0,0,1
brc203d,1027,10330,520,0,0,0,1
brc203d,1028,9934,635,0,0,0,1
brc203d,1029,10173,528,0,0,0,1
brc203d,1030,15159,504,0,0,0,1
brc203d,1031,11301,553,0,0,0,1
brc203d,1032,11470,444,0,0,0,1
brc203d,1033,9295,405,0,0,0,1
brc203d,1034,11071,476,0,0,0,1
brc203d,1035,10021,440,0,0,0,1
brc203d,1036,10320,499,0,0,0,1
brc203d,1037,15123,469,0,0,0,1
brc203d,1038,10697,450,0,0,0,1
brc203d,1039,11604,499,0,0,0,1
brc203d,1040,10372,467,0,0,0,1
brc203d,1041,10132,470,0,0,0,1
brc203d,1042,9362,444,0,0,0,1
brc203d,1043,9027,428,0,0,0,1
brc203d,1044,12258,549,0,0,0,1
brc203d,1045,10668,478,0,0,0,1
brc203d,1046,10127,465,0,0,0,1
brc203d,1047,10154,466,0,0,0,1
brc203d,1048,9970,469,0,0,0,1
brc203d,1049,10338,618,0,0,0,1
brc203d,1050,9946,546,0,0,0,1
brc203d,1051,10634,569,0,0,0,1
brc203d,1052,10162,570,0,0,0,1
brc203d,1053,9906,512,0,0,0,1
brc203d,1054,15588,530,0,0,0,1
brc203d,1055,11232,549,0,0,0,1
brc203d,1056,10972,644,0,0,0,1
brc203d,1057,10446,720,0,0,0,1
brc203d,1058,11539,629,0,0,0,1
brc203d,1059,10862,607,0,0,0,1
brc203d,1060,15245,482,0,0,0,1
brc203d,1061,11483,477,0,0,0,1
brc203d,1062,9823,419,0,0,0,1
brc203d,1063,12231,505,0,0,0,1
brc203d,1064,10671,525,0,0,0,1
brc203d,1065,15589,506,0,0,0,1
brc203d,1066,13711,420,0,0,0,1
brc203d,1067,11801,540,0,0,0,1
brc203d,1068,11046,519,0,0,0,1
brc203d,1069,11471,627,0,0,0,1
brc203d,1070,14683,426,0,0,0,1
brc203d,1071,11795,545,0,0,0,1
brc203d,1072,10955,514,0,0,0,1
brc203d,1073,10527,468,0,0,0,1
brc203d,1074,10499,497,0,0,0,1
brc203d,1075,10000,462,0,0,0,1
brc203d,1076,10271,477,0,0,0,1
brc203d,1077,10148,493,0,0,0,1
brc203d,1078,10566,576,0,0,0,1
brc203d,1079,11859,613,0,0,0,1
brc203d,1080,15242,513,0,0,0,1
brc203d,1081,11863,492,0,0,0,1
brc203d,1082,10541,492,0,0,0,1
brc203d,1083,10262,540,0,0,0,1
brc203d,1084,11133,618,0,0,0,1
brc203d,1085,10861,494,0,0,0,1
brc203d,1086,9743,499,0,0,0,1
brc203d,1087,10192,546,0,0,0,1
brc203d,1088,9572,500,0,0,0,1
brc203d,1089,8778,429,0,0,0,1
brc203d,1090,15075,500,0,0,0,1
brc203d,1091,12178,580,0,0,0,1
brc203d,1092,10973,538,0,0,0,1
brc203d,1093,14336,477,0,0,0,1
brc203d,1094,10638,524,0,0,0,1
brc203d,1095,11925,634,0,0,0,1
brc203d,1096,10428,532,0,0,0,1
brc203d,1097,10356,502,0,0,0,1
brc203d,1098,14137,499,0,0,0,1
brc203d,1099,11187,662,0,0,0,1
brc203d,1100,10692,546,0,0,0,1
brc203d,1101,10444,545,0,0,0,1
brc203d,1102,10245,482,0,0,0,1
brc203d,1103,9881,481,0,0,0,1
brc203d,1104,10253,616,0,0,0,1
brc203d,1105,9972,625,0,0,0,1
brc203d,1106,10166,580,0,0,0,1
brc203d,1107,9853,540,0,0,0,1
brc203d,1108,9776,483,0,0,0,1
brc203d,1109,9904,548,0,0,0,1
brc203d,1110,14681,506,0,0,0,1
brc203d,1111,11522,521,0,0,0,1
brc203d,1112,10762,557,0,0,0,1
brc203d,1113,11787,512,0,0,0,1
brc203d,1114,11127,530,0,0,0,1
brc203d,1115,10284,468,0,0,0,1
brc203d,1116,10873,562,0,0,0,1
brc203d,1117,9963,471,0,0,0,1
brc203d,1118,11334,541,0,0,0,1
brc203d,1119,10014,467,0,0,0,1
brc203d,1120,10492,601,0,0,0,1
brc203d,1121,10259,531,0,0,0,1
brc203d,1122,9857,464,0,0,0,1
brc203d,1123,10104,538,0,0,0,1
brc203d,1124,14994,524,0,0,0,1
brc203d,1125,13902,477,0,0,0,1
brc203d,1126,11609,538,0,0,0,1
brc203d,1127,10981,572,0,0,0,1
brc203d,1128,10590,745,0,0,0,1
brc203d,1129,10271,578,0,0,0,1
brc203d,1130,10694,536,0,0,0,1
brc203d,1131,10203,477,0,0,0,1
brc203d,1132,10561,590,0,0,0,1
brc203d,1133,10434,527,0,0,0,1
brc203d,1134,10085,562,0,0,0,1
brc203d,1135,10090,525,0,0,0,1
brc203d,1136,15140,537,0,0,0,1
brc203d,1137,12201,747,0,0,0,1
brc203d,1138,12285,598,0,0,0,1
brc203d,1139,11045,580,0,0,0,1
brc203d,1140,11231,544,0,0,0,1
brc203d,1141,10821,516,0,0,0,1
brc203d,1142,11037,523,0,0,0,1
brc203d,1143,10704,573,0,0,0,1
brc203d,1144,10614,546,0,0,0,1
brc203d,1145,10482,496,0,0,0,1
brc203d,1146,10564,589,0,0,0,1
brc203d,1147,16865,518,0,0,0,1
brc203d,1148,12077,506,0,0,0,1
brc203d,1149,11076,510,0,0,0,1
brc203d,1150,11371,575,0,0,0,1
brc203d,1151,16318,489,0,0,0,1
brc203d,1152,12158,518,0,0,0,1
brc203d,1153,10961,571,0,0,0,1
brc203d,1154,10790,531,0,0,0,1
brc203d,1155,10799,537,0,0,0,1
brc203d,1156,10930,678,0,0,0,1
brc203d,1157,10942,680,0,0,0,1
brc203d,1158,10860,608,0,0,0,1
brc203d,1159,10908,669,0,0,0,1
brc203d,1160,11037,558,0,0,0,1
brc203d,1161,11069,514,0,0,0,1
brc203d,1162,10855,503,0,0,0,1
brc203d,1163,10928,498,0,0,0,1
brc203d,1164,10907,557,0,0,0,1
brc203d,1165,10861,574,0,0,0,1
brc203d,1166,10600,528,0,0,0,1
brc203d,1167,10543,631,0,0,0,1
brc203d,1168,10525,511,0,0,0,1
brc203d,1169,10525,517,0,0,0,1
brc203d,1170,11266,605,0,0,0,1
brc203d,1171,10998,549,0,0,0,1
brc203d,1172,10870,496,0,0,0,1
brc203d,1173,10900,520,0,0,0,1
brc203d,1174,10866,603,0,0,0,1
brc203d,1175,10917,490,0,0,0,1
brc203d,1176,10649,540,0,0,0,1
brc203d,1177,11292,638,0,0,0,1
brc203d,1178,10476,595,0,0,0,1
brc203d,1179,10222,542,0,0,0,1
brc203d,1180,10735,541,0,0,0,1
brc203d,1181,10432,562,0,0,0,1
brc203d,1182,10290,530,0,0,0,1
brc203d,1183,10371,557,0,0,0,1
brc203d,1184,10485,584,0,0,0,1
brc203d,1185,10187,474,0,0,0,1
brc203d,1186,10283,517,0,0,0,1
brc203d,1187,10857,547,0,0,0,1
brc203d,1188,10916,714,0,0,0,1
brc203d,1189,10436,538,0,0,0,1
brc203d,1190,10758,583,0,0,0,1
brc203d,1191,10795,500,0,0,0,1
brc203d,1192,10594,455,0,0,0,1
brc203d,1193,10517,539,0,0,0,1
brc203d,1194,10746,578,0,0,0,1
brc203d,1195,10451,562,0,0,0,1
brc203d,1196,10650,498,0,0,0,1
brc203d,1197,10834,563,0,0,0,1
brc203d,1198,10505,567,0,0,0,1
brc203d,1199,10556,598,0,0,0,1
brc203d,1200,10981,656,0,0,0,1
brc203d,1201,10963,561,0,0,0,1
brc203d,1202,10752,490,0,0,0,1
brc203d,1203,10922,543,0,0,0,1
brc203d,1204,10809,621,0,0,0,1
brc203d,1205,10823,479,0,0,0,1
brc203d,1206,10794,560,0,0,0,1
brc203d,1207,10646,534,0,0,0,1
brc203d,1208,10448,456,0,0,0,1
brc203d,1209,10696,610,0,0,0,1
brc203d,1210,11231,583,0,0,0,1
brc203d,1211,10897,489,0,0,0,1
brc203d,1212,10763,628,0,0,0,1
brc203d,1213,10565,481,0,0,0,1
brc203d,1214,10546,486,0,0,0,1
brc203d,1215,10561,609,0,0,0,1
brc203d,1216,10583,480,0,0,0,1
brc203d,1217,10581,483,0,0,0,1
brc203d,1218,10565,433,0,0,0,1
brc203d,1219,10731,492,0,0,0,1
brc203d,1220,11284,578,0,0,0,1
brc203d,1221,10895,560,0,0,0,1
brc203d,1222,10819,572,0,0,0,1
brc203d,1223,10773,564,0,0,0,1
brc203d,1224,10685,494,0,0,0,1
brc203d,1225,10681,532,0,0,0,1
brc203d,1226,10725,530,0,0,0,1
brc203d,1227,10825,485,0,0,0,1
brc203d,1228,10614,467,0,0,0,1
brc203d,1229,10915,527,0,0,0,1
brc203d,1230,10881,506,0,0,0,1
brc203d,1231,10792,499,0,0,0,1
brc203d,1232,10801,478,0,0,0,1
brc203d,1233,10871,486,0,0,0,1
brc203d,1234,10756,459,0,0,0,1
brc203d,1235,10822,509,0,0,0,1
brc203d,1236,10783,506,0,0,0,1
brc203d,1237,10843,497,0,0,0,1
brc203d,1238,10978,522,0,0,0,1
brc203d,1239,11434,472,0,0,0,1
brc203d,1240,11262,594,0,0,0,1
brc203d,1241,11061,532,0,0,0,1
brc203d,1242,11000,480,0,0,0,1
brc203d,1243,10988,456,0,0,0,1
brc203d,1244,10960,544,0,0,0,1
brc203d,1245,11057,485,0,0,0,1
brc203d,1246,10994,505,0,0,0,1
brc203d,1247,10807,452,0,0,0,1
brc203d,1248,11049,470,0,0,0,1
brc203d,1249,10897,441,0,0,0,1
brc203d,1250,11009,507,0,0,0,1
brc203d,1251,11039,494,0,0,0,1
brc203d,1252,11224,489,0,0,0,1
brc203d,1253,11062,482,0,0,0,1
brc203d,1254,11013,505,0,0,0,1
brc203d,1255,10986,534,0,0,0,1
brc203d,1256,11001,538,0,0,0,1
brc203d,1257,10978,486,0,0,0,1
brc203d,1258,11103,460,0,0,0,1
brc203d,1259,11189,593,0,0,0,1
brc203d,1260,11166,521,0,0,0,1
brc203d,1261,11043,484,0,0,0,1
brc203d,1262,11139,498,0,0,0,1
brc203d,1263,11367,562,0,0,0,1
brc203d,1264,11317,461,0,0,0,1
brc203d,1265,11205,452,0,0,0,1
brc203d,1266,11351,463,0,0,0,1
brc203d,1267,11309,606,0,0,0,1
brc203d,1268,11323,582,0,0,0,1
brc203d,1269,11147,722,0,0,0,1
brc203d,1270,11623,575,0,0,0,1
brc203d,1271,12259,824,0,0,0,1
brc203d,1272,11341,703,0,0,0,1
brc203d,1273,11350,657,0,0,0,1
brc203d,1274,17982,771,0,0,0,1
brc203d,1275,16176,582,0,0,0,1
brc203d,1276,15521,652,0,0,0,1
brc203d,1277,14424,498,0,0,0,1
brc203d,1278,13535,422,0,0,0,1
brc203d,1279,15049,553,0,0,0,1
brc203d,1280,14367,526,0,0,0,1
brc203d,1281,12737,480,0,0,0,1
brc203d,1282,12408,507,0,0,0,1
brc203d,1283,12212,543,0,0,0,1
brc203d,1284,12262,520,0,0,0,1
brc203d,1285,12021,521,0,0,0,1
brc203d,1286,12172,549,0,0,0,1
brc203d,1287,11966,546,0,0,0,1
brc203d,1288,11922,754,0,0,0,1
brc203d,1289,15130,591,0,0,0,1
brc203d,1290,12640,520,0,0,0,1
brc203d,1291,12079,502,0,0,0,1
brc203d,1292,11989,576,0,0,0,1
brc203d,1293,11822,462,0,0,0,1
brc203d,1294,11871,492,0,0,0,1
brc203d,1295,11875,531,0,0,0,1
brc203d,1296,11595,499,0,0,0,1
brc203d,1297,11668,474,0,0,0,1
brc203d,1298,11680,644,0,0,0,1
brc203d,1299,11498,467,0,0,0,1
brc203d,1300,11573,546,0,0,0,1
brc203d,1301,11456,453,0,0,0,1
brc203d,1302,11597,529,0,0,0,1
brc203d,1303,11963,476,0,0,0,1
brc203d,1304,11729,627,0,0,0,1
brc203d,1305,15496,567,0,0,0,1
brc203d,1306,14723,538,0,0,0,1
brc203d,1307,15352,506,0,0,0,1
brc203d,1308,15291,530,0,0,0,1
brc203d,1309,14838,516,0,0,0,1
brc203d,1310,14105,566,0,0,0,1
brc203d,1311,13075,499,0,0,0,1
brc203d,1312,12449,467,0,0,0,1
brc203d,1313,12299,457,0,0,0,1
brc203d,1314,14662,438,0,0,0,1
brc203d,1315,15213,483,0,0,0,1
brc203d,1316,13950,408,0,0,0,1
brc203d,1317,14448,486,0,0,0,1
brc203d,1318,14014,421,0,0,0,1
brc203d,1319,13909,471,0,0,0,1
