map,scenid,total-src,20move-src,distance,path_size,hLevel,pure
brc505d,0,222,375,0,0,3,0
brc505d,1,155,226,0,0,3,0
brc505d,2,230,314,0,0,3,0
brc505d,3,211,287,0,0,3,0
brc505d,4,201,256,0,0,3,0
brc505d,5,142,166,0,0,3,0
brc505d,6,143,280,0,0,3,0
brc505d,7,183,211,0,0,3,0
brc505d,8,162,246,0,0,3,0
brc505d,9,159,293,0,0,3,0
brc505d,10,424,840,0,0,3,0
brc505d,11,579,806,0,0,3,0
brc505d,12,411,678,0,0,3,0
brc505d,13,227,347,0,0,3,0
brc505d,14,199,282,0,0,3,0
brc505d,15,267,388,0,0,3,0
brc505d,16,483,739,0,0,3,0
brc505d,17,423,587,0,0,3,0
brc505d,18,199,290,0,0,3,0
brc505d,19,258,282,0,0,3,0
brc505d,20,284,481,0,0,3,0
brc505d,21,307,376,0,0,3,0
brc505d,22,263,410,0,0,3,0
brc505d,23,332,621,0,0,3,0
brc505d,24,472,410,0,0,3,0
brc505d,25,275,334,0,0,3,0
brc505d,26,432,686,0,0,3,0
brc505d,27,540,814,0,0,3,0
brc505d,28,218,275,0,0,3,0
brc505d,29,297,344,0,0,3,0
brc505d,30,577,934,0,0,3,0
brc505d,31,477,887,0,0,3,0
brc505d,32,557,1146,0,0,3,0
brc505d,33,427,771,0,0,3,0
brc505d,34,477,575,0,0,3,0
brc505d,35,705,1095,0,0,3,0
brc505d,36,677,873,0,0,3,0
brc505d,37,458,603,0,0,3,0
brc505d,38,696,824,0,0,3,0
brc505d,39,553,721,0,0,3,0
brc505d,40,982,1830,0,0,3,0
brc505d,41,1002,1861,0,0,3,0
brc505d,42,431,691,0,0,3,0
brc505d,43,1096,1941,0,0,3,0
brc505d,44,599,716,0,0,3,0
brc505d,45,912,1581,0,0,3,0
brc505d,46,655,1170,0,0,3,0
brc505d,47,687,1054,0,0,3,0
brc505d,48,684,769,0,0,3,0
brc505d,49,717,1108,0,0,3,0
brc505d,50,627,1152,0,0,3,0
brc505d,51,660,1021,0,0,3,0
brc505d,52,597,941,0,0,3,0
brc505d,53,910,1536,0,0,3,0
brc505d,54,667,882,0,0,3,0
brc505d,55,1227,1758,0,0,3,0
brc505d,56,1025,1312,0,0,3,0
brc505d,57,1032,1921,0,0,3,0
brc505d,58,502,861,0,0,3,0
brc505d,59,1159,1344,0,0,3,0
brc505d,60,626,912,0,0,3,0
brc505d,61,691,1042,0,0,3,0
brc505d,62,1328,2328,0,0,3,0
brc505d,63,1390,1768,0,0,3,0
brc505d,64,687,1007,0,0,3,0
brc505d,65,967,1160,0,0,3,0
brc505d,66,641,552,0,0,3,0
brc505d,67,1190,1254,0,0,3,0
brc505d,68,1281,926,0,0,3,0
brc505d,69,689,763,0,0,3,0
brc505d,70,1114,1262,0,0,3,0
brc505d,71,764,641,0,0,3,0
brc505d,72,930,925,0,0,3,0
brc505d,73,597,679,0,0,3,0
brc505d,74,765,760,0,0,3,0
brc505d,75,1184,1283,0,0,3,0
brc505d,76,916,982,0,0,3,0
brc505d,77,1112,653,0,0,3,0
brc505d,78,838,723,0,0,3,0
brc505d,79,619,515,0,0,3,0
brc505d,80,714,700,0,0,3,0
brc505d,81,912,874,0,0,3,0
brc505d,82,697,579,0,0,3,0
brc505d,83,981,933,0,0,3,0
brc505d,84,1363,1201,0,0,3,0
brc505d,85,2653,2602,0,0,3,0
brc505d,86,934,854,0,0,3,0
brc505d,87,753,676,0,0,3,0
brc505d,88,1610,1210,0,0,3,0
brc505d,89,1442,1311,0,0,3,0
brc505d,90,1172,1424,0,0,3,0
brc505d,91,772,550,0,0,3,0
brc505d,92,1764,1299,0,0,3,0
brc505d,93,1460,1611,0,0,3,0
brc505d,94,1458,1451,0,0,3,0
brc505d,95,743,444,0,0,3,0
brc505d,96,1348,1050,0,0,3,0
brc505d,97,3777,1886,0,0,3,0
brc505d,98,992,814,0,0,3,0
brc505d,99,761,665,0,0,3,0
brc505d,100,1537,1597,0,0,3,0
brc505d,101,1032,856,0,0,3,0
brc505d,102,1040,620,0,0,3,0
brc505d,103,1208,879,0,0,3,0
brc505d,104,2103,1410,0,0,3,0
brc505d,105,897,1002,0,0,3,0
brc505d,106,3063,2424,0,0,3,0
brc505d,107,1429,965,0,0,3,0
brc505d,108,1413,1457,0,0,3,0
brc505d,109,2739,2063,0,0,3,0
brc505d,110,1592,925,0,0,3,0
brc505d,111,1956,2147,0,0,3,0
brc505d,112,2491,1378,0,0,3,0
brc505d,113,1500,1238,0,0,3,0
brc505d,114,799,617,0,0,3,0
brc505d,115,1046,787,0,0,3,0
brc505d,116,1567,731,0,0,3,0
brc505d,117,1472,1023,0,0,3,0
brc505d,118,3180,2508,0,0,3,0
brc505d,119,1358,1234,0,0,3,0
brc505d,120,1459,906,0,0,3,0
brc505d,121,1723,882,0,0,3,0
brc505d,122,926,528,0,0,3,0
brc505d,123,1643,1762,0,0,3,0
brc505d,124,1163,562,0,0,3,0
brc505d,125,2878,1313,0,0,3,0
brc505d,126,1669,1782,0,0,3,0
brc505d,127,2819,1981,0,0,3,0
brc505d,128,1269,554,0,0,3,0
brc505d,129,2830,1110,0,0,3,0
brc505d,130,1749,1025,0,0,3,0
brc505d,131,1239,1050,0,0,3,0
brc505d,132,1350,743,0,0,3,0
brc505d,133,1953,1027,0,0,3,0
brc505d,134,1445,1116,0,0,3,0
brc505d,135,959,654,0,0,3,0
brc505d,136,2025,565,0,0,3,0
brc505d,137,2241,1629,0,0,3,0
brc505d,138,3465,1715,0,0,3,0
brc505d,139,1427,746,0,0,3,0
brc505d,140,3826,2092,0,0,3,0
brc505d,141,2510,1269,0,0,3,0
brc505d,142,1425,723,0,0,3,0
brc505d,143,1265,605,0,0,3,0
brc505d,144,3438,1924,0,0,3,0
brc505d,145,3113,2029,0,0,3,0
brc505d,146,1880,1043,0,0,3,0
brc505d,147,3612,1674,0,0,3,0
brc505d,148,3449,1841,0,0,3,0
brc505d,149,2253,838,0,0,3,0
brc505d,150,1955,1286,0,0,3,0
brc505d,151,5052,936,0,0,3,0
brc505d,152,1909,1401,0,0,3,0
brc505d,153,2514,1556,0,0,3,0
brc505d,154,1396,784,0,0,3,0
brc505d,155,2449,1722,0,0,3,0
brc505d,156,1257,683,0,0,3,0
brc505d,157,2434,2625,0,0,3,0
brc505d,158,1226,595,0,0,3,0
brc505d,159,1690,759,0,0,3,0
brc505d,160,4630,1362,0,0,3,0
brc505d,161,2387,1278,0,0,3,0
brc505d,162,2305,1083,0,0,3,0
brc505d,163,2115,1532,0,0,3,0
brc505d,164,2438,1668,0,0,3,0
brc505d,165,4631,2511,0,0,3,0
brc505d,166,3469,1836,0,0,3,0
brc505d,167,2987,1115,0,0,3,0
brc505d,168,1677,751,0,0,3,0
brc505d,169,3104,2209,0,0,3,0
brc505d,170,3323,1041,0,0,3,0
brc505d,171,4737,860,0,0,3,0
brc505d,172,3557,2124,0,0,3,0
brc505d,173,3971,1265,0,0,3,0
brc505d,174,2804,1020,0,0,3,0
brc505d,175,4290,1236,0,0,3,0
brc505d,176,4189,1872,0,0,3,0
brc505d,177,3557,2129,0,0,3,0
brc505d,178,3000,1336,0,0,3,0
brc505d,179,3953,1700,0,0,3,0
brc505d,180,3416,1078,0,0,3,0
brc505d,181,2510,1078,0,0,3,0
brc505d,182,1889,770,0,0,3,0
brc505d,183,2902,1135,0,0,3,0
brc505d,184,4059,1998,0,0,3,0
brc505d,185,3166,931,0,0,3,0
brc505d,186,3744,818,0,0,3,0
brc505d,187,2789,1867,0,0,3,0
brc505d,188,1779,625,0,0,3,0
brc505d,189,1603,642,0,0,3,0
brc505d,190,1958,710,0,0,3,0
brc505d,191,2502,1071,0,0,3,0
brc505d,192,2761,1503,0,0,3,0
brc505d,193,3845,800,0,0,3,0
brc505d,194,2706,950,0,0,3,0
brc505d,195,2583,679,0,0,3,0
brc505d,196,2334,1168,0,0,3,0
brc505d,197,2556,735,0,0,3,0
brc505d,198,2637,1154,0,0,3,0
brc505d,199,2065,801,0,0,3,0
brc505d,200,4075,854,0,0,3,0
brc505d,201,2008,724,0,0,3,0
brc505d,202,4440,1476,0,0,3,0
brc505d,203,2509,1858,0,0,3,0
brc505d,204,3128,791,0,0,3,0
brc505d,205,3571,1011,0,0,3,0
brc505d,206,2748,791,0,0,3,0
brc505d,207,2739,1464,0,0,3,0
brc505d,208,4116,903,0,0,3,0
brc505d,209,4062,1458,0,0,3,0
brc505d,210,3712,1268,0,0,3,0
brc505d,211,2089,797,0,0,3,0
brc505d,212,3312,749,0,0,3,0
brc505d,213,2878,1335,0,0,3,0
brc505d,214,4014,1130,0,0,3,0
brc505d,215,6273,1659,0,0,3,0
brc505d,216,2442,886,0,0,3,0
brc505d,217,3445,1770,0,0,3,0
brc505d,218,3555,854,0,0,3,0
brc505d,219,2955,826,0,0,3,0
brc505d,220,4415,1198,0,0,3,0
brc505d,221,3583,822,0,0,3,0
brc505d,222,3373,887,0,0,3,0
brc505d,223,2636,693,0,0,3,0
brc505d,224,3064,862,0,0,3,0
brc505d,225,2705,898,0,0,3,0
brc505d,226,4783,1426,0,0,3,0
brc505d,227,6523,2412,0,0,3,0
brc505d,228,3600,1160,0,0,3,0
brc505d,229,2487,967,0,0,3,0
brc505d,230,3875,1095,0,0,3,0
brc505d,231,3104,939,0,0,3,0
brc505d,232,4330,995,0,0,3,0
brc505d,233,2474,631,0,0,3,0
brc505d,234,3404,1421,0,0,3,0
brc505d,235,2295,614,0,0,3,0
brc505d,236,2546,834,0,0,3,0
brc505d,237,5687,982,0,0,3,0
brc505d,238,3927,1082,0,0,3,0
brc505d,239,3353,837,0,0,3,0
brc505d,240,6033,771,0,0,3,0
brc505d,241,6287,622,0,0,3,0
brc505d,242,3413,1452,0,0,3,0
brc505d,243,4899,2393,0,0,3,0
brc505d,244,6654,2501,0,0,3,0
brc505d,245,4693,1372,0,0,3,0
brc505d,246,4046,1510,0,0,3,0
brc505d,247,4956,730,0,0,3,0
brc505d,248,5289,1332,0,0,3,0
brc505d,249,4631,1928,0,0,3,0
brc505d,250,3522,1456,0,0,3,0
brc505d,251,3203,1417,0,0,3,0
brc505d,252,3678,1093,0,0,3,0
brc505d,253,3615,807,0,0,3,0
brc505d,254,4113,600,0,0,3,0
brc505d,255,3152,812,0,0,3,0
brc505d,256,4450,1208,0,0,3,0
brc505d,257,3720,821,0,0,3,0
brc505d,258,6101,2792,0,0,3,0
brc505d,259,3694,832,0,0,3,0
brc505d,260,4872,926,0,0,3,0
brc505d,261,3909,1082,0,0,3,0
brc505d,262,3196,700,0,0,3,0
brc505d,263,4188,789,0,0,3,0
brc505d,264,3494,816,0,0,3,0
brc505d,265,4699,2143,0,0,3,0
brc505d,266,3535,1198,0,0,3,0
brc505d,267,5698,1380,0,0,3,0
brc505d,268,3244,1284,0,0,3,0
brc505d,269,3120,1254,0,0,3,0
brc505d,270,2930,882,0,0,3,0
brc505d,271,3741,1248,0,0,3,0
brc505d,272,4393,952,0,0,3,0
brc505d,273,4563,959,0,0,3,0
brc505d,274,4583,1254,0,0,3,0
brc505d,275,3348,984,0,0,3,0
brc505d,276,3473,1044,0,0,3,0
brc505d,277,4872,1292,0,0,3,0
brc505d,278,3774,1136,0,0,3,0
brc505d,279,7171,2599,0,0,3,0
brc505d,280,3543,973,0,0,3,0
brc505d,281,3812,896,0,0,3,0
brc505d,282,3355,676,0,0,3,0
brc505d,283,5450,1237,0,0,3,0
brc505d,284,5856,802,0,0,3,0
brc505d,285,4114,831,0,0,3,0
brc505d,286,3222,716,0,0,3,0
brc505d,287,3780,862,0,0,3,0
brc505d,288,6177,774,0,0,3,0
brc505d,289,3716,1212,0,0,3,0
brc505d,290,4717,940,0,0,3,0
brc505d,291,3844,1277,0,0,3,0
brc505d,292,3478,1775,0,0,3,0
brc505d,293,4162,658,0,0,3,0
brc505d,294,3305,942,0,0,3,0
brc505d,295,3999,1055,0,0,3,0
brc505d,296,3265,1096,0,0,3,0
brc505d,297,4612,1163,0,0,3,0
brc505d,298,4864,950,0,0,3,0
brc505d,299,4844,1102,0,0,3,0
brc505d,300,4164,719,0,0,3,0
brc505d,301,3836,935,0,0,3,0
brc505d,302,3367,1214,0,0,3,0
brc505d,303,4472,972,0,0,3,0
brc505d,304,4657,1328,0,0,3,0
brc505d,305,4952,1142,0,0,3,0
brc505d,306,6754,1260,0,0,3,0
brc505d,307,4135,615,0,0,3,0
brc505d,308,3883,816,0,0,3,0
brc505d,309,6791,1384,0,0,3,0
brc505d,310,3679,1078,0,0,3,0
brc505d,311,4779,669,0,0,3,0
brc505d,312,3954,762,0,0,3,0
brc505d,313,5406,736,0,0,3,0
brc505d,314,3957,1057,0,0,3,0
brc505d,315,5986,1608,0,0,3,0
brc505d,316,3924,905,0,0,3,0
brc505d,317,5605,863,0,0,3,0
brc505d,318,2920,506,0,0,3,0
brc505d,319,4328,978,0,0,3,0
brc505d,320,4208,857,0,0,3,0
brc505d,321,3562,895,0,0,3,0
brc505d,322,6471,1188,0,0,3,0
brc505d,323,4884,661,0,0,3,0
brc505d,324,4841,994,0,0,3,0
brc505d,325,5612,921,0,0,3,0
brc505d,326,5326,1257,0,0,3,0
brc505d,327,5194,818,0,0,3,0
brc505d,328,4523,960,0,0,3,0
brc505d,329,7344,797,0,0,3,0
brc505d,330,3495,585,0,0,3,0
brc505d,331,2713,904,0,0,3,0
brc505d,332,5472,1339,0,0,3,0
brc505d,333,5439,893,0,0,3,0
brc505d,334,5435,1209,0,0,3,0
brc505d,335,4499,761,0,0,3,0
brc505d,336,5987,904,0,0,3,0
brc505d,337,3738,1025,0,0,3,0
brc505d,338,6761,1707,0,0,3,0
brc505d,339,4531,537,0,0,3,0
brc505d,340,4611,1428,0,0,3,0
brc505d,341,4489,1055,0,0,3,0
brc505d,342,5436,1024,0,0,3,0
brc505d,343,4988,782,0,0,3,0
brc505d,344,3835,687,0,0,3,0
brc505d,345,4292,990,0,0,3,0
brc505d,346,5319,1834,0,0,3,0
brc505d,347,4361,1373,0,0,3,0
brc505d,348,3797,1141,0,0,3,0
brc505d,349,6409,1201,0,0,3,0
brc505d,350,5413,1868,0,0,3,0
brc505d,351,5404,1084,0,0,3,0
brc505d,352,6025,837,0,0,3,0
brc505d,353,6190,682,0,0,3,0
brc505d,354,3865,706,0,0,3,0
brc505d,355,4599,1831,0,0,3,0
brc505d,356,7591,1063,0,0,3,0
brc505d,357,4739,774,0,0,3,0
brc505d,358,5098,934,0,0,3,0
brc505d,359,5243,738,0,0,3,0
brc505d,360,6667,1628,0,0,3,0
brc505d,361,5835,1175,0,0,3,0
brc505d,362,5683,1473,0,0,3,0
brc505d,363,4966,754,0,0,3,0
brc505d,364,6591,801,0,0,3,0
brc505d,365,5965,637,0,0,3,0
brc505d,366,5423,567,0,0,3,0
brc505d,367,5225,1000,0,0,3,0
brc505d,368,7451,1525,0,0,3,0
brc505d,369,6180,989,0,0,3,0
brc505d,370,5718,1176,0,0,3,0
brc505d,371,5440,787,0,0,3,0
brc505d,372,5203,1341,0,0,3,0
brc505d,373,4751,1125,0,0,3,0
brc505d,374,4431,783,0,0,3,0
brc505d,375,7067,823,0,0,3,0
brc505d,376,7238,1242,0,0,3,0
brc505d,377,5084,1236,0,0,3,0
brc505d,378,4362,694,0,0,3,0
brc505d,379,5917,1328,0,0,3,0
brc505d,380,6416,773,0,0,3,0
brc505d,381,3966,631,0,0,3,0
brc505d,382,5795,583,0,0,3,0
brc505d,383,4703,994,0,0,3,0
brc505d,384,5218,922,0,0,3,0
brc505d,385,6528,1199,0,0,3,0
brc505d,386,4899,723,0,0,3,0
brc505d,387,6081,1081,0,0,3,0
brc505d,388,5196,639,0,0,3,0
brc505d,389,7527,727,0,0,3,0
brc505d,390,5119,821,0,0,3,0
brc505d,391,5316,1131,0,0,3,0
brc505d,392,4870,602,0,0,3,0
brc505d,393,5043,884,0,0,3,0
brc505d,394,5717,1368,0,0,3,0
brc505d,395,5557,1229,0,0,3,0
brc505d,396,7256,1107,0,0,3,0
brc505d,397,6930,757,0,0,3,0
brc505d,398,5501,489,0,0,3,0
brc505d,399,4923,685,0,0,3,0
brc505d,400,7571,890,0,0,3,0
brc505d,401,5331,696,0,0,3,0
brc505d,402,5423,652,0,0,3,0
brc505d,403,4461,1187,0,0,3,0
brc505d,404,5548,1106,0,0,3,0
brc505d,405,6079,1084,0,0,3,0
brc505d,406,7071,1244,0,0,3,0
brc505d,407,5269,1588,0,0,3,0
brc505d,408,4400,863,0,0,3,0
brc505d,409,5379,955,0,0,3,0
brc505d,410,6892,814,0,0,3,0
brc505d,411,4716,544,0,0,3,0
brc505d,412,4558,671,0,0,3,0
brc505d,413,9269,739,0,0,3,0
brc505d,414,3875,609,0,0,3,0
brc505d,415,6469,871,0,0,3,0
brc505d,416,5105,763,0,0,3,0
brc505d,417,6018,1010,0,0,3,0
brc505d,418,5460,1075,0,0,3,0
brc505d,419,5007,597,0,0,3,0
brc505d,420,6779,1392,0,0,3,0
brc505d,421,5428,660,0,0,3,0
brc505d,422,6093,901,0,0,3,0
brc505d,423,5823,766,0,0,3,0
brc505d,424,4919,613,0,0,3,0
brc505d,425,5806,846,0,0,3,0
brc505d,426,15942,1110,0,0,3,0
brc505d,427,6388,824,0,0,3,0
brc505d,428,5648,557,0,0,3,0
brc505d,429,8515,1512,0,0,3,0
brc505d,430,9465,625,0,0,3,0
brc505d,431,7105,797,0,0,3,0
brc505d,432,6538,1317,0,0,3,0
brc505d,433,5438,875,0,0,3,0
brc505d,434,4471,639,0,0,3,0
brc505d,435,7603,1917,0,0,3,0
brc505d,436,8872,694,0,0,3,0
brc505d,437,7915,2176,0,0,3,0
brc505d,438,7921,1400,0,0,3,0
brc505d,439,5723,572,0,0,3,0
brc505d,440,6660,908,0,0,3,0
brc505d,441,6101,1731,0,0,3,0
brc505d,442,5854,1082,0,0,3,0
brc505d,443,7364,1896,0,0,3,0
brc505d,444,6216,1464,0,0,3,0
brc505d,445,8515,1546,0,0,3,0
brc505d,446,5283,490,0,0,3,0
brc505d,447,6076,1133,0,0,3,0
brc505d,448,7500,642,0,0,3,0
brc505d,449,5012,706,0,0,3,0
brc505d,450,4252,994,0,0,3,0
brc505d,451,7226,1030,0,0,3,0
brc505d,452,7442,832,0,0,3,0
brc505d,453,8954,733,0,0,3,0
brc505d,454,8474,1018,0,0,3,0
brc505d,455,5642,746,0,0,3,0
brc505d,456,8444,1649,0,0,3,0
brc505d,457,7222,1868,0,0,3,0
brc505d,458,5660,730,0,0,3,0
brc505d,459,7130,714,0,0,3,0
brc505d,460,7765,1609,0,0,3,0
brc505d,461,5844,449,0,0,3,0
brc505d,462,6182,719,0,0,3,0
brc505d,463,5925,1438,0,0,3,0
brc505d,464,6999,1861,0,0,3,0
brc505d,465,6999,706,0,0,3,0
brc505d,466,4468,849,0,0,3,0
brc505d,467,5128,771,0,0,3,0
brc505d,468,9118,848,0,0,3,0
brc505d,469,7167,812,0,0,3,0
brc505d,470,4594,938,0,0,3,0
brc505d,471,4637,691,0,0,3,0
brc505d,472,8173,1277,0,0,3,0
brc505d,473,5441,978,0,0,3,0
brc505d,474,5384,644,0,0,3,0
brc505d,475,7954,734,0,0,3,0
brc505d,476,6751,965,0,0,3,0
brc505d,477,4722,434,0,0,3,0
brc505d,478,9376,753,0,0,3,0
brc505d,479,8901,1150,0,0,3,0
brc505d,480,10735,1987,0,0,3,0
brc505d,481,5207,492,0,0,3,0
brc505d,482,7878,785,0,0,3,0
brc505d,483,9031,1368,0,0,3,0
brc505d,484,7416,709,0,0,3,0
brc505d,485,7526,1180,0,0,3,0
brc505d,486,8476,1414,0,0,3,0
brc505d,487,14779,1378,0,0,3,0
brc505d,488,6606,478,0,0,3,0
brc505d,489,5855,514,0,0,3,0
brc505d,490,9898,776,0,0,3,0
brc505d,491,5559,774,0,0,3,0
brc505d,492,7764,685,0,0,3,0
brc505d,493,10228,1178,0,0,3,0
brc505d,494,8137,2139,0,0,3,0
brc505d,495,8894,833,0,0,3,0
brc505d,496,8873,775,0,0,3,0
brc505d,497,8545,770,0,0,3,0
brc505d,498,5722,568,0,0,3,0
brc505d,499,6966,689,0,0,3,0
brc505d,500,9172,1614,0,0,3,0
brc505d,501,7486,677,0,0,3,0
brc505d,502,6268,501,0,0,3,0
brc505d,503,9161,1035,0,0,3,0
brc505d,504,8249,1917,0,0,3,0
brc505d,505,11629,1062,0,0,3,0
brc505d,506,7136,1063,0,0,3,0
brc505d,507,7505,852,0,0,3,0
brc505d,508,6092,757,0,0,3,0
brc505d,509,4365,546,0,0,3,0
brc505d,510,7455,683,0,0,3,0
brc505d,511,10159,892,0,0,3,0
brc505d,512,5987,824,0,0,3,0
brc505d,513,6862,960,0,0,3,0
brc505d,514,10651,695,0,0,3,0
brc505d,515,6358,1176,0,0,3,0
brc505d,516,8715,1277,0,0,3,0
brc505d,517,7872,1321,0,0,3,0
brc505d,518,9849,1092,0,0,3,0
brc505d,519,7645,999,0,0,3,0
brc505d,520,8341,723,0,0,3,0
brc505d,521,5691,987,0,0,3,0
brc505d,522,8413,1134,0,0,3,0
brc505d,523,6637,1033,0,0,3,0
brc505d,524,8848,1461,0,0,3,0
brc505d,525,8529,807,0,0,3,0
brc505d,526,6894,1769,0,0,3,0
brc505d,527,7108,998,0,0,3,0
brc505d,528,7600,1413,0,0,3,0
brc505d,529,6578,888,0,0,3,0
brc505d,530,9075,854,0,0,3,0
brc505d,531,5339,728,0,0,3,0
brc505d,532,4654,929,0,0,3,0
brc505d,533,3996,536,0,0,3,0
brc505d,534,7022,1304,0,0,3,0
brc505d,535,8349,872,0,0,3,0
brc505d,536,5521,742,0,0,3,0
brc505d,537,10027,732,0,0,3,0
brc505d,538,7807,937,0,0,3,0
brc505d,539,5079,454,0,0,3,0
brc505d,540,8249,748,0,0,3,0
brc505d,541,5182,536,0,0,3,0
brc505d,542,7049,631,0,0,3,0
brc505d,543,7468,1034,0,0,3,0
brc505d,544,5748,1044,0,0,3,0
brc505d,545,8567,747,0,0,3,0
brc505d,546,6791,1661,0,0,3,0
brc505d,547,8293,1290,0,0,3,0
brc505d,548,10921,792,0,0,3,0
brc505d,549,8040,782,0,0,3,0
brc505d,550,6091,856,0,0,3,0
brc505d,551,5533,825,0,0,3,0
brc505d,552,4740,418,0,0,3,0
brc505d,553,6076,711,0,0,3,0
brc505d,554,8912,1037,0,0,3,0
brc505d,555,10941,993,0,0,3,0
brc505d,556,9579,834,0,0,3,0
brc505d,557,7989,775,0,0,3,0
brc505d,558,10710,749,0,0,3,0
brc505d,559,6159,662,0,0,3,0
brc505d,560,9936,1126,0,0,3,0
brc505d,561,7947,875,0,0,3,0
brc505d,562,4999,526,0,0,3,0
brc505d,563,5077,576,0,0,3,0
brc505d,564,7139,783,0,0,3,0
brc505d,565,6699,620,0,0,3,0
brc505d,566,6759,1432,0,0,3,0
brc505d,567,9523,986,0,0,3,0
brc505d,568,9224,957,0,0,3,0
brc505d,569,10374,834,0,0,3,0
brc505d,570,10841,779,0,0,3,0
brc505d,571,6562,1144,0,0,3,0
brc505d,572,8646,794,0,0,3,0
brc505d,573,7796,1291,0,0,3,0
brc505d,574,6739,696,0,0,3,0
brc505d,575,9322,770,0,0,3,0
brc505d,576,6749,655,0,0,3,0
brc505d,577,5003,921,0,0,3,0
brc505d,578,9189,1983,0,0,3,0
brc505d,579,9032,999,0,0,3,0
brc505d,580,6301,531,0,0,3,0
brc505d,581,10386,859,0,0,3,0
brc505d,582,8046,678,0,0,3,0
brc505d,583,5606,535,0,0,3,0
brc505d,584,10900,688,0,0,3,0
brc505d,585,6086,711,0,0,3,0
brc505d,586,5173,771,0,0,3,0
brc505d,587,8892,968,0,0,3,0
brc505d,588,6350,593,0,0,3,0
brc505d,589,9796,698,0,0,3,0
brc505d,590,8182,1481,0,0,3,0
brc505d,591,11994,714,0,0,3,0
brc505d,592,6071,494,0,0,3,0
brc505d,593,8545,996,0,0,3,0
brc505d,594,11210,972,0,0,3,0
brc505d,595,9442,616,0,0,3,0
brc505d,596,6628,540,0,0,3,0
brc505d,597,6224,758,0,0,3,0
brc505d,598,8818,1138,0,0,3,0
brc505d,599,11293,790,0,0,3,0
brc505d,600,6059,619,0,0,3,0
brc505d,601,10670,700,0,0,3,0
brc505d,602,5974,743,0,0,3,0
brc505d,603,5122,574,0,0,3,0
brc505d,604,11250,805,0,0,3,0
brc505d,605,5883,518,0,0,3,0
brc505d,606,5217,984,0,0,3,0
brc505d,607,5373,576,0,0,3,0
brc505d,608,9983,893,0,0,3,0
brc505d,609,6912,737,0,0,3,0
brc505d,610,5008,525,0,0,3,0
brc505d,611,5107,666,0,0,3,0
brc505d,612,10049,2193,0,0,3,0
brc505d,613,6692,594,0,0,3,0
brc505d,614,8003,1447,0,0,3,0
brc505d,615,10542,1486,0,0,3,0
brc505d,616,6064,494,0,0,3,0
brc505d,617,9765,875,0,0,3,0
brc505d,618,7290,1281,0,0,3,0
brc505d,619,7368,836,0,0,3,0
brc505d,620,11393,779,0,0,3,0
brc505d,621,6615,475,0,0,3,0
brc505d,622,7987,1212,0,0,3,0
brc505d,623,6367,1043,0,0,3,0
brc505d,624,5647,631,0,0,3,0
brc505d,625,7963,912,0,0,3,0
brc505d,626,11784,780,0,0,3,0
brc505d,627,6479,602,0,0,3,0
brc505d,628,6461,593,0,0,3,0
brc505d,629,9130,684,0,0,3,0
brc505d,630,12162,1088,0,0,3,0
brc505d,631,9586,764,0,0,3,0
brc505d,632,7796,564,0,0,3,0
brc505d,633,11756,1120,0,0,3,0
brc505d,634,7785,537,0,0,3,0
brc505d,635,13473,810,0,0,3,0
brc505d,636,10405,630,0,0,3,0
brc505d,637,11946,1268,0,0,3,0
brc505d,638,7220,499,0,0,3,0
brc505d,639,9298,623,0,0,3,0
brc505d,640,8747,859,0,0,3,0
brc505d,641,6967,612,0,0,3,0
brc505d,642,13309,1286,0,0,3,0
brc505d,643,12073,801,0,0,3,0
brc505d,644,9147,810,0,0,3,0
brc505d,645,7178,535,0,0,3,0
brc505d,646,6082,647,0,0,3,0
brc505d,647,6440,606,0,0,3,0
brc505d,648,8435,1037,0,0,3,0
brc505d,649,8190,580,0,0,3,0
brc505d,650,5936,569,0,0,3,0
brc505d,651,12209,1160,0,0,3,0
brc505d,652,14020,934,0,0,3,0
brc505d,653,11710,946,0,0,3,0
brc505d,654,11218,958,0,0,3,0
brc505d,655,7572,590,0,0,3,0
brc505d,656,6721,559,0,0,3,0
brc505d,657,5718,493,0,0,3,0
brc505d,658,5191,642,0,0,3,0
brc505d,659,6080,505,0,0,3,0
brc505d,660,12397,818,0,0,3,0
brc505d,661,11795,704,0,0,3,0
brc505d,662,12490,679,0,0,3,0
brc505d,663,11707,846,0,0,3,0
brc505d,664,9225,429,0,0,3,0
brc505d,665,11495,803,0,0,3,0
brc505d,666,7671,484,0,0,3,0
brc505d,667,7182,559,0,0,3,0
brc505d,668,5763,501,0,0,3,0
brc505d,669,11146,581,0,0,3,0
brc505d,670,12304,738,0,0,3,0
brc505d,671,13427,724,0,0,3,0
brc505d,672,11332,694,0,0,3,0
brc505d,673,12216,725,0,0,3,0
brc505d,674,11482,620,0,0,3,0
brc505d,675,10663,921,0,0,3,0
brc505d,676,7873,484,0,0,3,0
brc505d,677,8204,1476,0,0,3,0
brc505d,678,6195,640,0,0,3,0
brc505d,679,7026,499,0,0,3,0
brc505d,680,12930,1096,0,0,3,0
brc505d,681,9940,885,0,0,3,0
brc505d,682,11760,754,0,0,3,0
brc505d,683,10962,810,0,0,3,0
brc505d,684,7443,798,0,0,3,0
brc505d,685,8421,493,0,0,3,0
brc505d,686,7438,443,0,0,3,0
brc505d,687,6092,520,0,0,3,0
brc505d,688,7243,514,0,0,3,0
brc505d,689,7010,497,0,0,3,0
brc505d,690,12499,795,0,0,3,0
brc505d,691,12020,889,0,0,3,0
brc505d,692,7359,735,0,0,3,0
brc505d,693,9830,1244,0,0,3,0
brc505d,694,12048,685,0,0,3,0
brc505d,695,12284,588,0,0,3,0
brc505d,696,10165,779,0,0,3,0
brc505d,697,8289,788,0,0,3,0
brc505d,698,8978,497,0,0,3,0
brc505d,699,9398,723,0,0,3,0
brc505d,700,9706,672,0,0,3,0
brc505d,701,7030,817,0,0,3,0
brc505d,702,7335,573,0,0,3,0
brc505d,703,13020,1344,0,0,3,0
brc505d,704,7008,568,0,0,3,0
brc505d,705,11349,912,0,0,3,0
brc505d,706,7584,616,0,0,3,0
brc505d,707,6068,432,0,0,3,0
brc505d,708,9053,684,0,0,3,0
brc505d,709,7898,465,0,0,3,0
brc505d,710,8025,467,0,0,3,0
brc505d,711,10349,455,0,0,3,0
brc505d,712,7681,496,0,0,3,0
brc505d,713,10760,527,0,0,3,0
brc505d,714,7755,563,0,0,3,0
brc505d,715,5942,427,0,0,3,0
brc505d,716,7055,767,0,0,3,0
brc505d,717,5871,470,0,0,3,0
brc505d,718,6175,425,0,0,3,0
brc505d,719,5720,395,0,0,3,0
brc505d,720,11408,717,0,0,3,0
brc505d,721,13055,1101,0,0,3,0
brc505d,722,11061,918,0,0,3,0
brc505d,723,7763,555,0,0,3,0
brc505d,724,10957,671,0,0,3,0
brc505d,725,8506,579,0,0,3,0
brc505d,726,6954,410,0,0,3,0
brc505d,727,10521,689,0,0,3,0
brc505d,728,9939,826,0,0,3,0
brc505d,729,12902,733,0,0,3,0
brc505d,730,10586,837,0,0,3,0
brc505d,731,11524,628,0,0,3,0
brc505d,732,9289,382,0,0,3,0
brc505d,733,12588,899,0,0,3,0
brc505d,734,9295,1173,0,0,3,0
brc505d,735,10780,536,0,0,3,0
brc505d,736,7732,486,0,0,3,0
brc505d,737,9378,998,0,0,3,0
brc505d,738,7991,564,0,0,3,0
brc505d,739,9729,642,0,0,3,0
brc505d,740,7459,609,0,0,3,0
brc505d,741,5767,538,0,0,3,0
brc505d,742,10287,949,0,0,3,0
brc505d,743,12864,765,0,0,3,0
brc505d,744,11065,1084,0,0,3,0
brc505d,745,10675,679,0,0,3,0
brc505d,746,9827,753,0,0,3,0
brc505d,747,13352,807,0,0,3,0
brc505d,748,8638,519,0,0,3,0
brc505d,749,7359,472,0,0,3,0
brc505d,750,8745,1035,0,0,3,0
brc505d,751,10979,680,0,0,3,0
brc505d,752,12210,1010,0,0,3,0
brc505d,753,9757,619,0,0,3,0
brc505d,754,7699,660,0,0,3,0
brc505d,755,8947,561,0,0,3,0
brc505d,756,8084,525,0,0,3,0
brc505d,757,8271,624,0,0,3,0
brc505d,758,6323,507,0,0,3,0
brc505d,759,9108,515,0,0,3,0
brc505d,760,12278,943,0,0,3,0
brc505d,761,13769,931,0,0,3,0
brc505d,762,9097,602,0,0,3,0
brc505d,763,7939,508,0,0,3,0
brc505d,764,6642,431,0,0,3,0
brc505d,765,10886,490,0,0,3,0
brc505d,766,11700,511,0,0,3,0
brc505d,767,11908,760,0,0,3,0
brc505d,768,11473,511,0,0,3,0
brc505d,769,11491,547,0,0,3,0
brc505d,770,10046,537,0,0,3,0
brc505d,771,11360,643,0,0,3,0
brc505d,772,8580,554,0,0,3,0
brc505d,773,7009,583,0,0,3,0
brc505d,774,12650,1307,0,0,3,0
brc505d,775,12790,1259,0,0,3,0
brc505d,776,8398,674,0,0,3,0
brc505d,777,10343,1087,0,0,3,0
brc505d,778,8483,495,0,0,3,0
brc505d,779,7912,521,0,0,3,0
brc505d,780,12175,1069,0,0,3,0
brc505d,781,9845,572,0,0,3,0
brc505d,782,7944,567,0,0,3,0
brc505d,783,13281,1079,0,0,3,0
brc505d,784,8533,541,0,0,3,0
brc505d,785,8545,431,0,0,3,0
brc505d,786,11419,545,0,0,3,0
brc505d,787,9353,413,0,0,3,0
brc505d,788,7525,416,0,0,3,0
brc505d,789,7169,396,0,0,3,0
brc505d,790,11820,848,0,0,3,0
brc505d,791,8039,410,0,0,3,0
brc505d,792,10499,874,0,0,3,0
brc505d,793,9504,844,0,0,3,0
brc505d,794,10762,576,0,0,3,0
brc505d,795,8788,690,0,0,3,0
brc505d,796,9118,497,0,0,3,0
brc505d,797,9506,472,0,0,3,0
brc505d,798,8419,558,0,0,3,0
brc505d,799,11333,805,0,0,3,0
brc505d,800,10001,634,0,0,3,0
brc505d,801,11359,852,0,0,3,0
brc505d,802,14713,868,0,0,3,0
brc505d,803,12122,633,0,0,3,0
brc505d,804,11318,490,0,0,3,0
brc505d,805,11070,567,0,0,3,0
brc505d,806,10681,528,0,0,3,0
brc505d,807,10142,890,0,0,3,0
brc505d,808,8637,475,0,0,3,0
brc505d,809,8989,1008,0,0,3,0
brc505d,810,9535,450,0,0,3,0
brc505d,811,12327,406,0,0,3,0
brc505d,812,8339,402,0,0,3,0
brc505d,813,11662,420,0,0,3,0
brc505d,814,10076,817,0,0,3,0
brc505d,815,12735,500,0,0,3,0
brc505d,816,11689,930,0,0,3,0
brc505d,817,8913,500,0,0,3,0
brc505d,818,9880,634,0,0,3,0
brc505d,819,8042,605,0,0,3,0
brc505d,820,13028,967,0,0,3,0
brc505d,821,9872,414,0,0,3,0
brc505d,822,11665,579,0,0,3,0
brc505d,823,11598,721,0,0,3,0
brc505d,824,10539,596,0,0,3,0
brc505d,825,10714,680,0,0,3,0
brc505d,826,8697,408,0,0,3,0
brc505d,827,7943,373,0,0,3,0
brc505d,828,8490,552,0,0,3,0
brc505d,829,10306,425,0,0,3,0
brc505d,830,9357,421,0,0,3,0
brc505d,831,13158,611,0,0,3,0
brc505d,832,9289,443,0,0,3,0
brc505d,833,11260,971,0,0,3,0
brc505d,834,11030,713,0,0,3,0
brc505d,835,10421,796,0,0,3,0
brc505d,836,11539,658,0,0,3,0
brc505d,837,10438,527,0,0,3,0
brc505d,838,8780,388,0,0,3,0
brc505d,839,9775,640,0,0,3,0
brc505d,840,11386,1066,0,0,3,0
brc505d,841,11357,485,0,0,3,0
brc505d,842,8535,379,0,0,3,0
brc505d,843,8649,445,0,0,3,0
brc505d,844,10319,446,0,0,3,0
brc505d,845,7585,391,0,0,3,0
brc505d,846,7662,469,0,0,3,0
brc505d,847,9149,449,0,0,3,0
brc505d,848,11636,794,0,0,3,0
brc505d,849,7939,485,0,0,3,0
brc505d,850,11687,896,0,0,3,0
brc505d,851,10086,979,0,0,3,0
brc505d,852,9538,852,0,0,3,0
brc505d,853,10645,674,0,0,3,0
brc505d,854,10445,582,0,0,3,0
brc505d,855,9279,496,0,0,3,0
brc505d,856,10747,628,0,0,3,0
brc505d,857,7503,414,0,0,3,0
brc505d,858,8561,471,0,0,3,0
brc505d,859,9821,340,0,0,3,0
brc505d,860,14064,555,0,0,3,0
brc505d,861,9701,470,0,0,3,0
brc505d,862,12432,657,0,0,3,0
brc505d,863,10310,1016,0,0,3,0
brc505d,864,10170,485,0,0,3,0
brc505d,865,7916,536,0,0,3,0
brc505d,866,11537,490,0,0,3,0
brc505d,867,8743,716,0,0,3,0
brc505d,868,11232,555,0,0,3,0
brc505d,869,9130,580,0,0,3,0
brc505d,870,10324,565,0,0,3,0
brc505d,871,9471,576,0,0,3,0
brc505d,872,12616,393,0,0,3,0
brc505d,873,9327,471,0,0,3,0
brc505d,874,8512,442,0,0,3,0
brc505d,875,11153,561,0,0,3,0
brc505d,876,10938,368,0,0,3,0
brc505d,877,7672,479,0,0,3,0
brc505d,878,10385,453,0,0,3,0
brc505d,879,8471,392,0,0,3,0
brc505d,880,11145,890,0,0,3,0
brc505d,881,8266,342,0,0,3,0
brc505d,882,10258,493,0,0,3,0
brc505d,883,8490,376,0,0,3,0
brc505d,884,8485,363,0,0,3,0
brc505d,885,9719,621,0,0,3,0
brc505d,886,9105,793,0,0,3,0
brc505d,887,10393,468,0,0,3,0
brc505d,888,8880,531,0,0,3,0
brc505d,889,8372,440,0,0,3,0
brc505d,890,11225,633,0,0,3,0
brc505d,891,10175,616,0,0,3,0
brc505d,892,8875,563,0,0,3,0
brc505d,893,8010,431,0,0,3,0
brc505d,894,7514,489,0,0,3,0
brc505d,895,7478,407,0,0,3,0
brc505d,896,9403,381,0,0,3,0
brc505d,897,7513,393,0,0,3,0
brc505d,898,8820,541,0,0,3,0
brc505d,899,9109,380,0,0,3,0
brc505d,900,14304,508,0,0,3,0
brc505d,901,11904,552,0,0,3,0
brc505d,902,9590,474,0,0,3,0
brc505d,903,8007,367,0,0,3,0
brc505d,904,10939,447,0,0,3,0
brc505d,905,8335,363,0,0,3,0
brc505d,906,9418,388,0,0,3,0
brc505d,907,9029,397,0,0,3,0
brc505d,908,8278,420,0,0,3,0
brc505d,909,9456,416,0,0,3,0
brc505d,910,10186,469,0,0,3,0
brc505d,911,11005,539,0,0,3,0
brc505d,912,8572,430,0,0,3,0
brc505d,913,7279,404,0,0,3,0
brc505d,914,10682,457,0,0,3,0
brc505d,915,8002,388,0,0,3,0
brc505d,916,9386,374,0,0,3,0
brc505d,917,8074,394,0,0,3,0
brc505d,918,8373,463,0,0,3,0
brc505d,919,8694,513,0,0,3,0
brc505d,920,11554,481,0,0,3,0
brc505d,921,9622,740,0,0,3,0
brc505d,922,10629,512,0,0,3,0
brc505d,923,8117,408,0,0,3,0
brc505d,924,9919,416,0,0,3,0
brc505d,925,8805,397,0,0,3,0
brc505d,926,8648,402,0,0,3,0
brc505d,927,11975,689,0,0,3,0
brc505d,928,8151,465,0,0,3,0
brc505d,929,8125,427,0,0,3,0
brc505d,930,11561,516,0,0,3,0
brc505d,931,10593,484,0,0,3,0
brc505d,932,10313,490,0,0,3,0
brc505d,933,11964,451,0,0,3,0
brc505d,934,9558,439,0,0,3,0
brc505d,935,9679,411,0,0,3,0
brc505d,936,9730,374,0,0,3,0
brc505d,937,9190,424,0,0,3,0
brc505d,938,7715,386,0,0,3,0
brc505d,939,9658,437,0,0,3,0
brc505d,940,15836,444,0,0,3,0
brc505d,941,11956,551,0,0,3,0
brc505d,942,11080,572,0,0,3,0
brc505d,943,10606,531,0,0,3,0
brc505d,944,13652,378,0,0,3,0
brc505d,945,11481,459,0,0,3,0
brc505d,946,11456,408,0,0,3,0
brc505d,947,10250,440,0,0,3,0
brc505d,948,10761,757,0,0,3,0
brc505d,949,10476,419,0,0,3,0
brc505d,950,14239,426,0,0,3,0
brc505d,951,12381,602,0,0,3,0
brc505d,952,10768,417,0,0,3,0
brc505d,953,11175,665,0,0,3,0
brc505d,954,8957,459,0,0,3,0
brc505d,955,12079,431,0,0,3,0
brc505d,956,9813,386,0,0,3,0
brc505d,957,9394,421,0,0,3,0
brc505d,958,10189,372,0,0,3,0
brc505d,959,9609,661,0,0,3,0
brc505d,960,11115,587,0,0,3,0
brc505d,961,11796,515,0,0,3,0
brc505d,962,11465,460,0,0,3,0
brc505d,963,10185,420,0,0,3,0
brc505d,964,10286,556,0,0,3,0
brc505d,965,10056,439,0,0,3,0
brc505d,966,9412,521,0,0,3,0
brc505d,967,10663,460,0,0,3,0
brc505d,968,9261,525,0,0,3,0
brc505d,969,10904,496,0,0,3,0
brc505d,970,13083,577,0,0,3,0
brc505d,971,10023,478,0,0,3,0
brc505d,972,14190,615,0,0,3,0
brc505d,973,10651,358,0,0,3,0
brc505d,974,12989,454,0,0,3,0
brc505d,975,13033,651,0,0,3,0
brc505d,976,11616,670,0,0,3,0
brc505d,977,13633,523,0,0,3,0
brc505d,978,12772,444,0,0,3,0
brc505d,979,12305,680,0,0,3,0
brc505d,980,12455,547,0,0,3,0
brc505d,981,12674,613,0,0,3,0
brc505d,982,12384,433,0,0,3,0
brc505d,983,13157,468,0,0,3,0
brc505d,984,11384,529,0,0,3,0
brc505d,985,10918,470,0,0,3,0
brc505d,986,12331,480,0,0,3,0
brc505d,987,10334,480,0,0,3,0
brc505d,988,14843,544,0,0,3,0
brc505d,989,11618,527,0,0,3,0
brc505d,990,10941,475,0,0,3,0
brc505d,991,10459,458,0,0,3,0
brc505d,992,13240,507,0,0,3,0
brc505d,993,11122,484,0,0,3,0
brc505d,994,10961,425,0,0,3,0
brc505d,995,14334,846,0,0,3,0
brc505d,996,11330,503,0,0,3,0
brc505d,997,11111,556,0,0,3,0
brc505d,998,11082,522,0,0,3,0
brc505d,999,10446,409,0,0,3,0
brc505d,1000,14553,467,0,0,3,0
brc505d,1001,11236,456,0,0,3,0
brc505d,1002,11351,507,0,0,3,0
brc505d,1003,12826,549,0,0,3,0
brc505d,1004,13403,459,0,0,3,0
brc505d,1005,13083,529,0,0,3,0
brc505d,1006,11405,463,0,0,3,0
brc505d,1007,13161,443,0,0,3,0
brc505d,1008,12765,487,0,0,3,0
brc505d,1009,10132,457,0,0,3,0
brc505d,1010,11315,424,0,0,3,0
brc505d,1011,12623,521,0,0,3,0
brc505d,1012,13579,538,0,0,3,0
brc505d,1013,10210,461,0,0,3,0
brc505d,1014,10515,497,0,0,3,0
brc505d,1015,9679,487,0,0,3,0
brc505d,1016,8248,362,0,0,3,0
brc505d,1017,13492,500,0,0,3,0
brc505d,1018,12542,772,0,0,3,0
brc505d,1019,12340,496,0,0,3,0
brc505d,1020,11900,468,0,0,3,0
brc505d,1021,14359,443,0,0,3,0
brc505d,1022,10277,431,0,0,3,0
brc505d,1023,9988,582,0,0,3,0
brc505d,1024,12997,449,0,0,3,0
brc505d,1025,12952,511,0,0,3,0
brc505d,1026,10719,556,0,0,3,0
brc505d,1027,12915,474,0,0,3,0
brc505d,1028,13352,395,0,0,3,0
brc505d,1029,12358,433,0,0,3,0
brc505d,1030,15755,527,0,0,3,0
brc505d,1031,13956,520,0,0,3,0
brc505d,1032,11794,730,0,0,3,0
brc505d,1033,12295,518,0,0,3,0
brc505d,1034,10159,496,0,0,3,0
brc505d,1035,14225,460,0,0,3,0
brc505d,1036,12594,415,0,0,3,0
brc505d,1037,12091,473,0,0,3,0
brc505d,1038,12060,402,0,0,3,0
brc505d,1039,11200,459,0,0,3,0
brc505d,1040,16299,522,0,0,3,0
brc505d,1041,12507,415,0,0,3,0
brc505d,1042,11286,346,0,0,3,0
brc505d,1043,12273,405,0,0,3,0
brc505d,1044,10152,424,0,0,3,0
brc505d,1045,10677,360,0,0,3,0
brc505d,1046,11868,395,0,0,3,0
brc505d,1047,10874,440,0,0,3,0
brc505d,1048,9182,354,0,0,3,0
brc505d,1049,11306,449,0,0,3,0
brc505d,1050,15655,545,0,0,3,0
brc505d,1051,14231,576,0,0,3,0
brc505d,1052,14453,567,0,0,3,0
brc505d,1053,13013,479,0,0,3,0
brc505d,1054,12030,423,0,0,3,0
brc505d,1055,15368,784,0,0,3,0
brc505d,1056,11341,496,0,0,3,0
brc505d,1057,13366,498,0,0,3,0
brc505d,1058,11990,413,0,0,3,0
brc505d,1059,11220,349,0,0,3,0
brc505d,1060,13583,750,0,0,3,0
brc505d,1061,13123,606,0,0,3,0
brc505d,1062,12788,415,0,0,3,0
brc505d,1063,12027,423,0,0,3,0
brc505d,1064,11543,353,0,0,3,0
brc505d,1065,10956,374,0,0,3,0
brc505d,1066,12331,379,0,0,3,0
brc505d,1067,12046,346,0,0,3,0
brc505d,1068,10896,322,0,0,3,0
brc505d,1069,13971,481,0,0,3,0
brc505d,1070,13495,602,0,0,3,0
brc505d,1071,11308,488,0,0,3,0
brc505d,1072,13794,549,0,0,3,0
brc505d,1073,11904,605,0,0,3,0
brc505d,1074,11418,625,0,0,3,0
brc505d,1075,9150,552,0,0,3,0
brc505d,1076,12559,465,0,0,3,0
brc505d,1077,10750,700,0,0,3,0
brc505d,1078,11922,446,0,0,3,0
brc505d,1079,10557,408,0,0,3,0
brc505d,1080,13592,552,0,0,3,0
brc505d,1081,10681,568,0,0,3,0
brc505d,1082,10296,602,0,0,3,0
brc505d,1083,10536,428,0,0,3,0
brc505d,1084,13444,479,0,0,3,0
brc505d,1085,10175,350,0,0,3,0
brc505d,1086,11695,386,0,0,3,0
brc505d,1087,10454,385,0,0,3,0
brc505d,1088,10073,633,0,0,3,0
brc505d,1089,13770,448,0,0,3,0
brc505d,1090,14065,683,0,0,3,0
brc505d,1091,11378,555,0,0,3,0
brc505d,1092,13168,517,0,0,3,0
brc505d,1093,11654,1011,0,0,3,0
brc505d,1094,15470,826,0,0,3,0
brc505d,1095,14311,492,0,0,3,0
brc505d,1096,10656,374,0,0,3,0
brc505d,1097,9954,408,0,0,3,0
brc505d,1098,10191,376,0,0,3,0
brc505d,1099,11896,370,0,0,3,0
brc505d,1100,15642,448,0,0,3,0
brc505d,1101,11472,496,0,0,3,0
brc505d,1102,9019,529,0,0,3,0
brc505d,1103,8591,502,0,0,3,0
brc505d,1104,8153,560,0,0,3,0
brc505d,1105,12883,468,0,0,3,0
brc505d,1106,12504,628,0,0,3,0
brc505d,1107,9888,535,0,0,3,0
brc505d,1108,12777,649,0,0,3,0
brc505d,1109,11585,573,0,0,3,0
brc505d,1110,9825,450,0,0,3,0
brc505d,1111,9241,408,0,0,3,0
brc505d,1112,8789,334,0,0,3,0
brc505d,1113,9849,631,0,0,3,0
brc505d,1114,8606,559,0,0,3,0
brc505d,1115,8306,449,0,0,3,0
brc505d,1116,8344,561,0,0,3,0
brc505d,1117,8288,471,0,0,3,0
brc505d,1118,10991,621,0,0,3,0
brc505d,1119,9575,454,0,0,3,0
brc505d,1120,11647,539,0,0,3,0
brc505d,1121,15909,598,0,0,3,0
brc505d,1122,9766,449,0,0,3,0
brc505d,1123,8898,480,0,0,3,0
brc505d,1124,10260,452,0,0,3,0
brc505d,1125,8909,764,0,0,3,0
brc505d,1126,8629,616,0,0,3,0
brc505d,1127,9409,554,0,0,3,0
brc505d,1128,8302,481,0,0,3,0
brc505d,1129,9483,674,0,0,3,0
brc505d,1130,14924,480,0,0,3,0
brc505d,1131,12861,830,0,0,3,0
brc505d,1132,11007,843,0,0,3,0
brc505d,1133,9739,483,0,0,3,0
brc505d,1134,8728,390,0,0,3,0
brc505d,1135,8650,547,0,0,3,0
brc505d,1136,8348,563,0,0,3,0
brc505d,1137,8771,685,0,0,3,0
brc505d,1138,8593,481,0,0,3,0
brc505d,1139,8186,436,0,0,3,0
brc505d,1140,8202,456,0,0,3,0
brc505d,1141,8372,689,0,0,3,0
brc505d,1142,8496,461,0,0,3,0
brc505d,1143,11030,501,0,0,3,0
brc505d,1144,10818,814,0,0,3,0
brc505d,1145,9848,485,0,0,3,0
brc505d,1146,10166,509,0,0,3,0
brc505d,1147,8777,384,0,0,3,0
brc505d,1148,9789,557,0,0,3,0
brc505d,1149,9021,575,0,0,3,0
brc505d,1150,9159,454,0,0,3,0
brc505d,1151,9436,387,0,0,3,0
brc505d,1152,9029,558,0,0,3,0
brc505d,1153,9382,401,0,0,3,0
brc505d,1154,8770,349,0,0,3,0
brc505d,1155,11111,578,0,0,3,0
brc505d,1156,8727,417,0,0,3,0
brc505d,1157,8534,459,0,0,3,0
brc505d,1158,9353,402,0,0,3,0
brc505d,1159,8671,563,0,0,3,0
brc505d,1160,9545,376,0,0,3,0
brc505d,1161,8820,515,0,0,3,0
brc505d,1162,8565,518,0,0,3,0
brc505d,1163,9297,434,0,0,3,0
brc505d,1164,10642,414,0,0,3,0
brc505d,1165,9327,439,0,0,3,0
brc505d,1166,8747,496,0,0,3,0
brc505d,1167,9454,461,0,0,3,0
brc505d,1168,9139,446,0,0,3,0
brc505d,1169,9221,548,0,0,3,0
brc505d,1170,9011,398,0,0,3,0
brc505d,1171,8806,352,0,0,3,0
brc505d,1172,8988,538,0,0,3,0
brc505d,1173,8177,423,0,0,3,0
brc505d,1174,10339,416,0,0,3,0
brc505d,1175,9187,452,0,0,3,0
brc505d,1176,10789,371,0,0,3,0
brc505d,1177,11653,670,0,0,3,0
brc505d,1178,10172,491,0,0,3,0
brc505d,1179,9417,404,0,0,3,0
brc505d,1180,8948,570,0,0,3,0
brc505d,1181,8815,579,0,0,3,0
brc505d,1182,9035,458,0,0,3,0
brc505d,1183,8925,341,0,0,3,0
brc505d,1184,9610,342,0,0,3,0
brc505d,1185,9975,383,0,0,3,0
brc505d,1186,9450,335,0,0,3,0
brc505d,1187,9141,476,0,0,3,0
brc505d,1188,8711,458,0,0,3,0
brc505d,1189,9251,629,0,0,3,0
brc505d,1190,10302,459,0,0,3,0
brc505d,1191,10965,409,0,0,3,0
brc505d,1192,9199,473,0,0,3,0
brc505d,1193,10238,389,0,0,3,0
brc505d,1194,9071,419,0,0,3,0
brc505d,1195,9249,351,0,0,3,0
brc505d,1196,8838,594,0,0,3,0
brc505d,1197,9275,620,0,0,3,0
brc505d,1198,9691,405,0,0,3,0
brc505d,1199,9020,385,0,0,3,0
brc505d,1200,9296,522,0,0,3,0
brc505d,1201,9512,396,0,0,3,0
brc505d,1202,8865,598,0,0,3,0
brc505d,1203,8351,502,0,0,3,0
brc505d,1204,9786,412,0,0,3,0
brc505d,1205,9624,650,0,0,3,0
brc505d,1206,8942,531,0,0,3,0
brc505d,1207,9817,441,0,0,3,0
brc505d,1208,9708,484,0,0,3,0
brc505d,1209,9180,382,0,0,3,0
brc505d,1210,9357,440,0,0,3,0
brc505d,1211,9329,387,0,0,3,0
brc505d,1212,8937,381,0,0,3,0
brc505d,1213,9246,348,0,0,3,0
brc505d,1214,9092,340,0,0,3,0
brc505d,1215,9536,572,0,0,3,0
brc505d,1216,9667,402,0,0,3,0
brc505d,1217,9317,404,0,0,3,0
brc505d,1218,10601,393,0,0,3,0
brc505d,1219,9156,372,0,0,3,0
brc505d,1220,9198,386,0,0,3,0
brc505d,1221,10510,387,0,0,3,0
brc505d,1222,9816,578,0,0,3,0
brc505d,1223,9617,362,0,0,3,0
brc505d,1224,9545,394,0,0,3,0
brc505d,1225,9581,529,0,0,3,0
brc505d,1226,9719,504,0,0,3,0
brc505d,1227,9075,473,0,0,3,0
brc505d,1228,9572,452,0,0,3,0
brc505d,1229,8794,436,0,0,3,0
brc505d,1230,9320,394,0,0,3,0
brc505d,1231,12293,390,0,0,3,0
brc505d,1232,9872,379,0,0,3,0
brc505d,1233,9277,392,0,0,3,0
brc505d,1234,9230,384,0,0,3,0
brc505d,1235,9916,560,0,0,3,0
brc505d,1236,9518,414,0,0,3,0
brc505d,1237,9140,431,0,0,3,0
brc505d,1238,8604,382,0,0,3,0
brc505d,1239,12000,955,0,0,3,0
brc505d,1240,9739,381,0,0,3,0
brc505d,1241,9557,421,0,0,3,0
brc505d,1242,9006,383,0,0,3,0
brc505d,1243,8623,392,0,0,3,0
brc505d,1244,9522,495,0,0,3,0
brc505d,1245,9873,591,0,0,3,0
brc505d,1246,9077,674,0,0,3,0
brc505d,1247,9095,641,0,0,3,0
brc505d,1248,8917,495,0,0,3,0
brc505d,1249,8497,639,0,0,3,0
brc505d,1250,12139,809,0,0,3,0
brc505d,1251,9978,470,0,0,3,0
brc505d,1252,10178,378,0,0,3,0
brc505d,1253,9091,338,0,0,3,0
brc505d,1254,11156,676,0,0,3,0
brc505d,1255,9461,380,0,0,3,0
brc505d,1256,9047,397,0,0,3,0
brc505d,1257,9598,568,0,0,3,0
brc505d,1258,8910,487,0,0,3,0
brc505d,1259,9389,435,0,0,3,0
brc505d,1260,9787,398,0,0,3,0
brc505d,1261,9232,375,0,0,3,0
brc505d,1262,8783,389,0,0,3,0
brc505d,1263,9419,402,0,0,3,0
brc505d,1264,9233,539,0,0,3,0
brc505d,1265,9261,580,0,0,3,0
brc505d,1266,10149,552,0,0,3,0
brc505d,1267,9327,697,0,0,3,0
brc505d,1268,8943,509,0,0,3,0
brc505d,1269,8801,434,0,0,3,0
brc505d,1270,9644,450,0,0,3,0
brc505d,1271,9124,343,0,0,3,0
brc505d,1272,9422,583,0,0,3,0
brc505d,1273,9180,465,0,0,3,0
brc505d,1274,10955,731,0,0,3,0
brc505d,1275,9081,356,0,0,3,0
brc505d,1276,11570,724,0,0,3,0
brc505d,1277,9214,593,0,0,3,0
brc505d,1278,9821,903,0,0,3,0
brc505d,1279,9617,644,0,0,3,0
brc505d,1280,10007,456,0,0,3,0
brc505d,1281,9463,486,0,0,3,0
brc505d,1282,9206,506,0,0,3,0
brc505d,1283,9168,475,0,0,3,0
brc505d,1284,9302,526,0,0,3,0
brc505d,1285,9250,654,0,0,3,0
brc505d,1286,9223,488,0,0,3,0
brc505d,1287,9058,519,0,0,3,0
brc505d,1288,9654,753,0,0,3,0
brc505d,1289,8931,545,0,0,3,0
brc505d,1290,9568,501,0,0,3,0
brc505d,1291,9342,520,0,0,3,0
brc505d,1292,9210,448,0,0,3,0
brc505d,1293,9135,445,0,0,3,0
brc505d,1294,8982,386,0,0,3,0
brc505d,1295,8957,520,0,0,3,0
brc505d,1296,8899,504,0,0,3,0
brc505d,1297,9454,662,0,0,3,0
brc505d,1298,9479,463,0,0,3,0
brc505d,1299,9176,521,0,0,3,0
brc505d,1300,9818,450,0,0,3,0
brc505d,1301,9498,454,0,0,3,0
brc505d,1302,9041,401,0,0,3,0
brc505d,1303,9321,383,0,0,3,0
brc505d,1304,9195,491,0,0,3,0
brc505d,1305,9398,432,0,0,3,0
brc505d,1306,9003,474,0,0,3,0
brc505d,1307,8959,500,0,0,3,0
brc505d,1308,8932,458,0,0,3,0
brc505d,1309,9558,432,0,0,3,0
brc505d,1310,9500,518,0,0,3,0
brc505d,1311,9530,468,0,0,3,0
brc505d,1312,9326,449,0,0,3,0
brc505d,1313,9432,451,0,0,3,0
brc505d,1314,9384,392,0,0,3,0
brc505d,1315,9446,603,0,0,3,0
brc505d,1316,9604,411,0,0,3,0
brc505d,1317,9387,396,0,0,3,0
brc505d,1318,10080,651,0,0,3,0
brc505d,1319,9646,480,0,0,3,0
brc505d,1320,9834,493,0,0,3,0
brc505d,1321,9402,480,0,0,3,0
brc505d,1322,9301,390,0,0,3,0
brc505d,1323,9349,387,0,0,3,0
brc505d,1324,9256,369,0,0,3,0
brc505d,1325,9435,512,0,0,3,0
brc505d,1326,9410,402,0,0,3,0
brc505d,1327,9165,402,0,0,3,0
brc505d,1328,9597,409,0,0,3,0
brc505d,1329,9199,450,0,0,3,0
brc505d,1330,9356,422,0,0,3,0
brc505d,1331,9314,429,0,0,3,0
brc505d,1332,9426,402,0,0,3,0
brc505d,1333,9713,413,0,0,3,0
brc505d,1334,9571,379,0,0,3,0
brc505d,1335,9489,542,0,0,3,0
brc505d,1336,9357,490,0,0,3,0
brc505d,1337,9367,483,0,0,3,0
brc505d,1338,9641,377,0,0,3,0
brc505d,1339,9507,534,0,0,3,0
brc505d,1340,9773,451,0,0,3,0
brc505d,1341,9794,433,0,0,3,0
brc505d,1342,9575,362,0,0,3,0
brc505d,1343,9509,384,0,0,3,0
brc505d,1344,9644,376,0,0,3,0
brc505d,1345,9593,462,0,0,3,0
brc505d,1346,9669,457,0,0,3,0
brc505d,1347,9450,471,0,0,3,0
brc505d,1348,9468,407,0,0,3,0
brc505d,1349,9633,350,0,0,3,0
brc505d,1350,9837,428,0,0,3,0
brc505d,1351,9805,548,0,0,3,0
brc505d,1352,9532,469,0,0,3,0
brc505d,1353,9733,488,0,0,3,0
brc505d,1354,9923,409,0,0,3,0
brc505d,1355,9678,398,0,0,3,0
brc505d,1356,9472,430,0,0,3,0
brc505d,1357,10195,392,0,0,3,0
brc505d,1358,9503,492,0,0,3,0
brc505d,1359,9678,606,0,0,3,0
brc505d,1360,9732,439,0,0,3,0
brc505d,1361,9918,382,0,0,3,0
brc505d,1362,9724,423,0,0,3,0
brc505d,1363,9834,355,0,0,3,0
brc505d,1364,10009,465,0,0,3,0
brc505d,1365,9573,461,0,0,3,0
brc505d,1366,10109,413,0,0,3,0
brc505d,1367,10216,375,0,0,3,0
brc505d,1368,9913,577,0,0,3,0
brc505d,1369,9883,527,0,0,3,0
brc505d,1370,10143,410,0,0,3,0
brc505d,1371,10033,384,0,0,3,0
brc505d,1372,9942,414,0,0,3,0
brc505d,1373,10030,378,0,0,3,0
brc505d,1374,10128,494,0,0,3,0
brc505d,1375,9938,476,0,0,3,0
brc505d,1376,9955,400,0,0,3,0
brc505d,1377,9887,405,0,0,3,0
brc505d,1378,10098,423,0,0,3,0
brc505d,1379,10189,383,0,0,3,0
brc505d,1380,10129,483,0,0,3,0
brc505d,1381,10126,428,0,0,3,0
brc505d,1382,9909,516,0,0,3,0
brc505d,1383,10436,393,0,0,3,0
brc505d,1384,9782,514,0,0,3,0
brc505d,1385,10216,493,0,0,3,0
brc505d,1386,10112,362,0,0,3,0
brc505d,1387,10126,727,0,0,3,0
brc505d,1388,9986,631,0,0,3,0
brc505d,1389,9803,615,0,0,3,0
brc505d,1390,10256,491,0,0,3,0
brc505d,1391,10316,457,0,0,3,0
brc505d,1392,10266,406,0,0,3,0
brc505d,1393,9934,444,0,0,3,0
brc505d,1394,10111,352,0,0,3,0
brc505d,1395,10018,371,0,0,3,0
brc505d,1396,10223,501,0,0,3,0
brc505d,1397,10314,428,0,0,3,0
brc505d,1398,10196,521,0,0,3,0
brc505d,1399,9904,445,0,0,3,0
brc505d,1400,10345,415,0,0,3,0
brc505d,1401,10036,378,0,0,3,0
brc505d,1402,10033,379,0,0,3,0
brc505d,1403,9879,407,0,0,3,0
brc505d,1404,10268,403,0,0,3,0
brc505d,1405,10182,590,0,0,3,0
brc505d,1406,10247,448,0,0,3,0
brc505d,1407,10247,647,0,0,3,0
brc505d,1408,10313,533,0,0,3,0
brc505d,1409,10807,429,0,0,3,0
brc505d,1410,10534,420,0,0,3,0
brc505d,1411,10421,408,0,0,3,0
brc505d,1412,10282,372,0,0,3,0
brc505d,1413,10305,417,0,0,3,0
brc505d,1414,10539,472,0,0,3,0
brc505d,1415,10409,415,0,0,3,0
brc505d,1416,10665,621,0,0,3,0
brc505d,1417,10282,434,0,0,3,0
brc505d,1418,10162,604,0,0,3,0
brc505d,1419,10443,500,0,0,3,0
brc505d,1420,10230,521,0,0,3,0
brc505d,1421,9811,456,0,0,3,0
brc505d,1422,10384,375,0,0,3,0
brc505d,1423,10380,458,0,0,3,0
brc505d,1424,10197,361,0,0,3,0
brc505d,1425,10862,450,0,0,3,0
brc505d,1426,10352,368,0,0,3,0
brc505d,1427,10024,423,0,0,3,0
brc505d,1428,10344,401,0,0,3,0
brc505d,1429,10280,586,0,0,3,0
brc505d,1430,10488,473,0,0,3,0
brc505d,1431,10605,432,0,0,3,0
brc505d,1432,10936,397,0,0,3,0
brc505d,1433,10353,361,0,0,3,0
brc505d,1434,10574,359,0,0,3,0
brc505d,1435,10511,336,0,0,3,0
brc505d,1436,10179,508,0,0,3,0
brc505d,1437,10193,384,0,0,3,0
brc505d,1438,9990,447,0,0,3,0
brc505d,1439,10164,452,0,0,3,0
brc505d,1440,10485,450,0,0,3,0
brc505d,1441,10212,373,0,0,3,0
brc505d,1442,10134,468,0,0,3,0
brc505d,1443,10571,592,0,0,3,0
brc505d,1444,10281,529,0,0,3,0
brc505d,1445,10533,565,0,0,3,0
brc505d,1446,10677,694,0,0,3,0
brc505d,1447,10593,604,0,0,3,0
brc505d,1448,10884,560,0,0,3,0
brc505d,1449,11177,768,0,0,3,0
brc505d,1450,10402,457,0,0,3,0
brc505d,1451,10300,451,0,0,3,0
brc505d,1452,11058,354,0,0,3,0
brc505d,1453,10738,421,0,0,3,0
brc505d,1454,10595,504,0,0,3,0
brc505d,1455,10832,546,0,0,3,0
brc505d,1456,10805,568,0,0,3,0
brc505d,1457,10528,643,0,0,3,0
brc505d,1458,10673,549,0,0,3,0
brc505d,1459,10799,511,0,0,3,0
brc505d,1460,10633,490,0,0,3,0
brc505d,1461,10768,441,0,0,3,0
brc505d,1462,10357,411,0,0,3,0
brc505d,1463,10646,534,0,0,3,0
brc505d,1464,10192,354,0,0,3,0
brc505d,1465,9878,367,0,0,3,0
brc505d,1466,10509,442,0,0,3,0
brc505d,1467,11180,512,0,0,3,0
brc505d,1468,10854,531,0,0,3,0
brc505d,1469,10711,467,0,0,3,0
brc505d,1470,10501,385,0,0,3,0
brc505d,1471,11010,597,0,0,3,0
brc505d,1472,10609,527,0,0,3,0
brc505d,1473,11276,437,0,0,3,0
brc505d,1474,10557,471,0,0,3,0
brc505d,1475,10731,579,0,0,3,0
brc505d,1476,11239,562,0,0,3,0
brc505d,1477,11461,508,0,0,3,0
brc505d,1478,10616,420,0,0,3,0
brc505d,1479,10450,443,0,0,3,0
brc505d,1480,11360,397,0,0,3,0
brc505d,1481,10916,630,0,0,3,0
brc505d,1482,11149,459,0,0,3,0
brc505d,1483,10953,446,0,0,3,0
brc505d,1484,10639,515,0,0,3,0
brc505d,1485,15082,461,0,0,3,0
brc505d,1486,13682,523,0,0,3,0
brc505d,1487,17622,608,0,0,3,0
brc505d,1488,15234,518,0,0,3,0
brc505d,1489,13799,581,0,0,3,0
brc505d,1490,13662,508,0,0,3,0
brc505d,1491,11658,461,0,0,3,0
brc505d,1492,11327,408,0,0,3,0
brc505d,1493,11192,427,0,0,3,0
brc505d,1494,11503,496,0,0,3,0
brc505d,1495,11244,492,0,0,3,0
brc505d,1496,11879,515,0,0,3,0
brc505d,1497,10956,469,0,0,3,0
brc505d,1498,13554,467,0,0,3,0
brc505d,1499,12992,494,0,0,3,0
brc505d,1500,11691,435,0,0,3,0
brc505d,1501,12718,540,0,0,3,0
brc505d,1502,13079,522,0,0,3,0
brc505d,1503,12434,489,0,0,3,0
brc505d,1504,16045,570,0,0,3,0
brc505d,1505,15077,627,0,0,3,0
brc505d,1506,13400,527,0,0,3,0
brc505d,1507,13093,574,0,0,3,0
brc505d,1508,12549,499,0,0,3,0
brc505d,1509,12263,498,0,0,3,0
brc505d,1510,14357,574,0,0,3,0
brc505d,1511,12780,494,0,0,3,0
brc505d,1512,13654,426,0,0,3,0
brc505d,1513,13371,440,0,0,3,0
brc505d,1514,12966,445,0,0,3,0
brc505d,1515,13940,488,0,0,3,0
brc505d,1516,15109,543,0,0,3,0
brc505d,1517,12774,447,0,0,3,0
brc505d,1518,12442,482,0,0,3,0
brc505d,1519,12160,517,0,0,3,0
brc505d,1520,14240,462,0,0,3,0
brc505d,1521,13298,367,0,0,3,0
brc505d,1522,13079,558,0,0,3,0
brc505d,1523,14102,440,0,0,3,0
brc505d,1524,14800,447,0,0,3,0
brc505d,1525,13231,438,0,0,3,0
brc505d,1526,13868,435,0,0,3,0
brc505d,1527,12420,398,0,0,3,0
brc505d,1528,11797,444,0,0,3,0
brc505d,1529,13152,425,0,0,3,0
