map,scenid,total-src,20move-src,distance,path_size,hLevel,pure
den000d,0,178,185,0,0,3,0
den000d,1,81,80,0,0,3,0
den000d,2,109,109,0,0,3,0
den000d,3,178,137,0,0,3,0
den000d,4,98,85,0,0,3,0
den000d,5,143,137,0,0,3,0
den000d,6,108,101,0,0,3,0
den000d,7,190,117,0,0,3,0
den000d,8,238,237,0,0,3,0
den000d,9,127,116,0,0,3,0
den000d,10,182,175,0,0,3,0
den000d,11,175,161,0,0,3,0
den000d,12,170,162,0,0,3,0
den000d,13,261,225,0,0,3,0
den000d,14,158,160,0,0,3,0
den000d,15,152,158,0,0,3,0
den000d,16,195,202,0,0,3,0
den000d,17,173,160,0,0,3,0
den000d,18,242,252,0,0,3,0
den000d,19,238,219,0,0,3,0
den000d,20,315,299,0,0,3,0
den000d,21,436,408,0,0,3,0
den000d,22,373,351,0,0,3,0
den000d,23,205,200,0,0,3,0
den000d,24,273,263,0,0,3,0
den000d,25,310,321,0,0,3,0
den000d,26,279,273,0,0,3,0
den000d,27,269,275,0,0,3,0
den000d,28,261,265,0,0,3,0
den000d,29,331,322,0,0,3,0
den000d,30,523,462,0,0,3,0
den000d,31,413,401,0,0,3,0
den000d,32,491,474,0,0,3,0
den000d,33,383,377,0,0,3,0
den000d,34,370,379,0,0,3,0
den000d,35,853,923,0,0,3,0
den000d,36,349,359,0,0,3,0
den000d,37,382,380,0,0,3,0
den000d,38,366,360,0,0,3,0
den000d,39,580,572,0,0,3,0
den000d,40,492,494,0,0,3,0
den000d,41,391,350,0,0,3,0
den000d,42,417,410,0,0,3,0
den000d,43,339,340,0,0,3,0
den000d,44,956,1003,0,0,3,0
den000d,45,360,371,0,0,3,0
den000d,46,749,679,0,0,3,0
den000d,47,342,335,0,0,3,0
den000d,48,411,418,0,0,3,0
den000d,49,363,367,0,0,3,0
den000d,50,384,391,0,0,3,0
den000d,51,639,628,0,0,3,0
den000d,52,948,944,0,0,3,0
den000d,53,659,696,0,0,3,0
den000d,54,562,544,0,0,3,0
den000d,55,884,840,0,0,3,0
den000d,56,744,722,0,0,3,0
den000d,57,962,968,0,0,3,0
den000d,58,1052,1025,0,0,3,0
den000d,59,473,464,0,0,3,0
den000d,60,1134,1114,0,0,3,0
den000d,61,1442,1258,0,0,3,0
den000d,62,1172,1072,0,0,3,0
den000d,63,872,731,0,0,3,0
den000d,64,855,850,0,0,3,0
den000d,65,926,918,0,0,3,0
den000d,66,746,589,0,0,3,0
den000d,67,548,542,0,0,3,0
den000d,68,689,705,0,0,3,0
den000d,69,647,624,0,0,3,0
den000d,70,869,732,0,0,3,0
den000d,71,1434,1527,0,0,3,0
den000d,72,962,897,0,0,3,0
den000d,73,1200,1125,0,0,3,0
den000d,74,616,532,0,0,3,0
den000d,75,830,704,0,0,3,0
den000d,76,812,778,0,0,3,0
den000d,77,1244,914,0,0,3,0
den000d,78,1022,901,0,0,3,0
den000d,79,1518,1274,0,0,3,0
den000d,80,1153,923,0,0,3,0
den000d,81,1293,829,0,0,3,0
den000d,82,1347,918,0,0,3,0
den000d,83,817,641,0,0,3,0
den000d,84,855,709,0,0,3,0
den000d,85,1652,1390,0,0,3,0
den000d,86,1193,801,0,0,3,0
den000d,87,1365,825,0,0,3,0
den000d,88,903,708,0,0,3,0
den000d,89,1175,1153,0,0,3,0
den000d,90,1417,1124,0,0,3,0
den000d,91,1002,645,0,0,3,0
den000d,92,991,815,0,0,3,0
den000d,93,942,761,0,0,3,0
den000d,94,1065,851,0,0,3,0
den000d,95,1264,805,0,0,3,0
den000d,96,2024,1465,0,0,3,0
den000d,97,2189,1548,0,0,3,0
den000d,98,1224,994,0,0,3,0
den000d,99,1099,716,0,0,3,0
den000d,100,1267,942,0,0,3,0
den000d,101,1325,690,0,0,3,0
den000d,102,1506,1090,0,0,3,0
den000d,103,1715,1468,0,0,3,0
den000d,104,1774,1694,0,0,3,0
den000d,105,1370,950,0,0,3,0
den000d,106,1219,873,0,0,3,0
den000d,107,1172,863,0,0,3,0
den000d,108,1594,1055,0,0,3,0
den000d,109,1434,803,0,0,3,0
den000d,110,1963,983,0,0,3,0
den000d,111,1694,834,0,0,3,0
den000d,112,1689,1084,0,0,3,0
den000d,113,1299,653,0,0,3,0
den000d,114,1114,611,0,0,3,0
den000d,115,1265,1077,0,0,3,0
den000d,116,1121,921,0,0,3,0
den000d,117,1441,780,0,0,3,0
den000d,118,1304,750,0,0,3,0
den000d,119,1629,1016,0,0,3,0
den000d,120,1530,739,0,0,3,0
den000d,121,1736,963,0,0,3,0
den000d,122,1326,602,0,0,3,0
den000d,123,1230,821,0,0,3,0
den000d,124,1492,671,0,0,3,0
den000d,125,1361,591,0,0,3,0
den000d,126,1566,974,0,0,3,0
den000d,127,1672,962,0,0,3,0
den000d,128,1693,871,0,0,3,0
den000d,129,2096,1149,0,0,3,0
den000d,130,2732,1037,0,0,3,0
den000d,131,1686,644,0,0,3,0
den000d,132,1455,846,0,0,3,0
den000d,133,1969,964,0,0,3,0
den000d,134,1775,914,0,0,3,0
den000d,135,2294,1330,0,0,3,0
den000d,136,1794,842,0,0,3,0
den000d,137,1469,882,0,0,3,0
den000d,138,1738,744,0,0,3,0
den000d,139,2417,1092,0,0,3,0
den000d,140,1787,818,0,0,3,0
den000d,141,2445,863,0,0,3,0
den000d,142,1940,1122,0,0,3,0
den000d,143,2554,1350,0,0,3,0
den000d,144,1663,698,0,0,3,0
den000d,145,2313,810,0,0,3,0
den000d,146,1975,746,0,0,3,0
den000d,147,2134,1158,0,0,3,0
den000d,148,1553,712,0,0,3,0
den000d,149,1437,585,0,0,3,0
den000d,150,1642,746,0,0,3,0
den000d,151,2290,1119,0,0,3,0
den000d,152,1671,758,0,0,3,0
den000d,153,1991,600,0,0,3,0
den000d,154,1602,638,0,0,3,0
den000d,155,1978,1168,0,0,3,0
den000d,156,1937,1024,0,0,3,0
den000d,157,2999,1305,0,0,3,0
den000d,158,2025,1059,0,0,3,0
den000d,159,2417,813,0,0,3,0
den000d,160,1964,868,0,0,3,0
den000d,161,2862,876,0,0,3,0
den000d,162,2154,964,0,0,3,0
den000d,163,1926,866,0,0,3,0
den000d,164,1610,670,0,0,3,0
den000d,165,1540,613,0,0,3,0
den000d,166,1761,821,0,0,3,0
den000d,167,1970,853,0,0,3,0
den000d,168,2626,873,0,0,3,0
den000d,169,2348,850,0,0,3,0
den000d,170,2558,803,0,0,3,0
den000d,171,1994,895,0,0,3,0
den000d,172,3218,965,0,0,3,0
den000d,173,2437,1017,0,0,3,0
den000d,174,2279,834,0,0,3,0
den000d,175,2204,921,0,0,3,0
den000d,176,3125,1223,0,0,3,0
den000d,177,3067,1371,0,0,3,0
den000d,178,1815,776,0,0,3,0
den000d,179,2519,1329,0,0,3,0
den000d,180,2068,1007,0,0,3,0
den000d,181,2214,975,0,0,3,0
den000d,182,2519,1211,0,0,3,0
den000d,183,2987,1023,0,0,3,0
den000d,184,2686,1268,0,0,3,0
den000d,185,1792,755,0,0,3,0
den000d,186,2562,823,0,0,3,0
den000d,187,2368,793,0,0,3,0
den000d,188,2798,1095,0,0,3,0
den000d,189,2322,1081,0,0,3,0
den000d,190,1839,789,0,0,3,0
den000d,191,2250,803,0,0,3,0
den000d,192,2953,1044,0,0,3,0
den000d,193,2796,981,0,0,3,0
den000d,194,3518,721,0,0,3,0
den000d,195,2840,1094,0,0,3,0
den000d,196,2913,946,0,0,3,0
den000d,197,3542,1274,0,0,3,0
den000d,198,2578,960,0,0,3,0
den000d,199,2456,1097,0,0,3,0
den000d,200,2292,823,0,0,3,0
den000d,201,1705,658,0,0,3,0
den000d,202,2386,745,0,0,3,0
den000d,203,2928,786,0,0,3,0
den000d,204,2966,1092,0,0,3,0
den000d,205,2176,819,0,0,3,0
den000d,206,2284,808,0,0,3,0
den000d,207,2653,1002,0,0,3,0
den000d,208,2974,790,0,0,3,0
den000d,209,3218,846,0,0,3,0
den000d,210,3504,1065,0,0,3,0
den000d,211,3973,1035,0,0,3,0
den000d,212,2463,762,0,0,3,0
den000d,213,2874,668,0,0,3,0
den000d,214,3002,893,0,0,3,0
den000d,215,3095,1213,0,0,3,0
den000d,216,3411,919,0,0,3,0
den000d,217,3458,1007,0,0,3,0
den000d,218,2671,772,0,0,3,0
den000d,219,2712,768,0,0,3,0
den000d,220,3095,1341,0,0,3,0
den000d,221,4176,1157,0,0,3,0
den000d,222,3575,978,0,0,3,0
den000d,223,2951,1037,0,0,3,0
den000d,224,2648,1023,0,0,3,0
den000d,225,3549,1070,0,0,3,0
den000d,226,2718,812,0,0,3,0
den000d,227,2652,575,0,0,3,0
den000d,228,3580,972,0,0,3,0
den000d,229,3077,902,0,0,3,0
den000d,230,3070,985,0,0,3,0
den000d,231,3348,1184,0,0,3,0
den000d,232,3931,877,0,0,3,0
den000d,233,2627,1030,0,0,3,0
den000d,234,3268,985,0,0,3,0
den000d,235,2492,1103,0,0,3,0
den000d,236,3231,879,0,0,3,0
den000d,237,3095,934,0,0,3,0
den000d,238,3455,960,0,0,3,0
den000d,239,2774,729,0,0,3,0
den000d,240,4595,1643,0,0,3,0
den000d,241,3028,832,0,0,3,0
den000d,242,2666,864,0,0,3,0
den000d,243,3738,808,0,0,3,0
den000d,244,3831,825,0,0,3,0
den000d,245,3078,772,0,0,3,0
den000d,246,2544,941,0,0,3,0
den000d,247,2609,829,0,0,3,0
den000d,248,3773,1002,0,0,3,0
den000d,249,4200,975,0,0,3,0
den000d,250,2438,798,0,0,3,0
den000d,251,2981,1222,0,0,3,0
den000d,252,4633,1271,0,0,3,0
den000d,253,3189,955,0,0,3,0
den000d,254,3527,712,0,0,3,0
den000d,255,2907,1051,0,0,3,0
den000d,256,3386,965,0,0,3,0
den000d,257,4009,1523,0,0,3,0
den000d,258,3947,1041,0,0,3,0
den000d,259,3267,902,0,0,3,0
den000d,260,5276,1103,0,0,3,0
den000d,261,3791,753,0,0,3,0
den000d,262,4424,1094,0,0,3,0
den000d,263,3960,851,0,0,3,0
den000d,264,3703,1027,0,0,3,0
den000d,265,4006,819,0,0,3,0
den000d,266,3674,1074,0,0,3,0
den000d,267,3508,1188,0,0,3,0
den000d,268,3931,906,0,0,3,0
den000d,269,3155,617,0,0,3,0
den000d,270,3739,824,0,0,3,0
den000d,271,4630,1018,0,0,3,0
den000d,272,4174,1110,0,0,3,0
den000d,273,3124,690,0,0,3,0
den000d,274,3718,1133,0,0,3,0
den000d,275,2692,751,0,0,3,0
den000d,276,3478,1073,0,0,3,0
den000d,277,3839,1332,0,0,3,0
den000d,278,3370,1212,0,0,3,0
den000d,279,3458,661,0,0,3,0
den000d,280,2946,942,0,0,3,0
den000d,281,3044,1039,0,0,3,0
den000d,282,3989,718,0,0,3,0
den000d,283,4167,949,0,0,3,0
den000d,284,3460,710,0,0,3,0
den000d,285,3030,836,0,0,3,0
den000d,286,3480,1196,0,0,3,0
den000d,287,3740,1040,0,0,3,0
den000d,288,3919,856,0,0,3,0
den000d,289,4500,1618,0,0,3,0
den000d,290,4755,692,0,0,3,0
den000d,291,4336,1258,0,0,3,0
den000d,292,3068,959,0,0,3,0
den000d,293,4449,1191,0,0,3,0
den000d,294,3367,1027,0,0,3,0
den000d,295,4117,1144,0,0,3,0
den000d,296,3941,871,0,0,3,0
den000d,297,4770,1133,0,0,3,0
den000d,298,4452,1320,0,0,3,0
den000d,299,4521,753,0,0,3,0
den000d,300,2738,736,0,0,3,0
den000d,301,4473,937,0,0,3,0
den000d,302,3843,641,0,0,3,0
den000d,303,4241,1010,0,0,3,0
den000d,304,3287,1033,0,0,3,0
den000d,305,2672,606,0,0,3,0
den000d,306,4038,1012,0,0,3,0
den000d,307,4661,1131,0,0,3,0
den000d,308,4621,881,0,0,3,0
den000d,309,3694,934,0,0,3,0
den000d,310,4668,922,0,0,3,0
den000d,311,4553,1134,0,0,3,0
den000d,312,3895,1105,0,0,3,0
den000d,313,2936,692,0,0,3,0
den000d,314,3934,970,0,0,3,0
den000d,315,5453,1435,0,0,3,0
den000d,316,5366,1021,0,0,3,0
den000d,317,4776,1042,0,0,3,0
den000d,318,3261,799,0,0,3,0
den000d,319,4423,880,0,0,3,0
den000d,320,3187,724,0,0,3,0
den000d,321,3617,646,0,0,3,0
den000d,322,5223,1000,0,0,3,0
den000d,323,4845,1123,0,0,3,0
den000d,324,4121,957,0,0,3,0
den000d,325,4328,837,0,0,3,0
den000d,326,4052,719,0,0,3,0
den000d,327,4472,799,0,0,3,0
den000d,328,3842,667,0,0,3,0
den000d,329,4570,897,0,0,3,0
den000d,330,4937,874,0,0,3,0
den000d,331,4728,1357,0,0,3,0
den000d,332,5686,548,0,0,3,0
den000d,333,4300,665,0,0,3,0
den000d,334,6000,945,0,0,3,0
den000d,335,5060,716,0,0,3,0
den000d,336,4331,781,0,0,3,0
den000d,337,5308,668,0,0,3,0
den000d,338,3672,670,0,0,3,0
den000d,339,3438,723,0,0,3,0
den000d,340,5182,988,0,0,3,0
den000d,341,4830,631,0,0,3,0
den000d,342,3480,903,0,0,3,0
den000d,343,6607,1517,0,0,3,0
den000d,344,4477,833,0,0,3,0
den000d,345,5332,1313,0,0,3,0
den000d,346,6321,1213,0,0,3,0
den000d,347,4458,941,0,0,3,0
den000d,348,6022,678,0,0,3,0
den000d,349,4561,784,0,0,3,0
den000d,350,6087,760,0,0,3,0
den000d,351,5904,700,0,0,3,0
den000d,352,4937,1158,0,0,3,0
den000d,353,4841,1052,0,0,3,0
den000d,354,4268,766,0,0,3,0
den000d,355,3911,427,0,0,3,0
den000d,356,7006,1761,0,0,3,0
den000d,357,5310,760,0,0,3,0
den000d,358,4849,689,0,0,3,0
den000d,359,5465,661,0,0,3,0
den000d,360,6698,986,0,0,3,0
den000d,361,5584,1151,0,0,3,0
den000d,362,4719,818,0,0,3,0
den000d,363,6057,768,0,0,3,0
den000d,364,5210,991,0,0,3,0
den000d,365,5763,1276,0,0,3,0
den000d,366,5183,696,0,0,3,0
den000d,367,3677,881,0,0,3,0
den000d,368,5514,1182,0,0,3,0
den000d,369,4622,587,0,0,3,0
den000d,370,6567,958,0,0,3,0
den000d,371,3972,467,0,0,3,0
den000d,372,5252,789,0,0,3,0
den000d,373,5727,1611,0,0,3,0
den000d,374,6083,1399,0,0,3,0
den000d,375,4495,1166,0,0,3,0
den000d,376,4453,1122,0,0,3,0
den000d,377,3159,664,0,0,3,0
den000d,378,5319,1299,0,0,3,0
den000d,379,6726,1151,0,0,3,0
den000d,380,3683,641,0,0,3,0
den000d,381,4709,775,0,0,3,0
den000d,382,5599,1232,0,0,3,0
den000d,383,5379,900,0,0,3,0
den000d,384,6576,923,0,0,3,0
den000d,385,5436,734,0,0,3,0
den000d,386,6149,712,0,0,3,0
den000d,387,5543,1514,0,0,3,0
den000d,388,5467,681,0,0,3,0
den000d,389,4953,660,0,0,3,0
den000d,390,5021,868,0,0,3,0
den000d,391,4940,1268,0,0,3,0
den000d,392,5133,830,0,0,3,0
den000d,393,7264,630,0,0,3,0
den000d,394,5100,695,0,0,3,0
den000d,395,5418,611,0,0,3,0
den000d,396,4404,521,0,0,3,0
den000d,397,5385,713,0,0,3,0
den000d,398,5169,1140,0,0,3,0
den000d,399,3730,1086,0,0,3,0
den000d,400,7437,1163,0,0,3,0
den000d,401,3887,931,0,0,3,0
den000d,402,6522,983,0,0,3,0
den000d,403,5773,976,0,0,3,0
den000d,404,6079,1364,0,0,3,0
den000d,405,5685,924,0,0,3,0
den000d,406,4404,618,0,0,3,0
den000d,407,3689,702,0,0,3,0
den000d,408,4667,497,0,0,3,0
den000d,409,7955,1377,0,0,3,0
den000d,410,5191,960,0,0,3,0
den000d,411,5322,953,0,0,3,0
den000d,412,5044,872,0,0,3,0
den000d,413,6907,779,0,0,3,0
den000d,414,4519,1091,0,0,3,0
den000d,415,5104,501,0,0,3,0
den000d,416,3960,708,0,0,3,0
den000d,417,6286,921,0,0,3,0
den000d,418,4547,796,0,0,3,0
den000d,419,6095,570,0,0,3,0
den000d,420,4109,619,0,0,3,0
den000d,421,5256,434,0,0,3,0
den000d,422,4832,889,0,0,3,0
den000d,423,5825,768,0,0,3,0
den000d,424,7036,683,0,0,3,0
den000d,425,6141,672,0,0,3,0
den000d,426,5790,1126,0,0,3,0
den000d,427,4573,1160,0,0,3,0
den000d,428,4761,735,0,0,3,0
den000d,429,6616,672,0,0,3,0
den000d,430,4851,751,0,0,3,0
den000d,431,5986,682,0,0,3,0
den000d,432,5953,661,0,0,3,0
den000d,433,5230,772,0,0,3,0
den000d,434,7657,1485,0,0,3,0
den000d,435,5778,1430,0,0,3,0
den000d,436,5749,714,0,0,3,0
den000d,437,6193,633,0,0,3,0
den000d,438,5992,915,0,0,3,0
den000d,439,6654,633,0,0,3,0
den000d,440,5192,894,0,0,3,0
den000d,441,3351,807,0,0,3,0
den000d,442,6079,658,0,0,3,0
den000d,443,6235,679,0,0,3,0
den000d,444,5628,854,0,0,3,0
den000d,445,5350,613,0,0,3,0
den000d,446,4999,836,0,0,3,0
den000d,447,5441,759,0,0,3,0
den000d,448,3949,678,0,0,3,0
den000d,449,4210,862,0,0,3,0
den000d,450,5458,774,0,0,3,0
den000d,451,6835,930,0,0,3,0
den000d,452,6781,626,0,0,3,0
den000d,453,6312,759,0,0,3,0
den000d,454,6046,585,0,0,3,0
den000d,455,6612,839,0,0,3,0
den000d,456,5963,687,0,0,3,0
den000d,457,6249,630,0,0,3,0
den000d,458,5824,795,0,0,3,0
den000d,459,5520,854,0,0,3,0
den000d,460,5954,948,0,0,3,0
den000d,461,4766,791,0,0,3,0
den000d,462,4635,937,0,0,3,0
den000d,463,6090,616,0,0,3,0
den000d,464,4839,946,0,0,3,0
den000d,465,4105,634,0,0,3,0
den000d,466,4859,917,0,0,3,0
den000d,467,6327,692,0,0,3,0
den000d,468,7277,721,0,0,3,0
den000d,469,5645,718,0,0,3,0
den000d,470,5173,1433,0,0,3,0
den000d,471,7685,973,0,0,3,0
den000d,472,6225,697,0,0,3,0
den000d,473,6225,661,0,0,3,0
den000d,474,6087,1098,0,0,3,0
den000d,475,6521,902,0,0,3,0
den000d,476,6170,639,0,0,3,0
den000d,477,5282,840,0,0,3,0
den000d,478,5950,1142,0,0,3,0
den000d,479,7637,904,0,0,3,0
den000d,480,5606,1040,0,0,3,0
den000d,481,6148,665,0,0,3,0
den000d,482,5670,641,0,0,3,0
den000d,483,6324,577,0,0,3,0
den000d,484,6046,874,0,0,3,0
den000d,485,6012,804,0,0,3,0
den000d,486,5161,579,0,0,3,0
den000d,487,6300,672,0,0,3,0
den000d,488,4493,440,0,0,3,0
den000d,489,8048,1299,0,0,3,0
den000d,490,6225,1283,0,0,3,0
den000d,491,5971,1344,0,0,3,0
den000d,492,6898,1187,0,0,3,0
den000d,493,5617,772,0,0,3,0
den000d,494,5610,553,0,0,3,0
den000d,495,4591,464,0,0,3,0
den000d,496,7336,609,0,0,3,0
den000d,497,6684,723,0,0,3,0
den000d,498,6303,1243,0,0,3,0
den000d,499,5263,752,0,0,3,0
den000d,500,5757,507,0,0,3,0
den000d,501,6083,541,0,0,3,0
den000d,502,5563,656,0,0,3,0
den000d,503,7018,649,0,0,3,0
den000d,504,7868,886,0,0,3,0
den000d,505,6931,663,0,0,3,0
den000d,506,5933,977,0,0,3,0
den000d,507,5466,472,0,0,3,0
den000d,508,6415,649,0,0,3,0
den000d,509,7267,880,0,0,3,0
den000d,510,5609,1212,0,0,3,0
den000d,511,5483,949,0,0,3,0
den000d,512,5352,796,0,0,3,0
den000d,513,6563,686,0,0,3,0
den000d,514,5498,624,0,0,3,0
den000d,515,5678,457,0,0,3,0
den000d,516,7027,591,0,0,3,0
den000d,517,5894,983,0,0,3,0
den000d,518,5272,1001,0,0,3,0
den000d,519,6182,834,0,0,3,0
den000d,520,5709,887,0,0,3,0
den000d,521,6815,1124,0,0,3,0
den000d,522,6363,1047,0,0,3,0
den000d,523,6531,543,0,0,3,0
den000d,524,6559,1092,0,0,3,0
den000d,525,5109,1044,0,0,3,0
den000d,526,6490,681,0,0,3,0
den000d,527,5728,632,0,0,3,0
den000d,528,7102,769,0,0,3,0
den000d,529,4970,673,0,0,3,0
den000d,530,7751,842,0,0,3,0
den000d,531,8085,974,0,0,3,0
den000d,532,6575,817,0,0,3,0
den000d,533,5886,1058,0,0,3,0
den000d,534,8548,883,0,0,3,0
den000d,535,7067,652,0,0,3,0
den000d,536,6949,618,0,0,3,0
den000d,537,6514,569,0,0,3,0
den000d,538,7190,674,0,0,3,0
den000d,539,7110,671,0,0,3,0
den000d,540,8894,779,0,0,3,0
den000d,541,7397,587,0,0,3,0
den000d,542,6249,666,0,0,3,0
den000d,543,7890,663,0,0,3,0
den000d,544,7496,1405,0,0,3,0
den000d,545,5498,1309,0,0,3,0
den000d,546,5672,841,0,0,3,0
den000d,547,6827,932,0,0,3,0
den000d,548,6826,593,0,0,3,0
den000d,549,6104,609,0,0,3,0
den000d,550,8283,1020,0,0,3,0
den000d,551,8774,1234,0,0,3,0
den000d,552,5532,1043,0,0,3,0
den000d,553,6534,1352,0,0,3,0
den000d,554,6752,1122,0,0,3,0
den000d,555,6640,1093,0,0,3,0
den000d,556,6767,642,0,0,3,0
den000d,557,6155,939,0,0,3,0
den000d,558,6865,607,0,0,3,0
den000d,559,8328,681,0,0,3,0
den000d,560,6336,419,0,0,3,0
den000d,561,7619,598,0,0,3,0
den000d,562,7331,654,0,0,3,0
den000d,563,7464,652,0,0,3,0
den000d,564,7256,621,0,0,3,0
den000d,565,8427,619,0,0,3,0
den000d,566,7427,700,0,0,3,0
den000d,567,6383,929,0,0,3,0
den000d,568,6936,548,0,0,3,0
den000d,569,6497,586,0,0,3,0
den000d,570,6864,636,0,0,3,0
den000d,571,6891,919,0,0,3,0
den000d,572,6229,651,0,0,3,0
den000d,573,6904,598,0,0,3,0
den000d,574,9184,615,0,0,3,0
den000d,575,8056,1373,0,0,3,0
den000d,576,6896,1201,0,0,3,0
den000d,577,6295,1303,0,0,3,0
den000d,578,9150,1050,0,0,3,0
den000d,579,7334,611,0,0,3,0
den000d,580,7844,616,0,0,3,0
den000d,581,6571,549,0,0,3,0
den000d,582,6358,801,0,0,3,0
den000d,583,7144,451,0,0,3,0
den000d,584,6372,459,0,0,3,0
den000d,585,6783,681,0,0,3,0
den000d,586,6925,1050,0,0,3,0
den000d,587,4921,889,0,0,3,0
den000d,588,6386,602,0,0,3,0
den000d,589,6027,507,0,0,3,0
den000d,590,8437,1427,0,0,3,0
den000d,591,7693,896,0,0,3,0
den000d,592,6850,821,0,0,3,0
den000d,593,7202,657,0,0,3,0
den000d,594,6890,733,0,0,3,0
den000d,595,6720,1180,0,0,3,0
den000d,596,9425,819,0,0,3,0
den000d,597,6602,524,0,0,3,0
den000d,598,8197,1345,0,0,3,0
den000d,599,7104,611,0,0,3,0
den000d,600,8389,801,0,0,3,0
den000d,601,7077,524,0,0,3,0
den000d,602,8122,697,0,0,3,0
den000d,603,8044,803,0,0,3,0
den000d,604,7201,479,0,0,3,0
den000d,605,5847,660,0,0,3,0
den000d,606,6065,617,0,0,3,0
den000d,607,6657,474,0,0,3,0
den000d,608,8303,1268,0,0,3,0
den000d,609,5965,582,0,0,3,0
den000d,610,5616,790,0,0,3,0
den000d,611,8071,907,0,0,3,0
den000d,612,7085,532,0,0,3,0
den000d,613,6150,663,0,0,3,0
den000d,614,10283,1264,0,0,3,0
den000d,615,7170,1064,0,0,3,0
den000d,616,7352,776,0,0,3,0
den000d,617,6437,521,0,0,3,0
den000d,618,7699,741,0,0,3,0
den000d,619,10408,623,0,0,3,0
den000d,620,6251,474,0,0,3,0
den000d,621,8302,625,0,0,3,0
den000d,622,8540,704,0,0,3,0
den000d,623,9081,611,0,0,3,0
den000d,624,8287,784,0,0,3,0
den000d,625,7398,522,0,0,3,0
den000d,626,9084,611,0,0,3,0
den000d,627,8176,553,0,0,3,0
den000d,628,8435,614,0,0,3,0
den000d,629,6477,563,0,0,3,0
den000d,630,9461,1033,0,0,3,0
den000d,631,7282,859,0,0,3,0
den000d,632,8811,852,0,0,3,0
den000d,633,7085,731,0,0,3,0
den000d,634,7866,701,0,0,3,0
den000d,635,6308,571,0,0,3,0
den000d,636,7305,502,0,0,3,0
den000d,637,9938,590,0,0,3,0
den000d,638,8114,535,0,0,3,0
den000d,639,10010,808,0,0,3,0
den000d,640,7690,833,0,0,3,0
den000d,641,7669,631,0,0,3,0
den000d,642,8347,524,0,0,3,0
den000d,643,7770,486,0,0,3,0
den000d,644,4982,467,0,0,3,0
den000d,645,7366,741,0,0,3,0
den000d,646,6722,624,0,0,3,0
den000d,647,7823,629,0,0,3,0
den000d,648,5925,463,0,0,3,0
den000d,649,8115,623,0,0,3,0
den000d,650,10240,655,0,0,3,0
den000d,651,7239,522,0,0,3,0
den000d,652,8466,674,0,0,3,0
den000d,653,6573,598,0,0,3,0
den000d,654,6800,555,0,0,3,0
den000d,655,7456,820,0,0,3,0
den000d,656,7756,1156,0,0,3,0
den000d,657,9367,1271,0,0,3,0
den000d,658,6244,611,0,0,3,0
den000d,659,7876,563,0,0,3,0
den000d,660,5911,699,0,0,3,0
den000d,661,7257,521,0,0,3,0
den000d,662,5414,496,0,0,3,0
den000d,663,5517,577,0,0,3,0
den000d,664,7700,995,0,0,3,0
den000d,665,6655,531,0,0,3,0
den000d,666,9114,852,0,0,3,0
den000d,667,6756,687,0,0,3,0
den000d,668,5588,632,0,0,3,0
den000d,669,6700,625,0,0,3,0
den000d,670,12222,1014,0,0,3,0
den000d,671,8482,1158,0,0,3,0
den000d,672,7585,597,0,0,3,0
den000d,673,7497,869,0,0,3,0
den000d,674,8056,943,0,0,3,0
den000d,675,6818,624,0,0,3,0
den000d,676,7025,668,0,0,3,0
den000d,677,7165,711,0,0,3,0
den000d,678,7637,613,0,0,3,0
den000d,679,7402,732,0,0,3,0
den000d,680,7103,534,0,0,3,0
den000d,681,6672,534,0,0,3,0
den000d,682,7987,510,0,0,3,0
den000d,683,6427,551,0,0,3,0
den000d,684,7849,669,0,0,3,0
den000d,685,7723,714,0,0,3,0
den000d,686,6473,1188,0,0,3,0
den000d,687,6878,612,0,0,3,0
den000d,688,7141,637,0,0,3,0
den000d,689,9151,998,0,0,3,0
den000d,690,7074,730,0,0,3,0
den000d,691,8367,627,0,0,3,0
den000d,692,8888,1001,0,0,3,0
den000d,693,7341,527,0,0,3,0
den000d,694,6875,591,0,0,3,0
den000d,695,7117,654,0,0,3,0
den000d,696,7932,537,0,0,3,0
den000d,697,6553,573,0,0,3,0
den000d,698,9829,636,0,0,3,0
den000d,699,6303,563,0,0,3,0
den000d,700,7522,905,0,0,3,0
den000d,701,8975,530,0,0,3,0
den000d,702,8405,554,0,0,3,0
den000d,703,8719,653,0,0,3,0
den000d,704,7356,503,0,0,3,0
den000d,705,5939,427,0,0,3,0
den000d,706,7777,827,0,0,3,0
den000d,707,7497,725,0,0,3,0
den000d,708,8267,711,0,0,3,0
den000d,709,8457,533,0,0,3,0
den000d,710,6277,662,0,0,3,0
den000d,711,7190,440,0,0,3,0
den000d,712,6951,552,0,0,3,0
den000d,713,8283,663,0,0,3,0
den000d,714,7797,802,0,0,3,0
den000d,715,8842,732,0,0,3,0
den000d,716,7398,532,0,0,3,0
den000d,717,7017,984,0,0,3,0
den000d,718,8298,558,0,0,3,0
den000d,719,7699,580,0,0,3,0
den000d,720,8484,729,0,0,3,0
den000d,721,7886,492,0,0,3,0
den000d,722,7884,652,0,0,3,0
den000d,723,6959,618,0,0,3,0
den000d,724,7441,578,0,0,3,0
den000d,725,7699,671,0,0,3,0
den000d,726,8299,518,0,0,3,0
den000d,727,6868,643,0,0,3,0
den000d,728,7749,751,0,0,3,0
den000d,729,7178,600,0,0,3,0
den000d,730,10946,822,0,0,3,0
den000d,731,9192,536,0,0,3,0
den000d,732,8889,1191,0,0,3,0
den000d,733,8790,572,0,0,3,0
den000d,734,7285,709,0,0,3,0
den000d,735,7941,654,0,0,3,0
den000d,736,8880,622,0,0,3,0
den000d,737,6087,739,0,0,3,0
den000d,738,7365,704,0,0,3,0
den000d,739,5947,529,0,0,3,0
den000d,740,14439,694,0,0,3,0
den000d,741,8784,554,0,0,3,0
den000d,742,8389,565,0,0,3,0
den000d,743,6678,507,0,0,3,0
den000d,744,9074,597,0,0,3,0
den000d,745,6756,437,0,0,3,0
den000d,746,7433,522,0,0,3,0
den000d,747,7848,627,0,0,3,0
den000d,748,8016,866,0,0,3,0
den000d,749,6523,455,0,0,3,0
den000d,750,6309,541,0,0,3,0
den000d,751,9578,735,0,0,3,0
den000d,752,6633,751,0,0,3,0
den000d,753,8159,609,0,0,3,0
den000d,754,9848,530,0,0,3,0
den000d,755,9522,670,0,0,3,0
den000d,756,7898,641,0,0,3,0
den000d,757,7245,408,0,0,3,0
den000d,758,5978,563,0,0,3,0
den000d,759,7574,567,0,0,3,0
den000d,760,8666,731,0,0,3,0
den000d,761,8736,751,0,0,3,0
den000d,762,9325,676,0,0,3,0
den000d,763,8411,482,0,0,3,0
den000d,764,8736,631,0,0,3,0
den000d,765,7767,495,0,0,3,0
den000d,766,7474,534,0,0,3,0
den000d,767,7291,591,0,0,3,0
den000d,768,8333,604,0,0,3,0
den000d,769,9325,798,0,0,3,0
den000d,770,7801,541,0,0,3,0
den000d,771,6785,653,0,0,3,0
den000d,772,10064,540,0,0,3,0
den000d,773,7836,566,0,0,3,0
den000d,774,10513,669,0,0,3,0
den000d,775,9168,652,0,0,3,0
den000d,776,7101,514,0,0,3,0
den000d,777,9448,570,0,0,3,0
den000d,778,7667,593,0,0,3,0
den000d,779,7552,652,0,0,3,0
den000d,780,9422,465,0,0,3,0
den000d,781,8400,629,0,0,3,0
den000d,782,7880,432,0,0,3,0
den000d,783,6229,619,0,0,3,0
den000d,784,8696,451,0,0,3,0
den000d,785,7405,550,0,0,3,0
den000d,786,7573,1018,0,0,3,0
den000d,787,8793,629,0,0,3,0
den000d,788,7376,485,0,0,3,0
den000d,789,9682,590,0,0,3,0
den000d,790,9492,574,0,0,3,0
den000d,791,9606,970,0,0,3,0
den000d,792,7235,544,0,0,3,0
den000d,793,7971,642,0,0,3,0
den000d,794,7460,707,0,0,3,0
den000d,795,9195,589,0,0,3,0
den000d,796,9466,539,0,0,3,0
den000d,797,8615,909,0,0,3,0
den000d,798,7500,609,0,0,3,0
den000d,799,6558,575,0,0,3,0
den000d,800,7124,710,0,0,3,0
den000d,801,10043,544,0,0,3,0
den000d,802,7206,437,0,0,3,0
den000d,803,8901,654,0,0,3,0
den000d,804,7991,460,0,0,3,0
den000d,805,9885,597,0,0,3,0
den000d,806,7396,539,0,0,3,0
den000d,807,9442,763,0,0,3,0
den000d,808,10115,749,0,0,3,0
den000d,809,8801,791,0,0,3,0
den000d,810,10453,809,0,0,3,0
den000d,811,8466,572,0,0,3,0
den000d,812,7124,627,0,0,3,0
den000d,813,8957,483,0,0,3,0
den000d,814,9951,683,0,0,3,0
den000d,815,10392,544,0,0,3,0
den000d,816,8064,470,0,0,3,0
den000d,817,8742,462,0,0,3,0
den000d,818,8014,511,0,0,3,0
den000d,819,9164,586,0,0,3,0
den000d,820,8205,440,0,0,3,0
den000d,821,9675,586,0,0,3,0
den000d,822,7254,510,0,0,3,0
den000d,823,9067,603,0,0,3,0
den000d,824,9301,525,0,0,3,0
den000d,825,7965,440,0,0,3,0
den000d,826,8683,581,0,0,3,0
den000d,827,9594,879,0,0,3,0
den000d,828,10779,528,0,0,3,0
den000d,829,7782,456,0,0,3,0
den000d,830,10429,1429,0,0,3,0
den000d,831,10120,872,0,0,3,0
den000d,832,8976,565,0,0,3,0
den000d,833,9933,552,0,0,3,0
den000d,834,11536,747,0,0,3,0
den000d,835,8398,811,0,0,3,0
den000d,836,9096,555,0,0,3,0
den000d,837,10332,938,0,0,3,0
den000d,838,8549,911,0,0,3,0
den000d,839,9340,765,0,0,3,0
den000d,840,10334,666,0,0,3,0
den000d,841,9738,732,0,0,3,0
den000d,842,8685,747,0,0,3,0
den000d,843,9648,537,0,0,3,0
den000d,844,9745,573,0,0,3,0
den000d,845,9121,604,0,0,3,0
den000d,846,8584,510,0,0,3,0
den000d,847,9099,622,0,0,3,0
den000d,848,9250,592,0,0,3,0
den000d,849,7081,583,0,0,3,0
den000d,850,10482,1249,0,0,3,0
den000d,851,10014,697,0,0,3,0
den000d,852,9481,656,0,0,3,0
den000d,853,9032,813,0,0,3,0
den000d,854,8866,710,0,0,3,0
den000d,855,10915,714,0,0,3,0
den000d,856,7676,628,0,0,3,0
den000d,857,9656,492,0,0,3,0
den000d,858,8886,684,0,0,3,0
den000d,859,9080,788,0,0,3,0
den000d,860,9960,692,0,0,3,0
den000d,861,9042,538,0,0,3,0
den000d,862,8961,627,0,0,3,0
den000d,863,7035,677,0,0,3,0
den000d,864,7619,593,0,0,3,0
den000d,865,9219,536,0,0,3,0
den000d,866,10443,390,0,0,3,0
den000d,867,9374,562,0,0,3,0
den000d,868,8324,529,0,0,3,0
den000d,869,10543,709,0,0,3,0
den000d,870,9411,581,0,0,3,0
den000d,871,8524,578,0,0,3,0
den000d,872,10688,708,0,0,3,0
den000d,873,8321,697,0,0,3,0
den000d,874,10525,496,0,0,3,0
den000d,875,10637,574,0,0,3,0
den000d,876,10034,830,0,0,3,0
den000d,877,8329,567,0,0,3,0
den000d,878,8473,688,0,0,3,0
den000d,879,10118,727,0,0,3,0
den000d,880,7090,651,0,0,3,0
den000d,881,10563,646,0,0,3,0
den000d,882,9381,525,0,0,3,0
den000d,883,9554,573,0,0,3,0
den000d,884,8017,370,0,0,3,0
den000d,885,10839,612,0,0,3,0
den000d,886,8256,420,0,0,3,0
den000d,887,10534,731,0,0,3,0
den000d,888,8204,737,0,0,3,0
den000d,889,7498,591,0,0,3,0
den000d,890,9920,668,0,0,3,0
den000d,891,10581,478,0,0,3,0
den000d,892,9147,637,0,0,3,0
den000d,893,10014,476,0,0,3,0
den000d,894,10301,722,0,0,3,0
den000d,895,8482,552,0,0,3,0
den000d,896,9684,447,0,0,3,0
den000d,897,10142,849,0,0,3,0
den000d,898,7794,623,0,0,3,0
den000d,899,9823,578,0,0,3,0
den000d,900,11348,460,0,0,3,0
den000d,901,8713,636,0,0,3,0
den000d,902,8602,530,0,0,3,0
den000d,903,8525,508,0,0,3,0
den000d,904,9761,496,0,0,3,0
den000d,905,10903,622,0,0,3,0
den000d,906,8951,492,0,0,3,0
den000d,907,9894,597,0,0,3,0
den000d,908,7634,657,0,0,3,0
den000d,909,6876,511,0,0,3,0
den000d,910,8863,883,0,0,3,0
den000d,911,6775,590,0,0,3,0
den000d,912,8205,521,0,0,3,0
den000d,913,10750,671,0,0,3,0
den000d,914,7701,680,0,0,3,0
den000d,915,8494,460,0,0,3,0
den000d,916,9721,415,0,0,3,0
den000d,917,8912,584,0,0,3,0
den000d,918,10275,624,0,0,3,0
den000d,919,8322,603,0,0,3,0
den000d,920,11048,532,0,0,3,0
den000d,921,7913,517,0,0,3,0
den000d,922,6850,502,0,0,3,0
den000d,923,8731,532,0,0,3,0
den000d,924,9917,961,0,0,3,0
den000d,925,9786,602,0,0,3,0
den000d,926,9051,792,0,0,3,0
den000d,927,7497,670,0,0,3,0
den000d,928,6612,566,0,0,3,0
den000d,929,10963,813,0,0,3,0
den000d,930,11941,645,0,0,3,0
den000d,931,10672,703,0,0,3,0
den000d,932,10138,592,0,0,3,0
den000d,933,10181,851,0,0,3,0
den000d,934,8040,624,0,0,3,0
den000d,935,8130,841,0,0,3,0
den000d,936,7266,545,0,0,3,0
den000d,937,9629,588,0,0,3,0
den000d,938,7511,640,0,0,3,0
den000d,939,9897,648,0,0,3,0
den000d,940,8064,472,0,0,3,0
den000d,941,10080,609,0,0,3,0
den000d,942,9946,664,0,0,3,0
den000d,943,8449,591,0,0,3,0
den000d,944,9464,495,0,0,3,0
den000d,945,8712,707,0,0,3,0
den000d,946,8851,649,0,0,3,0
den000d,947,11641,501,0,0,3,0
den000d,948,10005,601,0,0,3,0
den000d,949,8992,631,0,0,3,0
den000d,950,7152,483,0,0,3,0
den000d,951,8238,414,0,0,3,0
den000d,952,10025,558,0,0,3,0
den000d,953,10845,809,0,0,3,0
den000d,954,8708,793,0,0,3,0
den000d,955,10501,529,0,0,3,0
den000d,956,8557,587,0,0,3,0
den000d,957,11838,459,0,0,3,0
den000d,958,8041,478,0,0,3,0
den000d,959,8011,515,0,0,3,0
den000d,960,10247,547,0,0,3,0
den000d,961,9345,606,0,0,3,0
den000d,962,10729,968,0,0,3,0
den000d,963,10136,639,0,0,3,0
den000d,964,9942,836,0,0,3,0
den000d,965,8520,650,0,0,3,0
den000d,966,11947,545,0,0,3,0
den000d,967,10815,598,0,0,3,0
den000d,968,11629,549,0,0,3,0
den000d,969,9152,620,0,0,3,0
den000d,970,12612,765,0,0,3,0
den000d,971,10589,689,0,0,3,0
den000d,972,7867,544,0,0,3,0
den000d,973,10785,647,0,0,3,0
den000d,974,8812,490,0,0,3,0
den000d,975,10270,844,0,0,3,0
den000d,976,8534,580,0,0,3,0
den000d,977,10765,578,0,0,3,0
den000d,978,9572,551,0,0,3,0
den000d,979,11428,644,0,0,3,0
den000d,980,10492,438,0,0,3,0
den000d,981,9377,533,0,0,3,0
den000d,982,9539,450,0,0,3,0
den000d,983,11622,599,0,0,3,0
den000d,984,10287,680,0,0,3,0
den000d,985,10083,850,0,0,3,0
den000d,986,8673,704,0,0,3,0
den000d,987,11065,604,0,0,3,0
den000d,988,11804,581,0,0,3,0
den000d,989,9884,625,0,0,3,0
den000d,990,8701,706,0,0,3,0
den000d,991,9316,534,0,0,3,0
den000d,992,10460,621,0,0,3,0
den000d,993,10389,615,0,0,3,0
den000d,994,11697,846,0,0,3,0
den000d,995,9123,511,0,0,3,0
den000d,996,11443,533,0,0,3,0
den000d,997,10675,873,0,0,3,0
den000d,998,10844,698,0,0,3,0
den000d,999,11476,554,0,0,3,0
den000d,1000,11457,837,0,0,3,0
den000d,1001,12813,653,0,0,3,0
den000d,1002,10246,513,0,0,3,0
den000d,1003,10625,549,0,0,3,0
den000d,1004,12169,521,0,0,3,0
den000d,1005,9967,493,0,0,3,0
den000d,1006,9822,623,0,0,3,0
den000d,1007,9923,800,0,0,3,0
den000d,1008,11531,816,0,0,3,0
den000d,1009,11699,655,0,0,3,0
den000d,1010,12458,512,0,0,3,0
den000d,1011,10635,484,0,0,3,0
den000d,1012,10706,716,0,0,3,0
den000d,1013,11456,575,0,0,3,0
den000d,1014,8095,391,0,0,3,0
den000d,1015,12677,792,0,0,3,0
den000d,1016,9280,588,0,0,3,0
den000d,1017,9453,710,0,0,3,0
den000d,1018,10997,697,0,0,3,0
den000d,1019,10776,555,0,0,3,0
den000d,1020,8447,920,0,0,3,0
den000d,1021,11990,512,0,0,3,0
den000d,1022,12106,527,0,0,3,0
den000d,1023,9573,600,0,0,3,0
den000d,1024,12237,660,0,0,3,0
den000d,1025,10804,501,0,0,3,0
den000d,1026,11871,803,0,0,3,0
den000d,1027,12408,621,0,0,3,0
den000d,1028,9159,508,0,0,3,0
den000d,1029,8806,457,0,0,3,0
den000d,1030,10868,786,0,0,3,0
den000d,1031,9488,480,0,0,3,0
den000d,1032,10642,505,0,0,3,0
den000d,1033,9953,701,0,0,3,0
den000d,1034,11214,569,0,0,3,0
den000d,1035,10328,808,0,0,3,0
den000d,1036,11208,511,0,0,3,0
den000d,1037,9571,646,0,0,3,0
den000d,1038,9508,556,0,0,3,0
den000d,1039,12218,442,0,0,3,0
den000d,1040,14747,851,0,0,3,0
den000d,1041,13001,806,0,0,3,0
den000d,1042,12007,574,0,0,3,0
den000d,1043,10672,667,0,0,3,0
den000d,1044,11825,597,0,0,3,0
den000d,1045,9898,458,0,0,3,0
den000d,1046,12689,620,0,0,3,0
den000d,1047,11421,577,0,0,3,0
den000d,1048,10665,701,0,0,3,0
den000d,1049,11387,840,0,0,3,0
den000d,1050,10759,930,0,0,3,0
den000d,1051,7769,639,0,0,3,0
den000d,1052,11228,465,0,0,3,0
den000d,1053,11957,494,0,0,3,0
den000d,1054,10159,466,0,0,3,0
den000d,1055,9258,584,0,0,3,0
den000d,1056,10269,737,0,0,3,0
den000d,1057,11475,669,0,0,3,0
den000d,1058,10774,540,0,0,3,0
den000d,1059,10906,470,0,0,3,0
den000d,1060,11686,505,0,0,3,0
den000d,1061,10224,460,0,0,3,0
den000d,1062,12327,419,0,0,3,0
den000d,1063,11318,459,0,0,3,0
den000d,1064,11304,613,0,0,3,0
den000d,1065,10106,540,0,0,3,0
den000d,1066,8510,621,0,0,3,0
den000d,1067,10185,683,0,0,3,0
den000d,1068,13982,661,0,0,3,0
den000d,1069,10210,592,0,0,3,0
den000d,1070,12552,607,0,0,3,0
den000d,1071,11501,637,0,0,3,0
den000d,1072,10030,811,0,0,3,0
den000d,1073,12361,715,0,0,3,0
den000d,1074,11754,600,0,0,3,0
den000d,1075,12988,539,0,0,3,0
den000d,1076,9699,452,0,0,3,0
den000d,1077,10162,386,0,0,3,0
den000d,1078,8590,381,0,0,3,0
den000d,1079,12560,852,0,0,3,0
den000d,1080,10247,800,0,0,3,0
den000d,1081,10113,670,0,0,3,0
den000d,1082,9101,459,0,0,3,0
den000d,1083,12467,700,0,0,3,0
den000d,1084,11107,580,0,0,3,0
den000d,1085,12326,570,0,0,3,0
den000d,1086,12609,916,0,0,3,0
den000d,1087,15392,851,0,0,3,0
den000d,1088,13161,921,0,0,3,0
den000d,1089,12969,827,0,0,3,0
den000d,1090,12954,485,0,0,3,0
den000d,1091,11350,497,0,0,3,0
den000d,1092,13863,750,0,0,3,0
den000d,1093,11213,544,0,0,3,0
den000d,1094,14355,684,0,0,3,0
den000d,1095,12606,648,0,0,3,0
den000d,1096,14337,707,0,0,3,0
den000d,1097,9980,641,0,0,3,0
den000d,1098,11688,638,0,0,3,0
den000d,1099,11691,1036,0,0,3,0
den000d,1100,14333,523,0,0,3,0
den000d,1101,10205,446,0,0,3,0
den000d,1102,10180,454,0,0,3,0
den000d,1103,10731,365,0,0,3,0
den000d,1104,14178,579,0,0,3,0
den000d,1105,11465,668,0,0,3,0
den000d,1106,10043,811,0,0,3,0
den000d,1107,14199,653,0,0,3,0
den000d,1108,13451,775,0,0,3,0
den000d,1109,13104,711,0,0,3,0
den000d,1110,12552,512,0,0,3,0
den000d,1111,11225,390,0,0,3,0
den000d,1112,12715,666,0,0,3,0
den000d,1113,13291,716,0,0,3,0
den000d,1114,12795,696,0,0,3,0
den000d,1115,9251,606,0,0,3,0
den000d,1116,8960,576,0,0,3,0
den000d,1117,9285,589,0,0,3,0
den000d,1118,10362,593,0,0,3,0
den000d,1119,8958,558,0,0,3,0
den000d,1120,11972,516,0,0,3,0
den000d,1121,10831,528,0,0,3,0
den000d,1122,9935,434,0,0,3,0
den000d,1123,14889,762,0,0,3,0
den000d,1124,10422,680,0,0,3,0
den000d,1125,12130,431,0,0,3,0
den000d,1126,11426,682,0,0,3,0
den000d,1127,12398,610,0,0,3,0
den000d,1128,14023,587,0,0,3,0
den000d,1129,10653,704,0,0,3,0
den000d,1130,12091,777,0,0,3,0
den000d,1131,9574,644,0,0,3,0
den000d,1132,12679,591,0,0,3,0
den000d,1133,9529,510,0,0,3,0
den000d,1134,11066,765,0,0,3,0
den000d,1135,9922,660,0,0,3,0
den000d,1136,10751,741,0,0,3,0
den000d,1137,12714,766,0,0,3,0
den000d,1138,13309,536,0,0,3,0
den000d,1139,13026,801,0,0,3,0
den000d,1140,10462,546,0,0,3,0
den000d,1141,13694,595,0,0,3,0
den000d,1142,14104,692,0,0,3,0
den000d,1143,11793,664,0,0,3,0
den000d,1144,15486,694,0,0,3,0
den000d,1145,12358,635,0,0,3,0
den000d,1146,15195,457,0,0,3,0
den000d,1147,13357,666,0,0,3,0
den000d,1148,14028,460,0,0,3,0
den000d,1149,12026,680,0,0,3,0
den000d,1150,12033,575,0,0,3,0
den000d,1151,9253,450,0,0,3,0
den000d,1152,9058,545,0,0,3,0
den000d,1153,13461,683,0,0,3,0
den000d,1154,10789,484,0,0,3,0
den000d,1155,12278,807,0,0,3,0
den000d,1156,14928,770,0,0,3,0
den000d,1157,12059,614,0,0,3,0
den000d,1158,12304,524,0,0,3,0
den000d,1159,12156,709,0,0,3,0
den000d,1160,12839,536,0,0,3,0
den000d,1161,11371,654,0,0,3,0
den000d,1162,12974,606,0,0,3,0
den000d,1163,11856,602,0,0,3,0
den000d,1164,14166,506,0,0,3,0
den000d,1165,10871,824,0,0,3,0
den000d,1166,11565,626,0,0,3,0
den000d,1167,10164,587,0,0,3,0
den000d,1168,10090,581,0,0,3,0
den000d,1169,12629,462,0,0,3,0
den000d,1170,11139,478,0,0,3,0
den000d,1171,10445,478,0,0,3,0
den000d,1172,12680,599,0,0,3,0
den000d,1173,10323,529,0,0,3,0
den000d,1174,12993,601,0,0,3,0
den000d,1175,13731,735,0,0,3,0
den000d,1176,13314,531,0,0,3,0
den000d,1177,12884,724,0,0,3,0
den000d,1178,10557,638,0,0,3,0
den000d,1179,10755,834,0,0,3,0
den000d,1180,14735,588,0,0,3,0
den000d,1181,11067,603,0,0,3,0
den000d,1182,13434,748,0,0,3,0
den000d,1183,12039,550,0,0,3,0
den000d,1184,11708,648,0,0,3,0
den000d,1185,10152,604,0,0,3,0
den000d,1186,9351,508,0,0,3,0
den000d,1187,9397,641,0,0,3,0
den000d,1188,8907,771,0,0,3,0
den000d,1189,9959,532,0,0,3,0
den000d,1190,11583,478,0,0,3,0
den000d,1191,13069,422,0,0,3,0
den000d,1192,10350,455,0,0,3,0
den000d,1193,12347,487,0,0,3,0
den000d,1194,14033,863,0,0,3,0
den000d,1195,12338,431,0,0,3,0
den000d,1196,9099,341,0,0,3,0
den000d,1197,13704,646,0,0,3,0
den000d,1198,13683,689,0,0,3,0
den000d,1199,13726,601,0,0,3,0
den000d,1200,13904,689,0,0,3,0
den000d,1201,13751,598,0,0,3,0
den000d,1202,11215,444,0,0,3,0
den000d,1203,14397,763,0,0,3,0
den000d,1204,11798,580,0,0,3,0
den000d,1205,12447,595,0,0,3,0
den000d,1206,9902,467,0,0,3,0
den000d,1207,15903,554,0,0,3,0
den000d,1208,12271,889,0,0,3,0
den000d,1209,11786,668,0,0,3,0
den000d,1210,11854,643,0,0,3,0
den000d,1211,13120,647,0,0,3,0
den000d,1212,12185,711,0,0,3,0
den000d,1213,9952,638,0,0,3,0
den000d,1214,14103,563,0,0,3,0
den000d,1215,15024,471,0,0,3,0
den000d,1216,12589,866,0,0,3,0
den000d,1217,12032,599,0,0,3,0
den000d,1218,11027,999,0,0,3,0
den000d,1219,9727,639,0,0,3,0
den000d,1220,9773,620,0,0,3,0
den000d,1221,13869,776,0,0,3,0
den000d,1222,12167,558,0,0,3,0
den000d,1223,11332,618,0,0,3,0
den000d,1224,15158,537,0,0,3,0
den000d,1225,12360,720,0,0,3,0
den000d,1226,12173,461,0,0,3,0
den000d,1227,14322,558,0,0,3,0
den000d,1228,13721,765,0,0,3,0
den000d,1229,15267,734,0,0,3,0
den000d,1230,13461,504,0,0,3,0
den000d,1231,14289,712,0,0,3,0
den000d,1232,12521,693,0,0,3,0
den000d,1233,14210,472,0,0,3,0
den000d,1234,15755,563,0,0,3,0
den000d,1235,13458,579,0,0,3,0
den000d,1236,10555,574,0,0,3,0
den000d,1237,14949,740,0,0,3,0
den000d,1238,15390,755,0,0,3,0
den000d,1239,13100,559,0,0,3,0
den000d,1240,12790,464,0,0,3,0
den000d,1241,13882,419,0,0,3,0
den000d,1242,12600,600,0,0,3,0
den000d,1243,13739,727,0,0,3,0
den000d,1244,13715,529,0,0,3,0
den000d,1245,12424,580,0,0,3,0
den000d,1246,15107,773,0,0,3,0
den000d,1247,16312,736,0,0,3,0
den000d,1248,15130,681,0,0,3,0
den000d,1249,16185,908,0,0,3,0
den000d,1250,14768,503,0,0,3,0
den000d,1251,11095,368,0,0,3,0
den000d,1252,10225,369,0,0,3,0
den000d,1253,15652,626,0,0,3,0
den000d,1254,12544,740,0,0,3,0
den000d,1255,12649,421,0,0,3,0
den000d,1256,11077,390,0,0,3,0
den000d,1257,12167,670,0,0,3,0
den000d,1258,17140,531,0,0,3,0
den000d,1259,12825,643,0,0,3,0
