map,scenid,total-src,20move-src,distance,path_size,hLevel,pure
den500d,0,316,288,0,0,0,1
den500d,1,289,266,0,0,0,1
den500d,2,269,246,0,0,0,1
den500d,3,207,187,0,0,0,1
den500d,4,226,286,0,0,0,1
den500d,5,255,248,0,0,0,1
den500d,6,146,143,0,0,0,1
den500d,7,190,233,0,0,0,1
den500d,8,218,195,0,0,0,1
den500d,9,382,496,0,0,0,1
den500d,10,328,414,0,0,0,1
den500d,11,413,461,0,0,0,1
den500d,12,344,401,0,0,0,1
den500d,13,328,260,0,0,0,1
den500d,14,438,480,0,0,0,1
den500d,15,372,386,0,0,0,1
den500d,16,338,398,0,0,0,1
den500d,17,308,340,0,0,0,1
den500d,18,454,419,0,0,0,1
den500d,19,262,315,0,0,0,1
den500d,20,521,578,0,0,0,1
den500d,21,361,414,0,0,0,1
den500d,22,470,550,0,0,0,1
den500d,23,549,503,0,0,0,1
den500d,24,384,341,0,0,0,1
den500d,25,419,437,0,0,0,1
den500d,26,429,400,0,0,0,1
den500d,27,505,444,0,0,0,1
den500d,28,849,910,0,0,0,1
den500d,29,727,738,0,0,0,1
den500d,30,822,705,0,0,0,1
den500d,31,403,431,0,0,0,1
den500d,32,385,364,0,0,0,1
den500d,33,714,657,0,0,0,1
den500d,34,635,640,0,0,0,1
den500d,35,587,625,0,0,0,1
den500d,36,696,671,0,0,0,1
den500d,37,551,489,0,0,0,1
den500d,38,641,640,0,0,0,1
den500d,39,697,692,0,0,0,1
den500d,40,1157,1174,0,0,0,1
den500d,41,704,556,0,0,0,1
den500d,42,888,911,0,0,0,1
den500d,43,786,692,0,0,0,1
den500d,44,1070,987,0,0,0,1
den500d,45,1051,1185,0,0,0,1
den500d,46,797,713,0,0,0,1
den500d,47,579,656,0,0,0,1
den500d,48,432,554,0,0,0,1
den500d,49,1025,1138,0,0,0,1
den500d,50,1035,1063,0,0,0,1
den500d,51,1124,1215,0,0,0,1
den500d,52,792,727,0,0,0,1
den500d,53,990,981,0,0,0,1
den500d,54,1228,1118,0,0,0,1
den500d,55,963,881,0,0,0,1
den500d,56,794,743,0,0,0,1
den500d,57,1062,1006,0,0,0,1
den500d,58,874,843,0,0,0,1
den500d,59,1340,1346,0,0,0,1
den500d,60,866,753,0,0,0,1
den500d,61,1143,863,0,0,0,1
den500d,62,873,820,0,0,0,1
den500d,63,1310,772,0,0,0,1
den500d,64,1016,762,0,0,0,1
den500d,65,1183,1119,0,0,0,1
den500d,66,1441,996,0,0,0,1
den500d,67,1019,996,0,0,0,1
den500d,68,1394,997,0,0,0,1
den500d,69,1143,1104,0,0,0,1
den500d,70,1614,1493,0,0,0,1
den500d,71,1456,670,0,0,0,1
den500d,72,1362,1042,0,0,0,1
den500d,73,1830,930,0,0,0,1
den500d,74,1152,767,0,0,0,1
den500d,75,1241,781,0,0,0,1
den500d,76,1253,670,0,0,0,1
den500d,77,1052,659,0,0,0,1
den500d,78,1203,597,0,0,0,1
den500d,79,1337,1197,0,0,0,1
den500d,80,1840,1166,0,0,0,1
den500d,81,2259,1107,0,0,0,1
den500d,82,1508,963,0,0,0,1
den500d,83,1726,659,0,0,0,1
den500d,84,1629,640,0,0,0,1
den500d,85,1002,443,0,0,0,1
den500d,86,887,402,0,0,0,1
den500d,87,1228,569,0,0,0,1
den500d,88,1504,775,0,0,0,1
den500d,89,1365,725,0,0,0,1
den500d,90,1506,756,0,0,0,1
den500d,91,1402,678,0,0,0,1
den500d,92,1684,506,0,0,0,1
den500d,93,1591,595,0,0,0,1
den500d,94,1706,499,0,0,0,1
den500d,95,1557,526,0,0,0,1
den500d,96,1929,801,0,0,0,1
den500d,97,1915,660,0,0,0,1
den500d,98,1053,775,0,0,0,1
den500d,99,1379,740,0,0,0,1
den500d,100,1669,564,0,0,0,1
den500d,101,1192,584,0,0,0,1
den500d,102,1986,1093,0,0,0,1
den500d,103,2283,1226,0,0,0,1
den500d,104,1888,586,0,0,0,1
den500d,105,1726,1009,0,0,0,1
den500d,106,1343,532,0,0,0,1
den500d,107,1423,451,0,0,0,1
den500d,108,2922,695,0,0,0,1
den500d,109,2204,582,0,0,0,1
den500d,110,2018,542,0,0,0,1
den500d,111,1543,718,0,0,0,1
den500d,112,2510,799,0,0,0,1
den500d,113,2840,1257,0,0,0,1
den500d,114,2453,750,0,0,0,1
den500d,115,1880,867,0,0,0,1
den500d,116,1454,615,0,0,0,1
den500d,117,1775,650,0,0,0,1
den500d,118,2084,942,0,0,0,1
den500d,119,1621,611,0,0,0,1
den500d,120,2810,1122,0,0,0,1
den500d,121,1362,773,0,0,0,1
den500d,122,1659,492,0,0,0,1
den500d,123,2426,547,0,0,0,1
den500d,124,2026,584,0,0,0,1
den500d,125,2162,556,0,0,0,1
den500d,126,2326,720,0,0,0,1
den500d,127,1736,503,0,0,0,1
den500d,128,2858,702,0,0,0,1
den500d,129,2370,534,0,0,0,1
den500d,130,2495,689,0,0,0,1
den500d,131,1994,686,0,0,0,1
den500d,132,2830,799,0,0,0,1
den500d,133,2368,697,0,0,0,1
den500d,134,2216,636,0,0,0,1
den500d,135,1660,560,0,0,0,1
den500d,136,1959,756,0,0,0,1
den500d,137,2225,757,0,0,0,1
den500d,138,1719,761,0,0,0,1
den500d,139,1978,632,0,0,0,1
den500d,140,2233,623,0,0,0,1
den500d,141,2025,747,0,0,0,1
den500d,142,2417,807,0,0,0,1
den500d,143,2566,502,0,0,0,1
den500d,144,1651,576,0,0,0,1
den500d,145,2806,665,0,0,0,1
den500d,146,2575,535,0,0,0,1
den500d,147,3494,800,0,0,0,1
den500d,148,2563,533,0,0,0,1
den500d,149,2025,555,0,0,0,1
den500d,150,3532,562,0,0,0,1
den500d,151,4574,687,0,0,0,1
den500d,152,2894,576,0,0,0,1
den500d,153,2530,598,0,0,0,1
den500d,154,2618,494,0,0,0,1
den500d,155,1721,483,0,0,0,1
den500d,156,2011,709,0,0,0,1
den500d,157,2131,559,0,0,0,1
den500d,158,1842,697,0,0,0,1
den500d,159,2514,491,0,0,0,1
den500d,160,2970,574,0,0,0,1
den500d,161,2481,733,0,0,0,1
den500d,162,2689,883,0,0,0,1
den500d,163,2925,501,0,0,0,1
den500d,164,2302,562,0,0,0,1
den500d,165,2329,786,0,0,0,1
den500d,166,3587,557,0,0,0,1
den500d,167,2634,565,0,0,0,1
den500d,168,2197,514,0,0,0,1
den500d,169,1833,449,0,0,0,1
den500d,170,3119,620,0,0,0,1
den500d,171,2336,631,0,0,0,1
den500d,172,2832,741,0,0,0,1
den500d,173,1952,434,0,0,0,1
den500d,174,2098,533,0,0,0,1
den500d,175,1679,544,0,0,0,1
den500d,176,2452,693,0,0,0,1
den500d,177,2813,645,0,0,0,1
den500d,178,2572,641,0,0,0,1
den500d,179,3482,1053,0,0,0,1
den500d,180,2733,739,0,0,0,1
den500d,181,3821,559,0,0,0,1
den500d,182,2760,495,0,0,0,1
den500d,183,3022,600,0,0,0,1
den500d,184,2605,656,0,0,0,1
den500d,185,2287,555,0,0,0,1
den500d,186,2970,495,0,0,0,1
den500d,187,2286,560,0,0,0,1
den500d,188,1605,460,0,0,0,1
den500d,189,2862,683,0,0,0,1
den500d,190,3535,655,0,0,0,1
den500d,191,3927,1156,0,0,0,1
den500d,192,3134,622,0,0,0,1
den500d,193,3170,522,0,0,0,1
den500d,194,3692,576,0,0,0,1
den500d,195,3818,704,0,0,0,1
den500d,196,2982,858,0,0,0,1
den500d,197,2717,484,0,0,0,1
den500d,198,3220,473,0,0,0,1
den500d,199,3389,628,0,0,0,1
den500d,200,4021,736,0,0,0,1
den500d,201,3278,589,0,0,0,1
den500d,202,2859,560,0,0,0,1
den500d,203,3211,579,0,0,0,1
den500d,204,3130,608,0,0,0,1
den500d,205,3330,480,0,0,0,1
den500d,206,2742,755,0,0,0,1
den500d,207,2858,494,0,0,0,1
den500d,208,3914,502,0,0,0,1
den500d,209,2998,473,0,0,0,1
den500d,210,3246,806,0,0,0,1
den500d,211,2464,542,0,0,0,1
den500d,212,3062,591,0,0,0,1
den500d,213,4112,436,0,0,0,1
den500d,214,3440,598,0,0,0,1
den500d,215,3331,738,0,0,0,1
den500d,216,2618,461,0,0,0,1
den500d,217,2781,441,0,0,0,1
den500d,218,2344,430,0,0,0,1
den500d,219,3666,394,0,0,0,1
den500d,220,3560,705,0,0,0,1
den500d,221,3678,866,0,0,0,1
den500d,222,3717,559,0,0,0,1
den500d,223,2742,525,0,0,0,1
den500d,224,2997,603,0,0,0,1
den500d,225,3392,457,0,0,0,1
den500d,226,3630,443,0,0,0,1
den500d,227,3425,809,0,0,0,1
den500d,228,3541,635,0,0,0,1
den500d,229,4846,542,0,0,0,1
den500d,230,3862,568,0,0,0,1
den500d,231,2959,378,0,0,0,1
den500d,232,3335,524,0,0,0,1
den500d,233,4764,1014,0,0,0,1
den500d,234,3341,542,0,0,0,1
den500d,235,3190,388,0,0,0,1
den500d,236,4239,536,0,0,0,1
den500d,237,3119,461,0,0,0,1
den500d,238,2348,423,0,0,0,1
den500d,239,4582,538,0,0,0,1
den500d,240,2894,641,0,0,0,1
den500d,241,3709,728,0,0,0,1
den500d,242,2802,736,0,0,0,1
den500d,243,3911,736,0,0,0,1
den500d,244,3952,655,0,0,0,1
den500d,245,3735,522,0,0,0,1
den500d,246,3346,596,0,0,0,1
den500d,247,3478,460,0,0,0,1
den500d,248,3088,712,0,0,0,1
den500d,249,5771,455,0,0,0,1
den500d,250,4050,546,0,0,0,1
den500d,251,3688,553,0,0,0,1
den500d,252,3536,437,0,0,0,1
den500d,253,3329,520,0,0,0,1
den500d,254,4276,559,0,0,0,1
den500d,255,2979,613,0,0,0,1
den500d,256,4998,516,0,0,0,1
den500d,257,2908,467,0,0,0,1
den500d,258,3725,421,0,0,0,1
den500d,259,4048,553,0,0,0,1
den500d,260,2994,518,0,0,0,1
den500d,261,4653,426,0,0,0,1
den500d,262,4466,442,0,0,0,1
den500d,263,3403,456,0,0,0,1
den500d,264,4670,580,0,0,0,1
den500d,265,3044,466,0,0,0,1
den500d,266,4318,624,0,0,0,1
den500d,267,4436,488,0,0,0,1
den500d,268,3616,548,0,0,0,1
den500d,269,3189,533,0,0,0,1
den500d,270,3492,487,0,0,0,1
den500d,271,4428,740,0,0,0,1
den500d,272,2947,467,0,0,0,1
den500d,273,4381,938,0,0,0,1
den500d,274,3711,591,0,0,0,1
den500d,275,4381,603,0,0,0,1
den500d,276,4367,448,0,0,0,1
den500d,277,4408,511,0,0,0,1
den500d,278,3342,520,0,0,0,1
den500d,279,4743,436,0,0,0,1
den500d,280,4143,461,0,0,0,1
den500d,281,3791,474,0,0,0,1
den500d,282,4653,661,0,0,0,1
den500d,283,4070,570,0,0,0,1
den500d,284,3937,456,0,0,0,1
den500d,285,5378,518,0,0,0,1
den500d,286,4474,546,0,0,0,1
den500d,287,3608,554,0,0,0,1
den500d,288,4353,548,0,0,0,1
den500d,289,4058,480,0,0,0,1
den500d,290,5485,741,0,0,0,1
den500d,291,3588,510,0,0,0,1
den500d,292,4406,688,0,0,0,1
den500d,293,4180,524,0,0,0,1
den500d,294,4355,525,0,0,0,1
den500d,295,3589,535,0,0,0,1
den500d,296,4123,422,0,0,0,1
den500d,297,4626,512,0,0,0,1
den500d,298,5414,432,0,0,0,1
den500d,299,3886,435,0,0,0,1
den500d,300,4239,462,0,0,0,1
den500d,301,4955,406,0,0,0,1
den500d,302,2963,350,0,0,0,1
den500d,303,3807,477,0,0,0,1
den500d,304,4968,821,0,0,0,1
den500d,305,3989,491,0,0,0,1
den500d,306,3692,396,0,0,0,1
den500d,307,3047,358,0,0,0,1
den500d,308,4401,590,0,0,0,1
den500d,309,4669,606,0,0,0,1
den500d,310,4348,735,0,0,0,1
den500d,311,5335,646,0,0,0,1
den500d,312,3839,552,0,0,0,1
den500d,313,4219,445,0,0,0,1
den500d,314,3805,405,0,0,0,1
den500d,315,4534,503,0,0,0,1
den500d,316,4749,780,0,0,0,1
den500d,317,3633,456,0,0,0,1
den500d,318,4418,496,0,0,0,1
den500d,319,3889,603,0,0,0,1
den500d,320,4679,487,0,0,0,1
den500d,321,4165,505,0,0,0,1
den500d,322,4629,585,0,0,0,1
den500d,323,4141,622,0,0,0,1
den500d,324,5256,513,0,0,0,1
den500d,325,4834,559,0,0,0,1
den500d,326,4343,725,0,0,0,1
den500d,327,3190,472,0,0,0,1
den500d,328,4617,387,0,0,0,1
den500d,329,3252,460,0,0,0,1
den500d,330,5496,703,0,0,0,1
den500d,331,3539,590,0,0,0,1
den500d,332,4077,499,0,0,0,1
den500d,333,5477,525,0,0,0,1
den500d,334,5113,609,0,0,0,1
den500d,335,4793,512,0,0,0,1
den500d,336,3724,420,0,0,0,1
den500d,337,2968,410,0,0,0,1
den500d,338,4774,498,0,0,0,1
den500d,339,4408,505,0,0,0,1
den500d,340,3654,581,0,0,0,1
den500d,341,3709,625,0,0,0,1
den500d,342,5673,754,0,0,0,1
den500d,343,5475,449,0,0,0,1
den500d,344,4056,492,0,0,0,1
den500d,345,4904,446,0,0,0,1
den500d,346,4309,460,0,0,0,1
den500d,347,4953,729,0,0,0,1
den500d,348,4436,455,0,0,0,1
den500d,349,3449,444,0,0,0,1
den500d,350,3775,465,0,0,0,1
den500d,351,5597,681,0,0,0,1
den500d,352,4339,428,0,0,0,1
den500d,353,4484,446,0,0,0,1
den500d,354,4005,525,0,0,0,1
den500d,355,4099,344,0,0,0,1
den500d,356,5928,582,0,0,0,1
den500d,357,5437,469,0,0,0,1
den500d,358,4167,397,0,0,0,1
den500d,359,4306,417,0,0,0,1
den500d,360,5177,596,0,0,0,1
den500d,361,4997,493,0,0,0,1
den500d,362,5938,619,0,0,0,1
den500d,363,5529,645,0,0,0,1
den500d,364,3818,478,0,0,0,1
den500d,365,3618,427,0,0,0,1
den500d,366,5577,449,0,0,0,1
den500d,367,7299,490,0,0,0,1
den500d,368,4447,476,0,0,0,1
den500d,369,3765,560,0,0,0,1
den500d,370,5198,637,0,0,0,1
den500d,371,3821,494,0,0,0,1
den500d,372,5799,537,0,0,0,1
den500d,373,6288,472,0,0,0,1
den500d,374,6935,617,0,0,0,1
den500d,375,6300,739,0,0,0,1
den500d,376,4723,403,0,0,0,1
den500d,377,3945,410,0,0,0,1
den500d,378,4391,572,0,0,0,1
den500d,379,6442,446,0,0,0,1
den500d,380,5003,538,0,0,0,1
den500d,381,3801,661,0,0,0,1
den500d,382,4970,556,0,0,0,1
den500d,383,4143,449,0,0,0,1
den500d,384,5440,539,0,0,0,1
den500d,385,4809,445,0,0,0,1
den500d,386,5767,442,0,0,0,1
den500d,387,6399,582,0,0,0,1
den500d,388,4800,477,0,0,0,1
den500d,389,5896,540,0,0,0,1
den500d,390,5262,543,0,0,0,1
den500d,391,4676,557,0,0,0,1
den500d,392,4055,537,0,0,0,1
den500d,393,4695,583,0,0,0,1
den500d,394,6804,679,0,0,0,1
den500d,395,5637,606,0,0,0,1
den500d,396,4646,433,0,0,0,1
den500d,397,5453,447,0,0,0,1
den500d,398,6697,508,0,0,0,1
den500d,399,4601,718,0,0,0,1
den500d,400,4584,597,0,0,0,1
den500d,401,5535,403,0,0,0,1
den500d,402,10523,516,0,0,0,1
den500d,403,5709,523,0,0,0,1
den500d,404,4298,525,0,0,0,1
den500d,405,5378,563,0,0,0,1
den500d,406,4826,576,0,0,0,1
den500d,407,4660,570,0,0,0,1
den500d,408,4392,577,0,0,0,1
den500d,409,6264,507,0,0,0,1
den500d,410,5318,475,0,0,0,1
den500d,411,5299,514,0,0,0,1
den500d,412,4427,446,0,0,0,1
den500d,413,4758,457,0,0,0,1
den500d,414,4253,470,0,0,0,1
den500d,415,4276,431,0,0,0,1
den500d,416,4481,545,0,0,0,1
den500d,417,4307,478,0,0,0,1
den500d,418,5482,603,0,0,0,1
den500d,419,8260,504,0,0,0,1
den500d,420,6012,534,0,0,0,1
den500d,421,5275,521,0,0,0,1
den500d,422,4711,457,0,0,0,1
den500d,423,6338,479,0,0,0,1
den500d,424,6628,580,0,0,0,1
den500d,425,4962,524,0,0,0,1
den500d,426,5310,544,0,0,0,1
den500d,427,7492,528,0,0,0,1
den500d,428,5294,456,0,0,0,1
den500d,429,4956,431,0,0,0,1
den500d,430,5686,468,0,0,0,1
den500d,431,5212,500,0,0,0,1
den500d,432,5093,421,0,0,0,1
den500d,433,6211,521,0,0,0,1
den500d,434,4659,571,0,0,0,1
den500d,435,4393,448,0,0,0,1
den500d,436,4193,474,0,0,0,1
den500d,437,6088,585,0,0,0,1
den500d,438,5350,1049,0,0,0,1
den500d,439,4793,464,0,0,0,1
den500d,440,6645,459,0,0,0,1
den500d,441,6391,493,0,0,0,1
den500d,442,6274,515,0,0,0,1
den500d,443,6171,634,0,0,0,1
den500d,444,7055,565,0,0,0,1
den500d,445,6212,577,0,0,0,1
den500d,446,6720,514,0,0,0,1
den500d,447,5555,432,0,0,0,1
den500d,448,4959,449,0,0,0,1
den500d,449,4774,483,0,0,0,1
den500d,450,4522,474,0,0,0,1
den500d,451,5266,454,0,0,0,1
den500d,452,4660,413,0,0,0,1
den500d,453,4719,461,0,0,0,1
den500d,454,4850,421,0,0,0,1
den500d,455,4713,419,0,0,0,1
den500d,456,5089,418,0,0,0,1
den500d,457,6648,508,0,0,0,1
den500d,458,5211,534,0,0,0,1
den500d,459,4649,489,0,0,0,1
den500d,460,4493,468,0,0,0,1
den500d,461,6015,568,0,0,0,1
den500d,462,6449,543,0,0,0,1
den500d,463,5240,526,0,0,0,1
den500d,464,6739,508,0,0,0,1
den500d,465,6657,561,0,0,0,1
den500d,466,5123,437,0,0,0,1
den500d,467,4688,532,0,0,0,1
den500d,468,6783,574,0,0,0,1
den500d,469,6003,576,0,0,0,1
den500d,470,5523,529,0,0,0,1
den500d,471,6336,455,0,0,0,1
den500d,472,7044,440,0,0,0,1
den500d,473,7215,608,0,0,0,1
den500d,474,6053,548,0,0,0,1
den500d,475,5884,538,0,0,0,1
den500d,476,5932,532,0,0,0,1
den500d,477,6478,595,0,0,0,1
den500d,478,5380,431,0,0,0,1
den500d,479,7031,482,0,0,0,1
den500d,480,6467,482,0,0,0,1
den500d,481,5879,411,0,0,0,1
den500d,482,7133,535,0,0,0,1
den500d,483,5608,423,0,0,0,1
den500d,484,6788,471,0,0,0,1
den500d,485,7188,667,0,0,0,1
den500d,486,6316,465,0,0,0,1
den500d,487,5542,483,0,0,0,1
den500d,488,6542,495,0,0,0,1
den500d,489,5302,529,0,0,0,1
den500d,490,5285,510,0,0,0,1
den500d,491,7291,589,0,0,0,1
den500d,492,6382,448,0,0,0,1
den500d,493,5352,461,0,0,0,1
den500d,494,6442,514,0,0,0,1
den500d,495,5269,449,0,0,0,1
den500d,496,5268,526,0,0,0,1
den500d,497,6360,413,0,0,0,1
den500d,498,5893,478,0,0,0,1
den500d,499,5570,379,0,0,0,1
den500d,500,6234,686,0,0,0,1
den500d,501,6094,510,0,0,0,1
den500d,502,5777,425,0,0,0,1
den500d,503,5805,570,0,0,0,1
den500d,504,6774,528,0,0,0,1
den500d,505,5311,466,0,0,0,1
den500d,506,4947,450,0,0,0,1
den500d,507,5741,393,0,0,0,1
den500d,508,8228,522,0,0,0,1
den500d,509,6378,565,0,0,0,1
den500d,510,5977,557,0,0,0,1
den500d,511,5123,585,0,0,0,1
den500d,512,6250,474,0,0,0,1
den500d,513,6450,387,0,0,0,1
den500d,514,6416,501,0,0,0,1
den500d,515,7587,558,0,0,0,1
den500d,516,5978,351,0,0,0,1
den500d,517,5834,412,0,0,0,1
den500d,518,6349,574,0,0,0,1
den500d,519,7420,438,0,0,0,1
den500d,520,7261,596,0,0,0,1
den500d,521,5389,540,0,0,0,1
den500d,522,4963,479,0,0,0,1
den500d,523,4996,433,0,0,0,1
den500d,524,7561,602,0,0,0,1
den500d,525,6768,490,0,0,0,1
den500d,526,5355,463,0,0,0,1
den500d,527,5433,461,0,0,0,1
den500d,528,6924,537,0,0,0,1
den500d,529,6837,507,0,0,0,1
den500d,530,7622,571,0,0,0,1
den500d,531,7357,528,0,0,0,1
den500d,532,8891,551,0,0,0,1
den500d,533,6933,596,0,0,0,1
den500d,534,6669,565,0,0,0,1
den500d,535,6202,516,0,0,0,1
den500d,536,7404,628,0,0,0,1
den500d,537,7613,488,0,0,0,1
den500d,538,7186,549,0,0,0,1
den500d,539,7029,1079,0,0,0,1
den500d,540,7459,870,0,0,0,1
den500d,541,6813,586,0,0,0,1
den500d,542,6888,500,0,0,0,1
den500d,543,6912,504,0,0,0,1
den500d,544,6437,564,0,0,0,1
den500d,545,7149,430,0,0,0,1
den500d,546,6377,474,0,0,0,1
den500d,547,6564,548,0,0,0,1
den500d,548,5855,375,0,0,0,1
den500d,549,7363,430,0,0,0,1
den500d,550,5446,508,0,0,0,1
den500d,551,6408,664,0,0,0,1
den500d,552,7731,491,0,0,0,1
den500d,553,5933,497,0,0,0,1
den500d,554,7243,564,0,0,0,1
den500d,555,6176,559,0,0,0,1
den500d,556,8404,524,0,0,0,1
den500d,557,6490,489,0,0,0,1
den500d,558,6083,429,0,0,0,1
den500d,559,6907,469,0,0,0,1
den500d,560,6582,635,0,0,0,1
den500d,561,5410,482,0,0,0,1
den500d,562,4351,520,0,0,0,1
den500d,563,6370,534,0,0,0,1
den500d,564,8152,562,0,0,0,1
den500d,565,7738,516,0,0,0,1
den500d,566,6768,450,0,0,0,1
den500d,567,6876,419,0,0,0,1
den500d,568,7331,501,0,0,0,1
den500d,569,8369,634,0,0,0,1
den500d,570,6129,476,0,0,0,1
den500d,571,6457,602,0,0,0,1
den500d,572,7899,570,0,0,0,1
den500d,573,7967,547,0,0,0,1
den500d,574,7512,569,0,0,0,1
den500d,575,7601,519,0,0,0,1
den500d,576,6695,446,0,0,0,1
den500d,577,6927,491,0,0,0,1
den500d,578,7787,591,0,0,0,1
den500d,579,7605,482,0,0,0,1
den500d,580,7904,668,0,0,0,1
den500d,581,5561,424,0,0,0,1
den500d,582,4901,372,0,0,0,1
den500d,583,5682,504,0,0,0,1
den500d,584,4693,385,0,0,0,1
den500d,585,8010,612,0,0,0,1
den500d,586,7846,545,0,0,0,1
den500d,587,7250,441,0,0,0,1
den500d,588,8263,542,0,0,0,1
den500d,589,8754,525,0,0,0,1
den500d,590,7412,541,0,0,0,1
den500d,591,7254,474,0,0,0,1
den500d,592,6699,522,0,0,0,1
den500d,593,7686,519,0,0,0,1
den500d,594,7196,557,0,0,0,1
den500d,595,8957,507,0,0,0,1
den500d,596,6854,438,0,0,0,1
den500d,597,8292,437,0,0,0,1
den500d,598,7438,578,0,0,0,1
den500d,599,6755,504,0,0,0,1
den500d,600,6421,518,0,0,0,1
den500d,601,8319,547,0,0,0,1
den500d,602,6549,421,0,0,0,1
den500d,603,7712,459,0,0,0,1
den500d,604,7026,422,0,0,0,1
den500d,605,6579,395,0,0,0,1
den500d,606,8708,449,0,0,0,1
den500d,607,8607,587,0,0,0,1
den500d,608,8431,479,0,0,0,1
den500d,609,7457,404,0,0,0,1
den500d,610,6521,497,0,0,0,1
den500d,611,7810,473,0,0,0,1
den500d,612,6568,554,0,0,0,1
den500d,613,7877,534,0,0,0,1
den500d,614,6775,429,0,0,0,1
den500d,615,7605,469,0,0,0,1
den500d,616,5646,328,0,0,0,1
den500d,617,7982,393,0,0,0,1
den500d,618,7326,558,0,0,0,1
den500d,619,10762,427,0,0,0,1
den500d,620,8026,510,0,0,0,1
den500d,621,6182,413,0,0,0,1
den500d,622,5297,405,0,0,0,1
den500d,623,5104,435,0,0,0,1
den500d,624,6656,411,0,0,0,1
den500d,625,7403,548,0,0,0,1
den500d,626,6680,453,0,0,0,1
den500d,627,8150,443,0,0,0,1
den500d,628,8350,504,0,0,0,1
den500d,629,6833,501,0,0,0,1
den500d,630,7470,473,0,0,0,1
den500d,631,6335,406,0,0,0,1
den500d,632,7225,350,0,0,0,1
den500d,633,9525,600,0,0,0,1
den500d,634,7864,562,0,0,0,1
den500d,635,7293,476,0,0,0,1
den500d,636,7893,544,0,0,0,1
den500d,637,8723,525,0,0,0,1
den500d,638,8386,545,0,0,0,1
den500d,639,5969,408,0,0,0,1
den500d,640,7729,478,0,0,0,1
den500d,641,7333,444,0,0,0,1
den500d,642,5449,472,0,0,0,1
den500d,643,8058,577,0,0,0,1
den500d,644,7271,465,0,0,0,1
den500d,645,6489,351,0,0,0,1
den500d,646,5717,487,0,0,0,1
den500d,647,4896,429,0,0,0,1
den500d,648,5131,445,0,0,0,1
den500d,649,8604,455,0,0,0,1
den500d,650,8194,454,0,0,0,1
den500d,651,7595,507,0,0,0,1
den500d,652,7992,362,0,0,0,1
den500d,653,6399,485,0,0,0,1
den500d,654,7158,584,0,0,0,1
den500d,655,7907,440,0,0,0,1
den500d,656,7934,482,0,0,0,1
den500d,657,7308,379,0,0,0,1
den500d,658,10446,467,0,0,0,1
den500d,659,6705,567,0,0,0,1
den500d,660,7951,625,0,0,0,1
den500d,661,7619,481,0,0,0,1
den500d,662,7592,572,0,0,0,1
den500d,663,7847,382,0,0,0,1
den500d,664,7907,484,0,0,0,1
den500d,665,6784,373,0,0,0,1
den500d,666,8454,509,0,0,0,1
den500d,667,9466,531,0,0,0,1
den500d,668,6289,503,0,0,0,1
den500d,669,8236,543,0,0,0,1
den500d,670,7401,638,0,0,0,1
den500d,671,7357,435,0,0,0,1
den500d,672,7069,472,0,0,0,1
den500d,673,6713,394,0,0,0,1
den500d,674,5847,353,0,0,0,1
den500d,675,7457,528,0,0,0,1
den500d,676,8070,463,0,0,0,1
den500d,677,5913,388,0,0,0,1
den500d,678,6127,384,0,0,0,1
den500d,679,7623,457,0,0,0,1
den500d,680,7251,495,0,0,0,1
den500d,681,5957,377,0,0,0,1
den500d,682,6634,562,0,0,0,1
den500d,683,7626,422,0,0,0,1
den500d,684,6028,430,0,0,0,1
den500d,685,5964,383,0,0,0,1
den500d,686,9857,517,0,0,0,1
den500d,687,8015,484,0,0,0,1
den500d,688,8235,398,0,0,0,1
den500d,689,8213,454,0,0,0,1
den500d,690,7844,490,0,0,0,1
den500d,691,7513,472,0,0,0,1
den500d,692,7344,493,0,0,0,1
den500d,693,7432,410,0,0,0,1
den500d,694,7487,442,0,0,0,1
den500d,695,7015,429,0,0,0,1
den500d,696,6723,393,0,0,0,1
den500d,697,6698,434,0,0,0,1
den500d,698,8488,392,0,0,0,1
den500d,699,6164,462,0,0,0,1
den500d,700,6972,417,0,0,0,1
den500d,701,7218,426,0,0,0,1
den500d,702,6915,391,0,0,0,1
den500d,703,6699,402,0,0,0,1
den500d,704,6380,464,0,0,0,1
den500d,705,8328,605,0,0,0,1
den500d,706,7483,452,0,0,0,1
den500d,707,7429,486,0,0,0,1
den500d,708,6953,379,0,0,0,1
den500d,709,5401,426,0,0,0,1
den500d,710,7568,533,0,0,0,1
den500d,711,5805,459,0,0,0,1
den500d,712,8518,549,0,0,0,1
den500d,713,8176,439,0,0,0,1
den500d,714,7462,411,0,0,0,1
den500d,715,6560,413,0,0,0,1
den500d,716,8689,564,0,0,0,1
den500d,717,6470,382,0,0,0,1
den500d,718,6148,344,0,0,0,1
den500d,719,6601,496,0,0,0,1
den500d,720,7927,587,0,0,0,1
den500d,721,8251,452,0,0,0,1
den500d,722,8043,485,0,0,0,1
den500d,723,6943,508,0,0,0,1
den500d,724,7388,359,0,0,0,1
den500d,725,8296,419,0,0,0,1
den500d,726,8605,564,0,0,0,1
den500d,727,8865,724,0,0,0,1
den500d,728,7184,410,0,0,0,1
den500d,729,7985,545,0,0,0,1
den500d,730,9299,662,0,0,0,1
den500d,731,7123,511,0,0,0,1
den500d,732,7425,542,0,0,0,1
den500d,733,7638,426,0,0,0,1
den500d,734,7647,391,0,0,0,1
den500d,735,9712,552,0,0,0,1
den500d,736,8528,618,0,0,0,1
den500d,737,8412,517,0,0,0,1
den500d,738,7691,502,0,0,0,1
den500d,739,8511,433,0,0,0,1
den500d,740,9221,589,0,0,0,1
den500d,741,9116,373,0,0,0,1
den500d,742,6665,356,0,0,0,1
den500d,743,8526,471,0,0,0,1
den500d,744,9194,577,0,0,0,1
den500d,745,8804,481,0,0,0,1
den500d,746,7682,583,0,0,0,1
den500d,747,8101,487,0,0,0,1
den500d,748,7226,390,0,0,0,1
den500d,749,6202,531,0,0,0,1
den500d,750,9496,587,0,0,0,1
den500d,751,7706,537,0,0,0,1
den500d,752,8315,479,0,0,0,1
den500d,753,8072,362,0,0,0,1
den500d,754,8737,443,0,0,0,1
den500d,755,8380,569,0,0,0,1
den500d,756,7898,495,0,0,0,1
den500d,757,9816,478,0,0,0,1
den500d,758,8402,471,0,0,0,1
den500d,759,8827,486,0,0,0,1
den500d,760,9186,486,0,0,0,1
den500d,761,7796,520,0,0,0,1
den500d,762,6602,452,0,0,0,1
den500d,763,8944,474,0,0,0,1
den500d,764,7501,386,0,0,0,1
den500d,765,7156,384,0,0,0,1
den500d,766,7125,370,0,0,0,1
den500d,767,8931,493,0,0,0,1
den500d,768,8086,510,0,0,0,1
den500d,769,7247,506,0,0,0,1
den500d,770,9825,564,0,0,0,1
den500d,771,6636,418,0,0,0,1
den500d,772,9649,511,0,0,0,1
den500d,773,9744,503,0,0,0,1
den500d,774,7954,461,0,0,0,1
den500d,775,6713,467,0,0,0,1
den500d,776,8575,463,0,0,0,1
den500d,777,6172,424,0,0,0,1
den500d,778,8755,596,0,0,0,1
den500d,779,8598,637,0,0,0,1
den500d,780,9378,515,0,0,0,1
den500d,781,9452,483,0,0,0,1
den500d,782,6660,439,0,0,0,1
den500d,783,7742,374,0,0,0,1
den500d,784,9674,602,0,0,0,1
den500d,785,7715,466,0,0,0,1
den500d,786,9043,456,0,0,0,1
den500d,787,8924,494,0,0,0,1
den500d,788,7526,406,0,0,0,1
den500d,789,9933,741,0,0,0,1
den500d,790,10356,564,0,0,0,1
den500d,791,8449,568,0,0,0,1
den500d,792,8793,522,0,0,0,1
den500d,793,9396,511,0,0,0,1
den500d,794,9011,437,0,0,0,1
den500d,795,7919,422,0,0,0,1
den500d,796,10352,613,0,0,0,1
den500d,797,8018,382,0,0,0,1
den500d,798,6843,494,0,0,0,1
den500d,799,10243,467,0,0,0,1
den500d,800,11617,676,0,0,0,1
den500d,801,8616,459,0,0,0,1
den500d,802,7423,419,0,0,0,1
den500d,803,9916,607,0,0,0,1
den500d,804,9017,551,0,0,0,1
den500d,805,9686,469,0,0,0,1
den500d,806,7854,467,0,0,0,1
den500d,807,8620,628,0,0,0,1
den500d,808,7823,569,0,0,0,1
den500d,809,6980,408,0,0,0,1
den500d,810,8332,465,0,0,0,1
den500d,811,9400,685,0,0,0,1
den500d,812,6930,426,0,0,0,1
den500d,813,7401,427,0,0,0,1
den500d,814,7406,544,0,0,0,1
den500d,815,9401,541,0,0,0,1
den500d,816,8491,469,0,0,0,1
den500d,817,9450,495,0,0,0,1
den500d,818,10280,455,0,0,0,1
den500d,819,8985,363,0,0,0,1
den500d,820,8536,461,0,0,0,1
den500d,821,9226,584,0,0,0,1
den500d,822,8860,374,0,0,0,1
den500d,823,9112,349,0,0,0,1
den500d,824,9236,605,0,0,0,1
den500d,825,10224,507,0,0,0,1
den500d,826,7214,495,0,0,0,1
den500d,827,8372,418,0,0,0,1
den500d,828,8817,574,0,0,0,1
den500d,829,9303,364,0,0,0,1
den500d,830,10066,621,0,0,0,1
den500d,831,8212,557,0,0,0,1
den500d,832,8130,551,0,0,0,1
den500d,833,8869,480,0,0,0,1
den500d,834,9943,517,0,0,0,1
den500d,835,7300,429,0,0,0,1
den500d,836,11591,868,0,0,0,1
den500d,837,8475,454,0,0,0,1
den500d,838,7891,486,0,0,0,1
den500d,839,10048,501,0,0,0,1
den500d,840,8741,487,0,0,0,1
den500d,841,7625,436,0,0,0,1
den500d,842,9108,489,0,0,0,1
den500d,843,7388,410,0,0,0,1
den500d,844,10131,614,0,0,0,1
den500d,845,7798,501,0,0,0,1
den500d,846,11209,469,0,0,0,1
den500d,847,9770,445,0,0,0,1
den500d,848,8642,384,0,0,0,1
den500d,849,9795,521,0,0,0,1
den500d,850,9497,486,0,0,0,1
den500d,851,8865,557,0,0,0,1
den500d,852,9389,578,0,0,0,1
den500d,853,10963,689,0,0,0,1
den500d,854,9254,423,0,0,0,1
den500d,855,9642,546,0,0,0,1
den500d,856,8931,523,0,0,0,1
den500d,857,9261,497,0,0,0,1
den500d,858,10187,493,0,0,0,1
den500d,859,8858,541,0,0,0,1
den500d,860,10080,494,0,0,0,1
den500d,861,7885,560,0,0,0,1
den500d,862,9032,484,0,0,0,1
den500d,863,9580,511,0,0,0,1
den500d,864,9328,486,0,0,0,1
den500d,865,11195,613,0,0,0,1
den500d,866,9639,494,0,0,0,1
den500d,867,8790,461,0,0,0,1
den500d,868,8994,428,0,0,0,1
den500d,869,8564,499,0,0,0,1
den500d,870,9478,521,0,0,0,1
den500d,871,10530,525,0,0,0,1
den500d,872,9746,573,0,0,0,1
den500d,873,9751,426,0,0,0,1
den500d,874,9269,502,0,0,0,1
den500d,875,9049,392,0,0,0,1
den500d,876,8756,447,0,0,0,1
den500d,877,9423,525,0,0,0,1
den500d,878,7533,644,0,0,0,1
den500d,879,10793,476,0,0,0,1
den500d,880,8838,542,0,0,0,1
den500d,881,7648,382,0,0,0,1
den500d,882,9568,515,0,0,0,1
den500d,883,11485,533,0,0,0,1
den500d,884,10584,462,0,0,0,1
den500d,885,10486,600,0,0,0,1
den500d,886,10585,431,0,0,0,1
den500d,887,8600,327,0,0,0,1
den500d,888,9380,542,0,0,0,1
den500d,889,9127,483,0,0,0,1
den500d,890,10381,619,0,0,0,1
den500d,891,10457,502,0,0,0,1
den500d,892,8336,449,0,0,0,1
den500d,893,10523,491,0,0,0,1
den500d,894,10249,463,0,0,0,1
den500d,895,10036,419,0,0,0,1
den500d,896,8669,444,0,0,0,1
den500d,897,9290,491,0,0,0,1
den500d,898,9639,406,0,0,0,1
den500d,899,8501,493,0,0,0,1
den500d,900,9844,518,0,0,0,1
den500d,901,8082,432,0,0,0,1
den500d,902,7261,413,0,0,0,1
den500d,903,10628,455,0,0,0,1
den500d,904,10661,472,0,0,0,1
den500d,905,9931,458,0,0,0,1
den500d,906,8618,434,0,0,0,1
den500d,907,9365,523,0,0,0,1
den500d,908,9451,486,0,0,0,1
den500d,909,9718,481,0,0,0,1
den500d,910,9779,449,0,0,0,1
den500d,911,11029,511,0,0,0,1
den500d,912,11276,567,0,0,0,1
den500d,913,9885,506,0,0,0,1
den500d,914,10200,550,0,0,0,1
den500d,915,8903,413,0,0,0,1
den500d,916,9581,477,0,0,0,1
den500d,917,10868,537,0,0,0,1
den500d,918,11061,519,0,0,0,1
den500d,919,10575,534,0,0,0,1
den500d,920,9120,503,0,0,0,1
den500d,921,10171,416,0,0,0,1
den500d,922,9916,449,0,0,0,1
den500d,923,8592,371,0,0,0,1
den500d,924,7854,404,0,0,0,1
den500d,925,7612,370,0,0,0,1
den500d,926,10672,564,0,0,0,1
den500d,927,11413,629,0,0,0,1
den500d,928,10586,636,0,0,0,1
den500d,929,11522,553,0,0,0,1
den500d,930,11555,546,0,0,0,1
den500d,931,8383,473,0,0,0,1
den500d,932,8468,440,0,0,0,1
den500d,933,11587,512,0,0,0,1
den500d,934,10468,459,0,0,0,1
den500d,935,8270,523,0,0,0,1
den500d,936,10610,471,0,0,0,1
den500d,937,10387,429,0,0,0,1
den500d,938,10114,509,0,0,0,1
den500d,939,9581,517,0,0,0,1
den500d,940,12700,623,0,0,0,1
den500d,941,9454,475,0,0,0,1
den500d,942,8607,364,0,0,0,1
den500d,943,9824,663,0,0,0,1
den500d,944,9646,510,0,0,0,1
den500d,945,12099,484,0,0,0,1
den500d,946,9206,362,0,0,0,1
den500d,947,11536,560,0,0,0,1
den500d,948,10424,479,0,0,0,1
den500d,949,10550,447,0,0,0,1
den500d,950,12842,448,0,0,0,1
den500d,951,11969,545,0,0,0,1
den500d,952,9834,475,0,0,0,1
den500d,953,9535,394,0,0,0,1
den500d,954,8992,424,0,0,0,1
den500d,955,9460,478,0,0,0,1
den500d,956,12311,396,0,0,0,1
den500d,957,9280,370,0,0,0,1
den500d,958,9662,310,0,0,0,1
den500d,959,10050,508,0,0,0,1
den500d,960,11308,556,0,0,0,1
den500d,961,9417,460,0,0,0,1
den500d,962,9989,454,0,0,0,1
den500d,963,9788,537,0,0,0,1
den500d,964,10832,406,0,0,0,1
den500d,965,9266,393,0,0,0,1
den500d,966,9707,542,0,0,0,1
den500d,967,11300,621,0,0,0,1
den500d,968,13016,515,0,0,0,1
den500d,969,10605,424,0,0,0,1
den500d,970,11960,483,0,0,0,1
den500d,971,10227,571,0,0,0,1
den500d,972,9842,365,0,0,0,1
den500d,973,8220,370,0,0,0,1
den500d,974,9874,448,0,0,0,1
den500d,975,8403,456,0,0,0,1
den500d,976,8611,377,0,0,0,1
den500d,977,7834,364,0,0,0,1
den500d,978,12659,546,0,0,0,1
den500d,979,7529,342,0,0,0,1
den500d,980,8969,362,0,0,0,1
den500d,981,9996,478,0,0,0,1
den500d,982,8142,417,0,0,0,1
den500d,983,7476,347,0,0,0,1
den500d,984,12749,609,0,0,0,1
den500d,985,10939,341,0,0,0,1
den500d,986,10438,337,0,0,0,1
den500d,987,10820,488,0,0,0,1
den500d,988,9717,362,0,0,0,1
den500d,989,11131,544,0,0,0,1
den500d,990,11782,505,0,0,0,1
den500d,991,9086,425,0,0,0,1
den500d,992,9354,371,0,0,0,1
den500d,993,13074,543,0,0,0,1
den500d,994,11193,599,0,0,0,1
den500d,995,10986,371,0,0,0,1
den500d,996,10975,504,0,0,0,1
den500d,997,10922,407,0,0,0,1
den500d,998,9168,497,0,0,0,1
den500d,999,11125,470,0,0,0,1
den500d,1000,12481,459,0,0,0,1
den500d,1001,11942,562,0,0,0,1
den500d,1002,10045,461,0,0,0,1
den500d,1003,11963,474,0,0,0,1
den500d,1004,11663,523,0,0,0,1
den500d,1005,10797,430,0,0,0,1
den500d,1006,11532,509,0,0,0,1
den500d,1007,11520,523,0,0,0,1
den500d,1008,9766,447,0,0,0,1
den500d,1009,11893,418,0,0,0,1
den500d,1010,10207,531,0,0,0,1
den500d,1011,11792,545,0,0,0,1
den500d,1012,9777,400,0,0,0,1
den500d,1013,8096,345,0,0,0,1
den500d,1014,11425,456,0,0,0,1
den500d,1015,11499,383,0,0,0,1
den500d,1016,11317,454,0,0,0,1
den500d,1017,10709,513,0,0,0,1
den500d,1018,9226,398,0,0,0,1
den500d,1019,11911,525,0,0,0,1
den500d,1020,11945,609,0,0,0,1
den500d,1021,10647,565,0,0,0,1
den500d,1022,11408,541,0,0,0,1
den500d,1023,11800,416,0,0,0,1
den500d,1024,8786,460,0,0,0,1
den500d,1025,11606,386,0,0,0,1
den500d,1026,10705,432,0,0,0,1
den500d,1027,12336,464,0,0,0,1
den500d,1028,11645,522,0,0,0,1
den500d,1029,10973,474,0,0,0,1
den500d,1030,12801,593,0,0,0,1
den500d,1031,12124,532,0,0,0,1
den500d,1032,12498,578,0,0,0,1
den500d,1033,9656,416,0,0,0,1
den500d,1034,9184,398,0,0,0,1
den500d,1035,11781,463,0,0,0,1
den500d,1036,10450,416,0,0,0,1
den500d,1037,12634,446,0,0,0,1
den500d,1038,10958,589,0,0,0,1
den500d,1039,9718,422,0,0,0,1
den500d,1040,11701,399,0,0,0,1
den500d,1041,10368,355,0,0,0,1
den500d,1042,12900,543,0,0,0,1
den500d,1043,11464,398,0,0,0,1
den500d,1044,11413,667,0,0,0,1
den500d,1045,11135,519,0,0,0,1
den500d,1046,10080,461,0,0,0,1
den500d,1047,8623,432,0,0,0,1
den500d,1048,11959,446,0,0,0,1
den500d,1049,11632,586,0,0,0,1
den500d,1050,12467,556,0,0,0,1
den500d,1051,10818,591,0,0,0,1
den500d,1052,10226,541,0,0,0,1
den500d,1053,10336,695,0,0,0,1
den500d,1054,12738,565,0,0,0,1
den500d,1055,11640,531,0,0,0,1
den500d,1056,11380,581,0,0,0,1
den500d,1057,11799,547,0,0,0,1
den500d,1058,9769,373,0,0,0,1
den500d,1059,10486,473,0,0,0,1
den500d,1060,12398,538,0,0,0,1
den500d,1061,10291,531,0,0,0,1
den500d,1062,9933,369,0,0,0,1
den500d,1063,13327,490,0,0,0,1
den500d,1064,11962,450,0,0,0,1
den500d,1065,11764,480,0,0,0,1
den500d,1066,12095,423,0,0,0,1
den500d,1067,11209,514,0,0,0,1
den500d,1068,13040,768,0,0,0,1
den500d,1069,11265,397,0,0,0,1
den500d,1070,12659,569,0,0,0,1
den500d,1071,13271,489,0,0,0,1
den500d,1072,12646,520,0,0,0,1
den500d,1073,10717,414,0,0,0,1
den500d,1074,12722,436,0,0,0,1
den500d,1075,10115,391,0,0,0,1
den500d,1076,11145,353,0,0,0,1
den500d,1077,12425,541,0,0,0,1
den500d,1078,10521,389,0,0,0,1
den500d,1079,13012,446,0,0,0,1
den500d,1080,11713,492,0,0,0,1
den500d,1081,12164,396,0,0,0,1
den500d,1082,10312,403,0,0,0,1
den500d,1083,10564,441,0,0,0,1
den500d,1084,10020,334,0,0,0,1
den500d,1085,9081,323,0,0,0,1
den500d,1086,13574,550,0,0,0,1
den500d,1087,11780,482,0,0,0,1
den500d,1088,11868,468,0,0,0,1
den500d,1089,11489,434,0,0,0,1
den500d,1090,12577,574,0,0,0,1
den500d,1091,11898,536,0,0,0,1
den500d,1092,12765,458,0,0,0,1
den500d,1093,11561,446,0,0,0,1
den500d,1094,11373,424,0,0,0,1
den500d,1095,12507,537,0,0,0,1
den500d,1096,12618,769,0,0,0,1
den500d,1097,11757,468,0,0,0,1
den500d,1098,11461,720,0,0,0,1
den500d,1099,12757,555,0,0,0,1
den500d,1100,12980,566,0,0,0,1
den500d,1101,13459,435,0,0,0,1
den500d,1102,12880,470,0,0,0,1
den500d,1103,12221,425,0,0,0,1
den500d,1104,11538,497,0,0,0,1
den500d,1105,11386,580,0,0,0,1
den500d,1106,12058,483,0,0,0,1
den500d,1107,12529,549,0,0,0,1
den500d,1108,12505,529,0,0,0,1
den500d,1109,11473,525,0,0,0,1
den500d,1110,13013,574,0,0,0,1
den500d,1111,13402,447,0,0,0,1
den500d,1112,13581,538,0,0,0,1
den500d,1113,10997,433,0,0,0,1
den500d,1114,11951,420,0,0,0,1
den500d,1115,14140,499,0,0,0,1
den500d,1116,12123,456,0,0,0,1
den500d,1117,11536,438,0,0,0,1
den500d,1118,11817,438,0,0,0,1
den500d,1119,12983,401,0,0,0,1
den500d,1120,13915,579,0,0,0,1
den500d,1121,11608,444,0,0,0,1
den500d,1122,11706,577,0,0,0,1
den500d,1123,11074,465,0,0,0,1
den500d,1124,13646,516,0,0,0,1
den500d,1125,12410,403,0,0,0,1
den500d,1126,12407,470,0,0,0,1
den500d,1127,12874,589,0,0,0,1
den500d,1128,12045,447,0,0,0,1
den500d,1129,12407,459,0,0,0,1
den500d,1130,12457,590,0,0,0,1
den500d,1131,11361,611,0,0,0,1
den500d,1132,11604,548,0,0,0,1
den500d,1133,11517,507,0,0,0,1
den500d,1134,13559,490,0,0,0,1
den500d,1135,12700,492,0,0,0,1
den500d,1136,12644,458,0,0,0,1
den500d,1137,12082,485,0,0,0,1
den500d,1138,11523,317,0,0,0,1
den500d,1139,12130,522,0,0,0,1
den500d,1140,12573,564,0,0,0,1
den500d,1141,13681,439,0,0,0,1
den500d,1142,10137,345,0,0,0,1
den500d,1143,14526,487,0,0,0,1
den500d,1144,12352,428,0,0,0,1
den500d,1145,13016,450,0,0,0,1
den500d,1146,12032,417,0,0,0,1
den500d,1147,13991,547,0,0,0,1
den500d,1148,13292,444,0,0,0,1
den500d,1149,12865,417,0,0,0,1
den500d,1150,14231,602,0,0,0,1
den500d,1151,11722,511,0,0,0,1
den500d,1152,12220,480,0,0,0,1
den500d,1153,13948,526,0,0,0,1
den500d,1154,12543,393,0,0,0,1
den500d,1155,13737,451,0,0,0,1
den500d,1156,13705,511,0,0,0,1
den500d,1157,12471,504,0,0,0,1
den500d,1158,12468,494,0,0,0,1
den500d,1159,12537,397,0,0,0,1
den500d,1160,13232,536,0,0,0,1
den500d,1161,11373,502,0,0,0,1
den500d,1162,13379,408,0,0,0,1
den500d,1163,14152,447,0,0,0,1
den500d,1164,12184,412,0,0,0,1
den500d,1165,12022,381,0,0,0,1
den500d,1166,13470,482,0,0,0,1
den500d,1167,12193,508,0,0,0,1
den500d,1168,13371,532,0,0,0,1
den500d,1169,12119,522,0,0,0,1
den500d,1170,14297,543,0,0,0,1
den500d,1171,13596,447,0,0,0,1
den500d,1172,12770,602,0,0,0,1
den500d,1173,12609,418,0,0,0,1
den500d,1174,12426,485,0,0,0,1
den500d,1175,11899,368,0,0,0,1
den500d,1176,12049,663,0,0,0,1
den500d,1177,13957,530,0,0,0,1
den500d,1178,14181,1048,0,0,0,1
den500d,1179,13597,459,0,0,0,1
den500d,1180,13755,575,0,0,0,1
den500d,1181,12984,617,0,0,0,1
den500d,1182,13927,465,0,0,0,1
den500d,1183,14815,552,0,0,0,1
den500d,1184,11878,343,0,0,0,1
den500d,1185,14397,421,0,0,0,1
den500d,1186,12248,439,0,0,0,1
den500d,1187,12110,423,0,0,0,1
den500d,1188,13659,444,0,0,0,1
den500d,1189,14575,584,0,0,0,1
den500d,1190,12564,580,0,0,0,1
den500d,1191,11847,513,0,0,0,1
den500d,1192,13857,427,0,0,0,1
den500d,1193,12662,370,0,0,0,1
den500d,1194,12063,334,0,0,0,1
den500d,1195,12095,359,0,0,0,1
den500d,1196,12567,368,0,0,0,1
den500d,1197,12742,523,0,0,0,1
den500d,1198,13279,1167,0,0,0,1
den500d,1199,12539,350,0,0,0,1
den500d,1200,14081,559,0,0,0,1
den500d,1201,13659,366,0,0,0,1
den500d,1202,13040,380,0,0,0,1
den500d,1203,13904,515,0,0,0,1
den500d,1204,13667,402,0,0,0,1
den500d,1205,12980,423,0,0,0,1
den500d,1206,12075,426,0,0,0,1
den500d,1207,12441,338,0,0,0,1
den500d,1208,13183,990,0,0,0,1
den500d,1209,11877,816,0,0,0,1
den500d,1210,13440,465,0,0,0,1
den500d,1211,12923,477,0,0,0,1
den500d,1212,13162,425,0,0,0,1
den500d,1213,13322,550,0,0,0,1
den500d,1214,12582,447,0,0,0,1
den500d,1215,14196,393,0,0,0,1
den500d,1216,12821,858,0,0,0,1
den500d,1217,12885,657,0,0,0,1
den500d,1218,15024,1249,0,0,0,1
den500d,1219,12924,739,0,0,0,1
den500d,1220,12920,599,0,0,0,1
den500d,1221,14930,569,0,0,0,1
den500d,1222,14368,474,0,0,0,1
den500d,1223,13149,553,0,0,0,1
den500d,1224,12171,473,0,0,0,1
den500d,1225,12527,374,0,0,0,1
den500d,1226,12415,606,0,0,0,1
den500d,1227,11893,672,0,0,0,1
den500d,1228,12725,704,0,0,0,1
den500d,1229,12200,738,0,0,0,1
den500d,1230,14239,624,0,0,0,1
den500d,1231,13352,433,0,0,0,1
den500d,1232,13583,535,0,0,0,1
den500d,1233,13602,508,0,0,0,1
den500d,1234,13547,501,0,0,0,1
den500d,1235,13568,628,0,0,0,1
den500d,1236,14431,779,0,0,0,1
den500d,1237,14267,587,0,0,0,1
den500d,1238,13088,549,0,0,0,1
den500d,1239,12862,976,0,0,0,1
den500d,1240,13672,723,0,0,0,1
den500d,1241,12863,550,0,0,0,1
den500d,1242,11812,415,0,0,0,1
den500d,1243,12782,508,0,0,0,1
den500d,1244,14197,430,0,0,0,1
den500d,1245,12971,507,0,0,0,1
den500d,1246,13320,924,0,0,0,1
den500d,1247,12844,599,0,0,0,1
den500d,1248,12171,656,0,0,0,1
den500d,1249,13386,1202,0,0,0,1
den500d,1250,13245,518,0,0,0,1
den500d,1251,12553,857,0,0,0,1
den500d,1252,11962,775,0,0,0,1
den500d,1253,12586,621,0,0,0,1
den500d,1254,11774,471,0,0,0,1
den500d,1255,13065,965,0,0,0,1
den500d,1256,12650,850,0,0,0,1
den500d,1257,12407,576,0,0,0,1
den500d,1258,13057,834,0,0,0,1
den500d,1259,12592,822,0,0,0,1
den500d,1260,12706,533,0,0,0,1
den500d,1261,12067,356,0,0,0,1
den500d,1262,15321,605,0,0,0,1
den500d,1263,13663,587,0,0,0,1
den500d,1264,12671,632,0,0,0,1
den500d,1265,12470,703,0,0,0,1
den500d,1266,12314,530,0,0,0,1
den500d,1267,13252,1064,0,0,0,1
den500d,1268,12440,517,0,0,0,1
den500d,1269,13422,578,0,0,0,1
den500d,1270,12617,441,0,0,0,1
den500d,1271,12704,551,0,0,0,1
den500d,1272,12547,383,0,0,0,1
den500d,1273,12324,371,0,0,0,1
den500d,1274,12150,465,0,0,0,1
den500d,1275,12026,441,0,0,0,1
den500d,1276,12310,545,0,0,0,1
den500d,1277,12161,364,0,0,0,1
den500d,1278,13626,554,0,0,0,1
den500d,1279,12854,619,0,0,0,1
den500d,1280,13262,486,0,0,0,1
den500d,1281,13086,461,0,0,0,1
den500d,1282,13290,731,0,0,0,1
den500d,1283,12842,761,0,0,0,1
den500d,1284,13232,825,0,0,0,1
den500d,1285,12550,519,0,0,0,1
den500d,1286,13229,834,0,0,0,1
den500d,1287,12938,626,0,0,0,1
den500d,1288,12827,521,0,0,0,1
den500d,1289,12789,891,0,0,0,1
den500d,1290,12763,498,0,0,0,1
den500d,1291,12320,381,0,0,0,1
den500d,1292,12827,506,0,0,0,1
den500d,1293,12392,433,0,0,0,1
den500d,1294,12268,485,0,0,0,1
den500d,1295,13211,836,0,0,0,1
den500d,1296,12781,649,0,0,0,1
den500d,1297,15642,608,0,0,0,1
den500d,1298,13447,518,0,0,0,1
den500d,1299,12693,530,0,0,0,1
den500d,1300,13560,596,0,0,0,1
den500d,1301,13499,560,0,0,0,1
den500d,1302,13620,416,0,0,0,1
den500d,1303,12973,373,0,0,0,1
den500d,1304,12883,437,0,0,0,1
den500d,1305,12616,356,0,0,0,1
den500d,1306,12503,363,0,0,0,1
den500d,1307,13651,550,0,0,0,1
den500d,1308,13847,563,0,0,0,1
den500d,1309,13340,555,0,0,0,1
den500d,1310,13601,605,0,0,0,1
den500d,1311,12807,465,0,0,0,1
den500d,1312,13749,381,0,0,0,1
den500d,1313,13522,347,0,0,0,1
den500d,1314,13445,350,0,0,0,1
den500d,1315,12649,362,0,0,0,1
den500d,1316,13085,409,0,0,0,1
den500d,1317,12913,367,0,0,0,1
den500d,1318,13535,551,0,0,0,1
den500d,1319,13397,429,0,0,0,1
den500d,1320,13605,527,0,0,0,1
den500d,1321,13086,520,0,0,0,1
den500d,1322,12917,514,0,0,0,1
den500d,1323,14059,380,0,0,0,1
den500d,1324,13546,400,0,0,0,1
den500d,1325,13793,644,0,0,0,1
den500d,1326,13851,511,0,0,0,1
den500d,1327,13559,502,0,0,0,1
den500d,1328,13452,531,0,0,0,1
den500d,1329,13176,523,0,0,0,1
den500d,1330,13517,472,0,0,0,1
den500d,1331,14125,424,0,0,0,1
den500d,1332,13471,447,0,0,0,1
den500d,1333,13821,565,0,0,0,1
den500d,1334,13286,723,0,0,0,1
den500d,1335,13608,524,0,0,0,1
den500d,1336,14077,721,0,0,0,1
den500d,1337,13527,439,0,0,0,1
den500d,1338,14318,795,0,0,0,1
den500d,1339,14352,814,0,0,0,1
den500d,1340,14233,532,0,0,0,1
den500d,1341,13823,425,0,0,0,1
den500d,1342,13541,398,0,0,0,1
den500d,1343,13400,520,0,0,0,1
den500d,1344,13186,391,0,0,0,1
den500d,1345,13447,400,0,0,0,1
den500d,1346,13731,346,0,0,0,1
den500d,1347,13197,414,0,0,0,1
den500d,1348,13518,526,0,0,0,1
den500d,1349,13732,462,0,0,0,1
den500d,1350,14512,492,0,0,0,1
den500d,1351,14395,369,0,0,0,1
den500d,1352,13955,434,0,0,0,1
den500d,1353,13639,347,0,0,0,1
den500d,1354,13499,326,0,0,0,1
den500d,1355,13345,364,0,0,0,1
den500d,1356,13815,367,0,0,0,1
den500d,1357,13512,355,0,0,0,1
den500d,1358,13899,466,0,0,0,1
den500d,1359,13633,388,0,0,0,1
den500d,1360,14808,492,0,0,0,1
den500d,1361,13900,419,0,0,0,1
den500d,1362,13734,346,0,0,0,1
den500d,1363,13601,335,0,0,0,1
den500d,1364,13298,338,0,0,0,1
den500d,1365,13221,429,0,0,0,1
den500d,1366,13178,382,0,0,0,1
den500d,1367,13466,528,0,0,0,1
den500d,1368,13590,667,0,0,0,1
den500d,1369,13236,571,0,0,0,1
den500d,1370,14722,705,0,0,0,1
den500d,1371,13729,536,0,0,0,1
den500d,1372,14045,403,0,0,0,1
den500d,1373,13944,388,0,0,0,1
den500d,1374,14571,455,0,0,0,1
den500d,1375,14222,581,0,0,0,1
den500d,1376,14054,553,0,0,0,1
den500d,1377,14482,653,0,0,0,1
den500d,1378,14145,495,0,0,0,1
den500d,1379,13824,592,0,0,0,1
den500d,1380,15432,513,0,0,0,1
den500d,1381,16098,566,0,0,0,1
den500d,1382,15252,430,0,0,0,1
den500d,1383,14479,341,0,0,0,1
den500d,1384,13678,350,0,0,0,1
den500d,1385,14577,481,0,0,0,1
den500d,1386,14198,355,0,0,0,1
den500d,1387,13738,345,0,0,0,1
den500d,1388,13288,335,0,0,0,1
den500d,1389,14243,328,0,0,0,1
den500d,1390,14263,510,0,0,0,1
den500d,1391,13961,355,0,0,0,1
den500d,1392,14220,368,0,0,0,1
den500d,1393,13569,335,0,0,0,1
den500d,1394,14107,362,0,0,0,1
den500d,1395,14083,690,0,0,0,1
den500d,1396,13765,693,0,0,0,1
den500d,1397,14154,448,0,0,0,1
den500d,1398,14037,450,0,0,0,1
den500d,1399,14326,568,0,0,0,1
den500d,1400,15687,624,0,0,0,1
den500d,1401,14606,459,0,0,0,1
den500d,1402,15135,372,0,0,0,1
den500d,1403,14498,475,0,0,0,1
den500d,1404,15145,382,0,0,0,1
den500d,1405,14275,356,0,0,0,1
den500d,1406,14255,519,0,0,0,1
den500d,1407,15632,525,0,0,0,1
den500d,1408,14753,553,0,0,0,1
den500d,1409,14649,485,0,0,0,1
den500d,1410,15083,560,0,0,0,1
den500d,1411,14305,453,0,0,0,1
den500d,1412,15513,429,0,0,0,1
den500d,1413,14882,376,0,0,0,1
den500d,1414,14055,323,0,0,0,1
den500d,1415,14038,342,0,0,0,1
den500d,1416,14108,344,0,0,0,1
den500d,1417,15127,544,0,0,0,1
den500d,1418,14718,477,0,0,0,1
den500d,1419,15320,579,0,0,0,1
den500d,1420,15002,481,0,0,0,1
den500d,1421,14250,529,0,0,0,1
den500d,1422,15927,397,0,0,0,1
den500d,1423,14831,482,0,0,0,1
den500d,1424,15201,349,0,0,0,1
den500d,1425,14435,366,0,0,0,1
den500d,1426,14293,344,0,0,0,1
den500d,1427,15696,549,0,0,0,1
den500d,1428,14721,567,0,0,0,1
den500d,1429,15194,690,0,0,0,1
den500d,1430,15439,451,0,0,0,1
den500d,1431,15050,453,0,0,0,1
den500d,1432,16093,498,0,0,0,1
den500d,1433,15222,620,0,0,0,1
den500d,1434,14789,783,0,0,0,1
den500d,1435,15070,556,0,0,0,1
den500d,1436,14483,454,0,0,0,1
den500d,1437,14706,490,0,0,0,1
den500d,1438,16297,493,0,0,0,1
den500d,1439,16115,838,0,0,0,1
den500d,1440,16019,511,0,0,0,1
den500d,1441,15352,455,0,0,0,1
den500d,1442,14722,457,0,0,0,1
den500d,1443,15690,460,0,0,0,1
den500d,1444,17009,436,0,0,0,1
den500d,1445,14816,564,0,0,0,1
den500d,1446,16087,493,0,0,0,1
den500d,1447,15076,469,0,0,0,1
den500d,1448,15404,429,0,0,0,1
den500d,1449,14920,471,0,0,0,1
den500d,1450,15739,560,0,0,0,1
den500d,1451,15806,490,0,0,0,1
den500d,1452,14665,530,0,0,0,1
den500d,1453,15830,439,0,0,0,1
den500d,1454,15035,413,0,0,0,1
den500d,1455,14750,468,0,0,0,1
den500d,1456,14780,530,0,0,0,1
den500d,1457,15358,512,0,0,0,1
den500d,1458,15208,445,0,0,0,1
den500d,1459,15060,534,0,0,0,1
den500d,1460,15632,513,0,0,0,1
den500d,1461,15500,638,0,0,0,1
den500d,1462,15857,491,0,0,0,1
den500d,1463,14194,544,0,0,0,1
den500d,1464,16867,483,0,0,0,1
den500d,1465,15554,406,0,0,0,1
den500d,1466,15438,448,0,0,0,1
den500d,1467,15590,447,0,0,0,1
den500d,1468,14849,447,0,0,0,1
den500d,1469,15818,500,0,0,0,1
den500d,1470,15595,601,0,0,0,1
den500d,1471,16506,460,0,0,0,1
den500d,1472,16239,461,0,0,0,1
den500d,1473,14870,515,0,0,0,1
den500d,1474,16768,454,0,0,0,1
den500d,1475,15767,476,0,0,0,1
den500d,1476,15701,479,0,0,0,1
den500d,1477,14996,493,0,0,0,1
den500d,1478,16592,497,0,0,0,1
den500d,1479,15720,444,0,0,0,1
den500d,1480,15687,477,0,0,0,1
den500d,1481,15011,490,0,0,0,1
den500d,1482,16131,413,0,0,0,1
den500d,1483,16115,390,0,0,0,1
den500d,1484,15432,432,0,0,0,1
den500d,1485,15315,409,0,0,0,1
den500d,1486,15604,499,0,0,0,1
den500d,1487,15463,544,0,0,0,1
den500d,1488,16093,436,0,0,0,1
den500d,1489,15927,457,0,0,0,1
den500d,1490,15869,600,0,0,0,1
den500d,1491,16647,406,0,0,0,1
den500d,1492,15769,443,0,0,0,1
den500d,1493,15324,421,0,0,0,1
den500d,1494,15895,443,0,0,0,1
den500d,1495,15920,531,0,0,0,1
den500d,1496,15741,534,0,0,0,1
den500d,1497,16683,716,0,0,0,1
den500d,1498,15858,662,0,0,0,1
den500d,1499,16109,519,0,0,0,1
den500d,1500,16752,539,0,0,0,1
den500d,1501,16735,583,0,0,0,1
den500d,1502,15245,500,0,0,0,1
den500d,1503,16761,468,0,0,0,1
den500d,1504,16228,464,0,0,0,1
den500d,1505,16079,436,0,0,0,1
den500d,1506,15766,397,0,0,0,1
den500d,1507,16041,479,0,0,0,1
den500d,1508,16802,459,0,0,0,1
den500d,1509,15507,523,0,0,0,1
den500d,1510,15528,500,0,0,0,1
den500d,1511,16519,438,0,0,0,1
den500d,1512,16157,441,0,0,0,1
den500d,1513,15445,474,0,0,0,1
den500d,1514,16680,471,0,0,0,1
den500d,1515,16218,539,0,0,0,1
den500d,1516,15890,487,0,0,0,1
den500d,1517,16651,580,0,0,0,1
den500d,1518,15621,490,0,0,0,1
den500d,1519,16096,610,0,0,0,1
den500d,1520,15848,434,0,0,0,1
den500d,1521,17036,492,0,0,0,1
den500d,1522,17584,578,0,0,0,1
den500d,1523,16435,688,0,0,0,1
den500d,1524,15972,555,0,0,0,1
den500d,1525,16440,463,0,0,0,1
den500d,1526,15722,493,0,0,0,1
den500d,1527,16184,538,0,0,0,1
den500d,1528,15681,560,0,0,0,1
den500d,1529,17224,1316,0,0,0,1
den500d,1530,16835,557,0,0,0,1
den500d,1531,17375,493,0,0,0,1
den500d,1532,16173,527,0,0,0,1
den500d,1533,17594,494,0,0,0,1
den500d,1534,16320,447,0,0,0,1
den500d,1535,17354,706,0,0,0,1
den500d,1536,16573,600,0,0,0,1
den500d,1537,16836,951,0,0,0,1
den500d,1538,16606,792,0,0,0,1
den500d,1539,16538,960,0,0,0,1
den500d,1540,16626,557,0,0,0,1
den500d,1541,16200,544,0,0,0,1
den500d,1542,17301,457,0,0,0,1
den500d,1543,18162,1029,0,0,0,1
den500d,1544,17022,552,0,0,0,1
den500d,1545,17157,641,0,0,0,1
den500d,1546,17014,773,0,0,0,1
den500d,1547,16531,682,0,0,0,1
den500d,1548,16882,629,0,0,0,1
den500d,1549,16790,641,0,0,0,1
den500d,1550,16610,601,0,0,0,1
den500d,1551,16446,535,0,0,0,1
den500d,1552,17203,596,0,0,0,1
den500d,1553,16416,521,0,0,0,1
den500d,1554,16363,559,0,0,0,1
den500d,1555,17762,1057,0,0,0,1
den500d,1556,16860,654,0,0,0,1
den500d,1557,17168,1035,0,0,0,1
den500d,1558,16308,669,0,0,0,1
den500d,1559,16697,583,0,0,0,1
den500d,1560,16228,600,0,0,0,1
den500d,1561,16919,518,0,0,0,1
den500d,1562,16057,427,0,0,0,1
den500d,1563,15983,397,0,0,0,1
den500d,1564,16328,499,0,0,0,1
den500d,1565,16589,728,0,0,0,1
den500d,1566,16652,866,0,0,0,1
den500d,1567,16431,584,0,0,0,1
den500d,1568,16401,678,0,0,0,1
den500d,1569,15924,379,0,0,0,1
den500d,1570,15749,606,0,0,0,1
den500d,1571,16010,625,0,0,0,1
den500d,1572,15466,429,0,0,0,1
den500d,1573,17319,534,0,0,0,1
den500d,1574,16715,529,0,0,0,1
den500d,1575,16907,461,0,0,0,1
den500d,1576,16236,456,0,0,0,1
den500d,1577,15719,358,0,0,0,1
den500d,1578,16431,405,0,0,0,1
den500d,1579,17695,890,0,0,0,1
den500d,1580,16571,409,0,0,0,1
den500d,1581,16734,401,0,0,0,1
den500d,1582,16849,417,0,0,0,1
den500d,1583,17164,377,0,0,0,1
den500d,1584,15881,368,0,0,0,1
den500d,1585,18580,588,0,0,0,1
den500d,1586,17426,525,0,0,0,1
den500d,1587,18304,564,0,0,0,1
den500d,1588,18963,1004,0,0,0,1
den500d,1589,17045,606,0,0,0,1
den500d,1590,17484,463,0,0,0,1
den500d,1591,17343,439,0,0,0,1
den500d,1592,17333,398,0,0,0,1
den500d,1593,16538,605,0,0,0,1
den500d,1594,16426,552,0,0,0,1
den500d,1595,16261,520,0,0,0,1
den500d,1596,16339,622,0,0,0,1
den500d,1597,19899,1105,0,0,0,1
den500d,1598,16054,498,0,0,0,1
den500d,1599,16442,828,0,0,0,1
den500d,1600,17647,438,0,0,0,1
den500d,1601,18087,367,0,0,0,1
den500d,1602,16085,592,0,0,0,1
den500d,1603,15979,480,0,0,0,1
den500d,1604,16445,455,0,0,0,1
den500d,1605,18035,696,0,0,0,1
den500d,1606,18405,642,0,0,0,1
den500d,1607,17988,557,0,0,0,1
den500d,1608,17560,598,0,0,0,1
