map,scenid,total-src,20move-src,distance,path_size,hLevel,pure
den600d,0,225,209,0,0,0,0
den600d,1,133,129,0,0,0,0
den600d,2,117,115,0,0,0,0
den600d,3,89,87,0,0,0,0
den600d,4,151,154,0,0,0,0
den600d,5,234,278,0,0,0,0
den600d,6,190,177,0,0,0,0
den600d,7,149,128,0,0,0,0
den600d,8,141,132,0,0,0,0
den600d,9,220,210,0,0,0,0
den600d,10,280,268,0,0,0,0
den600d,11,296,297,0,0,0,0
den600d,12,180,171,0,0,0,0
den600d,13,313,327,0,0,0,0
den600d,14,200,162,0,0,0,0
den600d,15,224,225,0,0,0,0
den600d,16,252,241,0,0,0,0
den600d,17,179,145,0,0,0,0
den600d,18,264,272,0,0,0,0
den600d,19,182,182,0,0,0,0
den600d,20,353,398,0,0,0,0
den600d,21,283,300,0,0,0,0
den600d,22,299,302,0,0,0,0
den600d,23,259,270,0,0,0,0
den600d,24,801,1305,0,0,0,0
den600d,25,520,469,0,0,0,0
den600d,26,223,223,0,0,0,0
den600d,27,200,202,0,0,0,0
den600d,28,249,253,0,0,0,0
den600d,29,310,319,0,0,0,0
den600d,30,536,534,0,0,0,0
den600d,31,506,487,0,0,0,0
den600d,32,662,663,0,0,0,0
den600d,33,785,811,0,0,0,0
den600d,34,564,575,0,0,0,0
den600d,35,535,509,0,0,0,0
den600d,36,493,575,0,0,0,0
den600d,37,461,505,0,0,0,0
den600d,38,440,444,0,0,0,0
den600d,39,603,577,0,0,0,0
den600d,40,764,726,0,0,0,0
den600d,41,580,564,0,0,0,0
den600d,42,490,504,0,0,0,0
den600d,43,583,612,0,0,0,0
den600d,44,548,520,0,0,0,0
den600d,45,803,831,0,0,0,0
den600d,46,726,1011,0,0,0,0
den600d,47,635,620,0,0,0,0
den600d,48,478,557,0,0,0,0
den600d,49,520,525,0,0,0,0
den600d,50,838,806,0,0,0,0
den600d,51,940,1005,0,0,0,0
den600d,52,835,1012,0,0,0,0
den600d,53,709,632,0,0,0,0
den600d,54,736,666,0,0,0,0
den600d,55,892,1489,0,0,0,0
den600d,56,852,847,0,0,0,0
den600d,57,722,703,0,0,0,0
den600d,58,564,560,0,0,0,0
den600d,59,670,650,0,0,0,0
den600d,60,868,741,0,0,0,0
den600d,61,814,761,0,0,0,0
den600d,62,891,930,0,0,0,0
den600d,63,825,737,0,0,0,0
den600d,64,790,773,0,0,0,0
den600d,65,715,1073,0,0,0,0
den600d,66,465,536,0,0,0,0
den600d,67,839,813,0,0,0,0
den600d,68,718,920,0,0,0,0
den600d,69,696,661,0,0,0,0
den600d,70,993,673,0,0,0,0
den600d,71,960,742,0,0,0,0
den600d,72,846,673,0,0,0,0
den600d,73,826,756,0,0,0,0
den600d,74,698,541,0,0,0,0
den600d,75,875,779,0,0,0,0
den600d,76,1068,764,0,0,0,0
den600d,77,836,657,0,0,0,0
den600d,78,647,433,0,0,0,0
den600d,79,890,635,0,0,0,0
den600d,80,1201,830,0,0,0,0
den600d,81,827,602,0,0,0,0
den600d,82,778,562,0,0,0,0
den600d,83,919,751,0,0,0,0
den600d,84,771,442,0,0,0,0
den600d,85,925,556,0,0,0,0
den600d,86,1071,685,0,0,0,0
den600d,87,914,572,0,0,0,0
den600d,88,707,430,0,0,0,0
den600d,89,841,565,0,0,0,0
den600d,90,1152,614,0,0,0,0
den600d,91,1099,705,0,0,0,0
den600d,92,979,575,0,0,0,0
den600d,93,1086,712,0,0,0,0
den600d,94,1082,760,0,0,0,0
den600d,95,1251,931,0,0,0,0
den600d,96,1109,573,0,0,0,0
den600d,97,967,618,0,0,0,0
den600d,98,987,589,0,0,0,0
den600d,99,903,515,0,0,0,0
den600d,100,1273,598,0,0,0,0
den600d,101,812,447,0,0,0,0
den600d,102,1003,555,0,0,0,0
den600d,103,1005,511,0,0,0,0
den600d,104,1261,568,0,0,0,0
den600d,105,1341,482,0,0,0,0
den600d,106,985,580,0,0,0,0
den600d,107,1263,689,0,0,0,0
den600d,108,1183,730,0,0,0,0
den600d,109,934,434,0,0,0,0
den600d,110,1306,559,0,0,0,0
den600d,111,1202,737,0,0,0,0
den600d,112,985,524,0,0,0,0
den600d,113,1121,491,0,0,0,0
den600d,114,1043,527,0,0,0,0
den600d,115,1606,810,0,0,0,0
den600d,116,1075,623,0,0,0,0
den600d,117,1144,560,0,0,0,0
den600d,118,1118,447,0,0,0,0
den600d,119,1045,486,0,0,0,0
den600d,120,1395,571,0,0,0,0
den600d,121,1142,573,0,0,0,0
den600d,122,1169,574,0,0,0,0
den600d,123,1633,1010,0,0,0,0
den600d,124,1205,459,0,0,0,0
den600d,125,1191,538,0,0,0,0
den600d,126,1070,496,0,0,0,0
den600d,127,1155,541,0,0,0,0
den600d,128,1191,564,0,0,0,0
den600d,129,1021,486,0,0,0,0
den600d,130,1457,713,0,0,0,0
den600d,131,1505,532,0,0,0,0
den600d,132,1352,592,0,0,0,0
den600d,133,1159,451,0,0,0,0
den600d,134,1024,608,0,0,0,0
den600d,135,1283,447,0,0,0,0
den600d,136,1075,435,0,0,0,0
den600d,137,1363,629,0,0,0,0
den600d,138,1637,456,0,0,0,0
den600d,139,1159,399,0,0,0,0
den600d,140,1453,551,0,0,0,0
den600d,141,1387,487,0,0,0,0
den600d,142,1565,461,0,0,0,0
den600d,143,1250,393,0,0,0,0
den600d,144,1336,612,0,0,0,0
den600d,145,1761,703,0,0,0,0
den600d,146,1292,462,0,0,0,0
den600d,147,1694,847,0,0,0,0
den600d,148,1483,648,0,0,0,0
den600d,149,1254,599,0,0,0,0
den600d,150,1205,401,0,0,0,0
den600d,151,1003,389,0,0,0,0
den600d,152,1347,488,0,0,0,0
den600d,153,1227,459,0,0,0,0
den600d,154,1260,517,0,0,0,0
den600d,155,1123,466,0,0,0,0
den600d,156,1150,409,0,0,0,0
den600d,157,1874,432,0,0,0,0
den600d,158,1558,442,0,0,0,0
den600d,159,1294,409,0,0,0,0
den600d,160,1851,564,0,0,0,0
den600d,161,1660,625,0,0,0,0
den600d,162,1573,518,0,0,0,0
den600d,163,1288,441,0,0,0,0
den600d,164,1165,394,0,0,0,0
den600d,165,1864,671,0,0,0,0
den600d,166,1759,711,0,0,0,0
den600d,167,1685,706,0,0,0,0
den600d,168,1407,528,0,0,0,0
den600d,169,1488,482,0,0,0,0
den600d,170,1807,509,0,0,0,0
den600d,171,1413,428,0,0,0,0
den600d,172,1677,784,0,0,0,0
den600d,173,2192,873,0,0,0,0
den600d,174,1648,582,0,0,0,0
den600d,175,1316,462,0,0,0,0
den600d,176,1640,836,0,0,0,0
den600d,177,1262,469,0,0,0,0
den600d,178,1659,387,0,0,0,0
den600d,179,1771,473,0,0,0,0
den600d,180,2145,656,0,0,0,0
den600d,181,1854,678,0,0,0,0
den600d,182,1743,659,0,0,0,0
den600d,183,1965,478,0,0,0,0
den600d,184,1665,446,0,0,0,0
den600d,185,1868,579,0,0,0,0
den600d,186,1652,561,0,0,0,0
den600d,187,1945,524,0,0,0,0
den600d,188,1599,657,0,0,0,0
den600d,189,1560,492,0,0,0,0
den600d,190,2017,591,0,0,0,0
den600d,191,1861,479,0,0,0,0
den600d,192,2239,590,0,0,0,0
den600d,193,2208,614,0,0,0,0
den600d,194,1869,518,0,0,0,0
den600d,195,1709,802,0,0,0,0
den600d,196,1759,550,0,0,0,0
den600d,197,1724,591,0,0,0,0
den600d,198,1622,431,0,0,0,0
den600d,199,1619,641,0,0,0,0
den600d,200,1521,607,0,0,0,0
den600d,201,1395,544,0,0,0,0
den600d,202,1688,484,0,0,0,0
den600d,203,1605,576,0,0,0,0
den600d,204,1688,442,0,0,0,0
den600d,205,1754,500,0,0,0,0
den600d,206,1860,615,0,0,0,0
den600d,207,1802,511,0,0,0,0
den600d,208,1566,469,0,0,0,0
den600d,209,1738,806,0,0,0,0
den600d,210,1444,504,0,0,0,0
den600d,211,1488,487,0,0,0,0
den600d,212,1708,450,0,0,0,0
den600d,213,1768,473,0,0,0,0
den600d,214,1888,741,0,0,0,0
den600d,215,1798,529,0,0,0,0
den600d,216,1717,460,0,0,0,0
den600d,217,1618,389,0,0,0,0
den600d,218,1599,390,0,0,0,0
den600d,219,1673,567,0,0,0,0
den600d,220,2335,651,0,0,0,0
den600d,221,1699,487,0,0,0,0
den600d,222,1378,439,0,0,0,0
den600d,223,2545,707,0,0,0,0
den600d,224,1959,450,0,0,0,0
den600d,225,2014,586,0,0,0,0
den600d,226,2060,578,0,0,0,0
den600d,227,1774,614,0,0,0,0
den600d,228,1834,531,0,0,0,0
den600d,229,2048,649,0,0,0,0
den600d,230,1990,745,0,0,0,0
den600d,231,1500,556,0,0,0,0
den600d,232,2478,652,0,0,0,0
den600d,233,1920,522,0,0,0,0
den600d,234,1798,434,0,0,0,0
den600d,235,1905,395,0,0,0,0
den600d,236,1670,447,0,0,0,0
den600d,237,1903,526,0,0,0,0
den600d,238,1367,423,0,0,0,0
den600d,239,2382,588,0,0,0,0
den600d,240,2400,484,0,0,0,0
den600d,241,2359,462,0,0,0,0
den600d,242,2017,484,0,0,0,0
den600d,243,2313,522,0,0,0,0
den600d,244,2728,704,0,0,0,0
den600d,245,2797,576,0,0,0,0
den600d,246,2101,588,0,0,0,0
den600d,247,2414,548,0,0,0,0
den600d,248,1976,532,0,0,0,0
den600d,249,2111,470,0,0,0,0
den600d,250,2097,411,0,0,0,0
den600d,251,1924,383,0,0,0,0
den600d,252,1840,373,0,0,0,0
den600d,253,1926,441,0,0,0,0
den600d,254,2429,588,0,0,0,0
den600d,255,2160,570,0,0,0,0
den600d,256,2320,380,0,0,0,0
den600d,257,2022,488,0,0,0,0
den600d,258,2147,427,0,0,0,0
den600d,259,1986,381,0,0,0,0
den600d,260,2011,371,0,0,0,0
den600d,261,2035,361,0,0,0,0
den600d,262,2079,557,0,0,0,0
den600d,263,2269,453,0,0,0,0
den600d,264,2864,861,0,0,0,0
den600d,265,2294,536,0,0,0,0
den600d,266,1905,480,0,0,0,0
den600d,267,2439,495,0,0,0,0
den600d,268,2076,531,0,0,0,0
den600d,269,2357,410,0,0,0,0
den600d,270,2941,549,0,0,0,0
den600d,271,2268,441,0,0,0,0
den600d,272,2145,386,0,0,0,0
den600d,273,2073,609,0,0,0,0
den600d,274,1696,459,0,0,0,0
den600d,275,2243,442,0,0,0,0
den600d,276,2764,667,0,0,0,0
den600d,277,2927,715,0,0,0,0
den600d,278,2421,451,0,0,0,0
den600d,279,2373,514,0,0,0,0
den600d,280,2780,750,0,0,0,0
den600d,281,2292,560,0,0,0,0
den600d,282,2804,512,0,0,0,0
den600d,283,2175,432,0,0,0,0
den600d,284,2256,628,0,0,0,0
den600d,285,2483,475,0,0,0,0
den600d,286,2102,434,0,0,0,0
den600d,287,2711,564,0,0,0,0
den600d,288,2278,493,0,0,0,0
den600d,289,2927,593,0,0,0,0
den600d,290,2436,450,0,0,0,0
den600d,291,2388,699,0,0,0,0
den600d,292,2628,467,0,0,0,0
den600d,293,3021,752,0,0,0,0
den600d,294,2479,516,0,0,0,0
den600d,295,2767,559,0,0,0,0
den600d,296,2302,499,0,0,0,0
den600d,297,2561,421,0,0,0,0
den600d,298,2287,403,0,0,0,0
den600d,299,2120,425,0,0,0,0
den600d,300,2523,415,0,0,0,0
den600d,301,2813,658,0,0,0,0
den600d,302,2474,424,0,0,0,0
den600d,303,3265,764,0,0,0,0
den600d,304,2785,505,0,0,0,0
den600d,305,2726,643,0,0,0,0
den600d,306,2542,535,0,0,0,0
den600d,307,2518,508,0,0,0,0
den600d,308,3052,511,0,0,0,0
den600d,309,2335,410,0,0,0,0
den600d,310,2583,590,0,0,0,0
den600d,311,2204,472,0,0,0,0
den600d,312,3122,451,0,0,0,0
den600d,313,2614,658,0,0,0,0
den600d,314,2364,624,0,0,0,0
den600d,315,2892,510,0,0,0,0
den600d,316,2600,521,0,0,0,0
den600d,317,2750,530,0,0,0,0
den600d,318,2460,449,0,0,0,0
den600d,319,2883,668,0,0,0,0
den600d,320,2574,457,0,0,0,0
den600d,321,2597,415,0,0,0,0
den600d,322,2966,577,0,0,0,0
den600d,323,2390,458,0,0,0,0
den600d,324,2646,435,0,0,0,0
den600d,325,2840,547,0,0,0,0
den600d,326,2580,599,0,0,0,0
den600d,327,2279,648,0,0,0,0
den600d,328,2308,518,0,0,0,0
den600d,329,2295,505,0,0,0,0
den600d,330,3517,522,0,0,0,0
den600d,331,2610,474,0,0,0,0
den600d,332,2298,471,0,0,0,0
den600d,333,2367,572,0,0,0,0
den600d,334,3136,576,0,0,0,0
den600d,335,3004,656,0,0,0,0
den600d,336,3304,646,0,0,0,0
den600d,337,2696,545,0,0,0,0
den600d,338,3571,471,0,0,0,0
den600d,339,2576,490,0,0,0,0
den600d,340,2636,548,0,0,0,0
den600d,341,3313,509,0,0,0,0
den600d,342,2982,520,0,0,0,0
den600d,343,2602,472,0,0,0,0
den600d,344,3105,424,0,0,0,0
den600d,345,2721,450,0,0,0,0
den600d,346,3352,699,0,0,0,0
den600d,347,2977,469,0,0,0,0
den600d,348,3042,640,0,0,0,0
den600d,349,2573,520,0,0,0,0
den600d,350,2997,451,0,0,0,0
den600d,351,2485,371,0,0,0,0
den600d,352,2985,518,0,0,0,0
den600d,353,3335,462,0,0,0,0
den600d,354,3095,554,0,0,0,0
den600d,355,2751,426,0,0,0,0
den600d,356,3247,544,0,0,0,0
den600d,357,3287,699,0,0,0,0
den600d,358,3167,460,0,0,0,0
den600d,359,3006,553,0,0,0,0
den600d,360,3408,588,0,0,0,0
den600d,361,2871,458,0,0,0,0
den600d,362,2534,572,0,0,0,0
den600d,363,2695,545,0,0,0,0
den600d,364,3370,524,0,0,0,0
den600d,365,3045,498,0,0,0,0
den600d,366,2889,515,0,0,0,0
den600d,367,2955,432,0,0,0,0
den600d,368,3316,462,0,0,0,0
den600d,369,2935,462,0,0,0,0
den600d,370,3180,501,0,0,0,0
den600d,371,3465,432,0,0,0,0
den600d,372,3072,510,0,0,0,0
den600d,373,2906,429,0,0,0,0
den600d,374,2967,515,0,0,0,0
den600d,375,2729,508,0,0,0,0
den600d,376,2617,579,0,0,0,0
den600d,377,3101,645,0,0,0,0
den600d,378,3386,488,0,0,0,0
den600d,379,3053,482,0,0,0,0
den600d,380,3118,473,0,0,0,0
den600d,381,2976,557,0,0,0,0
den600d,382,3371,728,0,0,0,0
den600d,383,2842,529,0,0,0,0
den600d,384,3517,444,0,0,0,0
den600d,385,3550,468,0,0,0,0
den600d,386,3083,539,0,0,0,0
den600d,387,3638,542,0,0,0,0
den600d,388,3084,534,0,0,0,0
den600d,389,3688,500,0,0,0,0
den600d,390,3514,481,0,0,0,0
den600d,391,3456,386,0,0,0,0
den600d,392,2940,384,0,0,0,0
den600d,393,3609,493,0,0,0,0
den600d,394,2870,794,0,0,0,0
den600d,395,3656,445,0,0,0,0
den600d,396,3450,597,0,0,0,0
den600d,397,3369,564,0,0,0,0
den600d,398,3343,443,0,0,0,0
den600d,399,3228,512,0,0,0,0
den600d,400,3291,441,0,0,0,0
den600d,401,3208,373,0,0,0,0
den600d,402,3438,496,0,0,0,0
den600d,403,3383,423,0,0,0,0
den600d,404,3907,451,0,0,0,0
den600d,405,3340,496,0,0,0,0
den600d,406,3374,562,0,0,0,0
den600d,407,3002,607,0,0,0,0
den600d,408,3583,471,0,0,0,0
den600d,409,3265,444,0,0,0,0
den600d,410,3476,476,0,0,0,0
den600d,411,4112,513,0,0,0,0
den600d,412,3727,435,0,0,0,0
den600d,413,3604,485,0,0,0,0
den600d,414,3286,452,0,0,0,0
den600d,415,3639,451,0,0,0,0
den600d,416,4009,662,0,0,0,0
den600d,417,3459,481,0,0,0,0
den600d,418,3701,691,0,0,0,0
den600d,419,3756,530,0,0,0,0
den600d,420,3714,570,0,0,0,0
den600d,421,3381,514,0,0,0,0
den600d,422,3170,422,0,0,0,0
den600d,423,3080,427,0,0,0,0
den600d,424,3513,534,0,0,0,0
den600d,425,3931,526,0,0,0,0
den600d,426,3769,454,0,0,0,0
den600d,427,3441,501,0,0,0,0
den600d,428,3452,501,0,0,0,0
den600d,429,3063,546,0,0,0,0
den600d,430,3424,501,0,0,0,0
den600d,431,3295,458,0,0,0,0
den600d,432,3991,529,0,0,0,0
den600d,433,3523,514,0,0,0,0
den600d,434,3721,640,0,0,0,0
den600d,435,3555,464,0,0,0,0
den600d,436,3469,445,0,0,0,0
den600d,437,3623,631,0,0,0,0
den600d,438,3885,490,0,0,0,0
den600d,439,3651,552,0,0,0,0
den600d,440,4063,497,0,0,0,0
den600d,441,3731,467,0,0,0,0
den600d,442,3791,507,0,0,0,0
den600d,443,3658,445,0,0,0,0
den600d,444,3728,476,0,0,0,0
den600d,445,4105,495,0,0,0,0
den600d,446,3727,699,0,0,0,0
den600d,447,3241,530,0,0,0,0
den600d,448,3467,511,0,0,0,0
den600d,449,3712,408,0,0,0,0
den600d,450,3699,530,0,0,0,0
den600d,451,3738,693,0,0,0,0
den600d,452,4120,531,0,0,0,0
den600d,453,3576,561,0,0,0,0
den600d,454,3196,590,0,0,0,0
den600d,455,3822,470,0,0,0,0
den600d,456,3906,529,0,0,0,0
den600d,457,4053,634,0,0,0,0
den600d,458,3716,550,0,0,0,0
den600d,459,3665,479,0,0,0,0
den600d,460,4407,510,0,0,0,0
den600d,461,3523,452,0,0,0,0
den600d,462,3880,421,0,0,0,0
den600d,463,4235,500,0,0,0,0
den600d,464,3834,409,0,0,0,0
den600d,465,4059,430,0,0,0,0
den600d,466,4117,417,0,0,0,0
den600d,467,3910,417,0,0,0,0
den600d,468,3829,445,0,0,0,0
den600d,469,4011,422,0,0,0,0
den600d,470,3943,495,0,0,0,0
den600d,471,4163,547,0,0,0,0
den600d,472,4013,522,0,0,0,0
den600d,473,4131,416,0,0,0,0
den600d,474,4179,391,0,0,0,0
den600d,475,4096,525,0,0,0,0
den600d,476,3884,444,0,0,0,0
den600d,477,3979,460,0,0,0,0
den600d,478,3934,482,0,0,0,0
den600d,479,3670,540,0,0,0,0
den600d,480,4357,542,0,0,0,0
den600d,481,4211,469,0,0,0,0
den600d,482,4168,439,0,0,0,0
den600d,483,4220,464,0,0,0,0
den600d,484,3945,448,0,0,0,0
den600d,485,3933,403,0,0,0,0
den600d,486,4147,511,0,0,0,0
den600d,487,3999,413,0,0,0,0
den600d,488,4281,398,0,0,0,0
den600d,489,4103,425,0,0,0,0
den600d,490,4491,599,0,0,0,0
den600d,491,4052,494,0,0,0,0
den600d,492,4260,461,0,0,0,0
den600d,493,4267,530,0,0,0,0
den600d,494,4201,567,0,0,0,0
den600d,495,4696,402,0,0,0,0
den600d,496,4191,451,0,0,0,0
den600d,497,4128,476,0,0,0,0
den600d,498,3905,430,0,0,0,0
den600d,499,4078,444,0,0,0,0
den600d,500,4218,526,0,0,0,0
den600d,501,4300,438,0,0,0,0
den600d,502,4416,416,0,0,0,0
den600d,503,4331,364,0,0,0,0
den600d,504,4509,403,0,0,0,0
den600d,505,4155,399,0,0,0,0
den600d,506,4142,450,0,0,0,0
den600d,507,4622,593,0,0,0,0
den600d,508,4180,514,0,0,0,0
den600d,509,4649,446,0,0,0,0
den600d,510,4313,482,0,0,0,0
den600d,511,3888,450,0,0,0,0
den600d,512,4153,463,0,0,0,0
den600d,513,4165,461,0,0,0,0
den600d,514,4532,539,0,0,0,0
den600d,515,4612,533,0,0,0,0
den600d,516,4297,463,0,0,0,0
den600d,517,4183,580,0,0,0,0
den600d,518,4334,464,0,0,0,0
den600d,519,4181,376,0,0,0,0
den600d,520,4218,463,0,0,0,0
den600d,521,4705,472,0,0,0,0
den600d,522,4800,646,0,0,0,0
den600d,523,4774,531,0,0,0,0
den600d,524,4655,627,0,0,0,0
den600d,525,4820,454,0,0,0,0
den600d,526,4372,417,0,0,0,0
den600d,527,4573,502,0,0,0,0
den600d,528,4527,491,0,0,0,0
den600d,529,4470,518,0,0,0,0
den600d,530,4506,445,0,0,0,0
den600d,531,5399,475,0,0,0,0
den600d,532,4504,448,0,0,0,0
den600d,533,4355,381,0,0,0,0
den600d,534,4700,520,0,0,0,0
den600d,535,5008,585,0,0,0,0
den600d,536,4572,492,0,0,0,0
den600d,537,4826,514,0,0,0,0
den600d,538,4964,478,0,0,0,0
den600d,539,4602,416,0,0,0,0
den600d,540,5274,564,0,0,0,0
den600d,541,4538,491,0,0,0,0
den600d,542,4916,581,0,0,0,0
den600d,543,5262,447,0,0,0,0
den600d,544,4861,424,0,0,0,0
den600d,545,4365,439,0,0,0,0
den600d,546,4463,379,0,0,0,0
den600d,547,4612,402,0,0,0,0
den600d,548,4782,538,0,0,0,0
den600d,549,4636,415,0,0,0,0
den600d,550,4841,487,0,0,0,0
den600d,551,4520,420,0,0,0,0
den600d,552,4408,361,0,0,0,0
den600d,553,5122,536,0,0,0,0
den600d,554,4811,481,0,0,0,0
den600d,555,4917,686,0,0,0,0
den600d,556,5044,466,0,0,0,0
den600d,557,4871,468,0,0,0,0
den600d,558,4733,1010,0,0,0,0
den600d,559,4826,961,0,0,0,0
den600d,560,4923,457,0,0,0,0
den600d,561,4714,406,0,0,0,0
den600d,562,5353,563,0,0,0,0
den600d,563,5071,843,0,0,0,0
den600d,564,4594,577,0,0,0,0
den600d,565,4810,409,0,0,0,0
den600d,566,4752,376,0,0,0,0
den600d,567,5182,1122,0,0,0,0
den600d,568,5063,890,0,0,0,0
den600d,569,5020,458,0,0,0,0
den600d,570,4891,503,0,0,0,0
den600d,571,4981,889,0,0,0,0
den600d,572,4997,805,0,0,0,0
den600d,573,4962,526,0,0,0,0
den600d,574,5099,478,0,0,0,0
den600d,575,4605,832,0,0,0,0
den600d,576,4593,468,0,0,0,0
den600d,577,4964,444,0,0,0,0
den600d,578,5014,912,0,0,0,0
den600d,579,5072,449,0,0,0,0
den600d,580,5577,505,0,0,0,0
den600d,581,4692,446,0,0,0,0
den600d,582,5323,783,0,0,0,0
den600d,583,4909,708,0,0,0,0
den600d,584,4851,480,0,0,0,0
den600d,585,5002,381,0,0,0,0
den600d,586,5170,434,0,0,0,0
den600d,587,4912,418,0,0,0,0
den600d,588,5047,462,0,0,0,0
den600d,589,5738,693,0,0,0,0
den600d,590,5592,485,0,0,0,0
den600d,591,4833,401,0,0,0,0
den600d,592,5168,377,0,0,0,0
den600d,593,4746,388,0,0,0,0
den600d,594,4856,409,0,0,0,0
den600d,595,5285,523,0,0,0,0
den600d,596,4787,618,0,0,0,0
den600d,597,4862,417,0,0,0,0
den600d,598,4996,836,0,0,0,0
den600d,599,5461,447,0,0,0,0
den600d,600,4956,658,0,0,0,0
den600d,601,4839,650,0,0,0,0
den600d,602,4468,465,0,0,0,0
den600d,603,4952,376,0,0,0,0
den600d,604,4786,399,0,0,0,0
den600d,605,4871,388,0,0,0,0
den600d,606,4852,390,0,0,0,0
den600d,607,5020,421,0,0,0,0
den600d,608,5070,408,0,0,0,0
den600d,609,5176,776,0,0,0,0
den600d,610,5897,516,0,0,0,0
den600d,611,5038,404,0,0,0,0
den600d,612,5021,465,0,0,0,0
den600d,613,4912,384,0,0,0,0
den600d,614,6856,519,0,0,0,0
den600d,615,5905,503,0,0,0,0
den600d,616,5553,441,0,0,0,0
den600d,617,5282,397,0,0,0,0
den600d,618,5246,418,0,0,0,0
den600d,619,5279,417,0,0,0,0
den600d,620,5567,468,0,0,0,0
den600d,621,4838,401,0,0,0,0
den600d,622,5504,403,0,0,0,0
den600d,623,4972,439,0,0,0,0
den600d,624,5134,395,0,0,0,0
den600d,625,4816,369,0,0,0,0
den600d,626,5216,418,0,0,0,0
den600d,627,5567,553,0,0,0,0
den600d,628,5551,454,0,0,0,0
den600d,629,5224,408,0,0,0,0
den600d,630,5116,391,0,0,0,0
den600d,631,5050,367,0,0,0,0
den600d,632,5709,412,0,0,0,0
den600d,633,5504,414,0,0,0,0
den600d,634,5516,425,0,0,0,0
den600d,635,5798,384,0,0,0,0
den600d,636,4990,541,0,0,0,0
den600d,637,5417,364,0,0,0,0
den600d,638,5110,372,0,0,0,0
den600d,639,4945,381,0,0,0,0
den600d,640,6305,511,0,0,0,0
den600d,641,4930,410,0,0,0,0
den600d,642,5175,432,0,0,0,0
den600d,643,4912,495,0,0,0,0
den600d,644,5085,392,0,0,0,0
den600d,645,5568,388,0,0,0,0
den600d,646,4948,457,0,0,0,0
den600d,647,5244,401,0,0,0,0
den600d,648,5004,409,0,0,0,0
den600d,649,7817,581,0,0,0,0
den600d,650,6197,468,0,0,0,0
den600d,651,5268,384,0,0,0,0
den600d,652,5254,361,0,0,0,0
den600d,653,5620,399,0,0,0,0
den600d,654,5380,431,0,0,0,0
den600d,655,6594,595,0,0,0,0
den600d,656,6326,394,0,0,0,0
den600d,657,6818,591,0,0,0,0
den600d,658,5561,416,0,0,0,0
den600d,659,5609,379,0,0,0,0
den600d,660,6118,477,0,0,0,0
den600d,661,5462,426,0,0,0,0
den600d,662,5305,445,0,0,0,0
den600d,663,6034,539,0,0,0,0
den600d,664,5928,476,0,0,0,0
den600d,665,6845,517,0,0,0,0
den600d,666,6510,483,0,0,0,0
den600d,667,5653,416,0,0,0,0
den600d,668,5714,416,0,0,0,0
den600d,669,5364,470,0,0,0,0
den600d,670,5297,398,0,0,0,0
den600d,671,5965,461,0,0,0,0
den600d,672,5922,393,0,0,0,0
den600d,673,5833,421,0,0,0,0
den600d,674,5776,389,0,0,0,0
den600d,675,5843,469,0,0,0,0
den600d,676,6109,404,0,0,0,0
den600d,677,5583,392,0,0,0,0
den600d,678,6853,580,0,0,0,0
den600d,679,6131,411,0,0,0,0
den600d,680,5842,382,0,0,0,0
den600d,681,5840,423,0,0,0,0
den600d,682,5928,497,0,0,0,0
den600d,683,5771,413,0,0,0,0
den600d,684,5772,441,0,0,0,0
den600d,685,5763,410,0,0,0,0
den600d,686,5550,396,0,0,0,0
den600d,687,6053,450,0,0,0,0
den600d,688,5687,415,0,0,0,0
den600d,689,5262,387,0,0,0,0
den600d,690,6535,484,0,0,0,0
den600d,691,5289,417,0,0,0,0
den600d,692,5892,456,0,0,0,0
den600d,693,5560,408,0,0,0,0
den600d,694,5752,450,0,0,0,0
den600d,695,7486,582,0,0,0,0
den600d,696,6908,518,0,0,0,0
den600d,697,7340,521,0,0,0,0
den600d,698,6835,473,0,0,0,0
den600d,699,6259,493,0,0,0,0
den600d,700,6456,527,0,0,0,0
den600d,701,6758,524,0,0,0,0
den600d,702,5942,450,0,0,0,0
den600d,703,5841,409,0,0,0,0
den600d,704,7244,562,0,0,0,0
den600d,705,7211,543,0,0,0,0
den600d,706,7051,557,0,0,0,0
den600d,707,6791,502,0,0,0,0
den600d,708,6593,468,0,0,0,0
den600d,709,6586,415,0,0,0,0
den600d,710,6445,446,0,0,0,0
den600d,711,5772,385,0,0,0,0
den600d,712,6145,430,0,0,0,0
den600d,713,6086,423,0,0,0,0
den600d,714,7020,604,0,0,0,0
den600d,715,7098,518,0,0,0,0
den600d,716,6818,502,0,0,0,0
den600d,717,6885,510,0,0,0,0
den600d,718,6970,451,0,0,0,0
den600d,719,6292,423,0,0,0,0
den600d,720,6308,429,0,0,0,0
den600d,721,6893,466,0,0,0,0
den600d,722,6708,505,0,0,0,0
den600d,723,6596,409,0,0,0,0
den600d,724,6174,390,0,0,0,0
den600d,725,6370,431,0,0,0,0
den600d,726,6000,452,0,0,0,0
den600d,727,7768,575,0,0,0,0
den600d,728,6977,545,0,0,0,0
den600d,729,6860,495,0,0,0,0
den600d,730,7423,502,0,0,0,0
den600d,731,6706,462,0,0,0,0
den600d,732,6656,441,0,0,0,0
den600d,733,6273,414,0,0,0,0
den600d,734,7322,448,0,0,0,0
den600d,735,6652,423,0,0,0,0
den600d,736,6460,421,0,0,0,0
den600d,737,7682,553,0,0,0,0
den600d,738,7361,486,0,0,0,0
den600d,739,7164,440,0,0,0,0
den600d,740,7470,507,0,0,0,0
den600d,741,6591,440,0,0,0,0
den600d,742,7016,462,0,0,0,0
den600d,743,6767,414,0,0,0,0
den600d,744,6350,421,0,0,0,0
den600d,745,7029,420,0,0,0,0
den600d,746,6226,384,0,0,0,0
den600d,747,6046,384,0,0,0,0
den600d,748,6823,529,0,0,0,0
den600d,749,7139,398,0,0,0,0
den600d,750,7087,439,0,0,0,0
den600d,751,6736,384,0,0,0,0
den600d,752,6457,387,0,0,0,0
den600d,753,7218,443,0,0,0,0
den600d,754,7270,579,0,0,0,0
den600d,755,6731,492,0,0,0,0
den600d,756,7205,421,0,0,0,0
den600d,757,6578,385,0,0,0,0
den600d,758,6482,368,0,0,0,0
den600d,759,6640,384,0,0,0,0
den600d,760,6443,373,0,0,0,0
den600d,761,6465,376,0,0,0,0
den600d,762,6472,381,0,0,0,0
den600d,763,7366,444,0,0,0,0
den600d,764,7686,453,0,0,0,0
den600d,765,8311,663,0,0,0,0
den600d,766,7470,406,0,0,0,0
den600d,767,7199,411,0,0,0,0
den600d,768,7335,408,0,0,0,0
den600d,769,7144,433,0,0,0,0
den600d,770,7952,489,0,0,0,0
den600d,771,7314,428,0,0,0,0
den600d,772,7275,390,0,0,0,0
den600d,773,7468,595,0,0,0,0
den600d,774,7035,431,0,0,0,0
den600d,775,7327,409,0,0,0,0
den600d,776,6910,383,0,0,0,0
den600d,777,6762,420,0,0,0,0
den600d,778,7166,715,0,0,0,0
den600d,779,7116,409,0,0,0,0
den600d,780,7857,533,0,0,0,0
den600d,781,6472,402,0,0,0,0
den600d,782,7385,432,0,0,0,0
den600d,783,6714,431,0,0,0,0
den600d,784,6629,400,0,0,0,0
den600d,785,7006,538,0,0,0,0
den600d,786,7618,471,0,0,0,0
den600d,787,7529,427,0,0,0,0
den600d,788,6703,399,0,0,0,0
den600d,789,7262,421,0,0,0,0
den600d,790,7815,426,0,0,0,0
den600d,791,7453,413,0,0,0,0
den600d,792,7401,838,0,0,0,0
den600d,793,7069,450,0,0,0,0
den600d,794,7324,418,0,0,0,0
den600d,795,7419,437,0,0,0,0
den600d,796,7020,439,0,0,0,0
den600d,797,6661,421,0,0,0,0
den600d,798,6533,376,0,0,0,0
den600d,799,7105,692,0,0,0,0
den600d,800,7659,569,0,0,0,0
den600d,801,6525,445,0,0,0,0
den600d,802,6435,433,0,0,0,0
den600d,803,7272,461,0,0,0,0
den600d,804,7661,447,0,0,0,0
den600d,805,7522,431,0,0,0,0
den600d,806,7639,450,0,0,0,0
den600d,807,7368,576,0,0,0,0
den600d,808,7010,508,0,0,0,0
den600d,809,7013,758,0,0,0,0
den600d,810,7325,438,0,0,0,0
den600d,811,6486,415,0,0,0,0
den600d,812,7213,462,0,0,0,0
den600d,813,7809,451,0,0,0,0
den600d,814,7237,417,0,0,0,0
den600d,815,7472,525,0,0,0,0
den600d,816,7077,420,0,0,0,0
den600d,817,7130,660,0,0,0,0
den600d,818,6795,669,0,0,0,0
den600d,819,6946,432,0,0,0,0
den600d,820,7538,444,0,0,0,0
den600d,821,7265,440,0,0,0,0
den600d,822,7333,441,0,0,0,0
den600d,823,7538,888,0,0,0,0
den600d,824,6849,541,0,0,0,0
den600d,825,7209,468,0,0,0,0
den600d,826,7124,689,0,0,0,0
den600d,827,7042,750,0,0,0,0
den600d,828,6794,470,0,0,0,0
den600d,829,7143,434,0,0,0,0
den600d,830,7464,484,0,0,0,0
den600d,831,7999,422,0,0,0,0
den600d,832,7607,586,0,0,0,0
den600d,833,7319,407,0,0,0,0
den600d,834,7536,757,0,0,0,0
den600d,835,7208,585,0,0,0,0
den600d,836,7301,532,0,0,0,0
den600d,837,7301,594,0,0,0,0
den600d,838,7279,763,0,0,0,0
den600d,839,6930,492,0,0,0,0
den600d,840,7674,484,0,0,0,0
den600d,841,8105,461,0,0,0,0
den600d,842,7461,565,0,0,0,0
den600d,843,6967,416,0,0,0,0
den600d,844,7375,431,0,0,0,0
den600d,845,7544,431,0,0,0,0
den600d,846,8141,430,0,0,0,0
den600d,847,7567,460,0,0,0,0
den600d,848,7380,520,0,0,0,0
den600d,849,7488,665,0,0,0,0
den600d,850,7462,462,0,0,0,0
den600d,851,7526,467,0,0,0,0
den600d,852,7592,616,0,0,0,0
den600d,853,7452,472,0,0,0,0
den600d,854,7302,691,0,0,0,0
den600d,855,7097,619,0,0,0,0
den600d,856,7102,520,0,0,0,0
den600d,857,7564,479,0,0,0,0
den600d,858,7428,466,0,0,0,0
den600d,859,7301,443,0,0,0,0
den600d,860,7246,431,0,0,0,0
den600d,861,7665,471,0,0,0,0
den600d,862,7880,454,0,0,0,0
den600d,863,7565,509,0,0,0,0
den600d,864,7349,586,0,0,0,0
den600d,865,7558,472,0,0,0,0
den600d,866,7194,711,0,0,0,0
den600d,867,7122,416,0,0,0,0
den600d,868,7690,505,0,0,0,0
den600d,869,7688,474,0,0,0,0
den600d,870,7440,457,0,0,0,0
den600d,871,7736,461,0,0,0,0
den600d,872,7657,538,0,0,0,0
den600d,873,7264,527,0,0,0,0
den600d,874,7106,460,0,0,0,0
den600d,875,7509,513,0,0,0,0
den600d,876,7491,510,0,0,0,0
den600d,877,7579,498,0,0,0,0
den600d,878,7513,515,0,0,0,0
den600d,879,7058,397,0,0,0,0
den600d,880,7424,445,0,0,0,0
den600d,881,7857,407,0,0,0,0
den600d,882,7602,581,0,0,0,0
den600d,883,7632,501,0,0,0,0
den600d,884,7585,449,0,0,0,0
den600d,885,7348,527,0,0,0,0
den600d,886,7476,415,0,0,0,0
den600d,887,7358,413,0,0,0,0
den600d,888,7422,531,0,0,0,0
den600d,889,7020,398,0,0,0,0
den600d,890,9082,549,0,0,0,0
den600d,891,7834,495,0,0,0,0
den600d,892,7888,603,0,0,0,0
den600d,893,7567,594,0,0,0,0
den600d,894,7831,609,0,0,0,0
den600d,895,7498,484,0,0,0,0
den600d,896,7862,583,0,0,0,0
den600d,897,7490,515,0,0,0,0
den600d,898,7318,417,0,0,0,0
den600d,899,7161,476,0,0,0,0
den600d,900,7690,451,0,0,0,0
den600d,901,7568,435,0,0,0,0
den600d,902,8213,534,0,0,0,0
den600d,903,7918,442,0,0,0,0
den600d,904,7938,502,0,0,0,0
den600d,905,7530,474,0,0,0,0
den600d,906,7230,477,0,0,0,0
den600d,907,7267,539,0,0,0,0
den600d,908,7348,528,0,0,0,0
den600d,909,7125,391,0,0,0,0
den600d,910,7718,450,0,0,0,0
den600d,911,7664,450,0,0,0,0
den600d,912,7416,453,0,0,0,0
den600d,913,7447,431,0,0,0,0
den600d,914,7633,566,0,0,0,0
den600d,915,7311,439,0,0,0,0
den600d,916,7821,622,0,0,0,0
den600d,917,7087,413,0,0,0,0
den600d,918,7080,419,0,0,0,0
den600d,919,7101,419,0,0,0,0
den600d,920,9124,537,0,0,0,0
den600d,921,8003,461,0,0,0,0
den600d,922,7709,454,0,0,0,0
den600d,923,8044,504,0,0,0,0
den600d,924,8784,627,0,0,0,0
den600d,925,7741,602,0,0,0,0
den600d,926,7474,563,0,0,0,0
den600d,927,7701,460,0,0,0,0
den600d,928,7714,470,0,0,0,0
den600d,929,7842,452,0,0,0,0
den600d,930,8730,540,0,0,0,0
den600d,931,7569,456,0,0,0,0
den600d,932,8057,428,0,0,0,0
den600d,933,7577,565,0,0,0,0
den600d,934,7239,421,0,0,0,0
den600d,935,7778,425,0,0,0,0
den600d,936,7742,437,0,0,0,0
den600d,937,8386,495,0,0,0,0
den600d,938,7536,505,0,0,0,0
den600d,939,7647,452,0,0,0,0
den600d,940,8983,463,0,0,0,0
den600d,941,7920,423,0,0,0,0
den600d,942,7748,424,0,0,0,0
den600d,943,7855,431,0,0,0,0
den600d,944,7950,429,0,0,0,0
den600d,945,7930,416,0,0,0,0
den600d,946,7622,494,0,0,0,0
den600d,947,7629,572,0,0,0,0
den600d,948,7509,455,0,0,0,0
den600d,949,7594,450,0,0,0,0
den600d,950,7747,450,0,0,0,0
den600d,951,7813,678,0,0,0,0
den600d,952,7585,495,0,0,0,0
den600d,953,7576,483,0,0,0,0
den600d,954,7801,478,0,0,0,0
den600d,955,8250,544,0,0,0,0
den600d,956,7646,420,0,0,0,0
den600d,957,7582,445,0,0,0,0
den600d,958,7782,508,0,0,0,0
den600d,959,7525,443,0,0,0,0
den600d,960,9422,512,0,0,0,0
den600d,961,7950,427,0,0,0,0
den600d,962,7904,537,0,0,0,0
den600d,963,7581,509,0,0,0,0
den600d,964,8324,444,0,0,0,0
den600d,965,7987,432,0,0,0,0
den600d,966,7731,467,0,0,0,0
den600d,967,7739,453,0,0,0,0
den600d,968,7965,421,0,0,0,0
den600d,969,8166,428,0,0,0,0
den600d,970,9122,441,0,0,0,0
den600d,971,7927,424,0,0,0,0
den600d,972,7748,412,0,0,0,0
den600d,973,8351,421,0,0,0,0
den600d,974,7637,456,0,0,0,0
den600d,975,7718,493,0,0,0,0
den600d,976,7584,437,0,0,0,0
den600d,977,7734,441,0,0,0,0
den600d,978,7738,434,0,0,0,0
den600d,979,7616,452,0,0,0,0
den600d,980,9239,447,0,0,0,0
den600d,981,8145,382,0,0,0,0
den600d,982,8139,558,0,0,0,0
den600d,983,7786,530,0,0,0,0
den600d,984,7657,476,0,0,0,0
den600d,985,7681,497,0,0,0,0
den600d,986,7664,439,0,0,0,0
den600d,987,7975,420,0,0,0,0
den600d,988,7913,423,0,0,0,0
den600d,989,7816,416,0,0,0,0
den600d,990,7913,484,0,0,0,0
den600d,991,7853,469,0,0,0,0
den600d,992,8161,422,0,0,0,0
den600d,993,7834,457,0,0,0,0
den600d,994,8002,500,0,0,0,0
den600d,995,7957,416,0,0,0,0
den600d,996,7967,411,0,0,0,0
den600d,997,7969,548,0,0,0,0
den600d,998,7626,431,0,0,0,0
den600d,999,7589,482,0,0,0,0
den600d,1000,9427,459,0,0,0,0
den600d,1001,8871,403,0,0,0,0
den600d,1002,8325,480,0,0,0,0
den600d,1003,7832,500,0,0,0,0
den600d,1004,7919,431,0,0,0,0
den600d,1005,7693,425,0,0,0,0
den600d,1006,7621,409,0,0,0,0
den600d,1007,7762,467,0,0,0,0
den600d,1008,8122,465,0,0,0,0
den600d,1009,8066,473,0,0,0,0
den600d,1010,9448,459,0,0,0,0
den600d,1011,8449,473,0,0,0,0
den600d,1012,8042,412,0,0,0,0
den600d,1013,8483,516,0,0,0,0
den600d,1014,8079,497,0,0,0,0
den600d,1015,7884,474,0,0,0,0
den600d,1016,8103,500,0,0,0,0
den600d,1017,7847,450,0,0,0,0
den600d,1018,7873,443,0,0,0,0
den600d,1019,8056,473,0,0,0,0
den600d,1020,9334,433,0,0,0,0
den600d,1021,8602,441,0,0,0,0
den600d,1022,8621,480,0,0,0,0
den600d,1023,8229,484,0,0,0,0
den600d,1024,8013,470,0,0,0,0
den600d,1025,8083,458,0,0,0,0
den600d,1026,7919,486,0,0,0,0
den600d,1027,7947,453,0,0,0,0
den600d,1028,8136,464,0,0,0,0
den600d,1029,8403,488,0,0,0,0
den600d,1030,9257,454,0,0,0,0
den600d,1031,8585,460,0,0,0,0
den600d,1032,8434,408,0,0,0,0
den600d,1033,8216,418,0,0,0,0
den600d,1034,8851,431,0,0,0,0
den600d,1035,8592,449,0,0,0,0
den600d,1036,8293,506,0,0,0,0
den600d,1037,8341,480,0,0,0,0
den600d,1038,8242,506,0,0,0,0
den600d,1039,8036,465,0,0,0,0
den600d,1040,9407,427,0,0,0,0
den600d,1041,8674,420,0,0,0,0
den600d,1042,8340,502,0,0,0,0
den600d,1043,7969,460,0,0,0,0
den600d,1044,8020,477,0,0,0,0
den600d,1045,8054,563,0,0,0,0
den600d,1046,8280,546,0,0,0,0
den600d,1047,8427,490,0,0,0,0
den600d,1048,8479,513,0,0,0,0
den600d,1049,8216,510,0,0,0,0
den600d,1050,9442,430,0,0,0,0
den600d,1051,8950,486,0,0,0,0
den600d,1052,8218,463,0,0,0,0
den600d,1053,9566,436,0,0,0,0
den600d,1054,10680,521,0,0,0,0
den600d,1055,9405,466,0,0,0,0
den600d,1056,9110,610,0,0,0,0
den600d,1057,8661,470,0,0,0,0
den600d,1058,8637,423,0,0,0,0
den600d,1059,8740,424,0,0,0,0
den600d,1060,8949,404,0,0,0,0
den600d,1061,8548,411,0,0,0,0
den600d,1062,8787,401,0,0,0,0
den600d,1063,9413,427,0,0,0,0
den600d,1064,8775,404,0,0,0,0
den600d,1065,8803,409,0,0,0,0
den600d,1066,10344,500,0,0,0,0
den600d,1067,10057,478,0,0,0,0
den600d,1068,9787,481,0,0,0,0
den600d,1069,8972,414,0,0,0,0
den600d,1070,9645,396,0,0,0,0
den600d,1071,8859,410,0,0,0,0
den600d,1072,8788,405,0,0,0,0
den600d,1073,9467,401,0,0,0,0
den600d,1074,8718,425,0,0,0,0
den600d,1075,10211,443,0,0,0,0
den600d,1076,9978,463,0,0,0,0
den600d,1077,8829,451,0,0,0,0
den600d,1078,8874,403,0,0,0,0
den600d,1079,9875,451,0,0,0,0
den600d,1080,10180,456,0,0,0,0
den600d,1081,9007,410,0,0,0,0
den600d,1082,10003,455,0,0,0,0
den600d,1083,9151,395,0,0,0,0
den600d,1084,9088,407,0,0,0,0
den600d,1085,8684,396,0,0,0,0
den600d,1086,8998,402,0,0,0,0
den600d,1087,10272,478,0,0,0,0
den600d,1088,10159,461,0,0,0,0
den600d,1089,9871,551,0,0,0,0
den600d,1090,9093,400,0,0,0,0
den600d,1091,8781,412,0,0,0,0
den600d,1092,9023,400,0,0,0,0
den600d,1093,8871,421,0,0,0,0
den600d,1094,9156,387,0,0,0,0
den600d,1095,10392,453,0,0,0,0
den600d,1096,10207,471,0,0,0,0
den600d,1097,9907,465,0,0,0,0
den600d,1098,9334,410,0,0,0,0
den600d,1099,8902,391,0,0,0,0
den600d,1100,10239,473,0,0,0,0
den600d,1101,9191,363,0,0,0,0
den600d,1102,9031,370,0,0,0,0
den600d,1103,9059,401,0,0,0,0
den600d,1104,10263,458,0,0,0,0
den600d,1105,10245,443,0,0,0,0
den600d,1106,10069,434,0,0,0,0
den600d,1107,10129,438,0,0,0,0
den600d,1108,9239,420,0,0,0,0
den600d,1109,10258,453,0,0,0,0
den600d,1110,10259,453,0,0,0,0
den600d,1111,10188,435,0,0,0,0
den600d,1112,9081,388,0,0,0,0
den600d,1113,10113,444,0,0,0,0
den600d,1114,10347,469,0,0,0,0
den600d,1115,9367,447,0,0,0,0
den600d,1116,10240,467,0,0,0,0
den600d,1117,10532,447,0,0,0,0
den600d,1118,10449,454,0,0,0,0
den600d,1119,10311,451,0,0,0,0
den600d,1120,9522,407,0,0,0,0
den600d,1121,10494,441,0,0,0,0
den600d,1122,10474,436,0,0,0,0
den600d,1123,10153,442,0,0,0,0
den600d,1124,10157,424,0,0,0,0
den600d,1125,10266,436,0,0,0,0
den600d,1126,10196,442,0,0,0,0
den600d,1127,10186,421,0,0,0,0
den600d,1128,10399,452,0,0,0,0
den600d,1129,9544,403,0,0,0,0
den600d,1130,9293,415,0,0,0,0
den600d,1131,9179,375,0,0,0,0
den600d,1132,10481,460,0,0,0,0
den600d,1133,10684,441,0,0,0,0
den600d,1134,9253,427,0,0,0,0
den600d,1135,10687,440,0,0,0,0
den600d,1136,9312,398,0,0,0,0
den600d,1137,10649,471,0,0,0,0
den600d,1138,9689,435,0,0,0,0
den600d,1139,9379,400,0,0,0,0
den600d,1140,10509,465,0,0,0,0
den600d,1141,11226,439,0,0,0,0
den600d,1142,10700,472,0,0,0,0
den600d,1143,10407,428,0,0,0,0
den600d,1144,9399,381,0,0,0,0
den600d,1145,9226,424,0,0,0,0
den600d,1146,10560,490,0,0,0,0
den600d,1147,10465,484,0,0,0,0
den600d,1148,10269,525,0,0,0,0
den600d,1149,10306,723,0,0,0,0
den600d,1150,10889,480,0,0,0,0
den600d,1151,10557,440,0,0,0,0
den600d,1152,10340,434,0,0,0,0
den600d,1153,9262,420,0,0,0,0
den600d,1154,10362,464,0,0,0,0
den600d,1155,10617,433,0,0,0,0
den600d,1156,10568,418,0,0,0,0
den600d,1157,10460,415,0,0,0,0
den600d,1158,10438,491,0,0,0,0
den600d,1159,10078,528,0,0,0,0
den600d,1160,10835,499,0,0,0,0
den600d,1161,10657,479,0,0,0,0
den600d,1162,10362,439,0,0,0,0
den600d,1163,10308,447,0,0,0,0
den600d,1164,10295,474,0,0,0,0
den600d,1165,10025,508,0,0,0,0
den600d,1166,10182,456,0,0,0,0
den600d,1167,9929,567,0,0,0,0
den600d,1168,9825,784,0,0,0,0
den600d,1169,10035,570,0,0,0,0
den600d,1170,10615,532,0,0,0,0
den600d,1171,10239,460,0,0,0,0
den600d,1172,9957,444,0,0,0,0
den600d,1173,10037,454,0,0,0,0
den600d,1174,10146,509,0,0,0,0
den600d,1175,9850,498,0,0,0,0
den600d,1176,9835,529,0,0,0,0
den600d,1177,9791,451,0,0,0,0
den600d,1178,9963,445,0,0,0,0
den600d,1179,9514,427,0,0,0,0
den600d,1180,10592,512,0,0,0,0
den600d,1181,10661,485,0,0,0,0
den600d,1182,10233,465,0,0,0,0
den600d,1183,9937,441,0,0,0,0
den600d,1184,10014,559,0,0,0,0
den600d,1185,9897,460,0,0,0,0
den600d,1186,11920,918,0,0,0,0
den600d,1187,10878,687,0,0,0,0
den600d,1188,10093,593,0,0,0,0
den600d,1189,10625,680,0,0,0,0
den600d,1190,10787,514,0,0,0,0
den600d,1191,10740,448,0,0,0,0
den600d,1192,10578,453,0,0,0,0
den600d,1193,10705,513,0,0,0,0
den600d,1194,10338,483,0,0,0,0
den600d,1195,10282,446,0,0,0,0
den600d,1196,10330,477,0,0,0,0
den600d,1197,10108,449,0,0,0,0
den600d,1198,10058,509,0,0,0,0
den600d,1199,10616,557,0,0,0,0
den600d,1200,10642,475,0,0,0,0
den600d,1201,10714,451,0,0,0,0
den600d,1202,9979,444,0,0,0,0
den600d,1203,10076,487,0,0,0,0
den600d,1204,10232,471,0,0,0,0
den600d,1205,10124,450,0,0,0,0
den600d,1206,10077,453,0,0,0,0
den600d,1207,10003,449,0,0,0,0
den600d,1208,9960,428,0,0,0,0
den600d,1209,10429,538,0,0,0,0
den600d,1210,10569,462,0,0,0,0
den600d,1211,10428,427,0,0,0,0
den600d,1212,10426,431,0,0,0,0
den600d,1213,10525,468,0,0,0,0
den600d,1214,10229,485,0,0,0,0
den600d,1215,10067,433,0,0,0,0
den600d,1216,10023,424,0,0,0,0
den600d,1217,10073,432,0,0,0,0
den600d,1218,10062,441,0,0,0,0
den600d,1219,10052,466,0,0,0,0
den600d,1220,10071,447,0,0,0,0
den600d,1221,9991,431,0,0,0,0
den600d,1222,10143,448,0,0,0,0
den600d,1223,10407,448,0,0,0,0
den600d,1224,10548,561,0,0,0,0
den600d,1225,10790,514,0,0,0,0
den600d,1226,10534,657,0,0,0,0
den600d,1227,10139,444,0,0,0,0
den600d,1228,10444,519,0,0,0,0
den600d,1229,10231,504,0,0,0,0
den600d,1230,10488,497,0,0,0,0
den600d,1231,10326,436,0,0,0,0
den600d,1232,10371,451,0,0,0,0
den600d,1233,10351,455,0,0,0,0
den600d,1234,10256,430,0,0,0,0
den600d,1235,10498,445,0,0,0,0
den600d,1236,10068,449,0,0,0,0
den600d,1237,10290,434,0,0,0,0
den600d,1238,10039,433,0,0,0,0
den600d,1239,10132,425,0,0,0,0
den600d,1240,10609,454,0,0,0,0
den600d,1241,10643,444,0,0,0,0
den600d,1242,10526,438,0,0,0,0
den600d,1243,10442,431,0,0,0,0
den600d,1244,10522,455,0,0,0,0
den600d,1245,10378,469,0,0,0,0
den600d,1246,10344,435,0,0,0,0
den600d,1247,10488,445,0,0,0,0
den600d,1248,10111,445,0,0,0,0
den600d,1249,10419,442,0,0,0,0
den600d,1250,10581,441,0,0,0,0
den600d,1251,10538,445,0,0,0,0
den600d,1252,10475,441,0,0,0,0
den600d,1253,10286,430,0,0,0,0
den600d,1254,10358,426,0,0,0,0
den600d,1255,10483,444,0,0,0,0
den600d,1256,10384,456,0,0,0,0
den600d,1257,10518,446,0,0,0,0
den600d,1258,10304,437,0,0,0,0
den600d,1259,10234,444,0,0,0,0
den600d,1260,10536,451,0,0,0,0
den600d,1261,10580,452,0,0,0,0
den600d,1262,10586,419,0,0,0,0
den600d,1263,10537,418,0,0,0,0
den600d,1264,10770,433,0,0,0,0
den600d,1265,10636,451,0,0,0,0
den600d,1266,10791,479,0,0,0,0
den600d,1267,10491,446,0,0,0,0
den600d,1268,10329,456,0,0,0,0
den600d,1269,10220,438,0,0,0,0
den600d,1270,10756,451,0,0,0,0
den600d,1271,10745,445,0,0,0,0
den600d,1272,10709,440,0,0,0,0
den600d,1273,10594,431,0,0,0,0
den600d,1274,10846,487,0,0,0,0
den600d,1275,10445,445,0,0,0,0
den600d,1276,10139,441,0,0,0,0
den600d,1277,10225,448,0,0,0,0
den600d,1278,10131,464,0,0,0,0
den600d,1279,10248,440,0,0,0,0
den600d,1280,11305,522,0,0,0,0
den600d,1281,11096,447,0,0,0,0
den600d,1282,10608,454,0,0,0,0
den600d,1283,10424,425,0,0,0,0
den600d,1284,10184,432,0,0,0,0
den600d,1285,10196,438,0,0,0,0
den600d,1286,10839,463,0,0,0,0
den600d,1287,10838,453,0,0,0,0
den600d,1288,10444,485,0,0,0,0
den600d,1289,10319,451,0,0,0,0
den600d,1290,10480,441,0,0,0,0
den600d,1291,10677,423,0,0,0,0
den600d,1292,10578,433,0,0,0,0
den600d,1293,10380,435,0,0,0,0
den600d,1294,10476,449,0,0,0,0
den600d,1295,10473,448,0,0,0,0
den600d,1296,10325,424,0,0,0,0
den600d,1297,10944,442,0,0,0,0
den600d,1298,10862,442,0,0,0,0
den600d,1299,10555,453,0,0,0,0
den600d,1300,11270,478,0,0,0,0
den600d,1301,10990,445,0,0,0,0
den600d,1302,10735,444,0,0,0,0
den600d,1303,10600,436,0,0,0,0
den600d,1304,10776,433,0,0,0,0
den600d,1305,10531,452,0,0,0,0
den600d,1306,10441,448,0,0,0,0
den600d,1307,11058,438,0,0,0,0
den600d,1308,10635,431,0,0,0,0
den600d,1309,10978,462,0,0,0,0
den600d,1310,10698,461,0,0,0,0
den600d,1311,10916,449,0,0,0,0
den600d,1312,10944,435,0,0,0,0
den600d,1313,10871,438,0,0,0,0
den600d,1314,10969,430,0,0,0,0
den600d,1315,10665,430,0,0,0,0
den600d,1316,10732,429,0,0,0,0
den600d,1317,10924,421,0,0,0,0
den600d,1318,10791,440,0,0,0,0
den600d,1319,10727,452,0,0,0,0
den600d,1320,10668,437,0,0,0,0
den600d,1321,10990,437,0,0,0,0
den600d,1322,10974,424,0,0,0,0
den600d,1323,10791,426,0,0,0,0
den600d,1324,11102,450,0,0,0,0
den600d,1325,10745,457,0,0,0,0
den600d,1326,11132,479,0,0,0,0
den600d,1327,11056,408,0,0,0,0
den600d,1328,10998,455,0,0,0,0
den600d,1329,10909,459,0,0,0,0
den600d,1330,11109,467,0,0,0,0
den600d,1331,10958,444,0,0,0,0
den600d,1332,10992,441,0,0,0,0
den600d,1333,11126,436,0,0,0,0
den600d,1334,10950,443,0,0,0,0
den600d,1335,10854,427,0,0,0,0
den600d,1336,10940,432,0,0,0,0
den600d,1337,11106,442,0,0,0,0
den600d,1338,11137,470,0,0,0,0
den600d,1339,12728,631,0,0,0,0
den600d,1340,11045,462,0,0,0,0
den600d,1341,10990,460,0,0,0,0
den600d,1342,10825,448,0,0,0,0
den600d,1343,10998,439,0,0,0,0
den600d,1344,10957,433,0,0,0,0
den600d,1345,10940,416,0,0,0,0
den600d,1346,10816,440,0,0,0,0
den600d,1347,10915,441,0,0,0,0
den600d,1348,11048,436,0,0,0,0
den600d,1349,11013,426,0,0,0,0
den600d,1350,11009,436,0,0,0,0
den600d,1351,10908,459,0,0,0,0
den600d,1352,10942,453,0,0,0,0
den600d,1353,10979,427,0,0,0,0
den600d,1354,11098,427,0,0,0,0
den600d,1355,10907,430,0,0,0,0
den600d,1356,11496,467,0,0,0,0
den600d,1357,12401,644,0,0,0,0
den600d,1358,11680,506,0,0,0,0
den600d,1359,11349,525,0,0,0,0
den600d,1360,11400,491,0,0,0,0
den600d,1361,11388,452,0,0,0,0
den600d,1362,11252,452,0,0,0,0
den600d,1363,11857,487,0,0,0,0
den600d,1364,11683,490,0,0,0,0
den600d,1365,11568,474,0,0,0,0
den600d,1366,11850,533,0,0,0,0
den600d,1367,11615,601,0,0,0,0
den600d,1368,11303,542,0,0,0,0
den600d,1369,11302,526,0,0,0,0
den600d,1370,11246,486,0,0,0,0
den600d,1371,11395,441,0,0,0,0
den600d,1372,11414,473,0,0,0,0
den600d,1373,12021,530,0,0,0,0
den600d,1374,11409,498,0,0,0,0
den600d,1375,11550,486,0,0,0,0
den600d,1376,11243,466,0,0,0,0
den600d,1377,11399,531,0,0,0,0
den600d,1378,11290,491,0,0,0,0
den600d,1379,11288,701,0,0,0,0
den600d,1380,11530,476,0,0,0,0
den600d,1381,11834,581,0,0,0,0
den600d,1382,11848,473,0,0,0,0
den600d,1383,11523,491,0,0,0,0
den600d,1384,11544,586,0,0,0,0
den600d,1385,11498,505,0,0,0,0
den600d,1386,11391,476,0,0,0,0
den600d,1387,11644,613,0,0,0,0
den600d,1388,11431,610,0,0,0,0
den600d,1389,11496,698,0,0,0,0
den600d,1390,11329,553,0,0,0,0
den600d,1391,11411,567,0,0,0,0
den600d,1392,11436,633,0,0,0,0
den600d,1393,11767,643,0,0,0,0
den600d,1394,11603,684,0,0,0,0
den600d,1395,11446,578,0,0,0,0
den600d,1396,11578,648,0,0,0,0
den600d,1397,11387,561,0,0,0,0
den600d,1398,11630,567,0,0,0,0
den600d,1399,11982,575,0,0,0,0
