map,scenid,total-src,20move-src,distance,path_size,hLevel,pure
hrt000d,0,190,352,0,0,0,1
hrt000d,1,214,310,0,0,0,1
hrt000d,2,199,199,0,0,0,1
hrt000d,3,142,161,0,0,0,1
hrt000d,4,148,280,0,0,0,1
hrt000d,5,193,369,0,0,0,1
hrt000d,6,121,115,0,0,0,1
hrt000d,7,155,149,0,0,0,1
hrt000d,8,121,136,0,0,0,1
hrt000d,9,172,293,0,0,0,1
hrt000d,10,1172,1502,0,0,0,1
hrt000d,11,806,978,0,0,0,1
hrt000d,12,833,1503,0,0,0,1
hrt000d,13,702,1064,0,0,0,1
hrt000d,14,640,836,0,0,0,1
hrt000d,15,582,1276,0,0,0,1
hrt000d,16,622,999,0,0,0,1
hrt000d,17,525,565,0,0,0,1
hrt000d,18,934,1018,0,0,0,1
hrt000d,19,1008,1091,0,0,0,1
hrt000d,20,1444,2014,0,0,0,1
hrt000d,21,1163,1354,0,0,0,1
hrt000d,22,1363,2410,0,0,0,1
hrt000d,23,1232,1560,0,0,0,1
hrt000d,24,1197,1577,0,0,0,1
hrt000d,25,1111,1767,0,0,0,1
hrt000d,26,826,1467,0,0,0,1
hrt000d,27,1267,1971,0,0,0,1
hrt000d,28,1387,1788,0,0,0,1
hrt000d,29,1171,1498,0,0,0,1
hrt000d,30,1602,2206,0,0,0,1
hrt000d,31,1994,2220,0,0,0,1
hrt000d,32,1731,2648,0,0,0,1
hrt000d,33,2117,2241,0,0,0,1
hrt000d,34,2084,2266,0,0,0,1
hrt000d,35,1483,1887,0,0,0,1
hrt000d,36,2494,2538,0,0,0,1
hrt000d,37,1965,3013,0,0,0,1
hrt000d,38,1352,2191,0,0,0,1
hrt000d,39,1462,1667,0,0,0,1
hrt000d,40,2518,3306,0,0,0,1
hrt000d,41,2246,3227,0,0,0,1
hrt000d,42,1688,2214,0,0,0,1
hrt000d,43,1383,2363,0,0,0,1
hrt000d,44,2261,2662,0,0,0,1
hrt000d,45,2124,2469,0,0,0,1
hrt000d,46,2021,2626,0,0,0,1
hrt000d,47,1542,2279,0,0,0,1
hrt000d,48,2254,3623,0,0,0,1
hrt000d,49,2284,2503,0,0,0,1
hrt000d,50,2015,2509,0,0,0,1
hrt000d,51,2117,2910,0,0,0,1
hrt000d,52,2651,2661,0,0,0,1
hrt000d,53,2629,3504,0,0,0,1
hrt000d,54,1292,1390,0,0,0,1
hrt000d,55,1945,2562,0,0,0,1
hrt000d,56,2381,3560,0,0,0,1
hrt000d,57,3295,4080,0,0,0,1
hrt000d,58,2925,3980,0,0,0,1
hrt000d,59,2270,2732,0,0,0,1
hrt000d,60,2488,2494,0,0,0,1
hrt000d,61,3468,4411,0,0,0,1
hrt000d,62,3074,3997,0,0,0,1
hrt000d,63,2299,2804,0,0,0,1
hrt000d,64,3150,4031,0,0,0,1
hrt000d,65,3441,3167,0,0,0,1
hrt000d,66,3142,3549,0,0,0,1
hrt000d,67,2506,2733,0,0,0,1
hrt000d,68,2934,3732,0,0,0,1
hrt000d,69,2289,2707,0,0,0,1
hrt000d,70,2123,2075,0,0,0,1
hrt000d,71,3115,2879,0,0,0,1
hrt000d,72,3776,4092,0,0,0,1
hrt000d,73,4209,4054,0,0,0,1
hrt000d,74,3111,3136,0,0,0,1
hrt000d,75,2948,3055,0,0,0,1
hrt000d,76,3402,4203,0,0,0,1
hrt000d,77,3214,3701,0,0,0,1
hrt000d,78,2826,2205,0,0,0,1
hrt000d,79,2833,3660,0,0,0,1
hrt000d,80,3706,2984,0,0,0,1
hrt000d,81,3015,2242,0,0,0,1
hrt000d,82,4166,3052,0,0,0,1
hrt000d,83,3345,2938,0,0,0,1
hrt000d,84,3787,3905,0,0,0,1
hrt000d,85,4777,3637,0,0,0,1
hrt000d,86,3814,3271,0,0,0,1
hrt000d,87,2189,3189,0,0,0,1
hrt000d,88,3745,3730,0,0,0,1
hrt000d,89,3596,3815,0,0,0,1
hrt000d,90,3522,3014,0,0,0,1
hrt000d,91,5554,3886,0,0,0,1
hrt000d,92,3968,2456,0,0,0,1
hrt000d,93,3686,2364,0,0,0,1
hrt000d,94,2380,3219,0,0,0,1
hrt000d,95,4482,1637,0,0,0,1
hrt000d,96,4842,3212,0,0,0,1
hrt000d,97,3640,3410,0,0,0,1
hrt000d,98,3701,2934,0,0,0,1
hrt000d,99,4960,3635,0,0,0,1
hrt000d,100,7077,4065,0,0,0,1
hrt000d,101,4293,3128,0,0,0,1
hrt000d,102,4477,3691,0,0,0,1
hrt000d,103,6878,4245,0,0,0,1
hrt000d,104,5947,3311,0,0,0,1
hrt000d,105,3150,1657,0,0,0,1
hrt000d,106,6671,3497,0,0,0,1
hrt000d,107,6786,3932,0,0,0,1
hrt000d,108,3900,3237,0,0,0,1
hrt000d,109,4168,2764,0,0,0,1
hrt000d,110,3002,2138,0,0,0,1
hrt000d,111,4633,2690,0,0,0,1
hrt000d,112,5996,3196,0,0,0,1
hrt000d,113,6685,4242,0,0,0,1
hrt000d,114,4467,2492,0,0,0,1
hrt000d,115,5234,2665,0,0,0,1
hrt000d,116,5177,3619,0,0,0,1
hrt000d,117,3609,2857,0,0,0,1
hrt000d,118,4913,3685,0,0,0,1
hrt000d,119,2993,1782,0,0,0,1
hrt000d,120,5872,3141,0,0,0,1
hrt000d,121,4298,2882,0,0,0,1
hrt000d,122,5094,3051,0,0,0,1
hrt000d,123,6932,3468,0,0,0,1
hrt000d,124,5687,3752,0,0,0,1
hrt000d,125,8448,3002,0,0,0,1
hrt000d,126,5724,2812,0,0,0,1
hrt000d,127,5613,2861,0,0,0,1
hrt000d,128,3614,2150,0,0,0,1
hrt000d,129,6741,2507,0,0,0,1
hrt000d,130,5843,3904,0,0,0,1
hrt000d,131,5435,2785,0,0,0,1
hrt000d,132,6352,3056,0,0,0,1
hrt000d,133,8343,4007,0,0,0,1
hrt000d,134,4995,1285,0,0,0,1
hrt000d,135,7051,2517,0,0,0,1
hrt000d,136,4839,2007,0,0,0,1
hrt000d,137,5655,2728,0,0,0,1
hrt000d,138,6366,3662,0,0,0,1
hrt000d,139,8732,4388,0,0,0,1
hrt000d,140,3899,2694,0,0,0,1
hrt000d,141,4337,1790,0,0,0,1
hrt000d,142,6035,2965,0,0,0,1
hrt000d,143,7582,2896,0,0,0,1
hrt000d,144,6936,3233,0,0,0,1
hrt000d,145,6715,4129,0,0,0,1
hrt000d,146,5560,2453,0,0,0,1
hrt000d,147,5560,3134,0,0,0,1
hrt000d,148,4633,1724,0,0,0,1
hrt000d,149,3056,1204,0,0,0,1
hrt000d,150,8755,3346,0,0,0,1
hrt000d,151,7484,2922,0,0,0,1
hrt000d,152,9215,4635,0,0,0,1
hrt000d,153,4958,2312,0,0,0,1
hrt000d,154,7156,1327,0,0,0,1
hrt000d,155,9163,3400,0,0,0,1
hrt000d,156,7263,2904,0,0,0,1
hrt000d,157,4675,2196,0,0,0,1
hrt000d,158,9359,3254,0,0,0,1
hrt000d,159,6382,2667,0,0,0,1
hrt000d,160,7939,2487,0,0,0,1
hrt000d,161,4293,3227,0,0,0,1
hrt000d,162,6995,2869,0,0,0,1
hrt000d,163,6819,2781,0,0,0,1
hrt000d,164,7034,2816,0,0,0,1
hrt000d,165,7237,3238,0,0,0,1
hrt000d,166,7771,3206,0,0,0,1
hrt000d,167,6365,4152,0,0,0,1
hrt000d,168,7434,2797,0,0,0,1
hrt000d,169,7953,2592,0,0,0,1
hrt000d,170,5730,1897,0,0,0,1
hrt000d,171,3690,1987,0,0,0,1
hrt000d,172,8520,1399,0,0,0,1
hrt000d,173,6728,2877,0,0,0,1
hrt000d,174,8783,3971,0,0,0,1
hrt000d,175,11024,2927,0,0,0,1
hrt000d,176,8911,3577,0,0,0,1
hrt000d,177,8479,2755,0,0,0,1
hrt000d,178,8295,3559,0,0,0,1
hrt000d,179,4446,1472,0,0,0,1
hrt000d,180,6584,2996,0,0,0,1
hrt000d,181,7303,1912,0,0,0,1
hrt000d,182,7635,4447,0,0,0,1
hrt000d,183,6961,3091,0,0,0,1
hrt000d,184,8166,3548,0,0,0,1
hrt000d,185,11339,3663,0,0,0,1
hrt000d,186,7330,3092,0,0,0,1
hrt000d,187,6699,2327,0,0,0,1
hrt000d,188,8229,4375,0,0,0,1
hrt000d,189,7166,2869,0,0,0,1
hrt000d,190,8385,2296,0,0,0,1
hrt000d,191,8156,3570,0,0,0,1
hrt000d,192,7170,1636,0,0,0,1
hrt000d,193,12298,3291,0,0,0,1
hrt000d,194,10313,2364,0,0,0,1
hrt000d,195,7421,3109,0,0,0,1
hrt000d,196,7186,3543,0,0,0,1
hrt000d,197,9023,3329,0,0,0,1
hrt000d,198,9597,3444,0,0,0,1
hrt000d,199,8793,3421,0,0,0,1
hrt000d,200,6820,3869,0,0,0,1
hrt000d,201,11724,3754,0,0,0,1
hrt000d,202,9619,3352,0,0,0,1
hrt000d,203,5371,2239,0,0,0,1
hrt000d,204,9213,4026,0,0,0,1
hrt000d,205,6737,2198,0,0,0,1
hrt000d,206,7783,2307,0,0,0,1
hrt000d,207,4996,1068,0,0,0,1
hrt000d,208,7015,2253,0,0,0,1
hrt000d,209,8557,2186,0,0,0,1
hrt000d,210,7811,3131,0,0,0,1
hrt000d,211,11279,3571,0,0,0,1
hrt000d,212,9987,3491,0,0,0,1
hrt000d,213,11757,2807,0,0,0,1
hrt000d,214,8086,1873,0,0,0,1
hrt000d,215,6646,1924,0,0,0,1
hrt000d,216,9475,3439,0,0,0,1
hrt000d,217,8966,2830,0,0,0,1
hrt000d,218,9313,2609,0,0,0,1
hrt000d,219,10265,3755,0,0,0,1
hrt000d,220,9336,2122,0,0,0,1
hrt000d,221,7858,4010,0,0,0,1
hrt000d,222,8926,2688,0,0,0,1
hrt000d,223,11571,3032,0,0,0,1
hrt000d,224,8057,2816,0,0,0,1
hrt000d,225,8638,2846,0,0,0,1
hrt000d,226,5978,1332,0,0,0,1
hrt000d,227,8508,1555,0,0,0,1
hrt000d,228,11923,2931,0,0,0,1
hrt000d,229,13586,3805,0,0,0,1
hrt000d,230,7088,2858,0,0,0,1
hrt000d,231,8096,1927,0,0,0,1
hrt000d,232,10688,3680,0,0,0,1
hrt000d,233,8421,1123,0,0,0,1
hrt000d,234,9755,3221,0,0,0,1
hrt000d,235,8028,3146,0,0,0,1
hrt000d,236,7266,1364,0,0,0,1
hrt000d,237,7987,1784,0,0,0,1
hrt000d,238,11551,3923,0,0,0,1
hrt000d,239,9172,2958,0,0,0,1
hrt000d,240,8458,1428,0,0,0,1
hrt000d,241,12227,3339,0,0,0,1
hrt000d,242,12055,2529,0,0,0,1
hrt000d,243,9074,4122,0,0,0,1
hrt000d,244,9184,2567,0,0,0,1
hrt000d,245,8193,1801,0,0,0,1
hrt000d,246,10708,2860,0,0,0,1
hrt000d,247,10657,1894,0,0,0,1
hrt000d,248,10549,2817,0,0,0,1
hrt000d,249,10503,2296,0,0,0,1
hrt000d,250,8680,2237,0,0,0,1
hrt000d,251,13744,1966,0,0,0,1
hrt000d,252,8616,2503,0,0,0,1
hrt000d,253,10460,3007,0,0,0,1
hrt000d,254,12329,1857,0,0,0,1
hrt000d,255,8173,3445,0,0,0,1
hrt000d,256,9564,2033,0,0,0,1
hrt000d,257,10310,2574,0,0,0,1
hrt000d,258,7578,2217,0,0,0,1
hrt000d,259,6850,1499,0,0,0,1
hrt000d,260,6106,2962,0,0,0,1
hrt000d,261,7170,881,0,0,0,1
hrt000d,262,8708,1142,0,0,0,1
hrt000d,263,11688,2943,0,0,0,1
hrt000d,264,5767,1180,0,0,0,1
hrt000d,265,8397,2014,0,0,0,1
hrt000d,266,10030,2638,0,0,0,1
hrt000d,267,6609,3424,0,0,0,1
hrt000d,268,14026,3209,0,0,0,1
hrt000d,269,10003,1938,0,0,0,1
hrt000d,270,8422,1769,0,0,0,1
hrt000d,271,11301,3168,0,0,0,1
hrt000d,272,10275,3282,0,0,0,1
hrt000d,273,8060,2003,0,0,0,1
hrt000d,274,11127,2792,0,0,0,1
hrt000d,275,11219,1423,0,0,0,1
hrt000d,276,9331,2579,0,0,0,1
hrt000d,277,9785,1499,0,0,0,1
hrt000d,278,8772,2517,0,0,0,1
hrt000d,279,15748,2789,0,0,0,1
hrt000d,280,8007,2766,0,0,0,1
hrt000d,281,9595,2178,0,0,0,1
hrt000d,282,12805,3649,0,0,0,1
hrt000d,283,7183,883,0,0,0,1
hrt000d,284,12241,2373,0,0,0,1
hrt000d,285,7015,1669,0,0,0,1
hrt000d,286,14127,2725,0,0,0,1
hrt000d,287,17209,3540,0,0,0,1
hrt000d,288,9763,809,0,0,0,1
hrt000d,289,10092,2997,0,0,0,1
hrt000d,290,8530,1627,0,0,0,1
hrt000d,291,9079,2120,0,0,0,1
hrt000d,292,10542,3151,0,0,0,1
hrt000d,293,15657,2513,0,0,0,1
hrt000d,294,13097,3007,0,0,0,1
hrt000d,295,9067,2744,0,0,0,1
hrt000d,296,9148,1695,0,0,0,1
hrt000d,297,15855,3578,0,0,0,1
hrt000d,298,10222,1181,0,0,0,1
hrt000d,299,13894,3739,0,0,0,1
hrt000d,300,15627,3049,0,0,0,1
hrt000d,301,9828,2227,0,0,0,1
hrt000d,302,9413,1833,0,0,0,1
hrt000d,303,11593,1731,0,0,0,1
hrt000d,304,13390,2741,0,0,0,1
hrt000d,305,10952,2809,0,0,0,1
hrt000d,306,9987,2000,0,0,0,1
hrt000d,307,10172,1689,0,0,0,1
hrt000d,308,15446,2647,0,0,0,1
hrt000d,309,11054,2828,0,0,0,1
hrt000d,310,9615,1178,0,0,0,1
hrt000d,311,10075,2364,0,0,0,1
hrt000d,312,15136,2895,0,0,0,1
hrt000d,313,16736,2190,0,0,0,1
hrt000d,314,8891,1979,0,0,0,1
hrt000d,315,11312,1882,0,0,0,1
hrt000d,316,14403,2709,0,0,0,1
hrt000d,317,12450,3286,0,0,0,1
hrt000d,318,11466,2687,0,0,0,1
hrt000d,319,12822,2614,0,0,0,1
hrt000d,320,16061,2432,0,0,0,1
hrt000d,321,14365,2395,0,0,0,1
hrt000d,322,10980,1917,0,0,0,1
hrt000d,323,15606,3816,0,0,0,1
hrt000d,324,19238,2207,0,0,0,1
hrt000d,325,8226,2334,0,0,0,1
hrt000d,326,12443,2229,0,0,0,1
hrt000d,327,11968,1593,0,0,0,1
hrt000d,328,16723,3221,0,0,0,1
hrt000d,329,12118,3017,0,0,0,1
hrt000d,330,14067,2663,0,0,0,1
hrt000d,331,18075,3038,0,0,0,1
hrt000d,332,16315,2508,0,0,0,1
hrt000d,333,8478,1085,0,0,0,1
hrt000d,334,18241,3409,0,0,0,1
hrt000d,335,11960,2530,0,0,0,1
hrt000d,336,14891,1238,0,0,0,1
hrt000d,337,13006,2150,0,0,0,1
hrt000d,338,19482,2486,0,0,0,1
hrt000d,339,11469,2433,0,0,0,1
hrt000d,340,15825,3291,0,0,0,1
hrt000d,341,8295,2025,0,0,0,1
hrt000d,342,15481,2642,0,0,0,1
hrt000d,343,9284,2393,0,0,0,1
hrt000d,344,11303,2128,0,0,0,1
hrt000d,345,11742,1928,0,0,0,1
hrt000d,346,6795,2162,0,0,0,1
hrt000d,347,11696,2266,0,0,0,1
hrt000d,348,13933,4120,0,0,0,1
hrt000d,349,12907,1454,0,0,0,1
hrt000d,350,16308,1407,0,0,0,1
hrt000d,351,13820,2008,0,0,0,1
hrt000d,352,14698,3483,0,0,0,1
hrt000d,353,12208,1806,0,0,0,1
hrt000d,354,8805,1019,0,0,0,1
hrt000d,355,16599,1919,0,0,0,1
hrt000d,356,14820,3042,0,0,0,1
hrt000d,357,14257,2458,0,0,0,1
hrt000d,358,12743,2437,0,0,0,1
hrt000d,359,7848,1647,0,0,0,1
hrt000d,360,9476,1557,0,0,0,1
hrt000d,361,7375,1899,0,0,0,1
hrt000d,362,20257,2815,0,0,0,1
hrt000d,363,8715,2869,0,0,0,1
hrt000d,364,25024,2900,0,0,0,1
hrt000d,365,14197,2459,0,0,0,1
hrt000d,366,9681,1604,0,0,0,1
hrt000d,367,4462,574,0,0,0,1
hrt000d,368,13391,4358,0,0,0,1
hrt000d,369,15109,2349,0,0,0,1
hrt000d,370,13001,2478,0,0,0,1
hrt000d,371,13095,2451,0,0,0,1
hrt000d,372,15917,2890,0,0,0,1
hrt000d,373,19907,2632,0,0,0,1
hrt000d,374,9447,1770,0,0,0,1
hrt000d,375,19389,2587,0,0,0,1
hrt000d,376,15600,1995,0,0,0,1
hrt000d,377,21644,2540,0,0,0,1
hrt000d,378,10007,1636,0,0,0,1
hrt000d,379,21779,1874,0,0,0,1
hrt000d,380,11427,2185,0,0,0,1
hrt000d,381,14975,3141,0,0,0,1
hrt000d,382,10280,1808,0,0,0,1
hrt000d,383,17963,2536,0,0,0,1
hrt000d,384,10047,1645,0,0,0,1
hrt000d,385,15431,3949,0,0,0,1
hrt000d,386,22203,4220,0,0,0,1
hrt000d,387,17779,2144,0,0,0,1
hrt000d,388,12691,1397,0,0,0,1
hrt000d,389,13468,1993,0,0,0,1
hrt000d,390,16417,2607,0,0,0,1
hrt000d,391,11148,2077,0,0,0,1
hrt000d,392,14590,1279,0,0,0,1
hrt000d,393,9395,1437,0,0,0,1
hrt000d,394,12981,2096,0,0,0,1
hrt000d,395,12450,1271,0,0,0,1
hrt000d,396,13449,3434,0,0,0,1
hrt000d,397,10760,1630,0,0,0,1
hrt000d,398,17660,2952,0,0,0,1
hrt000d,399,19569,2335,0,0,0,1
hrt000d,400,13993,2963,0,0,0,1
hrt000d,401,24609,2425,0,0,0,1
hrt000d,402,12364,1995,0,0,0,1
hrt000d,403,12575,1243,0,0,0,1
hrt000d,404,19682,2174,0,0,0,1
hrt000d,405,22046,1211,0,0,0,1
hrt000d,406,20862,1000,0,0,0,1
hrt000d,407,13035,3373,0,0,0,1
hrt000d,408,12436,2403,0,0,0,1
hrt000d,409,22169,3007,0,0,0,1
hrt000d,410,13335,1834,0,0,0,1
hrt000d,411,17077,1189,0,0,0,1
hrt000d,412,19500,2732,0,0,0,1
hrt000d,413,15030,1932,0,0,0,1
hrt000d,414,15244,1392,0,0,0,1
hrt000d,415,11570,1555,0,0,0,1
hrt000d,416,12556,1702,0,0,0,1
hrt000d,417,23591,2018,0,0,0,1
hrt000d,418,11607,886,0,0,0,1
hrt000d,419,23617,1917,0,0,0,1
hrt000d,420,12351,973,0,0,0,1
hrt000d,421,13973,1681,0,0,0,1
hrt000d,422,25231,2664,0,0,0,1
hrt000d,423,21714,1461,0,0,0,1
hrt000d,424,10701,2813,0,0,0,1
hrt000d,425,8864,1496,0,0,0,1
hrt000d,426,11508,2740,0,0,0,1
hrt000d,427,21277,2670,0,0,0,1
hrt000d,428,16489,2107,0,0,0,1
hrt000d,429,7249,880,0,0,0,1
hrt000d,430,18356,2608,0,0,0,1
hrt000d,431,8103,1746,0,0,0,1
hrt000d,432,6831,566,0,0,0,1
hrt000d,433,14685,2317,0,0,0,1
hrt000d,434,18604,1424,0,0,0,1
hrt000d,435,13627,2316,0,0,0,1
hrt000d,436,26636,2597,0,0,0,1
hrt000d,437,19079,2524,0,0,0,1
hrt000d,438,18587,2211,0,0,0,1
hrt000d,439,7214,521,0,0,0,1
hrt000d,440,13001,1156,0,0,0,1
hrt000d,441,11322,1324,0,0,0,1
hrt000d,442,7138,1163,0,0,0,1
hrt000d,443,17306,3048,0,0,0,1
hrt000d,444,12206,3409,0,0,0,1
hrt000d,445,11466,1708,0,0,0,1
hrt000d,446,19514,1756,0,0,0,1
hrt000d,447,11565,1583,0,0,0,1
hrt000d,448,7368,658,0,0,0,1
hrt000d,449,14689,2104,0,0,0,1
hrt000d,450,9933,1898,0,0,0,1
hrt000d,451,7085,1385,0,0,0,1
hrt000d,452,25023,2804,0,0,0,1
hrt000d,453,11907,1926,0,0,0,1
hrt000d,454,14230,1577,0,0,0,1
hrt000d,455,25045,3468,0,0,0,1
hrt000d,456,19981,2245,0,0,0,1
hrt000d,457,14384,2598,0,0,0,1
hrt000d,458,10555,1668,0,0,0,1
hrt000d,459,12196,1000,0,0,0,1
hrt000d,460,10478,1184,0,0,0,1
hrt000d,461,11143,1561,0,0,0,1
hrt000d,462,11505,632,0,0,0,1
hrt000d,463,11482,1260,0,0,0,1
hrt000d,464,8735,605,0,0,0,1
hrt000d,465,24831,2857,0,0,0,1
hrt000d,466,26749,1607,0,0,0,1
hrt000d,467,16679,2933,0,0,0,1
hrt000d,468,10299,1335,0,0,0,1
hrt000d,469,9981,933,0,0,0,1
hrt000d,470,14193,1041,0,0,0,1
hrt000d,471,24280,1318,0,0,0,1
hrt000d,472,22434,2400,0,0,0,1
hrt000d,473,17438,1228,0,0,0,1
hrt000d,474,16171,1739,0,0,0,1
hrt000d,475,11915,1110,0,0,0,1
hrt000d,476,11927,1410,0,0,0,1
hrt000d,477,14015,3834,0,0,0,1
hrt000d,478,12254,1777,0,0,0,1
hrt000d,479,24899,1653,0,0,0,1
hrt000d,480,13189,1063,0,0,0,1
hrt000d,481,21783,2586,0,0,0,1
hrt000d,482,19737,1525,0,0,0,1
hrt000d,483,17889,1693,0,0,0,1
hrt000d,484,20179,2434,0,0,0,1
hrt000d,485,13871,1157,0,0,0,1
hrt000d,486,7524,676,0,0,0,1
hrt000d,487,19260,2000,0,0,0,1
hrt000d,488,11152,1079,0,0,0,1
hrt000d,489,15105,1143,0,0,0,1
hrt000d,490,9587,1567,0,0,0,1
hrt000d,491,5630,820,0,0,0,1
hrt000d,492,11758,1060,0,0,0,1
hrt000d,493,15162,1843,0,0,0,1
hrt000d,494,9305,846,0,0,0,1
hrt000d,495,15797,2206,0,0,0,1
hrt000d,496,22834,2954,0,0,0,1
hrt000d,497,20183,1943,0,0,0,1
hrt000d,498,26131,1246,0,0,0,1
hrt000d,499,10448,1001,0,0,0,1
hrt000d,500,7993,1047,0,0,0,1
hrt000d,501,9612,1963,0,0,0,1
hrt000d,502,10390,790,0,0,0,1
hrt000d,503,10940,1872,0,0,0,1
hrt000d,504,12813,1342,0,0,0,1
hrt000d,505,10651,1121,0,0,0,1
hrt000d,506,7195,1502,0,0,0,1
hrt000d,507,8307,641,0,0,0,1
hrt000d,508,15170,3445,0,0,0,1
hrt000d,509,15204,3010,0,0,0,1
hrt000d,510,10890,1154,0,0,0,1
hrt000d,511,12712,3082,0,0,0,1
hrt000d,512,20715,2367,0,0,0,1
hrt000d,513,17000,2007,0,0,0,1
hrt000d,514,13593,2327,0,0,0,1
hrt000d,515,14244,2074,0,0,0,1
hrt000d,516,22204,2764,0,0,0,1
hrt000d,517,25292,2189,0,0,0,1
hrt000d,518,11736,1235,0,0,0,1
hrt000d,519,10880,1482,0,0,0,1
hrt000d,520,8325,847,0,0,0,1
hrt000d,521,15485,1916,0,0,0,1
hrt000d,522,19372,2093,0,0,0,1
hrt000d,523,12296,1684,0,0,0,1
hrt000d,524,16658,2047,0,0,0,1
hrt000d,525,20859,1534,0,0,0,1
hrt000d,526,18415,1751,0,0,0,1
hrt000d,527,10211,1041,0,0,0,1
hrt000d,528,15797,3514,0,0,0,1
hrt000d,529,26057,3247,0,0,0,1
hrt000d,530,10495,1208,0,0,0,1
hrt000d,531,23702,3276,0,0,0,1
hrt000d,532,14304,1962,0,0,0,1
hrt000d,533,16706,2939,0,0,0,1
hrt000d,534,21417,1873,0,0,0,1
hrt000d,535,19065,2164,0,0,0,1
hrt000d,536,8790,841,0,0,0,1
hrt000d,537,21892,2084,0,0,0,1
hrt000d,538,26258,1881,0,0,0,1
hrt000d,539,19643,2154,0,0,0,1
hrt000d,540,26653,2435,0,0,0,1
hrt000d,541,21806,1835,0,0,0,1
hrt000d,542,18463,1821,0,0,0,1
hrt000d,543,12372,1991,0,0,0,1
hrt000d,544,8061,1513,0,0,0,1
hrt000d,545,12341,1131,0,0,0,1
hrt000d,546,29199,1784,0,0,0,1
hrt000d,547,19246,1279,0,0,0,1
hrt000d,548,15257,1241,0,0,0,1
hrt000d,549,19867,2146,0,0,0,1
hrt000d,550,18454,1929,0,0,0,1
hrt000d,551,10471,2944,0,0,0,1
hrt000d,552,15115,1405,0,0,0,1
hrt000d,553,20514,862,0,0,0,1
hrt000d,554,33805,2509,0,0,0,1
hrt000d,555,9961,1299,0,0,0,1
hrt000d,556,16620,2467,0,0,0,1
hrt000d,557,27043,3160,0,0,0,1
hrt000d,558,31876,2192,0,0,0,1
hrt000d,559,10906,2249,0,0,0,1
hrt000d,560,8711,2040,0,0,0,1
hrt000d,561,23267,1603,0,0,0,1
hrt000d,562,27823,2411,0,0,0,1
hrt000d,563,8351,1128,0,0,0,1
hrt000d,564,16550,1643,0,0,0,1
hrt000d,565,11270,1187,0,0,0,1
hrt000d,566,11559,662,0,0,0,1
hrt000d,567,18896,3185,0,0,0,1
hrt000d,568,15641,2607,0,0,0,1
hrt000d,569,13574,1059,0,0,0,1
hrt000d,570,11232,2598,0,0,0,1
hrt000d,571,23613,1096,0,0,0,1
hrt000d,572,23975,2441,0,0,0,1
hrt000d,573,11711,3032,0,0,0,1
hrt000d,574,10911,1021,0,0,0,1
hrt000d,575,15345,1786,0,0,0,1
hrt000d,576,18869,1560,0,0,0,1
hrt000d,577,22055,1220,0,0,0,1
hrt000d,578,17251,1141,0,0,0,1
hrt000d,579,13436,1127,0,0,0,1
hrt000d,580,13035,1614,0,0,0,1
hrt000d,581,11932,1821,0,0,0,1
hrt000d,582,29324,2567,0,0,0,1
hrt000d,583,22523,1546,0,0,0,1
hrt000d,584,11326,882,0,0,0,1
hrt000d,585,12441,1462,0,0,0,1
hrt000d,586,14266,1630,0,0,0,1
hrt000d,587,26884,2996,0,0,0,1
hrt000d,588,13814,749,0,0,0,1
hrt000d,589,13991,644,0,0,0,1
hrt000d,590,13220,1444,0,0,0,1
hrt000d,591,27390,1584,0,0,0,1
hrt000d,592,16480,899,0,0,0,1
hrt000d,593,12443,1903,0,0,0,1
hrt000d,594,31652,2225,0,0,0,1
hrt000d,595,12968,1483,0,0,0,1
hrt000d,596,25651,3399,0,0,0,1
hrt000d,597,26783,1609,0,0,0,1
hrt000d,598,24810,2300,0,0,0,1
hrt000d,599,12799,2678,0,0,0,1
hrt000d,600,11546,1279,0,0,0,1
hrt000d,601,14190,820,0,0,0,1
hrt000d,602,16916,1922,0,0,0,1
hrt000d,603,13542,2949,0,0,0,1
hrt000d,604,10630,1051,0,0,0,1
hrt000d,605,8872,1125,0,0,0,1
hrt000d,606,10135,966,0,0,0,1
hrt000d,607,29634,1980,0,0,0,1
hrt000d,608,12938,2479,0,0,0,1
hrt000d,609,27637,1961,0,0,0,1
hrt000d,610,10729,1171,0,0,0,1
hrt000d,611,20259,797,0,0,0,1
hrt000d,612,25839,3360,0,0,0,1
hrt000d,613,12237,795,0,0,0,1
hrt000d,614,21952,3480,0,0,0,1
hrt000d,615,21564,1606,0,0,0,1
hrt000d,616,35844,2143,0,0,0,1
hrt000d,617,23783,1899,0,0,0,1
hrt000d,618,23101,2280,0,0,0,1
hrt000d,619,20246,2854,0,0,0,1
hrt000d,620,15621,1403,0,0,0,1
hrt000d,621,28519,2829,0,0,0,1
hrt000d,622,29136,1772,0,0,0,1
hrt000d,623,18354,1388,0,0,0,1
hrt000d,624,23934,1586,0,0,0,1
hrt000d,625,12181,767,0,0,0,1
hrt000d,626,14669,947,0,0,0,1
hrt000d,627,21338,2983,0,0,0,1
hrt000d,628,19851,2121,0,0,0,1
hrt000d,629,18858,2322,0,0,0,1
hrt000d,630,16675,1973,0,0,0,1
hrt000d,631,17089,1544,0,0,0,1
hrt000d,632,11780,1321,0,0,0,1
hrt000d,633,25258,2063,0,0,0,1
hrt000d,634,17555,1714,0,0,0,1
hrt000d,635,12205,1827,0,0,0,1
hrt000d,636,9723,2643,0,0,0,1
hrt000d,637,10851,854,0,0,0,1
hrt000d,638,24767,2541,0,0,0,1
hrt000d,639,9603,596,0,0,0,1
hrt000d,640,13316,443,0,0,0,1
hrt000d,641,17990,1282,0,0,0,1
hrt000d,642,10386,1017,0,0,0,1
hrt000d,643,26134,1757,0,0,0,1
hrt000d,644,16651,1540,0,0,0,1
hrt000d,645,18793,3007,0,0,0,1
hrt000d,646,25183,2395,0,0,0,1
hrt000d,647,15008,3224,0,0,0,1
hrt000d,648,23996,2595,0,0,0,1
hrt000d,649,24378,946,0,0,0,1
hrt000d,650,13618,963,0,0,0,1
hrt000d,651,17989,2149,0,0,0,1
hrt000d,652,26797,1603,0,0,0,1
hrt000d,653,29897,1841,0,0,0,1
hrt000d,654,23136,2925,0,0,0,1
hrt000d,655,40812,2844,0,0,0,1
hrt000d,656,23378,1979,0,0,0,1
hrt000d,657,20911,687,0,0,0,1
hrt000d,658,15422,1303,0,0,0,1
hrt000d,659,10849,1579,0,0,0,1
hrt000d,660,11334,1484,0,0,0,1
hrt000d,661,22119,2493,0,0,0,1
hrt000d,662,26212,2647,0,0,0,1
hrt000d,663,9680,1396,0,0,0,1
hrt000d,664,13483,2112,0,0,0,1
hrt000d,665,22423,1163,0,0,0,1
hrt000d,666,12546,1066,0,0,0,1
hrt000d,667,18201,2016,0,0,0,1
hrt000d,668,20884,1564,0,0,0,1
hrt000d,669,26817,2194,0,0,0,1
hrt000d,670,13473,966,0,0,0,1
hrt000d,671,15564,920,0,0,0,1
hrt000d,672,19675,3166,0,0,0,1
hrt000d,673,10352,845,0,0,0,1
hrt000d,674,9518,963,0,0,0,1
hrt000d,675,16676,1663,0,0,0,1
hrt000d,676,11838,1569,0,0,0,1
hrt000d,677,13097,2328,0,0,0,1
hrt000d,678,15234,1416,0,0,0,1
hrt000d,679,11757,884,0,0,0,1
hrt000d,680,16161,889,0,0,0,1
hrt000d,681,25319,1612,0,0,0,1
hrt000d,682,13589,797,0,0,0,1
hrt000d,683,23838,2273,0,0,0,1
hrt000d,684,21533,1435,0,0,0,1
hrt000d,685,15507,3298,0,0,0,1
hrt000d,686,18305,1179,0,0,0,1
hrt000d,687,23565,1279,0,0,0,1
hrt000d,688,21601,3304,0,0,0,1
hrt000d,689,10944,975,0,0,0,1
hrt000d,690,10822,2368,0,0,0,1
hrt000d,691,19021,650,0,0,0,1
hrt000d,692,12953,889,0,0,0,1
hrt000d,693,26550,2754,0,0,0,1
hrt000d,694,16397,1869,0,0,0,1
hrt000d,695,24621,1746,0,0,0,1
hrt000d,696,11605,600,0,0,0,1
hrt000d,697,16442,724,0,0,0,1
hrt000d,698,17107,1413,0,0,0,1
hrt000d,699,22833,3150,0,0,0,1
hrt000d,700,22038,1450,0,0,0,1
hrt000d,701,24357,2041,0,0,0,1
hrt000d,702,26802,1920,0,0,0,1
hrt000d,703,23820,2152,0,0,0,1
hrt000d,704,22929,976,0,0,0,1
hrt000d,705,12735,1676,0,0,0,1
hrt000d,706,19959,3608,0,0,0,1
hrt000d,707,27091,2086,0,0,0,1
hrt000d,708,15397,730,0,0,0,1
hrt000d,709,12398,1779,0,0,0,1
hrt000d,710,12396,1087,0,0,0,1
hrt000d,711,26143,958,0,0,0,1
hrt000d,712,8993,866,0,0,0,1
hrt000d,713,12814,778,0,0,0,1
hrt000d,714,17741,599,0,0,0,1
hrt000d,715,25632,2825,0,0,0,1
hrt000d,716,17555,1537,0,0,0,1
hrt000d,717,19750,1858,0,0,0,1
hrt000d,718,15153,2752,0,0,0,1
hrt000d,719,25816,2269,0,0,0,1
hrt000d,720,11104,1298,0,0,0,1
hrt000d,721,19287,1742,0,0,0,1
hrt000d,722,11601,2484,0,0,0,1
hrt000d,723,13971,3779,0,0,0,1
hrt000d,724,19040,1568,0,0,0,1
hrt000d,725,19735,1009,0,0,0,1
hrt000d,726,9837,1028,0,0,0,1
hrt000d,727,6435,527,0,0,0,1
hrt000d,728,14008,2475,0,0,0,1
hrt000d,729,13434,1858,0,0,0,1
hrt000d,730,12412,1065,0,0,0,1
hrt000d,731,16666,519,0,0,0,1
hrt000d,732,12393,1458,0,0,0,1
hrt000d,733,13643,1782,0,0,0,1
hrt000d,734,23848,1712,0,0,0,1
hrt000d,735,17815,1426,0,0,0,1
hrt000d,736,15003,1158,0,0,0,1
hrt000d,737,11853,1404,0,0,0,1
hrt000d,738,15511,1756,0,0,0,1
hrt000d,739,17206,1053,0,0,0,1
hrt000d,740,14710,2448,0,0,0,1
hrt000d,741,12966,419,0,0,0,1
hrt000d,742,20203,880,0,0,0,1
hrt000d,743,14294,1263,0,0,0,1
hrt000d,744,28478,1906,0,0,0,1
hrt000d,745,10476,765,0,0,0,1
hrt000d,746,11291,810,0,0,0,1
hrt000d,747,13531,1237,0,0,0,1
hrt000d,748,9600,783,0,0,0,1
hrt000d,749,21381,1765,0,0,0,1
hrt000d,750,14694,1620,0,0,0,1
hrt000d,751,14433,2907,0,0,0,1
hrt000d,752,18962,1453,0,0,0,1
hrt000d,753,18519,1186,0,0,0,1
hrt000d,754,14423,923,0,0,0,1
hrt000d,755,16321,1607,0,0,0,1
hrt000d,756,14734,1664,0,0,0,1
hrt000d,757,27288,1023,0,0,0,1
hrt000d,758,13703,1749,0,0,0,1
hrt000d,759,17418,1503,0,0,0,1
hrt000d,760,12247,572,0,0,0,1
hrt000d,761,17463,1892,0,0,0,1
hrt000d,762,17216,1513,0,0,0,1
hrt000d,763,12450,1419,0,0,0,1
hrt000d,764,16318,1331,0,0,0,1
hrt000d,765,20710,1069,0,0,0,1
hrt000d,766,20778,1445,0,0,0,1
hrt000d,767,17437,1206,0,0,0,1
hrt000d,768,15697,901,0,0,0,1
hrt000d,769,18867,1407,0,0,0,1
hrt000d,770,13542,1214,0,0,0,1
hrt000d,771,16924,775,0,0,0,1
hrt000d,772,8952,731,0,0,0,1
hrt000d,773,17401,1248,0,0,0,1
hrt000d,774,13195,656,0,0,0,1
hrt000d,775,14970,685,0,0,0,1
hrt000d,776,9055,762,0,0,0,1
hrt000d,777,15206,1609,0,0,0,1
hrt000d,778,18135,848,0,0,0,1
hrt000d,779,11745,881,0,0,0,1
hrt000d,780,13591,1791,0,0,0,1
hrt000d,781,19356,704,0,0,0,1
hrt000d,782,25609,1649,0,0,0,1
hrt000d,783,15821,3285,0,0,0,1
hrt000d,784,10269,3458,0,0,0,1
hrt000d,785,21334,1010,0,0,0,1
hrt000d,786,16937,807,0,0,0,1
hrt000d,787,12676,2042,0,0,0,1
hrt000d,788,18766,2963,0,0,0,1
hrt000d,789,11363,1501,0,0,0,1
hrt000d,790,16564,1067,0,0,0,1
hrt000d,791,16009,875,0,0,0,1
hrt000d,792,14914,2891,0,0,0,1
hrt000d,793,20036,887,0,0,0,1
hrt000d,794,17561,1046,0,0,0,1
hrt000d,795,24900,2380,0,0,0,1
hrt000d,796,18009,1411,0,0,0,1
hrt000d,797,19123,1962,0,0,0,1
hrt000d,798,12790,1994,0,0,0,1
hrt000d,799,22573,2556,0,0,0,1
hrt000d,800,18716,699,0,0,0,1
hrt000d,801,19428,1769,0,0,0,1
hrt000d,802,15352,1546,0,0,0,1
hrt000d,803,19672,581,0,0,0,1
hrt000d,804,17148,1647,0,0,0,1
hrt000d,805,16822,1728,0,0,0,1
hrt000d,806,16216,1176,0,0,0,1
hrt000d,807,13119,982,0,0,0,1
hrt000d,808,14272,1637,0,0,0,1
hrt000d,809,15940,2328,0,0,0,1
hrt000d,810,13849,2716,0,0,0,1
hrt000d,811,13478,1103,0,0,0,1
hrt000d,812,17166,884,0,0,0,1
hrt000d,813,15029,1246,0,0,0,1
hrt000d,814,24563,1728,0,0,0,1
hrt000d,815,16612,1095,0,0,0,1
hrt000d,816,15203,599,0,0,0,1
hrt000d,817,12933,776,0,0,0,1
hrt000d,818,11027,911,0,0,0,1
hrt000d,819,10863,1198,0,0,0,1
hrt000d,820,15152,1520,0,0,0,1
hrt000d,821,9292,739,0,0,0,1
hrt000d,822,13921,992,0,0,0,1
hrt000d,823,17444,593,0,0,0,1
hrt000d,824,17409,776,0,0,0,1
hrt000d,825,13884,1192,0,0,0,1
hrt000d,826,12644,1589,0,0,0,1
hrt000d,827,13780,803,0,0,0,1
hrt000d,828,12338,1162,0,0,0,1
hrt000d,829,15804,1263,0,0,0,1
hrt000d,830,13952,1485,0,0,0,1
hrt000d,831,12219,973,0,0,0,1
hrt000d,832,14100,947,0,0,0,1
hrt000d,833,7808,1095,0,0,0,1
hrt000d,834,12194,562,0,0,0,1
hrt000d,835,15979,1414,0,0,0,1
hrt000d,836,17961,751,0,0,0,1
hrt000d,837,11436,669,0,0,0,1
hrt000d,838,11352,1837,0,0,0,1
hrt000d,839,8778,562,0,0,0,1
hrt000d,840,17249,778,0,0,0,1
hrt000d,841,8483,368,0,0,0,1
hrt000d,842,14856,1322,0,0,0,1
hrt000d,843,16137,1969,0,0,0,1
hrt000d,844,13506,850,0,0,0,1
hrt000d,845,16369,1561,0,0,0,1
hrt000d,846,20716,836,0,0,0,1
hrt000d,847,15267,1438,0,0,0,1
hrt000d,848,13998,2008,0,0,0,1
hrt000d,849,11428,929,0,0,0,1
hrt000d,850,17124,606,0,0,0,1
hrt000d,851,13238,1235,0,0,0,1
hrt000d,852,17835,1075,0,0,0,1
hrt000d,853,14668,702,0,0,0,1
hrt000d,854,18198,1440,0,0,0,1
hrt000d,855,14874,902,0,0,0,1
hrt000d,856,11849,806,0,0,0,1
hrt000d,857,15455,835,0,0,0,1
hrt000d,858,23918,969,0,0,0,1
hrt000d,859,12615,1184,0,0,0,1
hrt000d,860,14649,899,0,0,0,1
hrt000d,861,12132,1128,0,0,0,1
hrt000d,862,15062,3486,0,0,0,1
hrt000d,863,22986,551,0,0,0,1
hrt000d,864,10187,788,0,0,0,1
hrt000d,865,9325,602,0,0,0,1
hrt000d,866,18841,599,0,0,0,1
hrt000d,867,22211,1033,0,0,0,1
hrt000d,868,14014,1499,0,0,0,1
hrt000d,869,16009,3046,0,0,0,1
hrt000d,870,11589,1118,0,0,0,1
hrt000d,871,18260,904,0,0,0,1
hrt000d,872,17273,1177,0,0,0,1
hrt000d,873,12132,801,0,0,0,1
hrt000d,874,15116,1768,0,0,0,1
hrt000d,875,17730,1181,0,0,0,1
hrt000d,876,24772,1039,0,0,0,1
hrt000d,877,13988,548,0,0,0,1
hrt000d,878,20722,1939,0,0,0,1
hrt000d,879,26558,1052,0,0,0,1
hrt000d,880,22904,796,0,0,0,1
hrt000d,881,17568,508,0,0,0,1
hrt000d,882,13472,453,0,0,0,1
hrt000d,883,27420,1926,0,0,0,1
hrt000d,884,18692,771,0,0,0,1
hrt000d,885,13001,1134,0,0,0,1
hrt000d,886,17538,1034,0,0,0,1
hrt000d,887,13678,2129,0,0,0,1
hrt000d,888,17153,1433,0,0,0,1
hrt000d,889,22562,768,0,0,0,1
hrt000d,890,11723,944,0,0,0,1
hrt000d,891,16796,1775,0,0,0,1
hrt000d,892,12477,887,0,0,0,1
hrt000d,893,22289,598,0,0,0,1
hrt000d,894,20139,1280,0,0,0,1
hrt000d,895,17280,1050,0,0,0,1
hrt000d,896,13075,771,0,0,0,1
hrt000d,897,17135,828,0,0,0,1
hrt000d,898,13770,1013,0,0,0,1
hrt000d,899,11189,537,0,0,0,1
hrt000d,900,21464,1607,0,0,0,1
hrt000d,901,13657,793,0,0,0,1
hrt000d,902,20006,801,0,0,0,1
hrt000d,903,14549,571,0,0,0,1
hrt000d,904,24188,1077,0,0,0,1
hrt000d,905,19076,832,0,0,0,1
hrt000d,906,15584,817,0,0,0,1
hrt000d,907,16983,2701,0,0,0,1
hrt000d,908,22890,906,0,0,0,1
hrt000d,909,17402,1285,0,0,0,1
hrt000d,910,9712,757,0,0,0,1
hrt000d,911,10371,530,0,0,0,1
hrt000d,912,23090,1772,0,0,0,1
hrt000d,913,18913,972,0,0,0,1
hrt000d,914,22927,1927,0,0,0,1
hrt000d,915,16564,1286,0,0,0,1
hrt000d,916,15399,1525,0,0,0,1
hrt000d,917,16560,647,0,0,0,1
hrt000d,918,21873,798,0,0,0,1
hrt000d,919,14102,632,0,0,0,1
hrt000d,920,14821,685,0,0,0,1
hrt000d,921,16965,1346,0,0,0,1
hrt000d,922,12464,944,0,0,0,1
hrt000d,923,17736,680,0,0,0,1
hrt000d,924,14344,567,0,0,0,1
hrt000d,925,16709,445,0,0,0,1
hrt000d,926,12922,562,0,0,0,1
hrt000d,927,13684,600,0,0,0,1
hrt000d,928,22077,530,0,0,0,1
hrt000d,929,18311,806,0,0,0,1
hrt000d,930,27545,1229,0,0,0,1
hrt000d,931,19406,735,0,0,0,1
hrt000d,932,20115,966,0,0,0,1
hrt000d,933,20551,3086,0,0,0,1
hrt000d,934,12832,830,0,0,0,1
hrt000d,935,16553,1255,0,0,0,1
hrt000d,936,10634,549,0,0,0,1
hrt000d,937,16284,2970,0,0,0,1
hrt000d,938,15616,1749,0,0,0,1
hrt000d,939,23357,775,0,0,0,1
hrt000d,940,14660,954,0,0,0,1
hrt000d,941,28211,875,0,0,0,1
hrt000d,942,21607,1218,0,0,0,1
hrt000d,943,20609,1099,0,0,0,1
hrt000d,944,18776,2285,0,0,0,1
hrt000d,945,14841,2130,0,0,0,1
hrt000d,946,14868,904,0,0,0,1
hrt000d,947,21421,709,0,0,0,1
hrt000d,948,18716,1004,0,0,0,1
hrt000d,949,12885,844,0,0,0,1
hrt000d,950,14397,792,0,0,0,1
hrt000d,951,26896,960,0,0,0,1
hrt000d,952,13030,667,0,0,0,1
hrt000d,953,16704,1311,0,0,0,1
hrt000d,954,14107,894,0,0,0,1
hrt000d,955,15231,1808,0,0,0,1
hrt000d,956,11197,673,0,0,0,1
hrt000d,957,9440,565,0,0,0,1
hrt000d,958,17043,870,0,0,0,1
hrt000d,959,29179,827,0,0,0,1
hrt000d,960,17836,1008,0,0,0,1
hrt000d,961,20395,739,0,0,0,1
hrt000d,962,13103,987,0,0,0,1
hrt000d,963,13870,2050,0,0,0,1
hrt000d,964,14515,691,0,0,0,1
hrt000d,965,21604,717,0,0,0,1
hrt000d,966,12673,949,0,0,0,1
hrt000d,967,20333,716,0,0,0,1
hrt000d,968,25739,503,0,0,0,1
hrt000d,969,22324,828,0,0,0,1
hrt000d,970,15285,1223,0,0,0,1
hrt000d,971,28273,645,0,0,0,1
hrt000d,972,14378,967,0,0,0,1
hrt000d,973,11731,633,0,0,0,1
hrt000d,974,19069,1376,0,0,0,1
hrt000d,975,16473,1043,0,0,0,1
hrt000d,976,16481,1091,0,0,0,1
hrt000d,977,16341,623,0,0,0,1
hrt000d,978,16417,662,0,0,0,1
hrt000d,979,18623,796,0,0,0,1
hrt000d,980,17748,2044,0,0,0,1
hrt000d,981,12099,926,0,0,0,1
hrt000d,982,15036,890,0,0,0,1
hrt000d,983,15889,1646,0,0,0,1
hrt000d,984,24893,729,0,0,0,1
hrt000d,985,19902,528,0,0,0,1
hrt000d,986,21861,1202,0,0,0,1
hrt000d,987,12519,1041,0,0,0,1
hrt000d,988,10664,835,0,0,0,1
hrt000d,989,20407,2721,0,0,0,1
hrt000d,990,14792,1008,0,0,0,1
hrt000d,991,23245,1039,0,0,0,1
hrt000d,992,15206,1113,0,0,0,1
hrt000d,993,15187,869,0,0,0,1
hrt000d,994,23018,634,0,0,0,1
hrt000d,995,17553,442,0,0,0,1
hrt000d,996,20468,1013,0,0,0,1
hrt000d,997,19269,1269,0,0,0,1
hrt000d,998,9855,412,0,0,0,1
hrt000d,999,16193,1354,0,0,0,1
hrt000d,1000,15986,1804,0,0,0,1
hrt000d,1001,14173,1625,0,0,0,1
hrt000d,1002,18885,1448,0,0,0,1
hrt000d,1003,12064,763,0,0,0,1
hrt000d,1004,18313,1310,0,0,0,1
hrt000d,1005,20080,1301,0,0,0,1
hrt000d,1006,17324,1516,0,0,0,1
hrt000d,1007,16430,1638,0,0,0,1
hrt000d,1008,9130,765,0,0,0,1
hrt000d,1009,19224,1389,0,0,0,1
hrt000d,1010,26070,774,0,0,0,1
hrt000d,1011,19196,1459,0,0,0,1
hrt000d,1012,15430,625,0,0,0,1
hrt000d,1013,16704,1604,0,0,0,1
hrt000d,1014,15634,1818,0,0,0,1
hrt000d,1015,12607,482,0,0,0,1
hrt000d,1016,24497,612,0,0,0,1
hrt000d,1017,23282,1628,0,0,0,1
hrt000d,1018,17911,921,0,0,0,1
hrt000d,1019,11671,467,0,0,0,1
hrt000d,1020,12919,787,0,0,0,1
hrt000d,1021,11162,480,0,0,0,1
hrt000d,1022,10043,362,0,0,0,1
hrt000d,1023,18382,2050,0,0,0,1
hrt000d,1024,18737,1481,0,0,0,1
hrt000d,1025,25823,545,0,0,0,1
hrt000d,1026,21464,862,0,0,0,1
hrt000d,1027,18083,1337,0,0,0,1
hrt000d,1028,11984,680,0,0,0,1
hrt000d,1029,21030,1305,0,0,0,1
hrt000d,1030,17689,1586,0,0,0,1
hrt000d,1031,18976,849,0,0,0,1
hrt000d,1032,11856,871,0,0,0,1
hrt000d,1033,16775,1674,0,0,0,1
hrt000d,1034,31225,951,0,0,0,1
hrt000d,1035,16992,671,0,0,0,1
hrt000d,1036,17482,1110,0,0,0,1
hrt000d,1037,15522,2728,0,0,0,1
hrt000d,1038,19133,1332,0,0,0,1
hrt000d,1039,23761,875,0,0,0,1
hrt000d,1040,18604,889,0,0,0,1
hrt000d,1041,15312,645,0,0,0,1
hrt000d,1042,11263,541,0,0,0,1
hrt000d,1043,14955,527,0,0,0,1
hrt000d,1044,11612,754,0,0,0,1
hrt000d,1045,16560,965,0,0,0,1
hrt000d,1046,13648,1166,0,0,0,1
hrt000d,1047,12441,825,0,0,0,1
hrt000d,1048,16883,1292,0,0,0,1
hrt000d,1049,13306,1054,0,0,0,1
hrt000d,1050,19943,1665,0,0,0,1
hrt000d,1051,12672,486,0,0,0,1
hrt000d,1052,20826,2265,0,0,0,1
hrt000d,1053,20281,1804,0,0,0,1
hrt000d,1054,17403,1055,0,0,0,1
hrt000d,1055,12152,557,0,0,0,1
hrt000d,1056,11483,882,0,0,0,1
hrt000d,1057,20145,963,0,0,0,1
hrt000d,1058,22031,759,0,0,0,1
hrt000d,1059,17895,1807,0,0,0,1
hrt000d,1060,17831,1402,0,0,0,1
hrt000d,1061,13234,757,0,0,0,1
hrt000d,1062,13307,780,0,0,0,1
hrt000d,1063,10928,710,0,0,0,1
hrt000d,1064,21464,645,0,0,0,1
hrt000d,1065,15743,746,0,0,0,1
hrt000d,1066,16223,796,0,0,0,1
hrt000d,1067,18223,1314,0,0,0,1
hrt000d,1068,14004,984,0,0,0,1
hrt000d,1069,22200,1847,0,0,0,1
hrt000d,1070,17294,876,0,0,0,1
hrt000d,1071,14152,768,0,0,0,1
hrt000d,1072,12587,509,0,0,0,1
hrt000d,1073,27177,644,0,0,0,1
hrt000d,1074,12926,683,0,0,0,1
hrt000d,1075,10565,494,0,0,0,1
hrt000d,1076,27217,1197,0,0,0,1
hrt000d,1077,14674,954,0,0,0,1
hrt000d,1078,9442,473,0,0,0,1
hrt000d,1079,20037,1492,0,0,0,1
hrt000d,1080,17429,778,0,0,0,1
hrt000d,1081,15755,1625,0,0,0,1
hrt000d,1082,21423,523,0,0,0,1
hrt000d,1083,20723,810,0,0,0,1
hrt000d,1084,21163,2388,0,0,0,1
hrt000d,1085,19026,1102,0,0,0,1
hrt000d,1086,15045,897,0,0,0,1
hrt000d,1087,15270,605,0,0,0,1
hrt000d,1088,12774,545,0,0,0,1
hrt000d,1089,23380,663,0,0,0,1
hrt000d,1090,13033,1106,0,0,0,1
hrt000d,1091,19808,1450,0,0,0,1
hrt000d,1092,14127,541,0,0,0,1
hrt000d,1093,10728,443,0,0,0,1
hrt000d,1094,22039,487,0,0,0,1
hrt000d,1095,11505,643,0,0,0,1
hrt000d,1096,21588,508,0,0,0,1
hrt000d,1097,16738,982,0,0,0,1
hrt000d,1098,12719,1083,0,0,0,1
hrt000d,1099,20323,1643,0,0,0,1
hrt000d,1100,12887,645,0,0,0,1
hrt000d,1101,12719,752,0,0,0,1
hrt000d,1102,17887,760,0,0,0,1
hrt000d,1103,20293,1874,0,0,0,1
hrt000d,1104,17216,2485,0,0,0,1
hrt000d,1105,14683,965,0,0,0,1
hrt000d,1106,14596,1101,0,0,0,1
hrt000d,1107,19524,766,0,0,0,1
hrt000d,1108,20423,983,0,0,0,1
hrt000d,1109,25123,516,0,0,0,1
hrt000d,1110,17140,1040,0,0,0,1
hrt000d,1111,13407,522,0,0,0,1
hrt000d,1112,12939,353,0,0,0,1
hrt000d,1113,21925,2568,0,0,0,1
hrt000d,1114,19772,609,0,0,0,1
hrt000d,1115,19309,1114,0,0,0,1
hrt000d,1116,17643,858,0,0,0,1
hrt000d,1117,14620,503,0,0,0,1
hrt000d,1118,19124,2546,0,0,0,1
hrt000d,1119,18203,1306,0,0,0,1
hrt000d,1120,22763,1130,0,0,0,1
hrt000d,1121,14044,608,0,0,0,1
hrt000d,1122,22544,969,0,0,0,1
hrt000d,1123,22795,2762,0,0,0,1
hrt000d,1124,19604,976,0,0,0,1
hrt000d,1125,20438,1044,0,0,0,1
hrt000d,1126,17843,1374,0,0,0,1
hrt000d,1127,24377,1453,0,0,0,1
hrt000d,1128,16080,927,0,0,0,1
hrt000d,1129,24216,779,0,0,0,1
hrt000d,1130,13698,634,0,0,0,1
hrt000d,1131,21834,1157,0,0,0,1
hrt000d,1132,19255,1208,0,0,0,1
hrt000d,1133,12786,514,0,0,0,1
hrt000d,1134,24580,1029,0,0,0,1
hrt000d,1135,16549,922,0,0,0,1
hrt000d,1136,19873,719,0,0,0,1
hrt000d,1137,22543,789,0,0,0,1
hrt000d,1138,23763,613,0,0,0,1
hrt000d,1139,28910,689,0,0,0,1
hrt000d,1140,23456,456,0,0,0,1
hrt000d,1141,20164,610,0,0,0,1
hrt000d,1142,18669,943,0,0,0,1
hrt000d,1143,15343,1009,0,0,0,1
hrt000d,1144,18590,408,0,0,0,1
hrt000d,1145,22339,700,0,0,0,1
hrt000d,1146,18812,2049,0,0,0,1
hrt000d,1147,20477,1607,0,0,0,1
hrt000d,1148,11375,1044,0,0,0,1
hrt000d,1149,11804,1229,0,0,0,1
hrt000d,1150,24318,2179,0,0,0,1
hrt000d,1151,21618,474,0,0,0,1
hrt000d,1152,21127,547,0,0,0,1
hrt000d,1153,15626,1075,0,0,0,1
hrt000d,1154,13797,654,0,0,0,1
hrt000d,1155,14416,613,0,0,0,1
hrt000d,1156,10945,674,0,0,0,1
hrt000d,1157,14951,631,0,0,0,1
hrt000d,1158,13355,1074,0,0,0,1
hrt000d,1159,21115,1520,0,0,0,1
hrt000d,1160,20693,1072,0,0,0,1
hrt000d,1161,23744,2187,0,0,0,1
hrt000d,1162,19627,1012,0,0,0,1
hrt000d,1163,21209,763,0,0,0,1
hrt000d,1164,16205,467,0,0,0,1
hrt000d,1165,12171,666,0,0,0,1
hrt000d,1166,9527,751,0,0,0,1
hrt000d,1167,13714,818,0,0,0,1
hrt000d,1168,19837,1209,0,0,0,1
hrt000d,1169,17309,1442,0,0,0,1
hrt000d,1170,16698,784,0,0,0,1
hrt000d,1171,10531,726,0,0,0,1
hrt000d,1172,19643,1350,0,0,0,1
hrt000d,1173,13879,516,0,0,0,1
hrt000d,1174,22997,1164,0,0,0,1
hrt000d,1175,15102,1008,0,0,0,1
hrt000d,1176,21324,1813,0,0,0,1
hrt000d,1177,22910,850,0,0,0,1
hrt000d,1178,22130,1623,0,0,0,1
hrt000d,1179,22547,1084,0,0,0,1
hrt000d,1180,21481,1830,0,0,0,1
hrt000d,1181,19242,680,0,0,0,1
hrt000d,1182,13828,1399,0,0,0,1
hrt000d,1183,14755,689,0,0,0,1
hrt000d,1184,23690,2007,0,0,0,1
hrt000d,1185,22155,511,0,0,0,1
hrt000d,1186,17918,648,0,0,0,1
hrt000d,1187,21588,1179,0,0,0,1
hrt000d,1188,14867,578,0,0,0,1
hrt000d,1189,24120,423,0,0,0,1
hrt000d,1190,18921,1009,0,0,0,1
hrt000d,1191,12847,916,0,0,0,1
hrt000d,1192,16803,807,0,0,0,1
hrt000d,1193,11885,824,0,0,0,1
hrt000d,1194,21837,2253,0,0,0,1
hrt000d,1195,17345,937,0,0,0,1
hrt000d,1196,17020,598,0,0,0,1
hrt000d,1197,21539,958,0,0,0,1
hrt000d,1198,19274,1387,0,0,0,1
hrt000d,1199,18361,819,0,0,0,1
hrt000d,1200,21099,698,0,0,0,1
hrt000d,1201,21983,3006,0,0,0,1
hrt000d,1202,14480,710,0,0,0,1
hrt000d,1203,15605,741,0,0,0,1
hrt000d,1204,10776,617,0,0,0,1
hrt000d,1205,20735,696,0,0,0,1
hrt000d,1206,26657,1471,0,0,0,1
hrt000d,1207,27441,923,0,0,0,1
hrt000d,1208,26952,667,0,0,0,1
hrt000d,1209,25304,1343,0,0,0,1
hrt000d,1210,22714,755,0,0,0,1
hrt000d,1211,18649,917,0,0,0,1
hrt000d,1212,16596,455,0,0,0,1
hrt000d,1213,15534,549,0,0,0,1
hrt000d,1214,10265,878,0,0,0,1
hrt000d,1215,11250,773,0,0,0,1
hrt000d,1216,23311,2627,0,0,0,1
hrt000d,1217,24511,1318,0,0,0,1
hrt000d,1218,18478,1839,0,0,0,1
hrt000d,1219,15173,1170,0,0,0,1
hrt000d,1220,23298,598,0,0,0,1
hrt000d,1221,25327,944,0,0,0,1
hrt000d,1222,24054,1273,0,0,0,1
hrt000d,1223,25305,1044,0,0,0,1
hrt000d,1224,24509,936,0,0,0,1
hrt000d,1225,20958,925,0,0,0,1
hrt000d,1226,25474,634,0,0,0,1
hrt000d,1227,23523,1215,0,0,0,1
hrt000d,1228,19388,1201,0,0,0,1
hrt000d,1229,15316,766,0,0,0,1
hrt000d,1230,24630,1386,0,0,0,1
hrt000d,1231,20075,2583,0,0,0,1
hrt000d,1232,28924,1414,0,0,0,1
hrt000d,1233,22380,725,0,0,0,1
hrt000d,1234,22077,475,0,0,0,1
hrt000d,1235,22114,623,0,0,0,1
hrt000d,1236,25250,784,0,0,0,1
hrt000d,1237,27385,2530,0,0,0,1
hrt000d,1238,20228,881,0,0,0,1
hrt000d,1239,25810,690,0,0,0,1
hrt000d,1240,25134,852,0,0,0,1
hrt000d,1241,17560,701,0,0,0,1
hrt000d,1242,21879,1730,0,0,0,1
hrt000d,1243,25873,613,0,0,0,1
hrt000d,1244,20918,576,0,0,0,1
hrt000d,1245,22901,910,0,0,0,1
hrt000d,1246,18114,1076,0,0,0,1
hrt000d,1247,18931,1341,0,0,0,1
hrt000d,1248,14219,778,0,0,0,1
hrt000d,1249,15968,1323,0,0,0,1
hrt000d,1250,22696,622,0,0,0,1
hrt000d,1251,23571,1474,0,0,0,1
hrt000d,1252,18999,947,0,0,0,1
hrt000d,1253,19743,788,0,0,0,1
hrt000d,1254,20048,1231,0,0,0,1
hrt000d,1255,21379,1246,0,0,0,1
hrt000d,1256,21388,843,0,0,0,1
hrt000d,1257,14234,415,0,0,0,1
hrt000d,1258,26018,1221,0,0,0,1
hrt000d,1259,14243,1257,0,0,0,1
hrt000d,1260,10463,770,0,0,0,1
hrt000d,1261,12565,611,0,0,0,1
hrt000d,1262,27376,959,0,0,0,1
hrt000d,1263,27615,725,0,0,0,1
hrt000d,1264,21329,721,0,0,0,1
hrt000d,1265,17048,519,0,0,0,1
hrt000d,1266,22978,982,0,0,0,1
hrt000d,1267,27950,2197,0,0,0,1
hrt000d,1268,21367,1332,0,0,0,1
hrt000d,1269,22104,1381,0,0,0,1
hrt000d,1270,24375,1795,0,0,0,1
hrt000d,1271,21659,800,0,0,0,1
hrt000d,1272,19362,530,0,0,0,1
hrt000d,1273,15693,631,0,0,0,1
hrt000d,1274,15834,638,0,0,0,1
hrt000d,1275,15077,623,0,0,0,1
hrt000d,1276,24578,792,0,0,0,1
hrt000d,1277,26383,484,0,0,0,1
hrt000d,1278,14471,748,0,0,0,1
hrt000d,1279,23175,987,0,0,0,1
hrt000d,1280,29197,2601,0,0,0,1
hrt000d,1281,16855,641,0,0,0,1
hrt000d,1282,16332,539,0,0,0,1
hrt000d,1283,29930,809,0,0,0,1
hrt000d,1284,25629,1183,0,0,0,1
hrt000d,1285,29437,497,0,0,0,1
hrt000d,1286,20128,879,0,0,0,1
hrt000d,1287,24580,1222,0,0,0,1
hrt000d,1288,35255,1811,0,0,0,1
hrt000d,1289,21920,798,0,0,0,1
hrt000d,1290,26462,1420,0,0,0,1
hrt000d,1291,19579,919,0,0,0,1
hrt000d,1292,15177,483,0,0,0,1
hrt000d,1293,27000,998,0,0,0,1
hrt000d,1294,26789,782,0,0,0,1
hrt000d,1295,16172,480,0,0,0,1
hrt000d,1296,13425,447,0,0,0,1
hrt000d,1297,25874,954,0,0,0,1
hrt000d,1298,22138,1247,0,0,0,1
hrt000d,1299,23869,662,0,0,0,1
hrt000d,1300,22046,1203,0,0,0,1
hrt000d,1301,16226,520,0,0,0,1
hrt000d,1302,19124,739,0,0,0,1
hrt000d,1303,28502,1171,0,0,0,1
hrt000d,1304,18069,458,0,0,0,1
hrt000d,1305,24421,1601,0,0,0,1
hrt000d,1306,25919,1080,0,0,0,1
hrt000d,1307,25311,431,0,0,0,1
hrt000d,1308,23535,541,0,0,0,1
hrt000d,1309,26907,796,0,0,0,1
hrt000d,1310,29498,878,0,0,0,1
hrt000d,1311,18268,522,0,0,0,1
hrt000d,1312,26917,754,0,0,0,1
hrt000d,1313,22014,1943,0,0,0,1
hrt000d,1314,18163,451,0,0,0,1
hrt000d,1315,11567,425,0,0,0,1
hrt000d,1316,16504,458,0,0,0,1
hrt000d,1317,14797,389,0,0,0,1
hrt000d,1318,12838,355,0,0,0,1
hrt000d,1319,24901,706,0,0,0,1
hrt000d,1320,24065,2001,0,0,0,1
hrt000d,1321,18137,575,0,0,0,1
hrt000d,1322,24543,1262,0,0,0,1
hrt000d,1323,26326,1567,0,0,0,1
hrt000d,1324,29136,2150,0,0,0,1
hrt000d,1325,15803,663,0,0,0,1
hrt000d,1326,24146,728,0,0,0,1
hrt000d,1327,19485,429,0,0,0,1
hrt000d,1328,26510,1032,0,0,0,1
hrt000d,1329,24573,801,0,0,0,1
hrt000d,1330,24302,1072,0,0,0,1
hrt000d,1331,24365,606,0,0,0,1
hrt000d,1332,19217,556,0,0,0,1
hrt000d,1333,28452,957,0,0,0,1
hrt000d,1334,23246,2257,0,0,0,1
hrt000d,1335,22234,824,0,0,0,1
hrt000d,1336,19224,913,0,0,0,1
hrt000d,1337,25570,935,0,0,0,1
hrt000d,1338,21486,1449,0,0,0,1
hrt000d,1339,26170,916,0,0,0,1
hrt000d,1340,19285,983,0,0,0,1
hrt000d,1341,27852,793,0,0,0,1
hrt000d,1342,27109,1038,0,0,0,1
hrt000d,1343,27241,1712,0,0,0,1
hrt000d,1344,18305,1443,0,0,0,1
hrt000d,1345,19507,992,0,0,0,1
hrt000d,1346,29836,1130,0,0,0,1
hrt000d,1347,28147,704,0,0,0,1
hrt000d,1348,30952,627,0,0,0,1
hrt000d,1349,28625,592,0,0,0,1
hrt000d,1350,23719,1079,0,0,0,1
hrt000d,1351,22728,647,0,0,0,1
hrt000d,1352,18273,556,0,0,0,1
hrt000d,1353,18982,504,0,0,0,1
hrt000d,1354,23647,522,0,0,0,1
hrt000d,1355,19842,709,0,0,0,1
hrt000d,1356,23395,1034,0,0,0,1
hrt000d,1357,15862,510,0,0,0,1
hrt000d,1358,30607,840,0,0,0,1
hrt000d,1359,18601,765,0,0,0,1
hrt000d,1360,28478,1593,0,0,0,1
hrt000d,1361,23624,699,0,0,0,1
hrt000d,1362,20610,874,0,0,0,1
hrt000d,1363,28410,931,0,0,0,1
hrt000d,1364,23125,835,0,0,0,1
hrt000d,1365,25740,677,0,0,0,1
hrt000d,1366,20544,800,0,0,0,1
hrt000d,1367,29581,448,0,0,0,1
hrt000d,1368,29858,697,0,0,0,1
hrt000d,1369,22217,612,0,0,0,1
hrt000d,1370,31163,1634,0,0,0,1
hrt000d,1371,33090,602,0,0,0,1
hrt000d,1372,23812,995,0,0,0,1
hrt000d,1373,22752,1278,0,0,0,1
hrt000d,1374,17603,508,0,0,0,1
hrt000d,1375,17318,719,0,0,0,1
hrt000d,1376,15247,419,0,0,0,1
hrt000d,1377,31359,731,0,0,0,1
hrt000d,1378,29066,627,0,0,0,1
hrt000d,1379,28381,933,0,0,0,1
hrt000d,1380,23246,647,0,0,0,1
hrt000d,1381,24021,766,0,0,0,1
hrt000d,1382,26512,1023,0,0,0,1
hrt000d,1383,31512,1349,0,0,0,1
hrt000d,1384,16232,849,0,0,0,1
hrt000d,1385,20124,818,0,0,0,1
hrt000d,1386,18625,526,0,0,0,1
hrt000d,1387,15866,605,0,0,0,1
hrt000d,1388,25439,1165,0,0,0,1
hrt000d,1389,28075,717,0,0,0,1
hrt000d,1390,19434,566,0,0,0,1
hrt000d,1391,19531,787,0,0,0,1
hrt000d,1392,27608,881,0,0,0,1
hrt000d,1393,25407,1573,0,0,0,1
hrt000d,1394,26101,1496,0,0,0,1
hrt000d,1395,31115,1368,0,0,0,1
hrt000d,1396,30165,1220,0,0,0,1
hrt000d,1397,24919,1658,0,0,0,1
hrt000d,1398,23586,914,0,0,0,1
hrt000d,1399,26816,2022,0,0,0,1
hrt000d,1400,22735,839,0,0,0,1
hrt000d,1401,23359,602,0,0,0,1
hrt000d,1402,17811,1107,0,0,0,1
hrt000d,1403,16281,480,0,0,0,1
hrt000d,1404,30753,1072,0,0,0,1
hrt000d,1405,23106,675,0,0,0,1
hrt000d,1406,28351,816,0,0,0,1
hrt000d,1407,24296,683,0,0,0,1
hrt000d,1408,20051,681,0,0,0,1
hrt000d,1409,27888,791,0,0,0,1
hrt000d,1410,22067,804,0,0,0,1
hrt000d,1411,22012,567,0,0,0,1
hrt000d,1412,27398,787,0,0,0,1
hrt000d,1413,26968,1224,0,0,0,1
hrt000d,1414,23111,755,0,0,0,1
hrt000d,1415,23533,547,0,0,0,1
hrt000d,1416,18944,600,0,0,0,1
hrt000d,1417,18453,759,0,0,0,1
hrt000d,1418,31392,1223,0,0,0,1
hrt000d,1419,24005,1007,0,0,0,1
hrt000d,1420,15344,915,0,0,0,1
hrt000d,1421,31185,728,0,0,0,1
hrt000d,1422,26561,739,0,0,0,1
hrt000d,1423,29647,1023,0,0,0,1
hrt000d,1424,23790,1092,0,0,0,1
hrt000d,1425,29261,2159,0,0,0,1
hrt000d,1426,24344,934,0,0,0,1
hrt000d,1427,21682,709,0,0,0,1
hrt000d,1428,20677,1954,0,0,0,1
hrt000d,1429,28209,1540,0,0,0,1
hrt000d,1430,25559,840,0,0,0,1
hrt000d,1431,29976,806,0,0,0,1
hrt000d,1432,23917,1222,0,0,0,1
hrt000d,1433,25313,946,0,0,0,1
hrt000d,1434,34846,554,0,0,0,1
hrt000d,1435,31172,763,0,0,0,1
hrt000d,1436,22844,1045,0,0,0,1
hrt000d,1437,30742,667,0,0,0,1
hrt000d,1438,23391,894,0,0,0,1
hrt000d,1439,30238,1463,0,0,0,1
hrt000d,1440,19850,671,0,0,0,1
hrt000d,1441,27188,710,0,0,0,1
hrt000d,1442,16983,599,0,0,0,1
hrt000d,1443,32402,464,0,0,0,1
hrt000d,1444,24898,947,0,0,0,1
hrt000d,1445,26670,1250,0,0,0,1
hrt000d,1446,23477,866,0,0,0,1
hrt000d,1447,33766,1628,0,0,0,1
hrt000d,1448,25956,1016,0,0,0,1
hrt000d,1449,33265,1350,0,0,0,1
hrt000d,1450,31386,949,0,0,0,1
hrt000d,1451,22434,1304,0,0,0,1
hrt000d,1452,22088,605,0,0,0,1
hrt000d,1453,26036,504,0,0,0,1
hrt000d,1454,26981,668,0,0,0,1
hrt000d,1455,28062,1645,0,0,0,1
hrt000d,1456,22851,760,0,0,0,1
hrt000d,1457,27373,935,0,0,0,1
hrt000d,1458,24853,1013,0,0,0,1
hrt000d,1459,23596,503,0,0,0,1
hrt000d,1460,26866,803,0,0,0,1
hrt000d,1461,22796,942,0,0,0,1
hrt000d,1462,24402,557,0,0,0,1
hrt000d,1463,22927,1474,0,0,0,1
hrt000d,1464,35741,2084,0,0,0,1
hrt000d,1465,27611,1632,0,0,0,1
hrt000d,1466,30407,976,0,0,0,1
hrt000d,1467,31786,815,0,0,0,1
hrt000d,1468,17856,693,0,0,0,1
hrt000d,1469,24029,876,0,0,0,1
hrt000d,1470,25074,549,0,0,0,1
hrt000d,1471,23126,706,0,0,0,1
hrt000d,1472,25007,449,0,0,0,1
hrt000d,1473,38485,2005,0,0,0,1
hrt000d,1474,29248,1205,0,0,0,1
hrt000d,1475,24986,738,0,0,0,1
hrt000d,1476,18413,1782,0,0,0,1
hrt000d,1477,27127,2197,0,0,0,1
hrt000d,1478,24425,544,0,0,0,1
hrt000d,1479,28155,593,0,0,0,1
hrt000d,1480,17640,876,0,0,0,1
hrt000d,1481,27466,1203,0,0,0,1
hrt000d,1482,32397,849,0,0,0,1
hrt000d,1483,21156,1829,0,0,0,1
hrt000d,1484,32373,674,0,0,0,1
hrt000d,1485,22704,874,0,0,0,1
hrt000d,1486,15599,939,0,0,0,1
hrt000d,1487,24429,447,0,0,0,1
hrt000d,1488,26891,1486,0,0,0,1
hrt000d,1489,34239,1251,0,0,0,1
hrt000d,1490,29313,601,0,0,0,1
hrt000d,1491,24704,661,0,0,0,1
hrt000d,1492,21601,684,0,0,0,1
hrt000d,1493,20891,822,0,0,0,1
hrt000d,1494,27420,1556,0,0,0,1
hrt000d,1495,27279,694,0,0,0,1
hrt000d,1496,24647,443,0,0,0,1
hrt000d,1497,26158,1504,0,0,0,1
hrt000d,1498,31254,945,0,0,0,1
hrt000d,1499,30036,695,0,0,0,1
hrt000d,1500,18216,831,0,0,0,1
hrt000d,1501,25069,1063,0,0,0,1
hrt000d,1502,32179,756,0,0,0,1
hrt000d,1503,19935,684,0,0,0,1
hrt000d,1504,27173,1746,0,0,0,1
hrt000d,1505,32309,541,0,0,0,1
hrt000d,1506,25175,766,0,0,0,1
hrt000d,1507,20739,1308,0,0,0,1
hrt000d,1508,22439,1501,0,0,0,1
hrt000d,1509,22918,1093,0,0,0,1
hrt000d,1510,16660,755,0,0,0,1
hrt000d,1511,13631,763,0,0,0,1
hrt000d,1512,29760,1102,0,0,0,1
hrt000d,1513,24102,683,0,0,0,1
hrt000d,1514,25174,2517,0,0,0,1
hrt000d,1515,24659,1263,0,0,0,1
hrt000d,1516,25183,651,0,0,0,1
hrt000d,1517,19822,1442,0,0,0,1
hrt000d,1518,27516,1666,0,0,0,1
hrt000d,1519,27533,736,0,0,0,1
hrt000d,1520,33514,790,0,0,0,1
hrt000d,1521,25101,1089,0,0,0,1
hrt000d,1522,24501,1192,0,0,0,1
hrt000d,1523,22924,1252,0,0,0,1
hrt000d,1524,22859,1198,0,0,0,1
hrt000d,1525,20013,546,0,0,0,1
hrt000d,1526,21797,1147,0,0,0,1
hrt000d,1527,22411,587,0,0,0,1
hrt000d,1528,28174,3880,0,0,0,1
hrt000d,1529,17608,3491,0,0,0,1
hrt000d,1530,31228,848,0,0,0,1
hrt000d,1531,16972,687,0,0,0,1
hrt000d,1532,32610,670,0,0,0,1
hrt000d,1533,21125,484,0,0,0,1
hrt000d,1534,19155,754,0,0,0,1
hrt000d,1535,23235,758,0,0,0,1
hrt000d,1536,20049,576,0,0,0,1
hrt000d,1537,27944,837,0,0,0,1
hrt000d,1538,28509,1499,0,0,0,1
hrt000d,1539,24044,3385,0,0,0,1
hrt000d,1540,28311,965,0,0,0,1
hrt000d,1541,24385,618,0,0,0,1
hrt000d,1542,25163,1034,0,0,0,1
hrt000d,1543,25914,1201,0,0,0,1
hrt000d,1544,24576,1414,0,0,0,1
hrt000d,1545,25066,629,0,0,0,1
hrt000d,1546,25757,4575,0,0,0,1
hrt000d,1547,19763,1285,0,0,0,1
hrt000d,1548,25436,1905,0,0,0,1
hrt000d,1549,22726,4111,0,0,0,1
hrt000d,1550,15945,906,0,0,0,1
hrt000d,1551,13142,781,0,0,0,1
hrt000d,1552,11752,756,0,0,0,1
hrt000d,1553,13216,815,0,0,0,1
hrt000d,1554,12421,861,0,0,0,1
hrt000d,1555,12751,1006,0,0,0,1
hrt000d,1556,24673,801,0,0,0,1
hrt000d,1557,22404,2623,0,0,0,1
hrt000d,1558,23489,4107,0,0,0,1
hrt000d,1559,25985,1148,0,0,0,1
hrt000d,1560,16647,831,0,0,0,1
hrt000d,1561,24261,1434,0,0,0,1
hrt000d,1562,17967,1171,0,0,0,1
hrt000d,1563,12189,812,0,0,0,1
hrt000d,1564,17454,1406,0,0,0,1
hrt000d,1565,31659,765,0,0,0,1
hrt000d,1566,24671,552,0,0,0,1
hrt000d,1567,21318,2841,0,0,0,1
hrt000d,1568,18915,2800,0,0,0,1
hrt000d,1569,19121,2268,0,0,0,1
hrt000d,1570,26306,862,0,0,0,1
hrt000d,1571,22140,1452,0,0,0,1
hrt000d,1572,20470,1675,0,0,0,1
hrt000d,1573,20251,1205,0,0,0,1
hrt000d,1574,18294,1095,0,0,0,1
hrt000d,1575,17662,1139,0,0,0,1
hrt000d,1576,24125,835,0,0,0,1
hrt000d,1577,20403,718,0,0,0,1
hrt000d,1578,20656,1377,0,0,0,1
hrt000d,1579,13001,1453,0,0,0,1
hrt000d,1580,23378,1298,0,0,0,1
hrt000d,1581,20471,1028,0,0,0,1
hrt000d,1582,23438,1349,0,0,0,1
hrt000d,1583,19703,610,0,0,0,1
hrt000d,1584,19232,1201,0,0,0,1
hrt000d,1585,23055,1253,0,0,0,1
hrt000d,1586,21956,2341,0,0,0,1
hrt000d,1587,29553,4780,0,0,0,1
hrt000d,1588,31843,3158,0,0,0,1
hrt000d,1589,18831,1693,0,0,0,1
hrt000d,1590,30117,800,0,0,0,1
hrt000d,1591,24185,426,0,0,0,1
hrt000d,1592,20157,401,0,0,0,1
hrt000d,1593,23254,1328,0,0,0,1
hrt000d,1594,24644,1055,0,0,0,1
hrt000d,1595,19730,850,0,0,0,1
hrt000d,1596,22507,2416,0,0,0,1
hrt000d,1597,15635,2820,0,0,0,1
hrt000d,1598,16591,3188,0,0,0,1
hrt000d,1599,13024,2272,0,0,0,1
hrt000d,1600,35526,713,0,0,0,1
hrt000d,1601,22405,708,0,0,0,1
hrt000d,1602,26947,632,0,0,0,1
hrt000d,1603,23631,562,0,0,0,1
hrt000d,1604,24744,3535,0,0,0,1
hrt000d,1605,19880,3103,0,0,0,1
hrt000d,1606,11813,891,0,0,0,1
hrt000d,1607,19425,2081,0,0,0,1
hrt000d,1608,24425,2564,0,0,0,1
hrt000d,1609,15003,3866,0,0,0,1
hrt000d,1610,25972,520,0,0,0,1
hrt000d,1611,23889,982,0,0,0,1
hrt000d,1612,21630,932,0,0,0,1
hrt000d,1613,19275,1082,0,0,0,1
hrt000d,1614,17240,1183,0,0,0,1
hrt000d,1615,24357,569,0,0,0,1
hrt000d,1616,24163,5603,0,0,0,1
hrt000d,1617,19838,1619,0,0,0,1
hrt000d,1618,22521,2100,0,0,0,1
hrt000d,1619,13488,1125,0,0,0,1
hrt000d,1620,16680,626,0,0,0,1
hrt000d,1621,24922,1010,0,0,0,1
hrt000d,1622,20352,732,0,0,0,1
hrt000d,1623,23097,2775,0,0,0,1
hrt000d,1624,16495,3356,0,0,0,1
hrt000d,1625,24783,1093,0,0,0,1
hrt000d,1626,23094,2964,0,0,0,1
hrt000d,1627,21410,2356,0,0,0,1
hrt000d,1628,19936,2371,0,0,0,1
hrt000d,1629,37326,2465,0,0,0,1
hrt000d,1630,17643,2178,0,0,0,1
hrt000d,1631,18962,1894,0,0,0,1
hrt000d,1632,29464,4680,0,0,0,1
hrt000d,1633,19331,517,0,0,0,1
hrt000d,1634,19709,1073,0,0,0,1
hrt000d,1635,20442,1677,0,0,0,1
hrt000d,1636,31159,3602,0,0,0,1
hrt000d,1637,20752,2965,0,0,0,1
hrt000d,1638,25038,1801,0,0,0,1
hrt000d,1639,22664,2838,0,0,0,1
hrt000d,1640,14642,796,0,0,0,1
hrt000d,1641,25635,1088,0,0,0,1
hrt000d,1642,21221,1136,0,0,0,1
hrt000d,1643,24864,771,0,0,0,1
hrt000d,1644,20212,1527,0,0,0,1
hrt000d,1645,20001,2159,0,0,0,1
hrt000d,1646,15029,2249,0,0,0,1
hrt000d,1647,13194,1473,0,0,0,1
hrt000d,1648,31726,1998,0,0,0,1
hrt000d,1649,28894,3739,0,0,0,1
hrt000d,1650,19025,538,0,0,0,1
hrt000d,1651,25451,1501,0,0,0,1
hrt000d,1652,17368,937,0,0,0,1
hrt000d,1653,16079,1360,0,0,0,1
hrt000d,1654,18115,3454,0,0,0,1
hrt000d,1655,25736,1147,0,0,0,1
hrt000d,1656,18935,2034,0,0,0,1
hrt000d,1657,17729,3128,0,0,0,1
hrt000d,1658,13155,1560,0,0,0,1
hrt000d,1659,27081,3522,0,0,0,1
hrt000d,1660,19353,1645,0,0,0,1
hrt000d,1661,27833,3643,0,0,0,1
hrt000d,1662,18955,2569,0,0,0,1
hrt000d,1663,27326,2659,0,0,0,1
hrt000d,1664,17302,2446,0,0,0,1
hrt000d,1665,15423,2674,0,0,0,1
hrt000d,1666,17617,1677,0,0,0,1
hrt000d,1667,21602,3350,0,0,0,1
hrt000d,1668,24431,1773,0,0,0,1
hrt000d,1669,28542,2615,0,0,0,1
hrt000d,1670,27118,1235,0,0,0,1
hrt000d,1671,18325,761,0,0,0,1
hrt000d,1672,15997,1233,0,0,0,1
hrt000d,1673,17190,1337,0,0,0,1
hrt000d,1674,17863,1052,0,0,0,1
hrt000d,1675,19706,1803,0,0,0,1
hrt000d,1676,14559,2444,0,0,0,1
hrt000d,1677,18599,1956,0,0,0,1
hrt000d,1678,14554,1061,0,0,0,1
hrt000d,1679,12752,918,0,0,0,1
hrt000d,1680,14699,665,0,0,0,1
hrt000d,1681,15582,566,0,0,0,1
hrt000d,1682,17765,1073,0,0,0,1
hrt000d,1683,16684,776,0,0,0,1
hrt000d,1684,16600,1455,0,0,0,1
hrt000d,1685,14500,1815,0,0,0,1
hrt000d,1686,18397,3147,0,0,0,1
hrt000d,1687,12484,897,0,0,0,1
hrt000d,1688,24977,1420,0,0,0,1
hrt000d,1689,17407,844,0,0,0,1
hrt000d,1690,30071,2955,0,0,0,1
hrt000d,1691,19209,496,0,0,0,1
hrt000d,1692,31702,2978,0,0,0,1
hrt000d,1693,24228,2523,0,0,0,1
hrt000d,1694,20763,2066,0,0,0,1
hrt000d,1695,14939,869,0,0,0,1
hrt000d,1696,15070,1508,0,0,0,1
hrt000d,1697,18628,1809,0,0,0,1
hrt000d,1698,22817,2681,0,0,0,1
hrt000d,1699,18150,2563,0,0,0,1
hrt000d,1700,14200,1660,0,0,0,1
hrt000d,1701,14000,1593,0,0,0,1
hrt000d,1702,24130,2967,0,0,0,1
hrt000d,1703,18966,2571,0,0,0,1
hrt000d,1704,16926,801,0,0,0,1
hrt000d,1705,20263,1379,0,0,0,1
hrt000d,1706,19117,1285,0,0,0,1
hrt000d,1707,21324,2461,0,0,0,1
hrt000d,1708,19518,1966,0,0,0,1
hrt000d,1709,23132,1657,0,0,0,1
hrt000d,1710,14369,791,0,0,0,1
hrt000d,1711,18246,996,0,0,0,1
hrt000d,1712,15469,1002,0,0,0,1
hrt000d,1713,21684,3119,0,0,0,1
hrt000d,1714,31350,2753,0,0,0,1
hrt000d,1715,22270,2047,0,0,0,1
hrt000d,1716,26970,1827,0,0,0,1
hrt000d,1717,24430,2315,0,0,0,1
hrt000d,1718,27735,2332,0,0,0,1
hrt000d,1719,18640,1885,0,0,0,1
hrt000d,1720,19461,1271,0,0,0,1
hrt000d,1721,26877,1299,0,0,0,1
hrt000d,1722,22276,854,0,0,0,1
hrt000d,1723,20689,2267,0,0,0,1
hrt000d,1724,17461,1905,0,0,0,1
hrt000d,1725,29027,3385,0,0,0,1
hrt000d,1726,24257,2931,0,0,0,1
hrt000d,1727,24688,1806,0,0,0,1
hrt000d,1728,24515,2989,0,0,0,1
hrt000d,1729,22727,3117,0,0,0,1
hrt000d,1730,21277,1293,0,0,0,1
hrt000d,1731,18924,1987,0,0,0,1
hrt000d,1732,19866,2382,0,0,0,1
hrt000d,1733,17670,2978,0,0,0,1
hrt000d,1734,17180,1793,0,0,0,1
hrt000d,1735,16431,2636,0,0,0,1
hrt000d,1736,29634,1242,0,0,0,1
hrt000d,1737,21094,1677,0,0,0,1
hrt000d,1738,24373,1236,0,0,0,1
hrt000d,1739,37121,1456,0,0,0,1
hrt000d,1740,20449,886,0,0,0,1
hrt000d,1741,19977,2501,0,0,0,1
hrt000d,1742,17200,2769,0,0,0,1
hrt000d,1743,15822,2172,0,0,0,1
hrt000d,1744,14966,2549,0,0,0,1
hrt000d,1745,14590,1642,0,0,0,1
hrt000d,1746,14107,777,0,0,0,1
hrt000d,1747,17555,2908,0,0,0,1
hrt000d,1748,16401,1530,0,0,0,1
hrt000d,1749,16193,1253,0,0,0,1
hrt000d,1750,15117,1092,0,0,0,1
hrt000d,1751,16312,857,0,0,0,1
hrt000d,1752,13503,1762,0,0,0,1
hrt000d,1753,15372,2054,0,0,0,1
hrt000d,1754,19405,2062,0,0,0,1
hrt000d,1755,18364,1119,0,0,0,1
hrt000d,1756,31006,1416,0,0,0,1
hrt000d,1757,26340,3182,0,0,0,1
hrt000d,1758,21648,1759,0,0,0,1
hrt000d,1759,20824,967,0,0,0,1
hrt000d,1760,20778,1234,0,0,0,1
hrt000d,1761,15123,1074,0,0,0,1
hrt000d,1762,16321,2777,0,0,0,1
hrt000d,1763,17492,2342,0,0,0,1
hrt000d,1764,14326,1973,0,0,0,1
hrt000d,1765,14231,1200,0,0,0,1
hrt000d,1766,18162,1438,0,0,0,1
hrt000d,1767,16462,602,0,0,0,1
hrt000d,1768,13992,600,0,0,0,1
hrt000d,1769,18562,1677,0,0,0,1
hrt000d,1770,21517,1608,0,0,0,1
hrt000d,1771,24214,1671,0,0,0,1
hrt000d,1772,29296,2919,0,0,0,1
hrt000d,1773,27922,2239,0,0,0,1
hrt000d,1774,35059,3520,0,0,0,1
hrt000d,1775,21698,1458,0,0,0,1
hrt000d,1776,15906,2674,0,0,0,1
hrt000d,1777,32695,1280,0,0,0,1
hrt000d,1778,22657,1302,0,0,0,1
hrt000d,1779,18074,2350,0,0,0,1
hrt000d,1780,18741,876,0,0,0,1
hrt000d,1781,17720,2393,0,0,0,1
hrt000d,1782,16445,979,0,0,0,1
hrt000d,1783,17753,2250,0,0,0,1
hrt000d,1784,18694,2505,0,0,0,1
hrt000d,1785,18107,1759,0,0,0,1
hrt000d,1786,27241,2625,0,0,0,1
hrt000d,1787,24670,3040,0,0,0,1
hrt000d,1788,21601,2709,0,0,0,1
hrt000d,1789,22878,2519,0,0,0,1
hrt000d,1790,20771,868,0,0,0,1
hrt000d,1791,17540,1004,0,0,0,1
hrt000d,1792,20575,2028,0,0,0,1
hrt000d,1793,21512,1688,0,0,0,1
hrt000d,1794,18614,897,0,0,0,1
hrt000d,1795,20647,1759,0,0,0,1
hrt000d,1796,15890,2494,0,0,0,1
hrt000d,1797,19926,1110,0,0,0,1
hrt000d,1798,20081,2070,0,0,0,1
hrt000d,1799,18089,1817,0,0,0,1
hrt000d,1800,20572,1797,0,0,0,1
hrt000d,1801,22669,3295,0,0,0,1
hrt000d,1802,19073,1060,0,0,0,1
hrt000d,1803,19227,1737,0,0,0,1
hrt000d,1804,17111,1197,0,0,0,1
hrt000d,1805,15125,802,0,0,0,1
hrt000d,1806,22193,2310,0,0,0,1
hrt000d,1807,19283,1381,0,0,0,1
hrt000d,1808,20030,2707,0,0,0,1
hrt000d,1809,22424,2759,0,0,0,1
hrt000d,1810,18229,799,0,0,0,1
hrt000d,1811,23120,2695,0,0,0,1
hrt000d,1812,19554,1897,0,0,0,1
hrt000d,1813,18239,1566,0,0,0,1
hrt000d,1814,18873,1840,0,0,0,1
hrt000d,1815,19298,1849,0,0,0,1
hrt000d,1816,20240,1671,0,0,0,1
hrt000d,1817,18592,2355,0,0,0,1
hrt000d,1818,19922,840,0,0,0,1
hrt000d,1819,20782,2723,0,0,0,1
hrt000d,1820,20140,1175,0,0,0,1
hrt000d,1821,18806,2373,0,0,0,1
hrt000d,1822,18966,2245,0,0,0,1
hrt000d,1823,20556,2204,0,0,0,1
hrt000d,1824,15242,916,0,0,0,1
hrt000d,1825,23093,3152,0,0,0,1
hrt000d,1826,40556,1020,0,0,0,1
hrt000d,1827,36847,668,0,0,0,1
hrt000d,1828,28689,2421,0,0,0,1
hrt000d,1829,31393,1436,0,0,0,1
hrt000d,1830,24098,1217,0,0,0,1
hrt000d,1831,19092,1908,0,0,0,1
hrt000d,1832,17992,2284,0,0,0,1
hrt000d,1833,20307,1039,0,0,0,1
hrt000d,1834,21570,1568,0,0,0,1
hrt000d,1835,22010,1883,0,0,0,1
hrt000d,1836,22646,2320,0,0,0,1
hrt000d,1837,20231,2022,0,0,0,1
hrt000d,1838,17056,1112,0,0,0,1
hrt000d,1839,21467,2137,0,0,0,1
hrt000d,1840,18647,1328,0,0,0,1
hrt000d,1841,20192,1303,0,0,0,1
hrt000d,1842,21435,1748,0,0,0,1
hrt000d,1843,17841,978,0,0,0,1
hrt000d,1844,25008,2679,0,0,0,1
hrt000d,1845,23130,2275,0,0,0,1
hrt000d,1846,21352,2440,0,0,0,1
hrt000d,1847,26666,3811,0,0,0,1
hrt000d,1848,33693,784,0,0,0,1
hrt000d,1849,28332,2916,0,0,0,1
hrt000d,1850,20651,595,0,0,0,1
hrt000d,1851,20843,1585,0,0,0,1
hrt000d,1852,20797,1145,0,0,0,1
hrt000d,1853,20196,2191,0,0,0,1
hrt000d,1854,21937,2630,0,0,0,1
hrt000d,1855,22057,2032,0,0,0,1
hrt000d,1856,16915,827,0,0,0,1
hrt000d,1857,24589,1419,0,0,0,1
hrt000d,1858,21438,1719,0,0,0,1
hrt000d,1859,22293,1748,0,0,0,1
hrt000d,1860,22534,1399,0,0,0,1
hrt000d,1861,19626,984,0,0,0,1
hrt000d,1862,22239,1604,0,0,0,1
hrt000d,1863,22163,2768,0,0,0,1
hrt000d,1864,20880,1710,0,0,0,1
hrt000d,1865,21958,1990,0,0,0,1
hrt000d,1866,16194,1218,0,0,0,1
hrt000d,1867,17417,1677,0,0,0,1
hrt000d,1868,17157,1628,0,0,0,1
hrt000d,1869,16482,512,0,0,0,1
hrt000d,1870,19479,482,0,0,0,1
hrt000d,1871,18158,1013,0,0,0,1
hrt000d,1872,21479,1696,0,0,0,1
hrt000d,1873,20203,2913,0,0,0,1
hrt000d,1874,17214,659,0,0,0,1
hrt000d,1875,19635,1158,0,0,0,1
hrt000d,1876,18829,866,0,0,0,1
hrt000d,1877,21274,1871,0,0,0,1
hrt000d,1878,19326,1320,0,0,0,1
hrt000d,1879,24817,2890,0,0,0,1
hrt000d,1880,19743,551,0,0,0,1
hrt000d,1881,17266,722,0,0,0,1
hrt000d,1882,20879,2120,0,0,0,1
hrt000d,1883,18612,1818,0,0,0,1
hrt000d,1884,20147,1484,0,0,0,1
hrt000d,1885,32259,844,0,0,0,1
hrt000d,1886,26925,2476,0,0,0,1
hrt000d,1887,25487,3269,0,0,0,1
hrt000d,1888,26432,2578,0,0,0,1
hrt000d,1889,28399,2705,0,0,0,1
hrt000d,1890,19228,666,0,0,0,1
hrt000d,1891,21789,1080,0,0,0,1
hrt000d,1892,23636,2206,0,0,0,1
hrt000d,1893,21060,2449,0,0,0,1
hrt000d,1894,17761,1661,0,0,0,1
hrt000d,1895,22969,1516,0,0,0,1
hrt000d,1896,21739,1610,0,0,0,1
hrt000d,1897,20039,2144,0,0,0,1
hrt000d,1898,19336,1481,0,0,0,1
hrt000d,1899,17629,1392,0,0,0,1
hrt000d,1900,21624,1722,0,0,0,1
hrt000d,1901,19269,701,0,0,0,1
hrt000d,1902,16755,1123,0,0,0,1
hrt000d,1903,22568,2040,0,0,0,1
hrt000d,1904,31605,817,0,0,0,1
hrt000d,1905,26438,3153,0,0,0,1
hrt000d,1906,27351,3542,0,0,0,1
hrt000d,1907,23234,1873,0,0,0,1
hrt000d,1908,26577,2878,0,0,0,1
hrt000d,1909,34996,1335,0,0,0,1
hrt000d,1910,22549,880,0,0,0,1
hrt000d,1911,20006,1588,0,0,0,1
hrt000d,1912,20939,2300,0,0,0,1
hrt000d,1913,24766,1866,0,0,0,1
hrt000d,1914,21804,2075,0,0,0,1
hrt000d,1915,18207,1908,0,0,0,1
hrt000d,1916,16760,1247,0,0,0,1
hrt000d,1917,22370,2521,0,0,0,1
hrt000d,1918,24593,2693,0,0,0,1
hrt000d,1919,28476,3485,0,0,0,1
hrt000d,1920,22621,1722,0,0,0,1
hrt000d,1921,21996,1729,0,0,0,1
hrt000d,1922,19820,1130,0,0,0,1
hrt000d,1923,16855,850,0,0,0,1
hrt000d,1924,28354,2586,0,0,0,1
hrt000d,1925,26077,2383,0,0,0,1
hrt000d,1926,18251,1625,0,0,0,1
hrt000d,1927,23699,2260,0,0,0,1
hrt000d,1928,27507,1435,0,0,0,1
hrt000d,1929,34109,3764,0,0,0,1
hrt000d,1930,22429,1259,0,0,0,1
hrt000d,1931,23428,1550,0,0,0,1
hrt000d,1932,26004,2327,0,0,0,1
hrt000d,1933,22454,2112,0,0,0,1
hrt000d,1934,33001,1529,0,0,0,1
hrt000d,1935,34854,3576,0,0,0,1
hrt000d,1936,25741,2730,0,0,0,1
hrt000d,1937,31956,1059,0,0,0,1
hrt000d,1938,26406,3332,0,0,0,1
hrt000d,1939,23238,4089,0,0,0,1
hrt000d,1940,22422,2723,0,0,0,1
hrt000d,1941,22299,1836,0,0,0,1
hrt000d,1942,20800,1204,0,0,0,1
hrt000d,1943,22969,2307,0,0,0,1
hrt000d,1944,24530,2467,0,0,0,1
hrt000d,1945,32926,1190,0,0,0,1
hrt000d,1946,24803,1475,0,0,0,1
hrt000d,1947,19791,1460,0,0,0,1
hrt000d,1948,33131,2886,0,0,0,1
hrt000d,1949,32131,3563,0,0,0,1
hrt000d,1950,23294,906,0,0,0,1
hrt000d,1951,22265,1016,0,0,0,1
hrt000d,1952,25872,2096,0,0,0,1
hrt000d,1953,20229,681,0,0,0,1
hrt000d,1954,19482,1548,0,0,0,1
hrt000d,1955,22767,1828,0,0,0,1
hrt000d,1956,19343,925,0,0,0,1
hrt000d,1957,17384,1061,0,0,0,1
hrt000d,1958,18258,1513,0,0,0,1
hrt000d,1959,22639,2334,0,0,0,1
hrt000d,1960,23431,997,0,0,0,1
hrt000d,1961,22788,1035,0,0,0,1
hrt000d,1962,26096,2974,0,0,0,1
hrt000d,1963,21191,2816,0,0,0,1
hrt000d,1964,20046,1994,0,0,0,1
hrt000d,1965,19190,1787,0,0,0,1
hrt000d,1966,22556,1892,0,0,0,1
hrt000d,1967,20384,1116,0,0,0,1
hrt000d,1968,33025,3090,0,0,0,1
hrt000d,1969,30865,2893,0,0,0,1
hrt000d,1970,18965,889,0,0,0,1
hrt000d,1971,20792,1287,0,0,0,1
hrt000d,1972,26591,1679,0,0,0,1
hrt000d,1973,23364,1136,0,0,0,1
hrt000d,1974,22714,1489,0,0,0,1
hrt000d,1975,28247,2693,0,0,0,1
hrt000d,1976,23829,2599,0,0,0,1
hrt000d,1977,31408,2753,0,0,0,1
hrt000d,1978,25347,2592,0,0,0,1
hrt000d,1979,28131,2622,0,0,0,1
hrt000d,1980,25111,956,0,0,0,1
hrt000d,1981,23073,1815,0,0,0,1
hrt000d,1982,18510,1370,0,0,0,1
hrt000d,1983,21278,2078,0,0,0,1
hrt000d,1984,24588,2085,0,0,0,1
hrt000d,1985,23521,1554,0,0,0,1
hrt000d,1986,22480,1166,0,0,0,1
hrt000d,1987,21863,3106,0,0,0,1
hrt000d,1988,32061,3737,0,0,0,1
hrt000d,1989,31335,756,0,0,0,1
hrt000d,1990,23216,1802,0,0,0,1
hrt000d,1991,17706,814,0,0,0,1
hrt000d,1992,25510,1676,0,0,0,1
hrt000d,1993,21721,1139,0,0,0,1
hrt000d,1994,25749,1338,0,0,0,1
hrt000d,1995,21352,1711,0,0,0,1
hrt000d,1996,27493,2237,0,0,0,1
hrt000d,1997,21442,2926,0,0,0,1
hrt000d,1998,25647,3445,0,0,0,1
hrt000d,1999,41733,1296,0,0,0,1
hrt000d,2000,27466,1379,0,0,0,1
hrt000d,2001,25242,2158,0,0,0,1
hrt000d,2002,22724,1149,0,0,0,1
hrt000d,2003,23541,2005,0,0,0,1
hrt000d,2004,29668,2664,0,0,0,1
hrt000d,2005,30651,849,0,0,0,1
hrt000d,2006,26798,1647,0,0,0,1
hrt000d,2007,23809,2856,0,0,0,1
hrt000d,2008,24073,2184,0,0,0,1
hrt000d,2009,23619,2746,0,0,0,1
hrt000d,2010,22200,1463,0,0,0,1
hrt000d,2011,19332,1139,0,0,0,1
hrt000d,2012,22172,2167,0,0,0,1
hrt000d,2013,21360,2529,0,0,0,1
hrt000d,2014,26642,2631,0,0,0,1
hrt000d,2015,20984,2119,0,0,0,1
hrt000d,2016,32046,2896,0,0,0,1
hrt000d,2017,27481,3110,0,0,0,1
hrt000d,2018,21785,1108,0,0,0,1
hrt000d,2019,30386,849,0,0,0,1
hrt000d,2020,27520,744,0,0,0,1
hrt000d,2021,21945,634,0,0,0,1
hrt000d,2022,20137,860,0,0,0,1
hrt000d,2023,17235,1035,0,0,0,1
hrt000d,2024,21504,2468,0,0,0,1
hrt000d,2025,22933,923,0,0,0,1
hrt000d,2026,23885,2872,0,0,0,1
hrt000d,2027,45106,1272,0,0,0,1
hrt000d,2028,38373,671,0,0,0,1
hrt000d,2029,37287,1037,0,0,0,1
hrt000d,2030,28440,1654,0,0,0,1
hrt000d,2031,24610,1945,0,0,0,1
hrt000d,2032,21080,1476,0,0,0,1
hrt000d,2033,30421,2785,0,0,0,1
hrt000d,2034,31872,1202,0,0,0,1
hrt000d,2035,29373,737,0,0,0,1
hrt000d,2036,40904,854,0,0,0,1
hrt000d,2037,40712,547,0,0,0,1
hrt000d,2038,39612,540,0,0,0,1
hrt000d,2039,33158,1043,0,0,0,1
hrt000d,2040,29448,1243,0,0,0,1
hrt000d,2041,22912,1218,0,0,0,1
hrt000d,2042,26074,1827,0,0,0,1
hrt000d,2043,34739,2474,0,0,0,1
hrt000d,2044,31958,2554,0,0,0,1
hrt000d,2045,22224,388,0,0,0,1
hrt000d,2046,31492,795,0,0,0,1
hrt000d,2047,40290,546,0,0,0,1
hrt000d,2048,39937,1240,0,0,0,1
hrt000d,2049,38719,1263,0,0,0,1
hrt000d,2050,28990,2776,0,0,0,1
hrt000d,2051,26759,2318,0,0,0,1
hrt000d,2052,24043,1417,0,0,0,1
hrt000d,2053,25218,2063,0,0,0,1
hrt000d,2054,25107,1742,0,0,0,1
hrt000d,2055,21383,1624,0,0,0,1
hrt000d,2056,30772,633,0,0,0,1
hrt000d,2057,36764,427,0,0,0,1
hrt000d,2058,30264,885,0,0,0,1
hrt000d,2059,33090,664,0,0,0,1
hrt000d,2060,24372,1892,0,0,0,1
hrt000d,2061,19187,1654,0,0,0,1
hrt000d,2062,28677,987,0,0,0,1
hrt000d,2063,22994,613,0,0,0,1
hrt000d,2064,28990,1363,0,0,0,1
hrt000d,2065,30408,1052,0,0,0,1
hrt000d,2066,35512,1404,0,0,0,1
hrt000d,2067,23077,1318,0,0,0,1
hrt000d,2068,42875,1892,0,0,0,1
hrt000d,2069,41320,1019,0,0,0,1
hrt000d,2070,26264,1092,0,0,0,1
hrt000d,2071,26259,1596,0,0,0,1
hrt000d,2072,21315,1612,0,0,0,1
hrt000d,2073,20417,1468,0,0,0,1
hrt000d,2074,25194,1039,0,0,0,1
hrt000d,2075,28899,1783,0,0,0,1
hrt000d,2076,29270,2740,0,0,0,1
hrt000d,2077,23243,2013,0,0,0,1
hrt000d,2078,32943,2894,0,0,0,1
hrt000d,2079,29231,2563,0,0,0,1
hrt000d,2080,24984,1538,0,0,0,1
hrt000d,2081,27420,1701,0,0,0,1
hrt000d,2082,24093,1331,0,0,0,1
hrt000d,2083,27468,2436,0,0,0,1
hrt000d,2084,28417,1934,0,0,0,1
hrt000d,2085,28864,3536,0,0,0,1
hrt000d,2086,28310,1857,0,0,0,1
hrt000d,2087,20969,538,0,0,0,1
hrt000d,2088,38185,749,0,0,0,1
hrt000d,2089,33239,841,0,0,0,1
hrt000d,2090,25539,1881,0,0,0,1
hrt000d,2091,19685,1237,0,0,0,1
hrt000d,2092,29791,1680,0,0,0,1
hrt000d,2093,23134,1961,0,0,0,1
hrt000d,2094,31904,1237,0,0,0,1
hrt000d,2095,30133,2560,0,0,0,1
hrt000d,2096,27064,1421,0,0,0,1
hrt000d,2097,29811,870,0,0,0,1
hrt000d,2098,34865,681,0,0,0,1
hrt000d,2099,23353,671,0,0,0,1
hrt000d,2100,22857,1140,0,0,0,1
hrt000d,2101,21597,1670,0,0,0,1
hrt000d,2102,19786,1171,0,0,0,1
hrt000d,2103,21404,1016,0,0,0,1
hrt000d,2104,35719,2226,0,0,0,1
hrt000d,2105,35359,2496,0,0,0,1
hrt000d,2106,35928,2992,0,0,0,1
hrt000d,2107,36018,4020,0,0,0,1
hrt000d,2108,31729,680,0,0,0,1
hrt000d,2109,30070,1469,0,0,0,1
hrt000d,2110,27424,1641,0,0,0,1
hrt000d,2111,27819,1597,0,0,0,1
hrt000d,2112,31569,2461,0,0,0,1
hrt000d,2113,30957,935,0,0,0,1
hrt000d,2114,37535,3450,0,0,0,1
hrt000d,2115,30256,3134,0,0,0,1
hrt000d,2116,23182,844,0,0,0,1
hrt000d,2117,19003,549,0,0,0,1
hrt000d,2118,30263,1072,0,0,0,1
hrt000d,2119,30007,683,0,0,0,1
hrt000d,2120,26336,704,0,0,0,1
hrt000d,2121,24286,1752,0,0,0,1
hrt000d,2122,27865,2924,0,0,0,1
hrt000d,2123,31756,3004,0,0,0,1
hrt000d,2124,22987,892,0,0,0,1
hrt000d,2125,32999,656,0,0,0,1
hrt000d,2126,41531,782,0,0,0,1
hrt000d,2127,32844,339,0,0,0,1
hrt000d,2128,38392,328,0,0,0,1
hrt000d,2129,40286,371,0,0,0,1
hrt000d,2130,28751,2250,0,0,0,1
hrt000d,2131,22760,1108,0,0,0,1
hrt000d,2132,29125,2320,0,0,0,1
hrt000d,2133,27603,1127,0,0,0,1
hrt000d,2134,28821,2734,0,0,0,1
hrt000d,2135,31913,754,0,0,0,1
hrt000d,2136,29611,1115,0,0,0,1
hrt000d,2137,38574,618,0,0,0,1
hrt000d,2138,31422,1771,0,0,0,1
hrt000d,2139,42722,1056,0,0,0,1
hrt000d,2140,33208,1438,0,0,0,1
hrt000d,2141,26234,1075,0,0,0,1
hrt000d,2142,24861,1656,0,0,0,1
hrt000d,2143,30062,600,0,0,0,1
hrt000d,2144,30115,1195,0,0,0,1
hrt000d,2145,31146,2411,0,0,0,1
