map,scenid,total-src,20move-src,distance,path_size,hLevel,pure
hrt201d,0,264,217,0,0,3,1
hrt201d,1,345,377,0,0,3,1
hrt201d,2,214,196,0,0,3,1
hrt201d,3,327,289,0,0,3,1
hrt201d,4,387,343,0,0,3,1
hrt201d,5,461,376,0,0,3,1
hrt201d,6,248,212,0,0,3,1
hrt201d,7,282,322,0,0,3,1
hrt201d,8,305,226,0,0,3,1
hrt201d,9,344,278,0,0,3,1
hrt201d,10,378,409,0,0,3,1
hrt201d,11,300,332,0,0,3,1
hrt201d,12,305,347,0,0,3,1
hrt201d,13,300,299,0,0,3,1
hrt201d,14,606,523,0,0,3,1
hrt201d,15,280,257,0,0,3,1
hrt201d,16,397,436,0,0,3,1
hrt201d,17,500,365,0,0,3,1
hrt201d,18,404,392,0,0,3,1
hrt201d,19,499,509,0,0,3,1
hrt201d,20,547,543,0,0,3,1
hrt201d,21,636,585,0,0,3,1
hrt201d,22,558,591,0,0,3,1
hrt201d,23,733,621,0,0,3,1
hrt201d,24,487,458,0,0,3,1
hrt201d,25,488,480,0,0,3,1
hrt201d,26,719,615,0,0,3,1
hrt201d,27,713,681,0,0,3,1
hrt201d,28,729,763,0,0,3,1
hrt201d,29,585,587,0,0,3,1
hrt201d,30,736,590,0,0,3,1
hrt201d,31,693,716,0,0,3,1
hrt201d,32,501,518,0,0,3,1
hrt201d,33,471,502,0,0,3,1
hrt201d,34,524,507,0,0,3,1
hrt201d,35,462,472,0,0,3,1
hrt201d,36,593,608,0,0,3,1
hrt201d,37,705,682,0,0,3,1
hrt201d,38,708,579,0,0,3,1
hrt201d,39,581,473,0,0,3,1
hrt201d,40,871,1033,0,0,3,1
hrt201d,41,874,878,0,0,3,1
hrt201d,42,899,831,0,0,3,1
hrt201d,43,1066,969,0,0,3,1
hrt201d,44,911,757,0,0,3,1
hrt201d,45,1481,1143,0,0,3,1
hrt201d,46,1288,1060,0,0,3,1
hrt201d,47,865,751,0,0,3,1
hrt201d,48,1105,976,0,0,3,1
hrt201d,49,1194,975,0,0,3,1
hrt201d,50,1209,1153,0,0,3,1
hrt201d,51,1143,890,0,0,3,1
hrt201d,52,1001,1005,0,0,3,1
hrt201d,53,1122,874,0,0,3,1
hrt201d,54,1177,1164,0,0,3,1
hrt201d,55,506,483,0,0,3,1
hrt201d,56,838,714,0,0,3,1
hrt201d,57,821,793,0,0,3,1
hrt201d,58,1730,1387,0,0,3,1
hrt201d,59,846,830,0,0,3,1
hrt201d,60,1041,1026,0,0,3,1
hrt201d,61,883,643,0,0,3,1
hrt201d,62,1080,855,0,0,3,1
hrt201d,63,1109,805,0,0,3,1
hrt201d,64,879,734,0,0,3,1
hrt201d,65,1065,947,0,0,3,1
hrt201d,66,804,625,0,0,3,1
hrt201d,67,974,790,0,0,3,1
hrt201d,68,725,672,0,0,3,1
hrt201d,69,1107,925,0,0,3,1
hrt201d,70,903,569,0,0,3,1
hrt201d,71,787,422,0,0,3,1
hrt201d,72,1381,915,0,0,3,1
hrt201d,73,1560,916,0,0,3,1
hrt201d,74,814,622,0,0,3,1
hrt201d,75,713,480,0,0,3,1
hrt201d,76,1017,703,0,0,3,1
hrt201d,77,1475,801,0,0,3,1
hrt201d,78,1522,836,0,0,3,1
hrt201d,79,1277,1048,0,0,3,1
hrt201d,80,1027,498,0,0,3,1
hrt201d,81,1031,609,0,0,3,1
hrt201d,82,1423,926,0,0,3,1
hrt201d,83,1124,758,0,0,3,1
hrt201d,84,1542,763,0,0,3,1
hrt201d,85,1286,855,0,0,3,1
hrt201d,86,1944,1317,0,0,3,1
hrt201d,87,1116,556,0,0,3,1
hrt201d,88,2529,1173,0,0,3,1
hrt201d,89,1663,827,0,0,3,1
hrt201d,90,1755,832,0,0,3,1
hrt201d,91,1207,553,0,0,3,1
hrt201d,92,1953,1150,0,0,3,1
hrt201d,93,1843,732,0,0,3,1
hrt201d,94,1662,684,0,0,3,1
hrt201d,95,1592,794,0,0,3,1
hrt201d,96,1494,679,0,0,3,1
hrt201d,97,1998,973,0,0,3,1
hrt201d,98,1500,526,0,0,3,1
hrt201d,99,1359,486,0,0,3,1
hrt201d,100,1113,531,0,0,3,1
hrt201d,101,1138,467,0,0,3,1
hrt201d,102,932,401,0,0,3,1
hrt201d,103,2259,749,0,0,3,1
hrt201d,104,1453,508,0,0,3,1
hrt201d,105,1732,604,0,0,3,1
hrt201d,106,1751,612,0,0,3,1
hrt201d,107,1174,457,0,0,3,1
hrt201d,108,1204,597,0,0,3,1
hrt201d,109,1579,663,0,0,3,1
hrt201d,110,1451,587,0,0,3,1
hrt201d,111,1198,481,0,0,3,1
hrt201d,112,2301,1001,0,0,3,1
hrt201d,113,3183,1029,0,0,3,1
hrt201d,114,1986,862,0,0,3,1
hrt201d,115,1400,561,0,0,3,1
hrt201d,116,2151,752,0,0,3,1
hrt201d,117,1178,476,0,0,3,1
hrt201d,118,1382,628,0,0,3,1
hrt201d,119,2530,1362,0,0,3,1
hrt201d,120,1702,679,0,0,3,1
hrt201d,121,1867,600,0,0,3,1
hrt201d,122,1851,945,0,0,3,1
hrt201d,123,1847,781,0,0,3,1
hrt201d,124,2659,888,0,0,3,1
hrt201d,125,1942,731,0,0,3,1
hrt201d,126,1619,639,0,0,3,1
hrt201d,127,2689,927,0,0,3,1
hrt201d,128,1306,380,0,0,3,1
hrt201d,129,3332,915,0,0,3,1
hrt201d,130,1791,627,0,0,3,1
hrt201d,131,2128,555,0,0,3,1
hrt201d,132,2230,513,0,0,3,1
hrt201d,133,2148,510,0,0,3,1
hrt201d,134,2336,777,0,0,3,1
hrt201d,135,2159,695,0,0,3,1
hrt201d,136,2058,708,0,0,3,1
hrt201d,137,1958,674,0,0,3,1
hrt201d,138,1912,725,0,0,3,1
hrt201d,139,1644,742,0,0,3,1
hrt201d,140,2379,669,0,0,3,1
hrt201d,141,1248,388,0,0,3,1
hrt201d,142,2229,823,0,0,3,1
hrt201d,143,1807,545,0,0,3,1
hrt201d,144,1782,546,0,0,3,1
hrt201d,145,1938,445,0,0,3,1
hrt201d,146,1428,583,0,0,3,1
hrt201d,147,1782,575,0,0,3,1
hrt201d,148,1964,666,0,0,3,1
hrt201d,149,2538,731,0,0,3,1
hrt201d,150,2342,602,0,0,3,1
hrt201d,151,1762,441,0,0,3,1
hrt201d,152,3102,513,0,0,3,1
hrt201d,153,1767,555,0,0,3,1
hrt201d,154,1732,441,0,0,3,1
hrt201d,155,2305,718,0,0,3,1
hrt201d,156,1922,559,0,0,3,1
hrt201d,157,1318,398,0,0,3,1
hrt201d,158,1930,495,0,0,3,1
hrt201d,159,2299,598,0,0,3,1
hrt201d,160,2665,514,0,0,3,1
hrt201d,161,2562,813,0,0,3,1
hrt201d,162,1593,437,0,0,3,1
hrt201d,163,2195,572,0,0,3,1
hrt201d,164,1618,456,0,0,3,1
hrt201d,165,2473,426,0,0,3,1
hrt201d,166,2080,537,0,0,3,1
hrt201d,167,2755,979,0,0,3,1
hrt201d,168,2499,651,0,0,3,1
hrt201d,169,1569,402,0,0,3,1
hrt201d,170,2196,650,0,0,3,1
hrt201d,171,2263,503,0,0,3,1
hrt201d,172,3014,567,0,0,3,1
hrt201d,173,2415,518,0,0,3,1
hrt201d,174,2240,956,0,0,3,1
hrt201d,175,2017,524,0,0,3,1
hrt201d,176,3289,558,0,0,3,1
hrt201d,177,2603,607,0,0,3,1
hrt201d,178,2469,842,0,0,3,1
hrt201d,179,2238,580,0,0,3,1
hrt201d,180,2193,609,0,0,3,1
hrt201d,181,2792,561,0,0,3,1
hrt201d,182,2788,637,0,0,3,1
hrt201d,183,2623,526,0,0,3,1
hrt201d,184,3027,636,0,0,3,1
hrt201d,185,2755,715,0,0,3,1
hrt201d,186,2635,734,0,0,3,1
hrt201d,187,2346,563,0,0,3,1
hrt201d,188,2661,499,0,0,3,1
hrt201d,189,2380,718,0,0,3,1
hrt201d,190,2791,583,0,0,3,1
hrt201d,191,2450,594,0,0,3,1
hrt201d,192,2272,478,0,0,3,1
hrt201d,193,3062,736,0,0,3,1
hrt201d,194,2762,536,0,0,3,1
hrt201d,195,2721,526,0,0,3,1
hrt201d,196,2630,602,0,0,3,1
hrt201d,197,2612,547,0,0,3,1
hrt201d,198,2296,450,0,0,3,1
hrt201d,199,1885,446,0,0,3,1
hrt201d,200,2153,511,0,0,3,1
hrt201d,201,3970,531,0,0,3,1
hrt201d,202,1835,360,0,0,3,1
hrt201d,203,1971,396,0,0,3,1
hrt201d,204,1362,349,0,0,3,1
hrt201d,205,3016,726,0,0,3,1
hrt201d,206,3022,588,0,0,3,1
hrt201d,207,2751,537,0,0,3,1
hrt201d,208,3233,463,0,0,3,1
hrt201d,209,3129,432,0,0,3,1
hrt201d,210,2888,526,0,0,3,1
hrt201d,211,1838,385,0,0,3,1
hrt201d,212,3403,815,0,0,3,1
hrt201d,213,3344,542,0,0,3,1
hrt201d,214,2237,436,0,0,3,1
hrt201d,215,2753,465,0,0,3,1
hrt201d,216,1683,406,0,0,3,1
hrt201d,217,3079,548,0,0,3,1
hrt201d,218,2516,524,0,0,3,1
hrt201d,219,2913,420,0,0,3,1
hrt201d,220,3215,658,0,0,3,1
hrt201d,221,3801,528,0,0,3,1
hrt201d,222,3053,545,0,0,3,1
hrt201d,223,3389,635,0,0,3,1
hrt201d,224,3134,370,0,0,3,1
hrt201d,225,3044,313,0,0,3,1
hrt201d,226,2958,658,0,0,3,1
hrt201d,227,2863,598,0,0,3,1
hrt201d,228,2191,344,0,0,3,1
hrt201d,229,2982,474,0,0,3,1
hrt201d,230,3245,509,0,0,3,1
hrt201d,231,3178,785,0,0,3,1
hrt201d,232,3223,444,0,0,3,1
hrt201d,233,2945,480,0,0,3,1
hrt201d,234,2215,438,0,0,3,1
hrt201d,235,3784,613,0,0,3,1
hrt201d,236,3083,778,0,0,3,1
hrt201d,237,2013,456,0,0,3,1
hrt201d,238,2525,474,0,0,3,1
hrt201d,239,2700,379,0,0,3,1
hrt201d,240,2723,437,0,0,3,1
hrt201d,241,3001,525,0,0,3,1
hrt201d,242,3443,569,0,0,3,1
hrt201d,243,3068,456,0,0,3,1
hrt201d,244,4001,412,0,0,3,1
hrt201d,245,2324,441,0,0,3,1
hrt201d,246,3384,556,0,0,3,1
hrt201d,247,2599,375,0,0,3,1
hrt201d,248,2355,377,0,0,3,1
hrt201d,249,3463,637,0,0,3,1
hrt201d,250,3453,497,0,0,3,1
hrt201d,251,3331,768,0,0,3,1
hrt201d,252,2178,372,0,0,3,1
hrt201d,253,4946,607,0,0,3,1
hrt201d,254,3826,418,0,0,3,1
hrt201d,255,2810,444,0,0,3,1
hrt201d,256,2976,589,0,0,3,1
hrt201d,257,3348,365,0,0,3,1
hrt201d,258,3925,771,0,0,3,1
hrt201d,259,2320,414,0,0,3,1
hrt201d,260,3368,660,0,0,3,1
hrt201d,261,2908,422,0,0,3,1
hrt201d,262,3091,522,0,0,3,1
hrt201d,263,4040,552,0,0,3,1
hrt201d,264,3200,671,0,0,3,1
hrt201d,265,4216,888,0,0,3,1
hrt201d,266,3565,571,0,0,3,1
hrt201d,267,2406,402,0,0,3,1
hrt201d,268,2375,450,0,0,3,1
hrt201d,269,3135,347,0,0,3,1
hrt201d,270,2790,532,0,0,3,1
hrt201d,271,3907,545,0,0,3,1
hrt201d,272,4528,454,0,0,3,1
hrt201d,273,3646,362,0,0,3,1
hrt201d,274,4030,558,0,0,3,1
hrt201d,275,4630,655,0,0,3,1
hrt201d,276,3571,359,0,0,3,1
hrt201d,277,4489,915,0,0,3,1
hrt201d,278,4162,821,0,0,3,1
hrt201d,279,5142,516,0,0,3,1
hrt201d,280,4422,489,0,0,3,1
hrt201d,281,4618,527,0,0,3,1
hrt201d,282,4142,615,0,0,3,1
hrt201d,283,4124,568,0,0,3,1
hrt201d,284,4475,474,0,0,3,1
hrt201d,285,4084,585,0,0,3,1
hrt201d,286,3514,401,0,0,3,1
hrt201d,287,4055,356,0,0,3,1
hrt201d,288,4618,401,0,0,3,1
hrt201d,289,3200,462,0,0,3,1
hrt201d,290,4604,590,0,0,3,1
hrt201d,291,3636,752,0,0,3,1
hrt201d,292,2952,515,0,0,3,1
hrt201d,293,4271,575,0,0,3,1
hrt201d,294,4395,475,0,0,3,1
hrt201d,295,4881,580,0,0,3,1
hrt201d,296,3843,384,0,0,3,1
hrt201d,297,3954,414,0,0,3,1
hrt201d,298,4111,485,0,0,3,1
hrt201d,299,3650,507,0,0,3,1
hrt201d,300,5221,434,0,0,3,1
hrt201d,301,4955,979,0,0,3,1
hrt201d,302,4712,923,0,0,3,1
hrt201d,303,5529,674,0,0,3,1
hrt201d,304,4094,526,0,0,3,1
hrt201d,305,4195,506,0,0,3,1
hrt201d,306,3392,369,0,0,3,1
hrt201d,307,4112,368,0,0,3,1
hrt201d,308,4580,441,0,0,3,1
hrt201d,309,4635,445,0,0,3,1
hrt201d,310,3969,482,0,0,3,1
hrt201d,311,5653,464,0,0,3,1
hrt201d,312,4209,395,0,0,3,1
hrt201d,313,4719,775,0,0,3,1
hrt201d,314,3642,493,0,0,3,1
hrt201d,315,4139,460,0,0,3,1
hrt201d,316,3227,463,0,0,3,1
hrt201d,317,5614,386,0,0,3,1
hrt201d,318,3712,429,0,0,3,1
hrt201d,319,3912,338,0,0,3,1
hrt201d,320,5255,516,0,0,3,1
hrt201d,321,4593,546,0,0,3,1
hrt201d,322,4457,472,0,0,3,1
hrt201d,323,4680,681,0,0,3,1
hrt201d,324,5404,540,0,0,3,1
hrt201d,325,3914,517,0,0,3,1
hrt201d,326,5904,613,0,0,3,1
hrt201d,327,3160,336,0,0,3,1
hrt201d,328,5379,390,0,0,3,1
hrt201d,329,3062,322,0,0,3,1
hrt201d,330,4531,438,0,0,3,1
hrt201d,331,3157,331,0,0,3,1
hrt201d,332,5210,389,0,0,3,1
hrt201d,333,5508,542,0,0,3,1
hrt201d,334,5510,467,0,0,3,1
hrt201d,335,4150,425,0,0,3,1
hrt201d,336,5549,471,0,0,3,1
hrt201d,337,4597,451,0,0,3,1
hrt201d,338,5436,520,0,0,3,1
hrt201d,339,4556,413,0,0,3,1
hrt201d,340,5107,499,0,0,3,1
hrt201d,341,4542,540,0,0,3,1
hrt201d,342,5508,437,0,0,3,1
hrt201d,343,5357,457,0,0,3,1
hrt201d,344,4843,562,0,0,3,1
hrt201d,345,3024,395,0,0,3,1
hrt201d,346,5321,396,0,0,3,1
hrt201d,347,3306,406,0,0,3,1
hrt201d,348,4431,534,0,0,3,1
hrt201d,349,4424,379,0,0,3,1
hrt201d,350,4430,489,0,0,3,1
hrt201d,351,5735,447,0,0,3,1
hrt201d,352,5169,574,0,0,3,1
hrt201d,353,5825,491,0,0,3,1
hrt201d,354,6284,518,0,0,3,1
hrt201d,355,3947,423,0,0,3,1
hrt201d,356,5790,374,0,0,3,1
hrt201d,357,4547,321,0,0,3,1
hrt201d,358,4213,439,0,0,3,1
hrt201d,359,3673,449,0,0,3,1
hrt201d,360,4044,480,0,0,3,1
hrt201d,361,4734,444,0,0,3,1
hrt201d,362,4915,341,0,0,3,1
hrt201d,363,5884,426,0,0,3,1
hrt201d,364,5919,405,0,0,3,1
hrt201d,365,5562,480,0,0,3,1
hrt201d,366,4178,836,0,0,3,1
hrt201d,367,6294,519,0,0,3,1
hrt201d,368,5878,521,0,0,3,1
hrt201d,369,5047,446,0,0,3,1
hrt201d,370,4810,442,0,0,3,1
hrt201d,371,4172,592,0,0,3,1
hrt201d,372,4157,421,0,0,3,1
hrt201d,373,4087,400,0,0,3,1
hrt201d,374,4963,883,0,0,3,1
hrt201d,375,4774,495,0,0,3,1
hrt201d,376,3996,450,0,0,3,1
hrt201d,377,4204,539,0,0,3,1
hrt201d,378,4484,393,0,0,3,1
hrt201d,379,6330,997,0,0,3,1
hrt201d,380,5534,416,0,0,3,1
hrt201d,381,4686,398,0,0,3,1
hrt201d,382,3394,321,0,0,3,1
hrt201d,383,4331,407,0,0,3,1
hrt201d,384,3996,321,0,0,3,1
hrt201d,385,6203,713,0,0,3,1
hrt201d,386,4423,528,0,0,3,1
hrt201d,387,4760,438,0,0,3,1
hrt201d,388,6432,522,0,0,3,1
hrt201d,389,6321,547,0,0,3,1
hrt201d,390,4927,416,0,0,3,1
hrt201d,391,3620,393,0,0,3,1
hrt201d,392,4196,319,0,0,3,1
hrt201d,393,6545,471,0,0,3,1
hrt201d,394,5622,389,0,0,3,1
hrt201d,395,6726,360,0,0,3,1
hrt201d,396,5916,624,0,0,3,1
hrt201d,397,5824,638,0,0,3,1
hrt201d,398,5837,367,0,0,3,1
hrt201d,399,7085,314,0,0,3,1
hrt201d,400,5024,442,0,0,3,1
hrt201d,401,3842,372,0,0,3,1
hrt201d,402,6093,419,0,0,3,1
hrt201d,403,4678,354,0,0,3,1
hrt201d,404,4529,307,0,0,3,1
hrt201d,405,7269,466,0,0,3,1
hrt201d,406,7480,983,0,0,3,1
hrt201d,407,6467,488,0,0,3,1
hrt201d,408,6294,477,0,0,3,1
hrt201d,409,6324,413,0,0,3,1
hrt201d,410,5401,403,0,0,3,1
hrt201d,411,4277,309,0,0,3,1
hrt201d,412,5513,317,0,0,3,1
hrt201d,413,4558,390,0,0,3,1
hrt201d,414,5620,462,0,0,3,1
hrt201d,415,5003,517,0,0,3,1
hrt201d,416,7111,399,0,0,3,1
hrt201d,417,7078,475,0,0,3,1
hrt201d,418,6425,518,0,0,3,1
hrt201d,419,6886,432,0,0,3,1
hrt201d,420,5865,454,0,0,3,1
hrt201d,421,4927,349,0,0,3,1
hrt201d,422,6735,414,0,0,3,1
hrt201d,423,4845,427,0,0,3,1
hrt201d,424,6208,397,0,0,3,1
hrt201d,425,7228,405,0,0,3,1
hrt201d,426,5489,302,0,0,3,1
hrt201d,427,6172,453,0,0,3,1
hrt201d,428,5706,419,0,0,3,1
hrt201d,429,6656,958,0,0,3,1
hrt201d,430,5619,388,0,0,3,1
hrt201d,431,5723,666,0,0,3,1
hrt201d,432,4825,740,0,0,3,1
hrt201d,433,5079,486,0,0,3,1
hrt201d,434,6271,427,0,0,3,1
hrt201d,435,4856,414,0,0,3,1
hrt201d,436,5288,315,0,0,3,1
hrt201d,437,7230,520,0,0,3,1
hrt201d,438,5712,565,0,0,3,1
hrt201d,439,4667,474,0,0,3,1
hrt201d,440,6461,408,0,0,3,1
hrt201d,441,6266,430,0,0,3,1
hrt201d,442,7659,356,0,0,3,1
hrt201d,443,4425,583,0,0,3,1
hrt201d,444,7203,943,0,0,3,1
hrt201d,445,7759,478,0,0,3,1
hrt201d,446,5668,474,0,0,3,1
hrt201d,447,4986,502,0,0,3,1
hrt201d,448,7340,557,0,0,3,1
hrt201d,449,5920,405,0,0,3,1
hrt201d,450,6001,473,0,0,3,1
hrt201d,451,6370,377,0,0,3,1
hrt201d,452,5935,564,0,0,3,1
hrt201d,453,3942,361,0,0,3,1
hrt201d,454,3786,495,0,0,3,1
hrt201d,455,6461,434,0,0,3,1
hrt201d,456,7810,392,0,0,3,1
hrt201d,457,7559,827,0,0,3,1
hrt201d,458,7851,514,0,0,3,1
hrt201d,459,5935,404,0,0,3,1
hrt201d,460,5628,437,0,0,3,1
hrt201d,461,5159,483,0,0,3,1
hrt201d,462,5624,526,0,0,3,1
hrt201d,463,5153,336,0,0,3,1
hrt201d,464,6480,291,0,0,3,1
hrt201d,465,5260,343,0,0,3,1
hrt201d,466,4489,309,0,0,3,1
hrt201d,467,4141,318,0,0,3,1
hrt201d,468,7162,492,0,0,3,1
hrt201d,469,6214,416,0,0,3,1
hrt201d,470,6058,369,0,0,3,1
hrt201d,471,5971,348,0,0,3,1
hrt201d,472,5519,362,0,0,3,1
hrt201d,473,7799,861,0,0,3,1
hrt201d,474,6226,498,0,0,3,1
hrt201d,475,7461,407,0,0,3,1
hrt201d,476,5780,395,0,0,3,1
hrt201d,477,8027,507,0,0,3,1
hrt201d,478,7476,481,0,0,3,1
hrt201d,479,6875,379,0,0,3,1
hrt201d,480,7579,395,0,0,3,1
hrt201d,481,6694,416,0,0,3,1
hrt201d,482,5540,331,0,0,3,1
hrt201d,483,6164,491,0,0,3,1
hrt201d,484,7817,467,0,0,3,1
hrt201d,485,8072,475,0,0,3,1
hrt201d,486,6448,434,0,0,3,1
hrt201d,487,5494,456,0,0,3,1
hrt201d,488,6780,381,0,0,3,1
hrt201d,489,7291,322,0,0,3,1
hrt201d,490,6827,415,0,0,3,1
hrt201d,491,6052,318,0,0,3,1
hrt201d,492,5363,308,0,0,3,1
hrt201d,493,5916,364,0,0,3,1
hrt201d,494,5892,389,0,0,3,1
hrt201d,495,5050,328,0,0,3,1
hrt201d,496,7815,466,0,0,3,1
hrt201d,497,6842,393,0,0,3,1
hrt201d,498,7806,821,0,0,3,1
hrt201d,499,7501,632,0,0,3,1
hrt201d,500,5975,410,0,0,3,1
hrt201d,501,5936,385,0,0,3,1
hrt201d,502,5249,315,0,0,3,1
hrt201d,503,6221,392,0,0,3,1
hrt201d,504,7807,446,0,0,3,1
hrt201d,505,5666,459,0,0,3,1
hrt201d,506,6980,382,0,0,3,1
hrt201d,507,6308,429,0,0,3,1
hrt201d,508,7096,389,0,0,3,1
hrt201d,509,8267,438,0,0,3,1
hrt201d,510,7436,408,0,0,3,1
hrt201d,511,5477,332,0,0,3,1
hrt201d,512,6151,372,0,0,3,1
hrt201d,513,8636,407,0,0,3,1
hrt201d,514,5715,466,0,0,3,1
hrt201d,515,10189,521,0,0,3,1
hrt201d,516,8289,592,0,0,3,1
hrt201d,517,7465,451,0,0,3,1
hrt201d,518,7433,404,0,0,3,1
hrt201d,519,8835,427,0,0,3,1
hrt201d,520,7155,414,0,0,3,1
hrt201d,521,8056,915,0,0,3,1
hrt201d,522,7600,762,0,0,3,1
hrt201d,523,8491,743,0,0,3,1
hrt201d,524,8106,501,0,0,3,1
hrt201d,525,6131,351,0,0,3,1
hrt201d,526,9429,501,0,0,3,1
hrt201d,527,6735,368,0,0,3,1
hrt201d,528,8813,409,0,0,3,1
hrt201d,529,5982,445,0,0,3,1
hrt201d,530,7198,438,0,0,3,1
hrt201d,531,7270,393,0,0,3,1
hrt201d,532,5648,511,0,0,3,1
hrt201d,533,9373,443,0,0,3,1
hrt201d,534,6514,473,0,0,3,1
hrt201d,535,5062,456,0,0,3,1
hrt201d,536,5259,394,0,0,3,1
hrt201d,537,7960,413,0,0,3,1
hrt201d,538,4856,336,0,0,3,1
hrt201d,539,7195,335,0,0,3,1
hrt201d,540,9111,433,0,0,3,1
hrt201d,541,6424,386,0,0,3,1
hrt201d,542,6284,335,0,0,3,1
hrt201d,543,7662,317,0,0,3,1
hrt201d,544,6237,302,0,0,3,1
hrt201d,545,6969,517,0,0,3,1
hrt201d,546,5928,488,0,0,3,1
hrt201d,547,5449,410,0,0,3,1
hrt201d,548,8611,345,0,0,3,1
hrt201d,549,7226,361,0,0,3,1
hrt201d,550,9301,870,0,0,3,1
hrt201d,551,6565,492,0,0,3,1
hrt201d,552,10221,505,0,0,3,1
hrt201d,553,8148,373,0,0,3,1
hrt201d,554,7191,368,0,0,3,1
hrt201d,555,7471,531,0,0,3,1
hrt201d,556,9127,464,0,0,3,1
hrt201d,557,7138,393,0,0,3,1
hrt201d,558,6350,437,0,0,3,1
hrt201d,559,6655,371,0,0,3,1
hrt201d,560,8387,443,0,0,3,1
hrt201d,561,6685,376,0,0,3,1
hrt201d,562,6621,485,0,0,3,1
hrt201d,563,6467,386,0,0,3,1
hrt201d,564,7135,559,0,0,3,1
hrt201d,565,6193,421,0,0,3,1
hrt201d,566,9531,736,0,0,3,1
hrt201d,567,9127,460,0,0,3,1
hrt201d,568,5985,443,0,0,3,1
hrt201d,569,7781,475,0,0,3,1
hrt201d,570,8211,421,0,0,3,1
hrt201d,571,7770,390,0,0,3,1
hrt201d,572,7470,377,0,0,3,1
hrt201d,573,8405,710,0,0,3,1
hrt201d,574,8343,436,0,0,3,1
hrt201d,575,8601,405,0,0,3,1
hrt201d,576,8976,319,0,0,3,1
hrt201d,577,7479,305,0,0,3,1
hrt201d,578,8014,598,0,0,3,1
hrt201d,579,8094,779,0,0,3,1
hrt201d,580,8907,396,0,0,3,1
hrt201d,581,7749,356,0,0,3,1
hrt201d,582,7008,471,0,0,3,1
hrt201d,583,6434,413,0,0,3,1
hrt201d,584,9953,518,0,0,3,1
hrt201d,585,8916,567,0,0,3,1
hrt201d,586,6561,471,0,0,3,1
hrt201d,587,9601,405,0,0,3,1
hrt201d,588,7918,378,0,0,3,1
hrt201d,589,9091,320,0,0,3,1
hrt201d,590,7829,425,0,0,3,1
hrt201d,591,8044,365,0,0,3,1
hrt201d,592,7680,600,0,0,3,1
hrt201d,593,6242,410,0,0,3,1
hrt201d,594,9402,999,0,0,3,1
hrt201d,595,7087,506,0,0,3,1
hrt201d,596,9138,435,0,0,3,1
hrt201d,597,6425,442,0,0,3,1
hrt201d,598,6104,448,0,0,3,1
hrt201d,599,6172,379,0,0,3,1
hrt201d,600,7497,478,0,0,3,1
hrt201d,601,6150,369,0,0,3,1
hrt201d,602,8454,324,0,0,3,1
hrt201d,603,6582,496,0,0,3,1
hrt201d,604,6037,455,0,0,3,1
hrt201d,605,9720,714,0,0,3,1
hrt201d,606,8116,482,0,0,3,1
hrt201d,607,8900,480,0,0,3,1
hrt201d,608,6445,479,0,0,3,1
hrt201d,609,7200,466,0,0,3,1
hrt201d,610,8551,424,0,0,3,1
hrt201d,611,7476,384,0,0,3,1
hrt201d,612,6574,302,0,0,3,1
hrt201d,613,7012,514,0,0,3,1
hrt201d,614,5262,364,0,0,3,1
hrt201d,615,5482,471,0,0,3,1
hrt201d,616,5673,466,0,0,3,1
hrt201d,617,6463,396,0,0,3,1
hrt201d,618,10796,463,0,0,3,1
hrt201d,619,9210,489,0,0,3,1
hrt201d,620,7245,368,0,0,3,1
hrt201d,621,6384,350,0,0,3,1
hrt201d,622,7358,407,0,0,3,1
hrt201d,623,8539,419,0,0,3,1
hrt201d,624,7677,433,0,0,3,1
hrt201d,625,7118,412,0,0,3,1
hrt201d,626,5957,406,0,0,3,1
hrt201d,627,5997,360,0,0,3,1
hrt201d,628,6175,424,0,0,3,1
hrt201d,629,10139,389,0,0,3,1
hrt201d,630,9556,427,0,0,3,1
hrt201d,631,7183,370,0,0,3,1
hrt201d,632,8455,339,0,0,3,1
hrt201d,633,6865,348,0,0,3,1
hrt201d,634,7431,499,0,0,3,1
hrt201d,635,6486,441,0,0,3,1
hrt201d,636,7173,323,0,0,3,1
hrt201d,637,7419,385,0,0,3,1
hrt201d,638,6537,408,0,0,3,1
hrt201d,639,7122,477,0,0,3,1
hrt201d,640,8436,392,0,0,3,1
hrt201d,641,8341,371,0,0,3,1
hrt201d,642,8447,380,0,0,3,1
hrt201d,643,8613,313,0,0,3,1
hrt201d,644,7205,329,0,0,3,1
hrt201d,645,7722,489,0,0,3,1
hrt201d,646,6199,377,0,0,3,1
hrt201d,647,8270,373,0,0,3,1
hrt201d,648,6297,419,0,0,3,1
hrt201d,649,9067,405,0,0,3,1
hrt201d,650,8935,378,0,0,3,1
hrt201d,651,7523,337,0,0,3,1
hrt201d,652,7065,364,0,0,3,1
hrt201d,653,6952,351,0,0,3,1
hrt201d,654,6815,328,0,0,3,1
hrt201d,655,6743,391,0,0,3,1
hrt201d,656,8786,449,0,0,3,1
hrt201d,657,6724,377,0,0,3,1
hrt201d,658,7023,331,0,0,3,1
hrt201d,659,6364,372,0,0,3,1
hrt201d,660,7029,362,0,0,3,1
hrt201d,661,6276,377,0,0,3,1
hrt201d,662,5128,318,0,0,3,1
hrt201d,663,5957,330,0,0,3,1
hrt201d,664,10721,346,0,0,3,1
hrt201d,665,7619,336,0,0,3,1
hrt201d,666,8887,408,0,0,3,1
hrt201d,667,6698,377,0,0,3,1
hrt201d,668,8692,312,0,0,3,1
hrt201d,669,7870,429,0,0,3,1
hrt201d,670,9990,390,0,0,3,1
hrt201d,671,7426,414,0,0,3,1
hrt201d,672,8569,310,0,0,3,1
hrt201d,673,6056,383,0,0,3,1
hrt201d,674,10048,304,0,0,3,1
hrt201d,675,8961,361,0,0,3,1
hrt201d,676,6555,407,0,0,3,1
hrt201d,677,8063,376,0,0,3,1
hrt201d,678,6818,479,0,0,3,1
hrt201d,679,6127,403,0,0,3,1
hrt201d,680,7881,428,0,0,3,1
hrt201d,681,6679,393,0,0,3,1
hrt201d,682,10194,312,0,0,3,1
hrt201d,683,6855,390,0,0,3,1
hrt201d,684,8080,310,0,0,3,1
hrt201d,685,9287,404,0,0,3,1
hrt201d,686,8037,359,0,0,3,1
hrt201d,687,7971,404,0,0,3,1
hrt201d,688,6854,391,0,0,3,1
hrt201d,689,7026,365,0,0,3,1
hrt201d,690,8338,377,0,0,3,1
hrt201d,691,6576,333,0,0,3,1
hrt201d,692,9297,408,0,0,3,1
hrt201d,693,8444,310,0,0,3,1
hrt201d,694,7688,451,0,0,3,1
hrt201d,695,9858,374,0,0,3,1
hrt201d,696,8564,354,0,0,3,1
hrt201d,697,6728,349,0,0,3,1
hrt201d,698,6120,318,0,0,3,1
hrt201d,699,7120,415,0,0,3,1
hrt201d,700,9858,327,0,0,3,1
hrt201d,701,7302,396,0,0,3,1
hrt201d,702,9549,379,0,0,3,1
hrt201d,703,7801,334,0,0,3,1
hrt201d,704,7326,427,0,0,3,1
hrt201d,705,9795,363,0,0,3,1
hrt201d,706,7457,350,0,0,3,1
hrt201d,707,8194,364,0,0,3,1
hrt201d,708,7883,821,0,0,3,1
hrt201d,709,9899,439,0,0,3,1
hrt201d,710,6999,319,0,0,3,1
hrt201d,711,6992,344,0,0,3,1
hrt201d,712,7549,345,0,0,3,1
hrt201d,713,7872,419,0,0,3,1
hrt201d,714,9831,440,0,0,3,1
hrt201d,715,8452,332,0,0,3,1
hrt201d,716,7516,397,0,0,3,1
hrt201d,717,8433,420,0,0,3,1
hrt201d,718,6660,391,0,0,3,1
hrt201d,719,9363,715,0,0,3,1
hrt201d,720,11021,394,0,0,3,1
hrt201d,721,7943,362,0,0,3,1
hrt201d,722,9490,384,0,0,3,1
hrt201d,723,9194,452,0,0,3,1
hrt201d,724,8247,437,0,0,3,1
hrt201d,725,9476,399,0,0,3,1
hrt201d,726,7703,468,0,0,3,1
hrt201d,727,8378,398,0,0,3,1
hrt201d,728,7245,538,0,0,3,1
hrt201d,729,7725,650,0,0,3,1
hrt201d,730,10044,374,0,0,3,1
hrt201d,731,7963,370,0,0,3,1
hrt201d,732,8307,349,0,0,3,1
hrt201d,733,9107,423,0,0,3,1
hrt201d,734,6929,386,0,0,3,1
hrt201d,735,8737,382,0,0,3,1
hrt201d,736,8130,404,0,0,3,1
hrt201d,737,7521,800,0,0,3,1
hrt201d,738,7588,376,0,0,3,1
hrt201d,739,7400,547,0,0,3,1
hrt201d,740,8167,404,0,0,3,1
hrt201d,741,9230,437,0,0,3,1
hrt201d,742,11975,414,0,0,3,1
hrt201d,743,8004,344,0,0,3,1
hrt201d,744,7480,389,0,0,3,1
hrt201d,745,7203,514,0,0,3,1
hrt201d,746,9178,404,0,0,3,1
hrt201d,747,7861,791,0,0,3,1
hrt201d,748,6694,528,0,0,3,1
hrt201d,749,7386,417,0,0,3,1
hrt201d,750,10900,420,0,0,3,1
hrt201d,751,9470,357,0,0,3,1
hrt201d,752,7852,392,0,0,3,1
hrt201d,753,7554,323,0,0,3,1
hrt201d,754,9969,310,0,0,3,1
hrt201d,755,8488,356,0,0,3,1
hrt201d,756,8881,421,0,0,3,1
hrt201d,757,7532,381,0,0,3,1
hrt201d,758,7432,363,0,0,3,1
hrt201d,759,7463,409,0,0,3,1
hrt201d,760,10488,365,0,0,3,1
hrt201d,761,7222,366,0,0,3,1
hrt201d,762,6557,394,0,0,3,1
hrt201d,763,7655,548,0,0,3,1
hrt201d,764,7121,492,0,0,3,1
hrt201d,765,6630,389,0,0,3,1
hrt201d,766,6729,733,0,0,3,1
hrt201d,767,7557,668,0,0,3,1
hrt201d,768,6544,371,0,0,3,1
hrt201d,769,6717,470,0,0,3,1
hrt201d,770,11275,471,0,0,3,1
hrt201d,771,10747,319,0,0,3,1
hrt201d,772,9418,376,0,0,3,1
hrt201d,773,9006,327,0,0,3,1
hrt201d,774,8152,413,0,0,3,1
hrt201d,775,9392,351,0,0,3,1
hrt201d,776,10333,310,0,0,3,1
hrt201d,777,8581,380,0,0,3,1
hrt201d,778,11319,370,0,0,3,1
hrt201d,779,9867,441,0,0,3,1
hrt201d,780,9106,392,0,0,3,1
hrt201d,781,9758,382,0,0,3,1
hrt201d,782,9936,342,0,0,3,1
hrt201d,783,10364,382,0,0,3,1
hrt201d,784,9463,374,0,0,3,1
hrt201d,785,9577,364,0,0,3,1
hrt201d,786,8844,336,0,0,3,1
hrt201d,787,8354,365,0,0,3,1
hrt201d,788,7529,463,0,0,3,1
hrt201d,789,7642,415,0,0,3,1
hrt201d,790,10725,388,0,0,3,1
hrt201d,791,9633,363,0,0,3,1
hrt201d,792,8845,452,0,0,3,1
hrt201d,793,8622,336,0,0,3,1
hrt201d,794,8093,378,0,0,3,1
hrt201d,795,7675,466,0,0,3,1
hrt201d,796,6725,378,0,0,3,1
hrt201d,797,6482,392,0,0,3,1
hrt201d,798,7154,381,0,0,3,1
hrt201d,799,6755,399,0,0,3,1
hrt201d,800,10167,365,0,0,3,1
hrt201d,801,7920,343,0,0,3,1
hrt201d,802,9194,341,0,0,3,1
hrt201d,803,7509,398,0,0,3,1
hrt201d,804,6843,389,0,0,3,1
hrt201d,805,6938,361,0,0,3,1
hrt201d,806,7082,383,0,0,3,1
hrt201d,807,6718,361,0,0,3,1
hrt201d,808,6581,366,0,0,3,1
hrt201d,809,7684,401,0,0,3,1
hrt201d,810,10520,360,0,0,3,1
hrt201d,811,7374,412,0,0,3,1
hrt201d,812,6915,370,0,0,3,1
hrt201d,813,9170,352,0,0,3,1
hrt201d,814,12060,353,0,0,3,1
hrt201d,815,9076,376,0,0,3,1
hrt201d,816,9645,367,0,0,3,1
hrt201d,817,7881,389,0,0,3,1
hrt201d,818,7008,376,0,0,3,1
hrt201d,819,6572,355,0,0,3,1
hrt201d,820,8491,362,0,0,3,1
hrt201d,821,8702,351,0,0,3,1
hrt201d,822,7561,377,0,0,3,1
hrt201d,823,6606,367,0,0,3,1
hrt201d,824,7066,368,0,0,3,1
hrt201d,825,7728,425,0,0,3,1
hrt201d,826,7202,361,0,0,3,1
hrt201d,827,8228,372,0,0,3,1
hrt201d,828,8844,378,0,0,3,1
hrt201d,829,7346,368,0,0,3,1
hrt201d,830,7704,344,0,0,3,1
hrt201d,831,8548,346,0,0,3,1
hrt201d,832,7518,325,0,0,3,1
hrt201d,833,7102,385,0,0,3,1
hrt201d,834,7870,419,0,0,3,1
hrt201d,835,8149,399,0,0,3,1
hrt201d,836,9696,374,0,0,3,1
hrt201d,837,7416,707,0,0,3,1
hrt201d,838,12174,679,0,0,3,1
hrt201d,839,10030,580,0,0,3,1
hrt201d,840,10250,362,0,0,3,1
hrt201d,841,8151,342,0,0,3,1
hrt201d,842,10533,386,0,0,3,1
hrt201d,843,8802,340,0,0,3,1
hrt201d,844,7377,338,0,0,3,1
hrt201d,845,8944,346,0,0,3,1
hrt201d,846,8333,324,0,0,3,1
hrt201d,847,8569,437,0,0,3,1
hrt201d,848,10586,393,0,0,3,1
hrt201d,849,8130,355,0,0,3,1
hrt201d,850,9504,340,0,0,3,1
hrt201d,851,9656,360,0,0,3,1
hrt201d,852,8599,395,0,0,3,1
hrt201d,853,8812,367,0,0,3,1
hrt201d,854,8098,363,0,0,3,1
hrt201d,855,7622,342,0,0,3,1
hrt201d,856,10999,359,0,0,3,1
hrt201d,857,9063,371,0,0,3,1
hrt201d,858,8704,555,0,0,3,1
hrt201d,859,7319,442,0,0,3,1
hrt201d,860,7979,352,0,0,3,1
hrt201d,861,7410,364,0,0,3,1
hrt201d,862,7253,335,0,0,3,1
hrt201d,863,9810,326,0,0,3,1
hrt201d,864,7371,375,0,0,3,1
hrt201d,865,9816,360,0,0,3,1
hrt201d,866,8209,819,0,0,3,1
hrt201d,867,9011,499,0,0,3,1
hrt201d,868,9127,395,0,0,3,1
hrt201d,869,8406,389,0,0,3,1
hrt201d,870,7511,402,0,0,3,1
hrt201d,871,7530,340,0,0,3,1
hrt201d,872,8004,346,0,0,3,1
hrt201d,873,9142,339,0,0,3,1
hrt201d,874,9494,369,0,0,3,1
hrt201d,875,8447,375,0,0,3,1
hrt201d,876,8428,349,0,0,3,1
hrt201d,877,7341,390,0,0,3,1
hrt201d,878,10248,469,0,0,3,1
hrt201d,879,9259,807,0,0,3,1
hrt201d,880,8421,347,0,0,3,1
hrt201d,881,10194,317,0,0,3,1
hrt201d,882,8199,343,0,0,3,1
hrt201d,883,8647,356,0,0,3,1
hrt201d,884,9506,381,0,0,3,1
hrt201d,885,8116,344,0,0,3,1
hrt201d,886,9558,325,0,0,3,1
hrt201d,887,10226,356,0,0,3,1
hrt201d,888,8463,346,0,0,3,1
hrt201d,889,7656,347,0,0,3,1
hrt201d,890,8767,327,0,0,3,1
hrt201d,891,9673,367,0,0,3,1
hrt201d,892,10011,340,0,0,3,1
hrt201d,893,10050,347,0,0,3,1
hrt201d,894,9265,315,0,0,3,1
hrt201d,895,8106,351,0,0,3,1
hrt201d,896,9738,337,0,0,3,1
hrt201d,897,8842,339,0,0,3,1
hrt201d,898,9057,401,0,0,3,1
hrt201d,899,8649,332,0,0,3,1
hrt201d,900,7847,332,0,0,3,1
hrt201d,901,9150,326,0,0,3,1
hrt201d,902,7962,364,0,0,3,1
hrt201d,903,7330,426,0,0,3,1
hrt201d,904,9450,612,0,0,3,1
hrt201d,905,8876,387,0,0,3,1
hrt201d,906,8356,628,0,0,3,1
hrt201d,907,8223,853,0,0,3,1
hrt201d,908,7688,475,0,0,3,1
hrt201d,909,7731,467,0,0,3,1
hrt201d,910,8041,367,0,0,3,1
hrt201d,911,8160,323,0,0,3,1
hrt201d,912,9801,349,0,0,3,1
hrt201d,913,8299,358,0,0,3,1
hrt201d,914,7649,328,0,0,3,1
hrt201d,915,10342,441,0,0,3,1
hrt201d,916,9029,591,0,0,3,1
hrt201d,917,9147,455,0,0,3,1
hrt201d,918,9008,496,0,0,3,1
hrt201d,919,8826,451,0,0,3,1
hrt201d,920,10504,380,0,0,3,1
hrt201d,921,9281,339,0,0,3,1
hrt201d,922,8563,324,0,0,3,1
hrt201d,923,8053,376,0,0,3,1
hrt201d,924,9885,350,0,0,3,1
hrt201d,925,8488,361,0,0,3,1
hrt201d,926,10437,362,0,0,3,1
hrt201d,927,9706,352,0,0,3,1
hrt201d,928,8131,353,0,0,3,1
hrt201d,929,10036,359,0,0,3,1
hrt201d,930,8852,385,0,0,3,1
hrt201d,931,8609,342,0,0,3,1
hrt201d,932,8408,333,0,0,3,1
hrt201d,933,9980,337,0,0,3,1
hrt201d,934,7940,319,0,0,3,1
hrt201d,935,9097,312,0,0,3,1
hrt201d,936,8172,322,0,0,3,1
hrt201d,937,9008,341,0,0,3,1
hrt201d,938,8509,376,0,0,3,1
hrt201d,939,7789,337,0,0,3,1
hrt201d,940,9625,349,0,0,3,1
hrt201d,941,9256,315,0,0,3,1
hrt201d,942,9970,338,0,0,3,1
hrt201d,943,10325,329,0,0,3,1
hrt201d,944,10252,326,0,0,3,1
hrt201d,945,9210,343,0,0,3,1
hrt201d,946,10022,318,0,0,3,1
hrt201d,947,10363,334,0,0,3,1
hrt201d,948,9335,329,0,0,3,1
hrt201d,949,8557,347,0,0,3,1
hrt201d,950,9583,321,0,0,3,1
hrt201d,951,9024,323,0,0,3,1
hrt201d,952,9989,328,0,0,3,1
hrt201d,953,10227,399,0,0,3,1
hrt201d,954,9513,371,0,0,3,1
hrt201d,955,10140,351,0,0,3,1
hrt201d,956,10187,372,0,0,3,1
hrt201d,957,9723,351,0,0,3,1
hrt201d,958,9182,386,0,0,3,1
hrt201d,959,10840,669,0,0,3,1
hrt201d,960,10264,328,0,0,3,1
hrt201d,961,8912,314,0,0,3,1
hrt201d,962,10755,341,0,0,3,1
hrt201d,963,10558,340,0,0,3,1
hrt201d,964,11044,314,0,0,3,1
hrt201d,965,9657,348,0,0,3,1
hrt201d,966,10708,347,0,0,3,1
hrt201d,967,9588,326,0,0,3,1
hrt201d,968,9492,340,0,0,3,1
hrt201d,969,9445,327,0,0,3,1
hrt201d,970,10151,327,0,0,3,1
hrt201d,971,10456,333,0,0,3,1
hrt201d,972,9369,317,0,0,3,1
hrt201d,973,8838,351,0,0,3,1
hrt201d,974,9800,320,0,0,3,1
hrt201d,975,11417,328,0,0,3,1
hrt201d,976,9364,351,0,0,3,1
hrt201d,977,10026,334,0,0,3,1
hrt201d,978,9842,345,0,0,3,1
hrt201d,979,9115,353,0,0,3,1
hrt201d,980,9766,316,0,0,3,1
hrt201d,981,10029,334,0,0,3,1
hrt201d,982,10704,325,0,0,3,1
hrt201d,983,10014,309,0,0,3,1
hrt201d,984,9872,319,0,0,3,1
hrt201d,985,9697,334,0,0,3,1
hrt201d,986,9738,331,0,0,3,1
hrt201d,987,9507,332,0,0,3,1
hrt201d,988,8973,337,0,0,3,1
hrt201d,989,9832,334,0,0,3,1
hrt201d,990,9064,334,0,0,3,1
hrt201d,991,10482,316,0,0,3,1
hrt201d,992,10867,352,0,0,3,1
hrt201d,993,9720,348,0,0,3,1
hrt201d,994,9687,329,0,0,3,1
hrt201d,995,9341,322,0,0,3,1
hrt201d,996,8403,319,0,0,3,1
hrt201d,997,8409,348,0,0,3,1
hrt201d,998,8528,362,0,0,3,1
hrt201d,999,9840,359,0,0,3,1
hrt201d,1000,11495,347,0,0,3,1
hrt201d,1001,9230,323,0,0,3,1
hrt201d,1002,8514,307,0,0,3,1
hrt201d,1003,9908,363,0,0,3,1
hrt201d,1004,11917,327,0,0,3,1
hrt201d,1005,9414,350,0,0,3,1
hrt201d,1006,11160,359,0,0,3,1
hrt201d,1007,9258,359,0,0,3,1
hrt201d,1008,8453,379,0,0,3,1
hrt201d,1009,11483,462,0,0,3,1
hrt201d,1010,8974,337,0,0,3,1
hrt201d,1011,8532,302,0,0,3,1
hrt201d,1012,9949,327,0,0,3,1
hrt201d,1013,11012,338,0,0,3,1
hrt201d,1014,10102,330,0,0,3,1
hrt201d,1015,10922,773,0,0,3,1
hrt201d,1016,10138,460,0,0,3,1
hrt201d,1017,9685,694,0,0,3,1
hrt201d,1018,9237,433,0,0,3,1
hrt201d,1019,9026,434,0,0,3,1
hrt201d,1020,9982,363,0,0,3,1
hrt201d,1021,9557,345,0,0,3,1
hrt201d,1022,8755,357,0,0,3,1
hrt201d,1023,12364,392,0,0,3,1
hrt201d,1024,10517,420,0,0,3,1
hrt201d,1025,12465,922,0,0,3,1
hrt201d,1026,9896,755,0,0,3,1
hrt201d,1027,10384,819,0,0,3,1
hrt201d,1028,10163,470,0,0,3,1
hrt201d,1029,8948,380,0,0,3,1
hrt201d,1030,9880,379,0,0,3,1
hrt201d,1031,13506,373,0,0,3,1
hrt201d,1032,10919,350,0,0,3,1
hrt201d,1033,10340,383,0,0,3,1
hrt201d,1034,11069,506,0,0,3,1
hrt201d,1035,10068,550,0,0,3,1
hrt201d,1036,9195,456,0,0,3,1
hrt201d,1037,11166,813,0,0,3,1
hrt201d,1038,9116,516,0,0,3,1
hrt201d,1039,12286,655,0,0,3,1
hrt201d,1040,10313,397,0,0,3,1
hrt201d,1041,10246,354,0,0,3,1
hrt201d,1042,9531,330,0,0,3,1
hrt201d,1043,9144,363,0,0,3,1
hrt201d,1044,8727,350,0,0,3,1
hrt201d,1045,8914,332,0,0,3,1
hrt201d,1046,8695,328,0,0,3,1
hrt201d,1047,9865,363,0,0,3,1
hrt201d,1048,11628,524,0,0,3,1
hrt201d,1049,10047,579,0,0,3,1
hrt201d,1050,9500,469,0,0,3,1
hrt201d,1051,9145,396,0,0,3,1
hrt201d,1052,9995,388,0,0,3,1
hrt201d,1053,10196,436,0,0,3,1
hrt201d,1054,9746,438,0,0,3,1
hrt201d,1055,9865,524,0,0,3,1
hrt201d,1056,9315,441,0,0,3,1
hrt201d,1057,9598,431,0,0,3,1
hrt201d,1058,9344,425,0,0,3,1
hrt201d,1059,9396,430,0,0,3,1
hrt201d,1060,10514,366,0,0,3,1
hrt201d,1061,10327,344,0,0,3,1
hrt201d,1062,9490,394,0,0,3,1
hrt201d,1063,12702,376,0,0,3,1
hrt201d,1064,10354,402,0,0,3,1
hrt201d,1065,10272,446,0,0,3,1
hrt201d,1066,9726,475,0,0,3,1
hrt201d,1067,9396,448,0,0,3,1
hrt201d,1068,9613,410,0,0,3,1
hrt201d,1069,9714,429,0,0,3,1
hrt201d,1070,10040,394,0,0,3,1
hrt201d,1071,9566,382,0,0,3,1
hrt201d,1072,9677,426,0,0,3,1
hrt201d,1073,9574,610,0,0,3,1
hrt201d,1074,10091,740,0,0,3,1
hrt201d,1075,9152,495,0,0,3,1
hrt201d,1076,9275,658,0,0,3,1
hrt201d,1077,9395,449,0,0,3,1
hrt201d,1078,9134,446,0,0,3,1
hrt201d,1079,9506,795,0,0,3,1
hrt201d,1080,9893,468,0,0,3,1
hrt201d,1081,9871,429,0,0,3,1
hrt201d,1082,10348,425,0,0,3,1
hrt201d,1083,10095,434,0,0,3,1
hrt201d,1084,9873,477,0,0,3,1
hrt201d,1085,9903,582,0,0,3,1
hrt201d,1086,9418,419,0,0,3,1
