map,scenid,total-src,20move-src,distance,path_size,hLevel,pure
hrt201d,0,179,197,0,0,0,1
hrt201d,1,285,355,0,0,0,1
hrt201d,2,217,228,0,0,0,1
hrt201d,3,269,305,0,0,0,1
hrt201d,4,374,368,0,0,0,1
hrt201d,5,343,326,0,0,0,1
hrt201d,6,216,243,0,0,0,1
hrt201d,7,213,243,0,0,0,1
hrt201d,8,251,211,0,0,0,1
hrt201d,9,294,260,0,0,0,1
hrt201d,10,357,374,0,0,0,1
hrt201d,11,268,326,0,0,0,1
hrt201d,12,418,419,0,0,0,1
hrt201d,13,314,311,0,0,0,1
hrt201d,14,495,503,0,0,0,1
hrt201d,15,227,253,0,0,0,1
hrt201d,16,363,387,0,0,0,1
hrt201d,17,400,368,0,0,0,1
hrt201d,18,335,353,0,0,0,1
hrt201d,19,362,436,0,0,0,1
hrt201d,20,412,455,0,0,0,1
hrt201d,21,617,638,0,0,0,1
hrt201d,22,575,582,0,0,0,1
hrt201d,23,706,729,0,0,0,1
hrt201d,24,505,565,0,0,0,1
hrt201d,25,404,401,0,0,0,1
hrt201d,26,648,544,0,0,0,1
hrt201d,27,657,661,0,0,0,1
hrt201d,28,571,564,0,0,0,1
hrt201d,29,520,537,0,0,0,1
hrt201d,30,648,566,0,0,0,1
hrt201d,31,679,711,0,0,0,1
hrt201d,32,711,656,0,0,0,1
hrt201d,33,604,712,0,0,0,1
hrt201d,34,494,456,0,0,0,1
hrt201d,35,522,502,0,0,0,1
hrt201d,36,648,620,0,0,0,1
hrt201d,37,709,664,0,0,0,1
hrt201d,38,556,533,0,0,0,1
hrt201d,39,588,808,0,0,0,1
hrt201d,40,905,995,0,0,0,1
hrt201d,41,838,877,0,0,0,1
hrt201d,42,773,863,0,0,0,1
hrt201d,43,871,760,0,0,0,1
hrt201d,44,770,635,0,0,0,1
hrt201d,45,1270,1033,0,0,0,1
hrt201d,46,1102,1158,0,0,0,1
hrt201d,47,696,692,0,0,0,1
hrt201d,48,906,888,0,0,0,1
hrt201d,49,953,882,0,0,0,1
hrt201d,50,1106,1174,0,0,0,1
hrt201d,51,1236,1010,0,0,0,1
hrt201d,52,803,801,0,0,0,1
hrt201d,53,1054,937,0,0,0,1
hrt201d,54,1190,1196,0,0,0,1
hrt201d,55,590,549,0,0,0,1
hrt201d,56,788,738,0,0,0,1
hrt201d,57,817,771,0,0,0,1
hrt201d,58,1022,1037,0,0,0,1
hrt201d,59,907,817,0,0,0,1
hrt201d,60,1100,1072,0,0,0,1
hrt201d,61,894,650,0,0,0,1
hrt201d,62,984,715,0,0,0,1
hrt201d,63,1081,765,0,0,0,1
hrt201d,64,901,648,0,0,0,1
hrt201d,65,1170,1084,0,0,0,1
hrt201d,66,1003,724,0,0,0,1
hrt201d,67,801,748,0,0,0,1
hrt201d,68,773,787,0,0,0,1
hrt201d,69,1113,928,0,0,0,1
hrt201d,70,918,638,0,0,0,1
hrt201d,71,760,481,0,0,0,1
hrt201d,72,1404,797,0,0,0,1
hrt201d,73,1492,744,0,0,0,1
hrt201d,74,852,601,0,0,0,1
hrt201d,75,611,451,0,0,0,1
hrt201d,76,1068,821,0,0,0,1
hrt201d,77,1237,881,0,0,0,1
hrt201d,78,1429,743,0,0,0,1
hrt201d,79,1394,894,0,0,0,1
hrt201d,80,1017,525,0,0,0,1
hrt201d,81,1284,846,0,0,0,1
hrt201d,82,1678,1044,0,0,0,1
hrt201d,83,1472,817,0,0,0,1
hrt201d,84,1648,757,0,0,0,1
hrt201d,85,1383,762,0,0,0,1
hrt201d,86,1819,1339,0,0,0,1
hrt201d,87,1185,603,0,0,0,1
hrt201d,88,2841,1212,0,0,0,1
hrt201d,89,2282,856,0,0,0,1
hrt201d,90,2040,819,0,0,0,1
hrt201d,91,1355,869,0,0,0,1
hrt201d,92,1579,1192,0,0,0,1
hrt201d,93,1477,782,0,0,0,1
hrt201d,94,1358,626,0,0,0,1
hrt201d,95,1638,705,0,0,0,1
hrt201d,96,1794,603,0,0,0,1
hrt201d,97,2408,992,0,0,0,1
hrt201d,98,1458,474,0,0,0,1
hrt201d,99,1035,568,0,0,0,1
hrt201d,100,1598,595,0,0,0,1
hrt201d,101,1713,509,0,0,0,1
hrt201d,102,1012,414,0,0,0,1
hrt201d,103,2170,738,0,0,0,1
hrt201d,104,1843,522,0,0,0,1
hrt201d,105,1843,951,0,0,0,1
hrt201d,106,2006,694,0,0,0,1
hrt201d,107,1148,472,0,0,0,1
hrt201d,108,1301,749,0,0,0,1
hrt201d,109,1215,774,0,0,0,1
hrt201d,110,2250,735,0,0,0,1
hrt201d,111,1301,452,0,0,0,1
hrt201d,112,2128,1095,0,0,0,1
hrt201d,113,3331,1058,0,0,0,1
hrt201d,114,1440,750,0,0,0,1
hrt201d,115,1212,492,0,0,0,1
hrt201d,116,2973,679,0,0,0,1
hrt201d,117,1252,535,0,0,0,1
hrt201d,118,1362,549,0,0,0,1
hrt201d,119,2206,1321,0,0,0,1
hrt201d,120,2012,689,0,0,0,1
hrt201d,121,2819,562,0,0,0,1
hrt201d,122,2217,1184,0,0,0,1
hrt201d,123,1938,803,0,0,0,1
hrt201d,124,2122,850,0,0,0,1
hrt201d,125,2190,737,0,0,0,1
hrt201d,126,1822,698,0,0,0,1
hrt201d,127,2713,1017,0,0,0,1
hrt201d,128,1561,476,0,0,0,1
hrt201d,129,3491,864,0,0,0,1
hrt201d,130,1886,613,0,0,0,1
hrt201d,131,2679,575,0,0,0,1
hrt201d,132,2538,546,0,0,0,1
hrt201d,133,2208,514,0,0,0,1
hrt201d,134,2378,1023,0,0,0,1
hrt201d,135,2228,701,0,0,0,1
hrt201d,136,1908,699,0,0,0,1
hrt201d,137,1831,769,0,0,0,1
hrt201d,138,2134,815,0,0,0,1
hrt201d,139,1897,803,0,0,0,1
hrt201d,140,2362,606,0,0,0,1
hrt201d,141,1394,447,0,0,0,1
hrt201d,142,1990,680,0,0,0,1
hrt201d,143,1871,551,0,0,0,1
hrt201d,144,1964,511,0,0,0,1
hrt201d,145,1375,397,0,0,0,1
hrt201d,146,1541,529,0,0,0,1
hrt201d,147,1735,483,0,0,0,1
hrt201d,148,1625,548,0,0,0,1
hrt201d,149,2704,676,0,0,0,1
hrt201d,150,3810,631,0,0,0,1
hrt201d,151,2207,458,0,0,0,1
hrt201d,152,2766,549,0,0,0,1
hrt201d,153,2170,385,0,0,0,1
hrt201d,154,1322,433,0,0,0,1
hrt201d,155,3394,669,0,0,0,1
hrt201d,156,2312,549,0,0,0,1
hrt201d,157,1922,390,0,0,0,1
hrt201d,158,2073,478,0,0,0,1
hrt201d,159,2557,656,0,0,0,1
hrt201d,160,3719,567,0,0,0,1
hrt201d,161,2517,860,0,0,0,1
hrt201d,162,2331,445,0,0,0,1
hrt201d,163,2522,514,0,0,0,1
hrt201d,164,1445,502,0,0,0,1
hrt201d,165,2334,415,0,0,0,1
hrt201d,166,2453,476,0,0,0,1
hrt201d,167,2747,885,0,0,0,1
hrt201d,168,3276,731,0,0,0,1
hrt201d,169,1546,485,0,0,0,1
hrt201d,170,2488,660,0,0,0,1
hrt201d,171,2566,552,0,0,0,1
hrt201d,172,2817,623,0,0,0,1
hrt201d,173,2816,461,0,0,0,1
hrt201d,174,2537,907,0,0,0,1
hrt201d,175,2154,408,0,0,0,1
hrt201d,176,3502,543,0,0,0,1
hrt201d,177,3505,687,0,0,0,1
hrt201d,178,2451,588,0,0,0,1
hrt201d,179,2357,556,0,0,0,1
hrt201d,180,2658,629,0,0,0,1
hrt201d,181,2974,739,0,0,0,1
hrt201d,182,2298,595,0,0,0,1
hrt201d,183,3197,500,0,0,0,1
hrt201d,184,2959,682,0,0,0,1
hrt201d,185,3081,583,0,0,0,1
hrt201d,186,2585,473,0,0,0,1
hrt201d,187,2218,539,0,0,0,1
hrt201d,188,2491,448,0,0,0,1
hrt201d,189,2024,596,0,0,0,1
hrt201d,190,3054,584,0,0,0,1
hrt201d,191,2955,663,0,0,0,1
hrt201d,192,2191,508,0,0,0,1
hrt201d,193,2833,752,0,0,0,1
hrt201d,194,2573,672,0,0,0,1
hrt201d,195,2859,492,0,0,0,1
hrt201d,196,2961,625,0,0,0,1
hrt201d,197,2991,609,0,0,0,1
hrt201d,198,2825,426,0,0,0,1
hrt201d,199,1936,557,0,0,0,1
hrt201d,200,2300,531,0,0,0,1
hrt201d,201,3978,601,0,0,0,1
hrt201d,202,1724,406,0,0,0,1
hrt201d,203,2882,389,0,0,0,1
hrt201d,204,1513,322,0,0,0,1
hrt201d,205,2778,645,0,0,0,1
hrt201d,206,2212,596,0,0,0,1
hrt201d,207,3483,589,0,0,0,1
hrt201d,208,3113,525,0,0,0,1
hrt201d,209,3250,413,0,0,0,1
hrt201d,210,3217,473,0,0,0,1
hrt201d,211,1978,421,0,0,0,1
hrt201d,212,3824,884,0,0,0,1
hrt201d,213,3433,511,0,0,0,1
hrt201d,214,1898,473,0,0,0,1
hrt201d,215,3187,498,0,0,0,1
hrt201d,216,1845,475,0,0,0,1
hrt201d,217,3727,567,0,0,0,1
hrt201d,218,2449,549,0,0,0,1
hrt201d,219,2503,444,0,0,0,1
hrt201d,220,3159,561,0,0,0,1
hrt201d,221,4058,623,0,0,0,1
hrt201d,222,3487,500,0,0,0,1
hrt201d,223,4190,524,0,0,0,1
hrt201d,224,3511,423,0,0,0,1
hrt201d,225,3094,324,0,0,0,1
hrt201d,226,3611,721,0,0,0,1
hrt201d,227,2879,468,0,0,0,1
hrt201d,228,1915,342,0,0,0,1
hrt201d,229,3419,596,0,0,0,1
hrt201d,230,3373,528,0,0,0,1
hrt201d,231,3779,722,0,0,0,1
hrt201d,232,3218,480,0,0,0,1
hrt201d,233,3950,623,0,0,0,1
hrt201d,234,2084,482,0,0,0,1
hrt201d,235,3014,625,0,0,0,1
hrt201d,236,3407,651,0,0,0,1
hrt201d,237,2008,441,0,0,0,1
hrt201d,238,2878,559,0,0,0,1
hrt201d,239,2841,437,0,0,0,1
hrt201d,240,2994,554,0,0,0,1
hrt201d,241,3625,585,0,0,0,1
hrt201d,242,2909,590,0,0,0,1
hrt201d,243,3773,497,0,0,0,1
hrt201d,244,3676,379,0,0,0,1
hrt201d,245,2653,425,0,0,0,1
hrt201d,246,3757,570,0,0,0,1
hrt201d,247,2689,403,0,0,0,1
hrt201d,248,2481,423,0,0,0,1
hrt201d,249,2642,563,0,0,0,1
hrt201d,250,3757,510,0,0,0,1
hrt201d,251,3417,916,0,0,0,1
hrt201d,252,1848,382,0,0,0,1
hrt201d,253,4795,544,0,0,0,1
hrt201d,254,3281,453,0,0,0,1
hrt201d,255,2649,394,0,0,0,1
hrt201d,256,2939,486,0,0,0,1
hrt201d,257,2955,413,0,0,0,1
hrt201d,258,4574,777,0,0,0,1
hrt201d,259,2205,454,0,0,0,1
hrt201d,260,3566,721,0,0,0,1
hrt201d,261,3171,501,0,0,0,1
hrt201d,262,3680,584,0,0,0,1
hrt201d,263,3384,537,0,0,0,1
hrt201d,264,3419,730,0,0,0,1
hrt201d,265,3919,880,0,0,0,1
hrt201d,266,3176,597,0,0,0,1
hrt201d,267,2444,424,0,0,0,1
hrt201d,268,2544,493,0,0,0,1
hrt201d,269,3037,411,0,0,0,1
hrt201d,270,3501,550,0,0,0,1
hrt201d,271,3304,567,0,0,0,1
hrt201d,272,4109,496,0,0,0,1
hrt201d,273,3341,358,0,0,0,1
hrt201d,274,4221,462,0,0,0,1
hrt201d,275,4969,525,0,0,0,1
hrt201d,276,4561,394,0,0,0,1
hrt201d,277,4812,1075,0,0,0,1
hrt201d,278,4198,742,0,0,0,1
hrt201d,279,6429,693,0,0,0,1
hrt201d,280,4773,551,0,0,0,1
hrt201d,281,4330,612,0,0,0,1
hrt201d,282,4557,477,0,0,0,1
hrt201d,283,4501,507,0,0,0,1
hrt201d,284,3659,416,0,0,0,1
hrt201d,285,4164,520,0,0,0,1
hrt201d,286,4135,438,0,0,0,1
hrt201d,287,3956,378,0,0,0,1
hrt201d,288,4801,453,0,0,0,1
hrt201d,289,3227,528,0,0,0,1
hrt201d,290,4230,497,0,0,0,1
hrt201d,291,4450,859,0,0,0,1
hrt201d,292,3302,601,0,0,0,1
hrt201d,293,4208,561,0,0,0,1
hrt201d,294,4023,498,0,0,0,1
hrt201d,295,4560,523,0,0,0,1
hrt201d,296,3187,439,0,0,0,1
hrt201d,297,4234,510,0,0,0,1
hrt201d,298,3825,464,0,0,0,1
hrt201d,299,3666,429,0,0,0,1
hrt201d,300,5464,447,0,0,0,1
hrt201d,301,4839,943,0,0,0,1
hrt201d,302,4181,826,0,0,0,1
hrt201d,303,5677,523,0,0,0,1
hrt201d,304,4239,473,0,0,0,1
hrt201d,305,4042,513,0,0,0,1
hrt201d,306,3725,403,0,0,0,1
hrt201d,307,4601,399,0,0,0,1
hrt201d,308,4799,442,0,0,0,1
hrt201d,309,4446,474,0,0,0,1
hrt201d,310,4135,431,0,0,0,1
hrt201d,311,6538,461,0,0,0,1
hrt201d,312,3849,404,0,0,0,1
hrt201d,313,4942,830,0,0,0,1
hrt201d,314,4402,565,0,0,0,1
hrt201d,315,3875,480,0,0,0,1
hrt201d,316,3160,526,0,0,0,1
hrt201d,317,4863,440,0,0,0,1
hrt201d,318,4384,490,0,0,0,1
hrt201d,319,4023,350,0,0,0,1
hrt201d,320,5698,517,0,0,0,1
hrt201d,321,4876,560,0,0,0,1
hrt201d,322,5299,534,0,0,0,1
hrt201d,323,4422,562,0,0,0,1
hrt201d,324,5982,501,0,0,0,1
hrt201d,325,3713,481,0,0,0,1
hrt201d,326,5822,484,0,0,0,1
hrt201d,327,3389,340,0,0,0,1
hrt201d,328,5031,430,0,0,0,1
hrt201d,329,3088,357,0,0,0,1
hrt201d,330,4632,472,0,0,0,1
hrt201d,331,3772,355,0,0,0,1
hrt201d,332,5518,462,0,0,0,1
hrt201d,333,5859,506,0,0,0,1
hrt201d,334,5422,462,0,0,0,1
hrt201d,335,3925,434,0,0,0,1
hrt201d,336,5614,537,0,0,0,1
hrt201d,337,3888,480,0,0,0,1
hrt201d,338,5791,491,0,0,0,1
hrt201d,339,5118,422,0,0,0,1
hrt201d,340,5664,561,0,0,0,1
hrt201d,341,5470,620,0,0,0,1
hrt201d,342,5555,466,0,0,0,1
hrt201d,343,4437,500,0,0,0,1
hrt201d,344,4651,559,0,0,0,1
hrt201d,345,3187,357,0,0,0,1
hrt201d,346,5387,403,0,0,0,1
hrt201d,347,3541,486,0,0,0,1
hrt201d,348,3744,491,0,0,0,1
hrt201d,349,5040,443,0,0,0,1
hrt201d,350,4937,552,0,0,0,1
hrt201d,351,5408,458,0,0,0,1
hrt201d,352,6456,469,0,0,0,1
hrt201d,353,5981,466,0,0,0,1
hrt201d,354,5525,389,0,0,0,1
hrt201d,355,4074,418,0,0,0,1
hrt201d,356,5454,398,0,0,0,1
hrt201d,357,4112,339,0,0,0,1
hrt201d,358,4060,508,0,0,0,1
hrt201d,359,3664,470,0,0,0,1
hrt201d,360,4643,603,0,0,0,1
hrt201d,361,5399,506,0,0,0,1
hrt201d,362,5588,376,0,0,0,1
hrt201d,363,6539,433,0,0,0,1
hrt201d,364,6113,397,0,0,0,1
hrt201d,365,5451,406,0,0,0,1
hrt201d,366,4612,888,0,0,0,1
hrt201d,367,6474,497,0,0,0,1
hrt201d,368,5797,549,0,0,0,1
hrt201d,369,5728,429,0,0,0,1
hrt201d,370,5365,490,0,0,0,1
hrt201d,371,4437,583,0,0,0,1
hrt201d,372,4349,502,0,0,0,1
hrt201d,373,4895,440,0,0,0,1
hrt201d,374,5686,1031,0,0,0,1
hrt201d,375,4735,495,0,0,0,1
hrt201d,376,3833,436,0,0,0,1
hrt201d,377,4457,522,0,0,0,1
hrt201d,378,4726,413,0,0,0,1
hrt201d,379,6366,919,0,0,0,1
hrt201d,380,5659,442,0,0,0,1
hrt201d,381,4998,456,0,0,0,1
hrt201d,382,3786,369,0,0,0,1
hrt201d,383,4907,482,0,0,0,1
hrt201d,384,4058,366,0,0,0,1
hrt201d,385,6575,902,0,0,0,1
hrt201d,386,4275,552,0,0,0,1
hrt201d,387,5206,474,0,0,0,1
hrt201d,388,6598,509,0,0,0,1
hrt201d,389,6509,437,0,0,0,1
hrt201d,390,5216,411,0,0,0,1
hrt201d,391,4571,415,0,0,0,1
hrt201d,392,5690,355,0,0,0,1
hrt201d,393,6607,478,0,0,0,1
hrt201d,394,5655,484,0,0,0,1
hrt201d,395,6420,383,0,0,0,1
hrt201d,396,6513,690,0,0,0,1
hrt201d,397,6772,550,0,0,0,1
hrt201d,398,5392,394,0,0,0,1
hrt201d,399,7500,350,0,0,0,1
hrt201d,400,5285,438,0,0,0,1
hrt201d,401,4516,371,0,0,0,1
hrt201d,402,6721,444,0,0,0,1
hrt201d,403,4802,403,0,0,0,1
hrt201d,404,4557,351,0,0,0,1
hrt201d,405,7824,496,0,0,0,1
hrt201d,406,7058,857,0,0,0,1
hrt201d,407,6558,529,0,0,0,1
hrt201d,408,6678,484,0,0,0,1
hrt201d,409,6683,433,0,0,0,1
hrt201d,410,6015,445,0,0,0,1
hrt201d,411,4335,317,0,0,0,1
hrt201d,412,5052,337,0,0,0,1
hrt201d,413,5044,415,0,0,0,1
hrt201d,414,5917,553,0,0,0,1
hrt201d,415,5532,573,0,0,0,1
hrt201d,416,7060,483,0,0,0,1
hrt201d,417,8260,516,0,0,0,1
hrt201d,418,7269,500,0,0,0,1
hrt201d,419,7752,516,0,0,0,1
hrt201d,420,6590,486,0,0,0,1
hrt201d,421,4977,376,0,0,0,1
hrt201d,422,6479,451,0,0,0,1
hrt201d,423,5316,407,0,0,0,1
hrt201d,424,6093,399,0,0,0,1
hrt201d,425,6552,443,0,0,0,1
hrt201d,426,5613,338,0,0,0,1
hrt201d,427,6203,462,0,0,0,1
hrt201d,428,5686,374,0,0,0,1
hrt201d,429,7650,1050,0,0,0,1
hrt201d,430,5858,412,0,0,0,1
hrt201d,431,6612,690,0,0,0,1
hrt201d,432,5372,618,0,0,0,1
hrt201d,433,5381,500,0,0,0,1
hrt201d,434,6173,427,0,0,0,1
hrt201d,435,4913,488,0,0,0,1
hrt201d,436,5036,336,0,0,0,1
hrt201d,437,7726,585,0,0,0,1
hrt201d,438,6095,662,0,0,0,1
hrt201d,439,4733,541,0,0,0,1
hrt201d,440,6603,488,0,0,0,1
hrt201d,441,7053,511,0,0,0,1
hrt201d,442,7661,399,0,0,0,1
hrt201d,443,4564,500,0,0,0,1
hrt201d,444,6723,988,0,0,0,1
hrt201d,445,8087,517,0,0,0,1
hrt201d,446,7527,451,0,0,0,1
hrt201d,447,5023,479,0,0,0,1
hrt201d,448,8071,541,0,0,0,1
hrt201d,449,6027,442,0,0,0,1
hrt201d,450,6557,524,0,0,0,1
hrt201d,451,7060,426,0,0,0,1
hrt201d,452,6572,652,0,0,0,1
hrt201d,453,4503,363,0,0,0,1
hrt201d,454,4428,593,0,0,0,1
hrt201d,455,6609,477,0,0,0,1
hrt201d,456,8005,413,0,0,0,1
hrt201d,457,8350,960,0,0,0,1
hrt201d,458,8534,655,0,0,0,1
hrt201d,459,6833,444,0,0,0,1
hrt201d,460,6419,459,0,0,0,1
hrt201d,461,5613,536,0,0,0,1
hrt201d,462,5822,571,0,0,0,1
hrt201d,463,5708,358,0,0,0,1
hrt201d,464,7388,329,0,0,0,1
hrt201d,465,5326,368,0,0,0,1
hrt201d,466,5298,341,0,0,0,1
hrt201d,467,5344,340,0,0,0,1
hrt201d,468,8401,638,0,0,0,1
hrt201d,469,6308,468,0,0,0,1
hrt201d,470,6922,435,0,0,0,1
hrt201d,471,5933,390,0,0,0,1
hrt201d,472,5460,414,0,0,0,1
hrt201d,473,8022,1034,0,0,0,1
hrt201d,474,6236,547,0,0,0,1
hrt201d,475,7437,411,0,0,0,1
hrt201d,476,5925,379,0,0,0,1
hrt201d,477,8617,597,0,0,0,1
hrt201d,478,8601,472,0,0,0,1
hrt201d,479,6356,415,0,0,0,1
hrt201d,480,7537,416,0,0,0,1
hrt201d,481,7689,434,0,0,0,1
hrt201d,482,6420,338,0,0,0,1
hrt201d,483,7297,521,0,0,0,1
hrt201d,484,7104,511,0,0,0,1
hrt201d,485,8883,492,0,0,0,1
hrt201d,486,6756,422,0,0,0,1
hrt201d,487,5452,558,0,0,0,1
hrt201d,488,6890,451,0,0,0,1
hrt201d,489,7832,348,0,0,0,1
hrt201d,490,7292,437,0,0,0,1
hrt201d,491,5576,332,0,0,0,1
hrt201d,492,5416,314,0,0,0,1
hrt201d,493,6218,369,0,0,0,1
hrt201d,494,6648,516,0,0,0,1
hrt201d,495,5760,417,0,0,0,1
hrt201d,496,8060,563,0,0,0,1
hrt201d,497,7429,397,0,0,0,1
hrt201d,498,8141,976,0,0,0,1
hrt201d,499,8194,729,0,0,0,1
hrt201d,500,7056,434,0,0,0,1
hrt201d,501,6933,424,0,0,0,1
hrt201d,502,5389,386,0,0,0,1
hrt201d,503,6866,439,0,0,0,1
hrt201d,504,8541,568,0,0,0,1
hrt201d,505,6151,514,0,0,0,1
hrt201d,506,7206,414,0,0,0,1
hrt201d,507,6964,489,0,0,0,1
hrt201d,508,8692,443,0,0,0,1
hrt201d,509,8638,480,0,0,0,1
hrt201d,510,8270,433,0,0,0,1
hrt201d,511,6362,354,0,0,0,1
hrt201d,512,6917,412,0,0,0,1
hrt201d,513,8952,436,0,0,0,1
hrt201d,514,5627,530,0,0,0,1
hrt201d,515,10908,519,0,0,0,1
hrt201d,516,8913,498,0,0,0,1
hrt201d,517,7197,503,0,0,0,1
hrt201d,518,8527,421,0,0,0,1
hrt201d,519,8337,460,0,0,0,1
hrt201d,520,8043,483,0,0,0,1
hrt201d,521,8352,952,0,0,0,1
hrt201d,522,7664,813,0,0,0,1
hrt201d,523,8654,865,0,0,0,1
hrt201d,524,8902,471,0,0,0,1
hrt201d,525,6492,372,0,0,0,1
hrt201d,526,9593,489,0,0,0,1
hrt201d,527,8272,405,0,0,0,1
hrt201d,528,9800,441,0,0,0,1
hrt201d,529,6077,594,0,0,0,1
hrt201d,530,8380,458,0,0,0,1
hrt201d,531,8055,426,0,0,0,1
hrt201d,532,5302,528,0,0,0,1
hrt201d,533,11568,460,0,0,0,1
hrt201d,534,7252,515,0,0,0,1
hrt201d,535,4984,465,0,0,0,1
hrt201d,536,5822,463,0,0,0,1
hrt201d,537,9533,419,0,0,0,1
hrt201d,538,5164,362,0,0,0,1
hrt201d,539,7668,328,0,0,0,1
hrt201d,540,9335,457,0,0,0,1
hrt201d,541,8057,420,0,0,0,1
hrt201d,542,6314,397,0,0,0,1
hrt201d,543,8570,355,0,0,0,1
hrt201d,544,6751,325,0,0,0,1
hrt201d,545,8320,561,0,0,0,1
hrt201d,546,6273,522,0,0,0,1
hrt201d,547,5422,478,0,0,0,1
hrt201d,548,8879,381,0,0,0,1
hrt201d,549,6984,387,0,0,0,1
hrt201d,550,9394,1120,0,0,0,1
hrt201d,551,6954,594,0,0,0,1
hrt201d,552,10732,491,0,0,0,1
hrt201d,553,8373,414,0,0,0,1
hrt201d,554,8395,415,0,0,0,1
hrt201d,555,8289,499,0,0,0,1
hrt201d,556,9542,454,0,0,0,1
hrt201d,557,7522,396,0,0,0,1
hrt201d,558,6069,464,0,0,0,1
hrt201d,559,6977,409,0,0,0,1
hrt201d,560,8566,463,0,0,0,1
hrt201d,561,7583,415,0,0,0,1
hrt201d,562,8157,485,0,0,0,1
hrt201d,563,6563,440,0,0,0,1
hrt201d,564,7940,588,0,0,0,1
hrt201d,565,5812,466,0,0,0,1
hrt201d,566,10280,829,0,0,0,1
hrt201d,567,9625,467,0,0,0,1
hrt201d,568,5814,473,0,0,0,1
hrt201d,569,7753,438,0,0,0,1
hrt201d,570,8362,458,0,0,0,1
hrt201d,571,8081,415,0,0,0,1
hrt201d,572,7180,404,0,0,0,1
hrt201d,573,8800,794,0,0,0,1
hrt201d,574,8451,448,0,0,0,1
hrt201d,575,8581,456,0,0,0,1
hrt201d,576,9577,344,0,0,0,1
hrt201d,577,9832,321,0,0,0,1
hrt201d,578,8773,575,0,0,0,1
hrt201d,579,8729,827,0,0,0,1
hrt201d,580,9274,431,0,0,0,1
hrt201d,581,9121,408,0,0,0,1
hrt201d,582,7157,546,0,0,0,1
hrt201d,583,7015,446,0,0,0,1
hrt201d,584,10289,507,0,0,0,1
hrt201d,585,9340,660,0,0,0,1
hrt201d,586,6192,510,0,0,0,1
hrt201d,587,9195,430,0,0,0,1
hrt201d,588,8498,369,0,0,0,1
hrt201d,589,8991,308,0,0,0,1
hrt201d,590,8293,443,0,0,0,1
hrt201d,591,8857,433,0,0,0,1
hrt201d,592,7621,605,0,0,0,1
hrt201d,593,6526,416,0,0,0,1
hrt201d,594,10078,1072,0,0,0,1
hrt201d,595,7965,567,0,0,0,1
hrt201d,596,8275,444,0,0,0,1
hrt201d,597,6195,468,0,0,0,1
hrt201d,598,6105,510,0,0,0,1
hrt201d,599,6702,419,0,0,0,1
hrt201d,600,8694,518,0,0,0,1
hrt201d,601,7420,426,0,0,0,1
hrt201d,602,8696,355,0,0,0,1
hrt201d,603,8287,559,0,0,0,1
hrt201d,604,5752,518,0,0,0,1
hrt201d,605,10185,792,0,0,0,1
hrt201d,606,7943,493,0,0,0,1
hrt201d,607,9185,461,0,0,0,1
hrt201d,608,6720,493,0,0,0,1
hrt201d,609,7674,547,0,0,0,1
hrt201d,610,9307,458,0,0,0,1
hrt201d,611,8350,469,0,0,0,1
hrt201d,612,7480,327,0,0,0,1
hrt201d,613,8431,496,0,0,0,1
hrt201d,614,6600,400,0,0,0,1
hrt201d,615,6646,482,0,0,0,1
hrt201d,616,6001,534,0,0,0,1
hrt201d,617,6799,448,0,0,0,1
hrt201d,618,10909,445,0,0,0,1
hrt201d,619,9740,549,0,0,0,1
hrt201d,620,8135,407,0,0,0,1
hrt201d,621,8101,415,0,0,0,1
hrt201d,622,8378,467,0,0,0,1
hrt201d,623,9543,455,0,0,0,1
hrt201d,624,8608,463,0,0,0,1
hrt201d,625,7829,402,0,0,0,1
hrt201d,626,7072,430,0,0,0,1
hrt201d,627,7197,380,0,0,0,1
hrt201d,628,6784,430,0,0,0,1
hrt201d,629,10715,395,0,0,0,1
hrt201d,630,10319,466,0,0,0,1
hrt201d,631,8087,400,0,0,0,1
hrt201d,632,9877,377,0,0,0,1
hrt201d,633,7473,378,0,0,0,1
hrt201d,634,8099,562,0,0,0,1
hrt201d,635,6314,535,0,0,0,1
hrt201d,636,7759,357,0,0,0,1
hrt201d,637,7982,411,0,0,0,1
hrt201d,638,7053,434,0,0,0,1
hrt201d,639,7946,523,0,0,0,1
hrt201d,640,9639,462,0,0,0,1
hrt201d,641,10738,423,0,0,0,1
hrt201d,642,8877,388,0,0,0,1
hrt201d,643,9177,344,0,0,0,1
hrt201d,644,7536,377,0,0,0,1
hrt201d,645,9428,461,0,0,0,1
hrt201d,646,7695,437,0,0,0,1
hrt201d,647,9398,440,0,0,0,1
hrt201d,648,6429,467,0,0,0,1
hrt201d,649,9823,480,0,0,0,1
hrt201d,650,9862,429,0,0,0,1
hrt201d,651,8678,355,0,0,0,1
hrt201d,652,8446,385,0,0,0,1
hrt201d,653,8234,388,0,0,0,1
hrt201d,654,7275,332,0,0,0,1
hrt201d,655,7436,448,0,0,0,1
hrt201d,656,9494,519,0,0,0,1
hrt201d,657,7258,394,0,0,0,1
hrt201d,658,7259,360,0,0,0,1
hrt201d,659,6542,447,0,0,0,1
hrt201d,660,8693,465,0,0,0,1
hrt201d,661,7937,440,0,0,0,1
hrt201d,662,6605,352,0,0,0,1
hrt201d,663,6668,347,0,0,0,1
hrt201d,664,11239,350,0,0,0,1
hrt201d,665,8317,371,0,0,0,1
hrt201d,666,9689,480,0,0,0,1
hrt201d,667,6882,438,0,0,0,1
hrt201d,668,8986,337,0,0,0,1
hrt201d,669,8607,467,0,0,0,1
hrt201d,670,11492,449,0,0,0,1
hrt201d,671,8144,437,0,0,0,1
hrt201d,672,9649,338,0,0,0,1
hrt201d,673,6840,416,0,0,0,1
hrt201d,674,9917,320,0,0,0,1
hrt201d,675,10063,468,0,0,0,1
hrt201d,676,7121,479,0,0,0,1
hrt201d,677,9222,404,0,0,0,1
hrt201d,678,6703,577,0,0,0,1
hrt201d,679,6673,430,0,0,0,1
hrt201d,680,9455,433,0,0,0,1
hrt201d,681,6808,431,0,0,0,1
hrt201d,682,10395,345,0,0,0,1
hrt201d,683,7403,431,0,0,0,1
hrt201d,684,8411,341,0,0,0,1
hrt201d,685,10376,501,0,0,0,1
hrt201d,686,9060,349,0,0,0,1
hrt201d,687,8352,410,0,0,0,1
hrt201d,688,7290,458,0,0,0,1
hrt201d,689,7758,347,0,0,0,1
hrt201d,690,9621,404,0,0,0,1
hrt201d,691,8033,387,0,0,0,1
hrt201d,692,11216,446,0,0,0,1
hrt201d,693,9389,349,0,0,0,1
hrt201d,694,9611,505,0,0,0,1
hrt201d,695,10647,437,0,0,0,1
hrt201d,696,9638,392,0,0,0,1
hrt201d,697,7388,341,0,0,0,1
hrt201d,698,6819,336,0,0,0,1
hrt201d,699,7893,460,0,0,0,1
hrt201d,700,10813,394,0,0,0,1
hrt201d,701,9085,496,0,0,0,1
hrt201d,702,9886,431,0,0,0,1
hrt201d,703,8834,371,0,0,0,1
hrt201d,704,8701,440,0,0,0,1
hrt201d,705,10964,386,0,0,0,1
hrt201d,706,8655,419,0,0,0,1
hrt201d,707,9160,440,0,0,0,1
hrt201d,708,8029,946,0,0,0,1
hrt201d,709,10583,549,0,0,0,1
hrt201d,710,8163,359,0,0,0,1
hrt201d,711,8167,382,0,0,0,1
hrt201d,712,7721,402,0,0,0,1
hrt201d,713,8444,502,0,0,0,1
hrt201d,714,9971,588,0,0,0,1
hrt201d,715,8616,385,0,0,0,1
hrt201d,716,7775,507,0,0,0,1
hrt201d,717,9246,488,0,0,0,1
hrt201d,718,6910,462,0,0,0,1
hrt201d,719,8959,850,0,0,0,1
hrt201d,720,11939,471,0,0,0,1
hrt201d,721,9253,429,0,0,0,1
hrt201d,722,11094,448,0,0,0,1
hrt201d,723,10507,438,0,0,0,1
hrt201d,724,9468,473,0,0,0,1
hrt201d,725,10248,493,0,0,0,1
hrt201d,726,8360,549,0,0,0,1
hrt201d,727,8029,455,0,0,0,1
hrt201d,728,7618,516,0,0,0,1
hrt201d,729,7502,762,0,0,0,1
hrt201d,730,11434,472,0,0,0,1
hrt201d,731,9883,434,0,0,0,1
hrt201d,732,9595,372,0,0,0,1
hrt201d,733,10308,430,0,0,0,1
hrt201d,734,7185,480,0,0,0,1
hrt201d,735,9085,414,0,0,0,1
hrt201d,736,7957,433,0,0,0,1
hrt201d,737,7851,901,0,0,0,1
hrt201d,738,7864,457,0,0,0,1
hrt201d,739,8110,578,0,0,0,1
hrt201d,740,8912,405,0,0,0,1
hrt201d,741,9843,438,0,0,0,1
hrt201d,742,12508,440,0,0,0,1
hrt201d,743,8759,373,0,0,0,1
hrt201d,744,8126,403,0,0,0,1
hrt201d,745,7949,539,0,0,0,1
hrt201d,746,9859,453,0,0,0,1
hrt201d,747,8936,903,0,0,0,1
hrt201d,748,7270,688,0,0,0,1
hrt201d,749,9001,494,0,0,0,1
hrt201d,750,12182,438,0,0,0,1
hrt201d,751,11018,388,0,0,0,1
hrt201d,752,9761,430,0,0,0,1
hrt201d,753,8461,353,0,0,0,1
hrt201d,754,10740,335,0,0,0,1
hrt201d,755,10362,406,0,0,0,1
hrt201d,756,9593,481,0,0,0,1
hrt201d,757,9401,413,0,0,0,1
hrt201d,758,9285,408,0,0,0,1
hrt201d,759,7825,514,0,0,0,1
hrt201d,760,11610,418,0,0,0,1
hrt201d,761,7543,434,0,0,0,1
hrt201d,762,6588,452,0,0,0,1
hrt201d,763,8324,597,0,0,0,1
hrt201d,764,7399,532,0,0,0,1
hrt201d,765,6515,435,0,0,0,1
hrt201d,766,7593,748,0,0,0,1
hrt201d,767,6782,609,0,0,0,1
hrt201d,768,6868,444,0,0,0,1
hrt201d,769,7168,567,0,0,0,1
hrt201d,770,13053,507,0,0,0,1
hrt201d,771,11624,341,0,0,0,1
hrt201d,772,11017,424,0,0,0,1
hrt201d,773,9806,358,0,0,0,1
hrt201d,774,8761,505,0,0,0,1
hrt201d,775,10647,354,0,0,0,1
hrt201d,776,10869,329,0,0,0,1
hrt201d,777,9876,389,0,0,0,1
hrt201d,778,12320,381,0,0,0,1
hrt201d,779,11182,493,0,0,0,1
hrt201d,780,9798,446,0,0,0,1
hrt201d,781,10822,392,0,0,0,1
hrt201d,782,10646,324,0,0,0,1
hrt201d,783,11152,416,0,0,0,1
hrt201d,784,10709,401,0,0,0,1
hrt201d,785,10592,340,0,0,0,1
hrt201d,786,10744,423,0,0,0,1
hrt201d,787,9477,391,0,0,0,1
hrt201d,788,8382,459,0,0,0,1
hrt201d,789,7988,467,0,0,0,1
hrt201d,790,12091,417,0,0,0,1
hrt201d,791,11172,390,0,0,0,1
hrt201d,792,10824,418,0,0,0,1
hrt201d,793,9194,401,0,0,0,1
hrt201d,794,9045,422,0,0,0,1
hrt201d,795,8486,524,0,0,0,1
hrt201d,796,7291,423,0,0,0,1
hrt201d,797,7296,437,0,0,0,1
hrt201d,798,7260,435,0,0,0,1
hrt201d,799,7258,445,0,0,0,1
hrt201d,800,11185,430,0,0,0,1
hrt201d,801,9443,413,0,0,0,1
hrt201d,802,10321,394,0,0,0,1
hrt201d,803,7703,479,0,0,0,1
hrt201d,804,7687,435,0,0,0,1
hrt201d,805,6994,411,0,0,0,1
hrt201d,806,7317,451,0,0,0,1
hrt201d,807,7163,412,0,0,0,1
hrt201d,808,6992,419,0,0,0,1
hrt201d,809,9676,459,0,0,0,1
hrt201d,810,12399,426,0,0,0,1
hrt201d,811,8257,455,0,0,0,1
hrt201d,812,7458,443,0,0,0,1
hrt201d,813,10856,393,0,0,0,1
hrt201d,814,13533,375,0,0,0,1
hrt201d,815,10989,439,0,0,0,1
hrt201d,816,10439,409,0,0,0,1
hrt201d,817,8532,471,0,0,0,1
hrt201d,818,7538,419,0,0,0,1
hrt201d,819,7147,409,0,0,0,1
hrt201d,820,10234,409,0,0,0,1
hrt201d,821,10203,380,0,0,0,1
hrt201d,822,8694,442,0,0,0,1
hrt201d,823,7173,417,0,0,0,1
hrt201d,824,7281,426,0,0,0,1
hrt201d,825,8883,484,0,0,0,1
hrt201d,826,7650,420,0,0,0,1
hrt201d,827,10174,456,0,0,0,1
hrt201d,828,10633,403,0,0,0,1
hrt201d,829,7611,435,0,0,0,1
hrt201d,830,8735,407,0,0,0,1
hrt201d,831,10284,385,0,0,0,1
hrt201d,832,9334,342,0,0,0,1
hrt201d,833,7745,448,0,0,0,1
hrt201d,834,8287,546,0,0,0,1
hrt201d,835,9771,510,0,0,0,1
hrt201d,836,10095,442,0,0,0,1
hrt201d,837,8541,802,0,0,0,1
hrt201d,838,13765,581,0,0,0,1
hrt201d,839,11497,632,0,0,0,1
hrt201d,840,11733,388,0,0,0,1
hrt201d,841,10061,388,0,0,0,1
hrt201d,842,11488,405,0,0,0,1
hrt201d,843,9969,345,0,0,0,1
hrt201d,844,8311,368,0,0,0,1
hrt201d,845,9716,376,0,0,0,1
hrt201d,846,9693,357,0,0,0,1
hrt201d,847,9130,518,0,0,0,1
hrt201d,848,12427,408,0,0,0,1
hrt201d,849,10181,406,0,0,0,1
hrt201d,850,10887,356,0,0,0,1
hrt201d,851,11080,417,0,0,0,1
hrt201d,852,10024,389,0,0,0,1
hrt201d,853,9419,391,0,0,0,1
hrt201d,854,9765,398,0,0,0,1
hrt201d,855,9208,372,0,0,0,1
hrt201d,856,11739,371,0,0,0,1
hrt201d,857,9588,413,0,0,0,1
hrt201d,858,9289,567,0,0,0,1
hrt201d,859,7518,422,0,0,0,1
hrt201d,860,9799,379,0,0,0,1
hrt201d,861,8980,363,0,0,0,1
hrt201d,862,8714,345,0,0,0,1
hrt201d,863,10344,371,0,0,0,1
hrt201d,864,8875,367,0,0,0,1
hrt201d,865,10369,388,0,0,0,1
hrt201d,866,8390,591,0,0,0,1
hrt201d,867,9357,485,0,0,0,1
hrt201d,868,10275,355,0,0,0,1
hrt201d,869,9570,465,0,0,0,1
hrt201d,870,8861,336,0,0,0,1
hrt201d,871,8800,351,0,0,0,1
hrt201d,872,9304,370,0,0,0,1
hrt201d,873,10700,375,0,0,0,1
hrt201d,874,11079,378,0,0,0,1
hrt201d,875,9913,400,0,0,0,1
hrt201d,876,9530,383,0,0,0,1
hrt201d,877,8720,371,0,0,0,1
hrt201d,878,10273,485,0,0,0,1
hrt201d,879,8899,857,0,0,0,1
hrt201d,880,10127,357,0,0,0,1
hrt201d,881,11059,338,0,0,0,1
hrt201d,882,9739,362,0,0,0,1
hrt201d,883,10226,370,0,0,0,1
hrt201d,884,10063,416,0,0,0,1
hrt201d,885,9576,387,0,0,0,1
hrt201d,886,10817,361,0,0,0,1
hrt201d,887,10890,377,0,0,0,1
hrt201d,888,9910,397,0,0,0,1
hrt201d,889,8853,381,0,0,0,1
hrt201d,890,9940,337,0,0,0,1
hrt201d,891,10461,378,0,0,0,1
hrt201d,892,11017,348,0,0,0,1
hrt201d,893,10383,362,0,0,0,1
hrt201d,894,10816,369,0,0,0,1
hrt201d,895,9327,362,0,0,0,1
hrt201d,896,10776,390,0,0,0,1
hrt201d,897,10275,377,0,0,0,1
hrt201d,898,10196,374,0,0,0,1
hrt201d,899,10032,378,0,0,0,1
hrt201d,900,9144,362,0,0,0,1
hrt201d,901,10127,350,0,0,0,1
hrt201d,902,9292,347,0,0,0,1
hrt201d,903,8839,429,0,0,0,1
hrt201d,904,9966,703,0,0,0,1
hrt201d,905,10680,412,0,0,0,1
hrt201d,906,8692,685,0,0,0,1
hrt201d,907,8428,882,0,0,0,1
hrt201d,908,7905,619,0,0,0,1
hrt201d,909,8052,500,0,0,0,1
hrt201d,910,9379,422,0,0,0,1
hrt201d,911,8789,379,0,0,0,1
hrt201d,912,11097,364,0,0,0,1
hrt201d,913,9725,382,0,0,0,1
hrt201d,914,8988,360,0,0,0,1
hrt201d,915,11645,576,0,0,0,1
hrt201d,916,9584,583,0,0,0,1
hrt201d,917,9698,542,0,0,0,1
hrt201d,918,10536,544,0,0,0,1
hrt201d,919,10163,552,0,0,0,1
hrt201d,920,11510,407,0,0,0,1
hrt201d,921,10616,369,0,0,0,1
hrt201d,922,10428,377,0,0,0,1
hrt201d,923,9535,398,0,0,0,1
hrt201d,924,11101,382,0,0,0,1
hrt201d,925,10286,396,0,0,0,1
hrt201d,926,11131,400,0,0,0,1
hrt201d,927,10955,364,0,0,0,1
hrt201d,928,9625,361,0,0,0,1
hrt201d,929,11182,397,0,0,0,1
hrt201d,930,10323,350,0,0,0,1
hrt201d,931,9873,378,0,0,0,1
hrt201d,932,9680,326,0,0,0,1
hrt201d,933,10659,356,0,0,0,1
hrt201d,934,9447,351,0,0,0,1
hrt201d,935,10350,323,0,0,0,1
hrt201d,936,9934,330,0,0,0,1
hrt201d,937,10369,340,0,0,0,1
hrt201d,938,10067,398,0,0,0,1
hrt201d,939,9473,332,0,0,0,1
hrt201d,940,10374,325,0,0,0,1
hrt201d,941,10913,329,0,0,0,1
hrt201d,942,10797,329,0,0,0,1
hrt201d,943,11398,335,0,0,0,1
hrt201d,944,11606,375,0,0,0,1
hrt201d,945,10520,369,0,0,0,1
hrt201d,946,10941,368,0,0,0,1
hrt201d,947,11796,357,0,0,0,1
hrt201d,948,10624,331,0,0,0,1
hrt201d,949,9978,347,0,0,0,1
hrt201d,950,10841,345,0,0,0,1
hrt201d,951,10000,381,0,0,0,1
hrt201d,952,11593,336,0,0,0,1
hrt201d,953,11441,400,0,0,0,1
hrt201d,954,10680,405,0,0,0,1
hrt201d,955,11322,381,0,0,0,1
hrt201d,956,11108,398,0,0,0,1
hrt201d,957,10390,373,0,0,0,1
hrt201d,958,10420,384,0,0,0,1
hrt201d,959,11203,623,0,0,0,1
hrt201d,960,11648,361,0,0,0,1
hrt201d,961,10137,316,0,0,0,1
hrt201d,962,12261,361,0,0,0,1
hrt201d,963,11521,354,0,0,0,1
hrt201d,964,12341,363,0,0,0,1
hrt201d,965,11203,366,0,0,0,1
hrt201d,966,11487,353,0,0,0,1
hrt201d,967,10907,353,0,0,0,1
hrt201d,968,10924,362,0,0,0,1
hrt201d,969,10989,381,0,0,0,1
hrt201d,970,11290,350,0,0,0,1
hrt201d,971,11870,391,0,0,0,1
hrt201d,972,10913,340,0,0,0,1
hrt201d,973,10212,375,0,0,0,1
hrt201d,974,11034,357,0,0,0,1
hrt201d,975,12060,341,0,0,0,1
hrt201d,976,10806,373,0,0,0,1
hrt201d,977,11639,370,0,0,0,1
hrt201d,978,10768,381,0,0,0,1
hrt201d,979,10615,362,0,0,0,1
hrt201d,980,11332,321,0,0,0,1
hrt201d,981,11272,331,0,0,0,1
hrt201d,982,11260,351,0,0,0,1
hrt201d,983,11334,353,0,0,0,1
hrt201d,984,11544,350,0,0,0,1
hrt201d,985,10933,362,0,0,0,1
hrt201d,986,10900,356,0,0,0,1
hrt201d,987,10665,369,0,0,0,1
hrt201d,988,10161,329,0,0,0,1
hrt201d,989,10887,398,0,0,0,1
hrt201d,990,10666,366,0,0,0,1
hrt201d,991,11617,337,0,0,0,1
hrt201d,992,11926,365,0,0,0,1
hrt201d,993,11616,359,0,0,0,1
hrt201d,994,11230,362,0,0,0,1
hrt201d,995,10443,385,0,0,0,1
hrt201d,996,9770,356,0,0,0,1
hrt201d,997,9848,367,0,0,0,1
hrt201d,998,9714,380,0,0,0,1
hrt201d,999,11258,420,0,0,0,1
hrt201d,1000,12870,340,0,0,0,1
hrt201d,1001,11208,353,0,0,0,1
hrt201d,1002,10042,326,0,0,0,1
hrt201d,1003,11218,396,0,0,0,1
hrt201d,1004,13098,360,0,0,0,1
hrt201d,1005,10967,371,0,0,0,1
hrt201d,1006,11574,384,0,0,0,1
hrt201d,1007,10576,381,0,0,0,1
hrt201d,1008,9863,376,0,0,0,1
hrt201d,1009,12407,594,0,0,0,1
hrt201d,1010,10612,355,0,0,0,1
hrt201d,1011,9928,327,0,0,0,1
hrt201d,1012,11155,372,0,0,0,1
hrt201d,1013,12143,366,0,0,0,1
hrt201d,1014,11476,379,0,0,0,1
hrt201d,1015,11583,835,0,0,0,1
hrt201d,1016,10420,560,0,0,0,1
hrt201d,1017,9350,756,0,0,0,1
hrt201d,1018,9121,494,0,0,0,1
hrt201d,1019,9127,474,0,0,0,1
hrt201d,1020,12106,411,0,0,0,1
hrt201d,1021,11229,400,0,0,0,1
hrt201d,1022,10391,381,0,0,0,1
hrt201d,1023,13430,439,0,0,0,1
hrt201d,1024,10856,492,0,0,0,1
hrt201d,1025,12881,743,0,0,0,1
hrt201d,1026,10229,844,0,0,0,1
hrt201d,1027,10625,891,0,0,0,1
hrt201d,1028,10099,558,0,0,0,1
hrt201d,1029,9192,421,0,0,0,1
hrt201d,1030,12276,425,0,0,0,1
hrt201d,1031,15038,419,0,0,0,1
hrt201d,1032,11891,410,0,0,0,1
hrt201d,1033,11751,408,0,0,0,1
hrt201d,1034,11483,577,0,0,0,1
hrt201d,1035,9871,550,0,0,0,1
hrt201d,1036,9757,474,0,0,0,1
hrt201d,1037,12444,904,0,0,0,1
hrt201d,1038,9654,545,0,0,0,1
hrt201d,1039,13872,925,0,0,0,1
hrt201d,1040,12021,399,0,0,0,1
hrt201d,1041,11559,396,0,0,0,1
hrt201d,1042,11084,359,0,0,0,1
hrt201d,1043,11283,408,0,0,0,1
hrt201d,1044,11085,336,0,0,0,1
hrt201d,1045,11229,380,0,0,0,1
hrt201d,1046,10719,362,0,0,0,1
hrt201d,1047,10688,383,0,0,0,1
hrt201d,1048,11925,554,0,0,0,1
hrt201d,1049,10682,644,0,0,0,1
hrt201d,1050,9853,493,0,0,0,1
hrt201d,1051,9501,425,0,0,0,1
hrt201d,1052,10944,417,0,0,0,1
hrt201d,1053,9937,469,0,0,0,1
hrt201d,1054,10108,482,0,0,0,1
hrt201d,1055,10373,579,0,0,0,1
hrt201d,1056,9837,466,0,0,0,1
hrt201d,1057,9755,484,0,0,0,1
hrt201d,1058,9538,481,0,0,0,1
hrt201d,1059,10292,462,0,0,0,1
hrt201d,1060,13794,454,0,0,0,1
hrt201d,1061,12424,380,0,0,0,1
hrt201d,1062,11935,413,0,0,0,1
hrt201d,1063,14952,434,0,0,0,1
hrt201d,1064,12522,399,0,0,0,1
hrt201d,1065,10629,450,0,0,0,1
hrt201d,1066,10395,475,0,0,0,1
hrt201d,1067,9983,450,0,0,0,1
hrt201d,1068,9894,478,0,0,0,1
hrt201d,1069,10232,478,0,0,0,1
hrt201d,1070,12706,422,0,0,0,1
hrt201d,1071,11941,373,0,0,0,1
hrt201d,1072,10017,427,0,0,0,1
hrt201d,1073,9874,682,0,0,0,1
hrt201d,1074,12890,935,0,0,0,1
hrt201d,1075,12198,649,0,0,0,1
hrt201d,1076,11906,748,0,0,0,1
hrt201d,1077,11698,469,0,0,0,1
hrt201d,1078,11601,485,0,0,0,1
hrt201d,1079,11793,755,0,0,0,1
hrt201d,1080,10765,529,0,0,0,1
hrt201d,1081,10578,438,0,0,0,1
hrt201d,1082,10994,410,0,0,0,1
hrt201d,1083,10472,448,0,0,0,1
hrt201d,1084,10112,577,0,0,0,1
hrt201d,1085,12877,746,0,0,0,1
hrt201d,1086,11883,500,0,0,0,1
