map,scenid,total-src,20move-src,distance,path_size,hLevel,pure
lak404d,0,190,301,0,0,0,1
lak404d,1,169,172,0,0,0,1
lak404d,2,121,159,0,0,0,1
lak404d,3,188,243,0,0,0,1
lak404d,4,223,241,0,0,0,1
lak404d,5,218,198,0,0,0,1
lak404d,6,334,515,0,0,0,1
lak404d,7,227,286,0,0,0,1
lak404d,8,226,257,0,0,0,1
lak404d,9,248,388,0,0,0,1
lak404d,10,353,435,0,0,0,1
lak404d,11,213,287,0,0,0,1
lak404d,12,341,397,0,0,0,1
lak404d,13,269,369,0,0,0,1
lak404d,14,241,274,0,0,0,1
lak404d,15,459,585,0,0,0,1
lak404d,16,433,516,0,0,0,1
lak404d,17,496,733,0,0,0,1
lak404d,18,470,578,0,0,0,1
lak404d,19,366,395,0,0,0,1
lak404d,20,430,455,0,0,0,1
lak404d,21,447,434,0,0,0,1
lak404d,22,408,388,0,0,0,1
lak404d,23,747,910,0,0,0,1
lak404d,24,370,621,0,0,0,1
lak404d,25,380,493,0,0,0,1
lak404d,26,582,651,0,0,0,1
lak404d,27,333,353,0,0,0,1
lak404d,28,460,541,0,0,0,1
lak404d,29,449,479,0,0,0,1
lak404d,30,651,722,0,0,0,1
lak404d,31,685,770,0,0,0,1
lak404d,32,790,1081,0,0,0,1
lak404d,33,670,946,0,0,0,1
lak404d,34,658,816,0,0,0,1
lak404d,35,957,1440,0,0,0,1
lak404d,36,666,1108,0,0,0,1
lak404d,37,423,552,0,0,0,1
lak404d,38,806,993,0,0,0,1
lak404d,39,763,1046,0,0,0,1
lak404d,40,765,1043,0,0,0,1
lak404d,41,898,1088,0,0,0,1
lak404d,42,870,1060,0,0,0,1
lak404d,43,687,787,0,0,0,1
lak404d,44,605,773,0,0,0,1
lak404d,45,846,840,0,0,0,1
lak404d,46,704,832,0,0,0,1
lak404d,47,501,451,0,0,0,1
lak404d,48,780,1183,0,0,0,1
lak404d,49,685,831,0,0,0,1
lak404d,50,1028,964,0,0,0,1
lak404d,51,758,712,0,0,0,1
lak404d,52,885,1092,0,0,0,1
lak404d,53,969,651,0,0,0,1
lak404d,54,940,1088,0,0,0,1
lak404d,55,842,864,0,0,0,1
lak404d,56,750,689,0,0,0,1
lak404d,57,1017,1206,0,0,0,1
lak404d,58,1300,1403,0,0,0,1
lak404d,59,984,1044,0,0,0,1
lak404d,60,1178,1232,0,0,0,1
lak404d,61,988,733,0,0,0,1
lak404d,62,832,729,0,0,0,1
lak404d,63,1301,1126,0,0,0,1
lak404d,64,1163,1450,0,0,0,1
lak404d,65,1006,1388,0,0,0,1
lak404d,66,1056,1099,0,0,0,1
lak404d,67,932,1522,0,0,0,1
lak404d,68,819,474,0,0,0,1
lak404d,69,824,568,0,0,0,1
lak404d,70,1030,821,0,0,0,1
lak404d,71,825,503,0,0,0,1
lak404d,72,1391,1200,0,0,0,1
lak404d,73,1227,523,0,0,0,1
lak404d,74,1444,1262,0,0,0,1
lak404d,75,1742,1031,0,0,0,1
lak404d,76,1400,1367,0,0,0,1
lak404d,77,1998,1624,0,0,0,1
lak404d,78,1487,1917,0,0,0,1
lak404d,79,1134,592,0,0,0,1
lak404d,80,1683,1114,0,0,0,1
lak404d,81,1201,753,0,0,0,1
lak404d,82,1283,632,0,0,0,1
lak404d,83,1191,702,0,0,0,1
lak404d,84,2010,1107,0,0,0,1
lak404d,85,2067,599,0,0,0,1
lak404d,86,1463,975,0,0,0,1
lak404d,87,1348,371,0,0,0,1
lak404d,88,939,426,0,0,0,1
lak404d,89,2414,1267,0,0,0,1
lak404d,90,1369,578,0,0,0,1
lak404d,91,2411,960,0,0,0,1
lak404d,92,1928,907,0,0,0,1
lak404d,93,2045,1362,0,0,0,1
lak404d,94,2372,935,0,0,0,1
lak404d,95,1425,700,0,0,0,1
lak404d,96,2510,874,0,0,0,1
lak404d,97,2046,801,0,0,0,1
lak404d,98,1451,522,0,0,0,1
lak404d,99,2002,1083,0,0,0,1
lak404d,100,1952,773,0,0,0,1
lak404d,101,2101,709,0,0,0,1
lak404d,102,2451,473,0,0,0,1
lak404d,103,2110,608,0,0,0,1
lak404d,104,2347,439,0,0,0,1
lak404d,105,2444,919,0,0,0,1
lak404d,106,1780,433,0,0,0,1
lak404d,107,1657,540,0,0,0,1
lak404d,108,2140,1237,0,0,0,1
lak404d,109,1317,481,0,0,0,1
lak404d,110,2421,925,0,0,0,1
lak404d,111,1752,562,0,0,0,1
lak404d,112,1711,553,0,0,0,1
lak404d,113,2276,772,0,0,0,1
lak404d,114,2783,1026,0,0,0,1
lak404d,115,1401,601,0,0,0,1
lak404d,116,1668,877,0,0,0,1
lak404d,117,2799,719,0,0,0,1
lak404d,118,3055,478,0,0,0,1
lak404d,119,1960,451,0,0,0,1
lak404d,120,2442,579,0,0,0,1
lak404d,121,1605,559,0,0,0,1
lak404d,122,3372,698,0,0,0,1
lak404d,123,2880,876,0,0,0,1
lak404d,124,3098,394,0,0,0,1
lak404d,125,3111,824,0,0,0,1
lak404d,126,2233,450,0,0,0,1
lak404d,127,2881,734,0,0,0,1
lak404d,128,2103,462,0,0,0,1
lak404d,129,2456,530,0,0,0,1
lak404d,130,2363,664,0,0,0,1
lak404d,131,2713,449,0,0,0,1
lak404d,132,2594,480,0,0,0,1
lak404d,133,2495,551,0,0,0,1
lak404d,134,3525,803,0,0,0,1
lak404d,135,3006,582,0,0,0,1
lak404d,136,2623,541,0,0,0,1
lak404d,137,2491,450,0,0,0,1
lak404d,138,2228,435,0,0,0,1
lak404d,139,4256,838,0,0,0,1
lak404d,140,2215,746,0,0,0,1
lak404d,141,3002,491,0,0,0,1
lak404d,142,3057,547,0,0,0,1
lak404d,143,2647,443,0,0,0,1
lak404d,144,2944,742,0,0,0,1
lak404d,145,3046,661,0,0,0,1
lak404d,146,2999,663,0,0,0,1
lak404d,147,2622,592,0,0,0,1
lak404d,148,3512,649,0,0,0,1
lak404d,149,3944,855,0,0,0,1
lak404d,150,3226,593,0,0,0,1
lak404d,151,2180,550,0,0,0,1
lak404d,152,2427,472,0,0,0,1
lak404d,153,3072,533,0,0,0,1
lak404d,154,3159,588,0,0,0,1
lak404d,155,2321,440,0,0,0,1
lak404d,156,2609,447,0,0,0,1
lak404d,157,2026,466,0,0,0,1
lak404d,158,2857,537,0,0,0,1
lak404d,159,2872,533,0,0,0,1
lak404d,160,2927,567,0,0,0,1
lak404d,161,2045,455,0,0,0,1
lak404d,162,4322,650,0,0,0,1
lak404d,163,3560,466,0,0,0,1
lak404d,164,2900,419,0,0,0,1
lak404d,165,4975,1265,0,0,0,1
lak404d,166,3532,519,0,0,0,1
lak404d,167,2758,378,0,0,0,1
lak404d,168,4717,948,0,0,0,1
lak404d,169,5287,1007,0,0,0,1
lak404d,170,3620,598,0,0,0,1
lak404d,171,3366,879,0,0,0,1
lak404d,172,3570,581,0,0,0,1
lak404d,173,3150,467,0,0,0,1
lak404d,174,3038,409,0,0,0,1
lak404d,175,3859,715,0,0,0,1
lak404d,176,2737,385,0,0,0,1
lak404d,177,1705,355,0,0,0,1
lak404d,178,4225,592,0,0,0,1
lak404d,179,2945,400,0,0,0,1
lak404d,180,3215,559,0,0,0,1
lak404d,181,3243,528,0,0,0,1
lak404d,182,3005,523,0,0,0,1
lak404d,183,4377,683,0,0,0,1
lak404d,184,4488,818,0,0,0,1
lak404d,185,3359,411,0,0,0,1
lak404d,186,3850,545,0,0,0,1
lak404d,187,3661,659,0,0,0,1
lak404d,188,2218,403,0,0,0,1
lak404d,189,3928,655,0,0,0,1
lak404d,190,3810,763,0,0,0,1
lak404d,191,3395,790,0,0,0,1
lak404d,192,3109,518,0,0,0,1
lak404d,193,3116,599,0,0,0,1
lak404d,194,3887,573,0,0,0,1
lak404d,195,4273,554,0,0,0,1
lak404d,196,2243,391,0,0,0,1
lak404d,197,1607,421,0,0,0,1
lak404d,198,2301,428,0,0,0,1
lak404d,199,2120,440,0,0,0,1
lak404d,200,3434,455,0,0,0,1
lak404d,201,2837,419,0,0,0,1
lak404d,202,2953,605,0,0,0,1
lak404d,203,3749,514,0,0,0,1
lak404d,204,3876,538,0,0,0,1
lak404d,205,2305,376,0,0,0,1
lak404d,206,5994,1191,0,0,0,1
lak404d,207,2591,402,0,0,0,1
lak404d,208,5108,685,0,0,0,1
lak404d,209,2808,451,0,0,0,1
lak404d,210,3863,528,0,0,0,1
lak404d,211,3542,559,0,0,0,1
lak404d,212,2900,591,0,0,0,1
lak404d,213,2180,407,0,0,0,1
lak404d,214,1902,382,0,0,0,1
lak404d,215,3322,539,0,0,0,1
lak404d,216,2061,383,0,0,0,1
lak404d,217,5543,827,0,0,0,1
lak404d,218,4166,803,0,0,0,1
lak404d,219,2240,421,0,0,0,1
lak404d,220,3151,507,0,0,0,1
lak404d,221,3534,476,0,0,0,1
lak404d,222,2566,413,0,0,0,1
lak404d,223,1995,363,0,0,0,1
lak404d,224,4363,597,0,0,0,1
lak404d,225,3267,478,0,0,0,1
lak404d,226,1936,360,0,0,0,1
lak404d,227,2678,587,0,0,0,1
lak404d,228,3123,479,0,0,0,1
lak404d,229,6077,1646,0,0,0,1
lak404d,230,3694,552,0,0,0,1
lak404d,231,2142,379,0,0,0,1
lak404d,232,6189,712,0,0,0,1
lak404d,233,4961,626,0,0,0,1
lak404d,234,6154,751,0,0,0,1
lak404d,235,5028,677,0,0,0,1
lak404d,236,2421,444,0,0,0,1
lak404d,237,5567,780,0,0,0,1
lak404d,238,3584,552,0,0,0,1
lak404d,239,2796,415,0,0,0,1
lak404d,240,3310,534,0,0,0,1
lak404d,241,4680,565,0,0,0,1
lak404d,242,5732,1087,0,0,0,1
lak404d,243,2607,363,0,0,0,1
lak404d,244,6237,1267,0,0,0,1
lak404d,245,4608,667,0,0,0,1
lak404d,246,2562,438,0,0,0,1
lak404d,247,2023,376,0,0,0,1
lak404d,248,1904,465,0,0,0,1
lak404d,249,5553,1308,0,0,0,1
lak404d,250,4290,581,0,0,0,1
lak404d,251,3506,483,0,0,0,1
lak404d,252,3233,584,0,0,0,1
lak404d,253,3899,461,0,0,0,1
lak404d,254,4915,763,0,0,0,1
lak404d,255,5179,1139,0,0,0,1
lak404d,256,2539,407,0,0,0,1
lak404d,257,2321,435,0,0,0,1
lak404d,258,1958,380,0,0,0,1
lak404d,259,5837,1366,0,0,0,1
lak404d,260,3923,515,0,0,0,1
lak404d,261,4035,540,0,0,0,1
lak404d,262,3410,518,0,0,0,1
lak404d,263,2936,407,0,0,0,1
lak404d,264,2985,492,0,0,0,1
lak404d,265,5549,724,0,0,0,1
lak404d,266,3642,572,0,0,0,1
lak404d,267,6501,1128,0,0,0,1
lak404d,268,5158,860,0,0,0,1
lak404d,269,5405,1440,0,0,0,1
lak404d,270,3094,491,0,0,0,1
lak404d,271,4963,584,0,0,0,1
lak404d,272,2911,441,0,0,0,1
lak404d,273,3070,501,0,0,0,1
lak404d,274,2900,456,0,0,0,1
lak404d,275,6704,675,0,0,0,1
lak404d,276,5937,602,0,0,0,1
lak404d,277,6942,1146,0,0,0,1
lak404d,278,3280,481,0,0,0,1
lak404d,279,7012,836,0,0,0,1
lak404d,280,4758,677,0,0,0,1
lak404d,281,5272,509,0,0,0,1
lak404d,282,3723,481,0,0,0,1
lak404d,283,4087,578,0,0,0,1
lak404d,284,6069,684,0,0,0,1
lak404d,285,5684,666,0,0,0,1
lak404d,286,5250,565,0,0,0,1
lak404d,287,4433,611,0,0,0,1
lak404d,288,7098,1121,0,0,0,1
lak404d,289,5396,654,0,0,0,1
lak404d,290,4809,686,0,0,0,1
lak404d,291,4420,540,0,0,0,1
lak404d,292,3515,446,0,0,0,1
lak404d,293,5401,613,0,0,0,1
lak404d,294,5281,581,0,0,0,1
lak404d,295,6112,1133,0,0,0,1
lak404d,296,4694,649,0,0,0,1
lak404d,297,3060,435,0,0,0,1
lak404d,298,4952,876,0,0,0,1
lak404d,299,3649,502,0,0,0,1
lak404d,300,4275,590,0,0,0,1
lak404d,301,3088,385,0,0,0,1
lak404d,302,3158,455,0,0,0,1
lak404d,303,5475,596,0,0,0,1
lak404d,304,3077,361,0,0,0,1
lak404d,305,5827,571,0,0,0,1
lak404d,306,5407,520,0,0,0,1
lak404d,307,5784,651,0,0,0,1
lak404d,308,5441,675,0,0,0,1
lak404d,309,3792,493,0,0,0,1
lak404d,310,4226,601,0,0,0,1
lak404d,311,6322,566,0,0,0,1
lak404d,312,2969,374,0,0,0,1
lak404d,313,6073,567,0,0,0,1
lak404d,314,5513,517,0,0,0,1
lak404d,315,5364,645,0,0,0,1
lak404d,316,4054,390,0,0,0,1
lak404d,317,3678,479,0,0,0,1
lak404d,318,6255,674,0,0,0,1
lak404d,319,5898,755,0,0,0,1
lak404d,320,5136,520,0,0,0,1
lak404d,321,6670,880,0,0,0,1
lak404d,322,5536,512,0,0,0,1
lak404d,323,8270,1187,0,0,0,1
lak404d,324,5239,644,0,0,0,1
lak404d,325,5661,675,0,0,0,1
lak404d,326,3730,439,0,0,0,1
lak404d,327,5208,523,0,0,0,1
lak404d,328,4619,528,0,0,0,1
lak404d,329,3438,483,0,0,0,1
lak404d,330,4967,725,0,0,0,1
lak404d,331,4196,566,0,0,0,1
lak404d,332,4110,585,0,0,0,1
lak404d,333,4098,456,0,0,0,1
lak404d,334,5928,726,0,0,0,1
lak404d,335,5930,707,0,0,0,1
lak404d,336,4523,555,0,0,0,1
lak404d,337,7005,617,0,0,0,1
lak404d,338,5074,579,0,0,0,1
lak404d,339,4260,425,0,0,0,1
lak404d,340,5989,633,0,0,0,1
lak404d,341,4542,549,0,0,0,1
lak404d,342,3691,431,0,0,0,1
lak404d,343,4148,551,0,0,0,1
lak404d,344,6105,560,0,0,0,1
lak404d,345,5456,514,0,0,0,1
lak404d,346,6003,506,0,0,0,1
lak404d,347,5073,456,0,0,0,1
lak404d,348,5225,463,0,0,0,1
lak404d,349,7040,584,0,0,0,1
lak404d,350,5088,501,0,0,0,1
lak404d,351,4646,454,0,0,0,1
lak404d,352,4859,521,0,0,0,1
lak404d,353,4882,548,0,0,0,1
lak404d,354,4472,468,0,0,0,1
lak404d,355,4173,440,0,0,0,1
lak404d,356,6167,711,0,0,0,1
lak404d,357,6798,626,0,0,0,1
lak404d,358,6321,665,0,0,0,1
lak404d,359,6616,644,0,0,0,1
lak404d,360,5591,660,0,0,0,1
lak404d,361,7133,753,0,0,0,1
lak404d,362,4778,465,0,0,0,1
lak404d,363,6105,546,0,0,0,1
lak404d,364,7378,596,0,0,0,1
lak404d,365,7321,586,0,0,0,1
lak404d,366,7237,799,0,0,0,1
lak404d,367,7239,667,0,0,0,1
lak404d,368,5089,594,0,0,0,1
lak404d,369,4270,442,0,0,0,1
lak404d,370,4412,506,0,0,0,1
lak404d,371,4638,421,0,0,0,1
lak404d,372,7625,779,0,0,0,1
lak404d,373,4789,437,0,0,0,1
lak404d,374,7521,631,0,0,0,1
lak404d,375,6946,732,0,0,0,1
lak404d,376,6428,551,0,0,0,1
lak404d,377,6547,577,0,0,0,1
lak404d,378,7587,1169,0,0,0,1
lak404d,379,5231,509,0,0,0,1
lak404d,380,7075,661,0,0,0,1
lak404d,381,4989,453,0,0,0,1
lak404d,382,7484,631,0,0,0,1
lak404d,383,7363,709,0,0,0,1
lak404d,384,7667,600,0,0,0,1
lak404d,385,6202,608,0,0,0,1
lak404d,386,5968,433,0,0,0,1
lak404d,387,5751,579,0,0,0,1
lak404d,388,7763,523,0,0,0,1
lak404d,389,8019,795,0,0,0,1
lak404d,390,6118,493,0,0,0,1
lak404d,391,5104,547,0,0,0,1
lak404d,392,5194,499,0,0,0,1
lak404d,393,8328,632,0,0,0,1
lak404d,394,5272,446,0,0,0,1
lak404d,395,5291,408,0,0,0,1
lak404d,396,7753,527,0,0,0,1
lak404d,397,6556,574,0,0,0,1
lak404d,398,6185,487,0,0,0,1
lak404d,399,6201,500,0,0,0,1
lak404d,400,5760,696,0,0,0,1
lak404d,401,6048,594,0,0,0,1
lak404d,402,5964,548,0,0,0,1
lak404d,403,4855,406,0,0,0,1
lak404d,404,4914,425,0,0,0,1
lak404d,405,4279,453,0,0,0,1
lak404d,406,5007,511,0,0,0,1
lak404d,407,5097,478,0,0,0,1
lak404d,408,8170,542,0,0,0,1
lak404d,409,5335,453,0,0,0,1
lak404d,410,4545,433,0,0,0,1
lak404d,411,5019,423,0,0,0,1
lak404d,412,4589,497,0,0,0,1
lak404d,413,5316,490,0,0,0,1
lak404d,414,7314,560,0,0,0,1
lak404d,415,8090,679,0,0,0,1
lak404d,416,8826,583,0,0,0,1
lak404d,417,9299,589,0,0,0,1
lak404d,418,7001,509,0,0,0,1
lak404d,419,6367,561,0,0,0,1
lak404d,420,8065,827,0,0,0,1
lak404d,421,6058,541,0,0,0,1
lak404d,422,5382,485,0,0,0,1
lak404d,423,5369,520,0,0,0,1
lak404d,424,5092,456,0,0,0,1
lak404d,425,7618,565,0,0,0,1
lak404d,426,6888,593,0,0,0,1
lak404d,427,7048,493,0,0,0,1
lak404d,428,9147,595,0,0,0,1
lak404d,429,8155,584,0,0,0,1
lak404d,430,8165,642,0,0,0,1
lak404d,431,6628,505,0,0,0,1
lak404d,432,5476,451,0,0,0,1
lak404d,433,5128,402,0,0,0,1
lak404d,434,4973,389,0,0,0,1
lak404d,435,4825,395,0,0,0,1
lak404d,436,5188,438,0,0,0,1
lak404d,437,5725,440,0,0,0,1
lak404d,438,5082,456,0,0,0,1
lak404d,439,5243,426,0,0,0,1
lak404d,440,5550,560,0,0,0,1
lak404d,441,4954,406,0,0,0,1
lak404d,442,8713,568,0,0,0,1
lak404d,443,8449,485,0,0,0,1
lak404d,444,8444,487,0,0,0,1
lak404d,445,8408,497,0,0,0,1
lak404d,446,9069,490,0,0,0,1
lak404d,447,8151,680,0,0,0,1
lak404d,448,8851,688,0,0,0,1
lak404d,449,8138,682,0,0,0,1
lak404d,450,7349,651,0,0,0,1
lak404d,451,6098,511,0,0,0,1
lak404d,452,5426,472,0,0,0,1
lak404d,453,5176,419,0,0,0,1
lak404d,454,7610,516,0,0,0,1
lak404d,455,9112,556,0,0,0,1
lak404d,456,7221,493,0,0,0,1
lak404d,457,8618,594,0,0,0,1
lak404d,458,8342,577,0,0,0,1
lak404d,459,7897,818,0,0,0,1
lak404d,460,6782,455,0,0,0,1
lak404d,461,5447,407,0,0,0,1
lak404d,462,6058,486,0,0,0,1
lak404d,463,8243,536,0,0,0,1
lak404d,464,8628,545,0,0,0,1
lak404d,465,8415,603,0,0,0,1
lak404d,466,8179,725,0,0,0,1
lak404d,467,7970,793,0,0,0,1
lak404d,468,8205,1068,0,0,0,1
lak404d,469,9473,1292,0,0,0,1
lak404d,470,7285,491,0,0,0,1
lak404d,471,6398,416,0,0,0,1
lak404d,472,5933,594,0,0,0,1
lak404d,473,9109,525,0,0,0,1
lak404d,474,6602,464,0,0,0,1
lak404d,475,8484,673,0,0,0,1
lak404d,476,8576,635,0,0,0,1
lak404d,477,7935,711,0,0,0,1
lak404d,478,9031,681,0,0,0,1
lak404d,479,6925,542,0,0,0,1
lak404d,480,5811,475,0,0,0,1
lak404d,481,5592,427,0,0,0,1
lak404d,482,9051,536,0,0,0,1
lak404d,483,6597,545,0,0,0,1
lak404d,484,5886,484,0,0,0,1
lak404d,485,6306,528,0,0,0,1
lak404d,486,9276,1134,0,0,0,1
lak404d,487,7763,835,0,0,0,1
lak404d,488,8698,1070,0,0,0,1
lak404d,489,7363,1018,0,0,0,1
lak404d,490,6899,539,0,0,0,1
lak404d,491,5750,482,0,0,0,1
lak404d,492,7349,885,0,0,0,1
lak404d,493,7993,1072,0,0,0,1
lak404d,494,8706,971,0,0,0,1
lak404d,495,7324,974,0,0,0,1
lak404d,496,7196,1026,0,0,0,1
lak404d,497,7704,1553,0,0,0,1
lak404d,498,6848,1187,0,0,0,1
lak404d,499,6362,602,0,0,0,1
lak404d,500,8008,589,0,0,0,1
lak404d,501,8025,624,0,0,0,1
lak404d,502,7784,732,0,0,0,1
lak404d,503,8526,750,0,0,0,1
lak404d,504,7772,839,0,0,0,1
lak404d,505,7455,674,0,0,0,1
lak404d,506,6504,599,0,0,0,1
lak404d,507,7747,1078,0,0,0,1
lak404d,508,6720,919,0,0,0,1
lak404d,509,7821,1023,0,0,0,1
lak404d,510,9690,699,0,0,0,1
lak404d,511,8225,595,0,0,0,1
lak404d,512,7577,626,0,0,0,1
lak404d,513,8342,646,0,0,0,1
lak404d,514,9248,509,0,0,0,1
lak404d,515,7161,625,0,0,0,1
lak404d,516,7845,664,0,0,0,1
lak404d,517,6546,644,0,0,0,1
lak404d,518,6888,639,0,0,0,1
lak404d,519,6426,927,0,0,0,1
lak404d,520,8965,604,0,0,0,1
lak404d,521,8894,504,0,0,0,1
lak404d,522,8052,425,0,0,0,1
lak404d,523,8296,789,0,0,0,1
lak404d,524,7345,782,0,0,0,1
lak404d,525,7579,658,0,0,0,1
lak404d,526,9783,777,0,0,0,1
lak404d,527,10236,589,0,0,0,1
lak404d,528,8078,710,0,0,0,1
lak404d,529,7656,894,0,0,0,1
lak404d,530,9438,546,0,0,0,1
lak404d,531,7436,560,0,0,0,1
lak404d,532,8957,629,0,0,0,1
lak404d,533,8118,722,0,0,0,1
lak404d,534,8352,1054,0,0,0,1
lak404d,535,9463,1058,0,0,0,1
lak404d,536,7533,1089,0,0,0,1
lak404d,537,7461,675,0,0,0,1
lak404d,538,7480,1171,0,0,0,1
lak404d,539,7517,1113,0,0,0,1
lak404d,540,9747,704,0,0,0,1
lak404d,541,7955,565,0,0,0,1
lak404d,542,7299,603,0,0,0,1
lak404d,543,7602,479,0,0,0,1
lak404d,544,7627,452,0,0,0,1
lak404d,545,6896,459,0,0,0,1
lak404d,546,11274,536,0,0,0,1
lak404d,547,8583,496,0,0,0,1
lak404d,548,8303,687,0,0,0,1
lak404d,549,9458,629,0,0,0,1
lak404d,550,8326,571,0,0,0,1
lak404d,551,9070,451,0,0,0,1
lak404d,552,9401,426,0,0,0,1
lak404d,553,8208,508,0,0,0,1
lak404d,554,10390,678,0,0,0,1
lak404d,555,10350,752,0,0,0,1
lak404d,556,9741,652,0,0,0,1
lak404d,557,7593,528,0,0,0,1
lak404d,558,10666,667,0,0,0,1
lak404d,559,9315,759,0,0,0,1
lak404d,560,9157,501,0,0,0,1
lak404d,561,7889,428,0,0,0,1
lak404d,562,7717,563,0,0,0,1
lak404d,563,9645,762,0,0,0,1
lak404d,564,8496,544,0,0,0,1
lak404d,565,8596,562,0,0,0,1
lak404d,566,8184,589,0,0,0,1
lak404d,567,7833,562,0,0,0,1
lak404d,568,10123,870,0,0,0,1
lak404d,569,9258,559,0,0,0,1
lak404d,570,7912,549,0,0,0,1
lak404d,571,7442,426,0,0,0,1
lak404d,572,9121,764,0,0,0,1
lak404d,573,7132,524,0,0,0,1
lak404d,574,6836,541,0,0,0,1
lak404d,575,7582,501,0,0,0,1
lak404d,576,7029,462,0,0,0,1
lak404d,577,10106,930,0,0,0,1
lak404d,578,10453,829,0,0,0,1
lak404d,579,8902,717,0,0,0,1
lak404d,580,8314,441,0,0,0,1
lak404d,581,7217,480,0,0,0,1
lak404d,582,7455,520,0,0,0,1
lak404d,583,7055,434,0,0,0,1
lak404d,584,9806,593,0,0,0,1
lak404d,585,7520,524,0,0,0,1
lak404d,586,9315,723,0,0,0,1
lak404d,587,7531,560,0,0,0,1
lak404d,588,7850,618,0,0,0,1
lak404d,589,8396,671,0,0,0,1
lak404d,590,8454,446,0,0,0,1
lak404d,591,7541,454,0,0,0,1
lak404d,592,7432,463,0,0,0,1
lak404d,593,12177,573,0,0,0,1
lak404d,594,10461,635,0,0,0,1
lak404d,595,10706,661,0,0,0,1
lak404d,596,10217,764,0,0,0,1
lak404d,597,9270,758,0,0,0,1
lak404d,598,9334,713,0,0,0,1
lak404d,599,7877,598,0,0,0,1
lak404d,600,11383,625,0,0,0,1
lak404d,601,10293,560,0,0,0,1
lak404d,602,7593,482,0,0,0,1
lak404d,603,8420,445,0,0,0,1
lak404d,604,7573,542,0,0,0,1
lak404d,605,11497,770,0,0,0,1
lak404d,606,9096,545,0,0,0,1
lak404d,607,9025,514,0,0,0,1
lak404d,608,10514,861,0,0,0,1
lak404d,609,9225,693,0,0,0,1
lak404d,610,8506,473,0,0,0,1
lak404d,611,7482,400,0,0,0,1
lak404d,612,7552,466,0,0,0,1
lak404d,613,7785,531,0,0,0,1
lak404d,614,11120,679,0,0,0,1
lak404d,615,10001,617,0,0,0,1
lak404d,616,9745,690,0,0,0,1
lak404d,617,11439,761,0,0,0,1
lak404d,618,9632,503,0,0,0,1
lak404d,619,7863,547,0,0,0,1
lak404d,620,7764,456,0,0,0,1
lak404d,621,9579,645,0,0,0,1
lak404d,622,13646,802,0,0,0,1
lak404d,623,12095,1327,0,0,0,1
lak404d,624,10816,662,0,0,0,1
lak404d,625,10144,781,0,0,0,1
lak404d,626,9688,541,0,0,0,1
lak404d,627,7921,429,0,0,0,1
lak404d,628,7897,497,0,0,0,1
lak404d,629,7597,457,0,0,0,1
lak404d,630,7425,415,0,0,0,1
lak404d,631,8426,495,0,0,0,1
lak404d,632,13190,720,0,0,0,1
lak404d,633,10806,484,0,0,0,1
lak404d,634,9798,438,0,0,0,1
lak404d,635,10843,783,0,0,0,1
lak404d,636,9680,748,0,0,0,1
lak404d,637,9223,510,0,0,0,1
lak404d,638,10374,578,0,0,0,1
lak404d,639,10764,724,0,0,0,1
lak404d,640,9903,422,0,0,0,1
lak404d,641,8410,431,0,0,0,1
lak404d,642,8289,424,0,0,0,1
lak404d,643,8049,439,0,0,0,1
lak404d,644,8543,419,0,0,0,1
lak404d,645,8439,434,0,0,0,1
lak404d,646,8374,612,0,0,0,1
lak404d,647,12215,629,0,0,0,1
lak404d,648,11403,617,0,0,0,1
lak404d,649,11000,666,0,0,0,1
lak404d,650,11206,690,0,0,0,1
lak404d,651,8709,449,0,0,0,1
lak404d,652,12535,509,0,0,0,1
lak404d,653,10083,484,0,0,0,1
lak404d,654,9291,476,0,0,0,1
lak404d,655,10649,566,0,0,0,1
lak404d,656,11796,871,0,0,0,1
lak404d,657,9591,442,0,0,0,1
lak404d,658,9496,505,0,0,0,1
lak404d,659,13420,648,0,0,0,1
lak404d,660,9567,546,0,0,0,1
lak404d,661,7909,433,0,0,0,1
lak404d,662,8863,496,0,0,0,1
lak404d,663,8630,455,0,0,0,1
lak404d,664,8678,449,0,0,0,1
lak404d,665,10814,698,0,0,0,1
lak404d,666,13899,625,0,0,0,1
lak404d,667,11966,516,0,0,0,1
lak404d,668,11697,496,0,0,0,1
lak404d,669,10921,654,0,0,0,1
lak404d,670,10744,433,0,0,0,1
lak404d,671,8683,413,0,0,0,1
lak404d,672,12357,544,0,0,0,1
lak404d,673,9109,554,0,0,0,1
lak404d,674,8498,425,0,0,0,1
lak404d,675,8786,413,0,0,0,1
lak404d,676,12314,663,0,0,0,1
lak404d,677,9675,553,0,0,0,1
lak404d,678,10028,476,0,0,0,1
lak404d,679,11576,512,0,0,0,1
lak404d,680,8978,476,0,0,0,1
lak404d,681,9335,440,0,0,0,1
lak404d,682,8866,456,0,0,0,1
lak404d,683,9337,493,0,0,0,1
lak404d,684,11802,748,0,0,0,1
lak404d,685,9717,552,0,0,0,1
lak404d,686,8576,413,0,0,0,1
lak404d,687,8267,384,0,0,0,1
lak404d,688,8699,462,0,0,0,1
lak404d,689,13150,514,0,0,0,1
lak404d,690,11951,548,0,0,0,1
lak404d,691,9560,425,0,0,0,1
lak404d,692,9331,425,0,0,0,1
lak404d,693,8805,448,0,0,0,1
lak404d,694,11342,713,0,0,0,1
lak404d,695,13456,789,0,0,0,1
lak404d,696,9991,498,0,0,0,1
lak404d,697,8951,457,0,0,0,1
lak404d,698,8546,463,0,0,0,1
lak404d,699,8601,445,0,0,0,1
lak404d,700,9196,439,0,0,0,1
lak404d,701,8931,441,0,0,0,1
lak404d,702,10123,480,0,0,0,1
lak404d,703,13198,464,0,0,0,1
lak404d,704,9264,424,0,0,0,1
lak404d,705,8885,420,0,0,0,1
lak404d,706,13147,839,0,0,0,1
lak404d,707,11769,739,0,0,0,1
lak404d,708,10427,445,0,0,0,1
lak404d,709,10052,477,0,0,0,1
lak404d,710,9512,400,0,0,0,1
lak404d,711,10169,457,0,0,0,1
lak404d,712,13222,574,0,0,0,1
lak404d,713,11504,476,0,0,0,1
lak404d,714,9500,461,0,0,0,1
lak404d,715,11703,751,0,0,0,1
lak404d,716,10747,675,0,0,0,1
lak404d,717,11977,620,0,0,0,1
lak404d,718,10219,532,0,0,0,1
lak404d,719,9283,471,0,0,0,1
lak404d,720,9682,555,0,0,0,1
lak404d,721,9146,578,0,0,0,1
lak404d,722,12806,542,0,0,0,1
lak404d,723,8935,439,0,0,0,1
lak404d,724,9400,489,0,0,0,1
lak404d,725,8946,401,0,0,0,1
lak404d,726,11256,794,0,0,0,1
lak404d,727,12155,700,0,0,0,1
lak404d,728,9473,633,0,0,0,1
lak404d,729,10259,602,0,0,0,1
lak404d,730,10331,528,0,0,0,1
lak404d,731,9490,498,0,0,0,1
lak404d,732,10006,430,0,0,0,1
lak404d,733,11929,734,0,0,0,1
lak404d,734,9507,452,0,0,0,1
lak404d,735,9156,468,0,0,0,1
lak404d,736,10808,729,0,0,0,1
lak404d,737,11929,761,0,0,0,1
lak404d,738,11383,768,0,0,0,1
lak404d,739,11315,773,0,0,0,1
lak404d,740,11978,574,0,0,0,1
lak404d,741,9406,484,0,0,0,1
lak404d,742,11849,918,0,0,0,1
lak404d,743,12520,799,0,0,0,1
lak404d,744,11970,447,0,0,0,1
lak404d,745,9424,416,0,0,0,1
lak404d,746,9463,514,0,0,0,1
lak404d,747,10161,461,0,0,0,1
lak404d,748,9448,438,0,0,0,1
lak404d,749,10916,748,0,0,0,1
lak404d,750,9243,542,0,0,0,1
lak404d,751,13926,575,0,0,0,1
lak404d,752,11560,698,0,0,0,1
lak404d,753,12190,441,0,0,0,1
lak404d,754,9985,481,0,0,0,1
lak404d,755,12019,785,0,0,0,1
lak404d,756,11165,775,0,0,0,1
lak404d,757,11713,710,0,0,0,1
lak404d,758,11107,751,0,0,0,1
lak404d,759,9966,565,0,0,0,1
lak404d,760,11822,483,0,0,0,1
lak404d,761,9533,471,0,0,0,1
lak404d,762,8996,614,0,0,0,1
lak404d,763,10750,563,0,0,0,1
lak404d,764,8932,488,0,0,0,1
lak404d,765,12071,590,0,0,0,1
lak404d,766,11153,610,0,0,0,1
lak404d,767,11014,683,0,0,0,1
lak404d,768,9937,576,0,0,0,1
lak404d,769,9835,652,0,0,0,1
lak404d,770,11252,501,0,0,0,1
lak404d,771,9344,434,0,0,0,1
lak404d,772,10377,678,0,0,0,1
lak404d,773,10652,669,0,0,0,1
lak404d,774,10189,483,0,0,0,1
lak404d,775,10278,501,0,0,0,1
lak404d,776,13447,932,0,0,0,1
lak404d,777,11100,982,0,0,0,1
lak404d,778,10763,656,0,0,0,1
lak404d,779,9225,1073,0,0,0,1
lak404d,780,11875,579,0,0,0,1
lak404d,781,9780,462,0,0,0,1
lak404d,782,10821,635,0,0,0,1
lak404d,783,13166,687,0,0,0,1
lak404d,784,10701,595,0,0,0,1
lak404d,785,9983,601,0,0,0,1
lak404d,786,11728,696,0,0,0,1
lak404d,787,10964,682,0,0,0,1
lak404d,788,10464,626,0,0,0,1
lak404d,789,10178,616,0,0,0,1
lak404d,790,13895,655,0,0,0,1
lak404d,791,11066,528,0,0,0,1
lak404d,792,12722,538,0,0,0,1
lak404d,793,10365,666,0,0,0,1
lak404d,794,11296,934,0,0,0,1
lak404d,795,12523,737,0,0,0,1
lak404d,796,13294,610,0,0,0,1
lak404d,797,11246,2407,0,0,0,1
lak404d,798,12342,911,0,0,0,1
lak404d,799,10503,1080,0,0,0,1
lak404d,800,12101,587,0,0,0,1
lak404d,801,10150,436,0,0,0,1
lak404d,802,11270,780,0,0,0,1
lak404d,803,10288,888,0,0,0,1
lak404d,804,11996,869,0,0,0,1
lak404d,805,10155,855,0,0,0,1
lak404d,806,10479,948,0,0,0,1
lak404d,807,11995,1161,0,0,0,1
lak404d,808,10298,693,0,0,0,1
lak404d,809,10264,901,0,0,0,1
lak404d,810,12194,544,0,0,0,1
lak404d,811,11695,706,0,0,0,1
lak404d,812,11441,740,0,0,0,1
lak404d,813,11393,518,0,0,0,1
lak404d,814,14362,666,0,0,0,1
lak404d,815,11779,590,0,0,0,1
lak404d,816,11014,669,0,0,0,1
lak404d,817,10370,697,0,0,0,1
lak404d,818,9272,754,0,0,0,1
lak404d,819,9959,743,0,0,0,1
lak404d,820,12606,518,0,0,0,1
lak404d,821,12842,513,0,0,0,1
lak404d,822,12160,678,0,0,0,1
lak404d,823,9769,698,0,0,0,1
lak404d,824,12782,660,0,0,0,1
lak404d,825,11487,643,0,0,0,1
lak404d,826,12201,625,0,0,0,1
lak404d,827,14734,600,0,0,0,1
lak404d,828,12674,600,0,0,0,1
lak404d,829,10369,456,0,0,0,1
lak404d,830,10535,490,0,0,0,1
lak404d,831,11576,530,0,0,0,1
lak404d,832,14319,550,0,0,0,1
lak404d,833,13127,807,0,0,0,1
lak404d,834,11750,672,0,0,0,1
lak404d,835,12448,562,0,0,0,1
lak404d,836,13204,628,0,0,0,1
lak404d,837,11011,906,0,0,0,1
lak404d,838,13243,784,0,0,0,1
lak404d,839,10974,644,0,0,0,1
lak404d,840,12141,512,0,0,0,1
lak404d,841,13098,643,0,0,0,1
lak404d,842,12713,641,0,0,0,1
lak404d,843,11517,637,0,0,0,1
lak404d,844,12752,574,0,0,0,1
lak404d,845,11159,583,0,0,0,1
lak404d,846,14354,516,0,0,0,1
lak404d,847,12340,717,0,0,0,1
lak404d,848,11217,589,0,0,0,1
lak404d,849,14585,909,0,0,0,1
lak404d,850,12622,507,0,0,0,1
lak404d,851,12790,576,0,0,0,1
lak404d,852,13126,684,0,0,0,1
lak404d,853,12117,631,0,0,0,1
lak404d,854,11528,592,0,0,0,1
lak404d,855,12065,656,0,0,0,1
lak404d,856,13355,530,0,0,0,1
lak404d,857,10910,557,0,0,0,1
lak404d,858,11348,664,0,0,0,1
lak404d,859,11773,565,0,0,0,1
lak404d,860,16726,739,0,0,0,1
lak404d,861,11469,585,0,0,0,1
lak404d,862,12824,508,0,0,0,1
lak404d,863,11638,532,0,0,0,1
lak404d,864,11258,513,0,0,0,1
lak404d,865,12381,684,0,0,0,1
lak404d,866,11580,626,0,0,0,1
lak404d,867,13057,585,0,0,0,1
lak404d,868,11826,755,0,0,0,1
lak404d,869,11140,629,0,0,0,1
lak404d,870,13668,535,0,0,0,1
lak404d,871,11686,505,0,0,0,1
lak404d,872,14662,506,0,0,0,1
lak404d,873,11385,581,0,0,0,1
lak404d,874,11742,615,0,0,0,1
lak404d,875,13649,503,0,0,0,1
lak404d,876,12789,550,0,0,0,1
lak404d,877,12229,575,0,0,0,1
lak404d,878,12245,500,0,0,0,1
lak404d,879,12317,575,0,0,0,1
lak404d,880,14122,478,0,0,0,1
lak404d,881,11401,436,0,0,0,1
lak404d,882,10913,441,0,0,0,1
lak404d,883,13868,646,0,0,0,1
lak404d,884,12211,486,0,0,0,1
lak404d,885,13032,539,0,0,0,1
lak404d,886,13200,574,0,0,0,1
lak404d,887,15287,706,0,0,0,1
lak404d,888,12885,517,0,0,0,1
lak404d,889,12213,704,0,0,0,1
lak404d,890,13069,486,0,0,0,1
lak404d,891,13877,710,0,0,0,1
lak404d,892,12868,548,0,0,0,1
lak404d,893,14417,602,0,0,0,1
lak404d,894,13553,644,0,0,0,1
lak404d,895,13402,589,0,0,0,1
lak404d,896,13891,758,0,0,0,1
lak404d,897,13473,650,0,0,0,1
lak404d,898,14200,607,0,0,0,1
lak404d,899,13310,622,0,0,0,1
lak404d,900,16378,723,0,0,0,1
lak404d,901,15756,655,0,0,0,1
lak404d,902,11618,539,0,0,0,1
lak404d,903,12453,589,0,0,0,1
lak404d,904,14400,548,0,0,0,1
lak404d,905,12691,523,0,0,0,1
lak404d,906,13967,552,0,0,0,1
lak404d,907,15338,707,0,0,0,1
lak404d,908,13123,714,0,0,0,1
lak404d,909,12129,581,0,0,0,1
lak404d,910,16013,620,0,0,0,1
lak404d,911,13674,515,0,0,0,1
lak404d,912,14461,618,0,0,0,1
lak404d,913,11958,480,0,0,0,1
lak404d,914,12107,500,0,0,0,1
lak404d,915,15511,562,0,0,0,1
lak404d,916,12886,483,0,0,0,1
lak404d,917,13405,596,0,0,0,1
lak404d,918,15215,689,0,0,0,1
lak404d,919,12653,653,0,0,0,1
lak404d,920,14414,659,0,0,0,1
lak404d,921,15412,571,0,0,0,1
lak404d,922,13516,495,0,0,0,1
lak404d,923,12059,459,0,0,0,1
lak404d,924,13918,574,0,0,0,1
lak404d,925,12128,464,0,0,0,1
lak404d,926,14649,562,0,0,0,1
lak404d,927,13300,584,0,0,0,1
lak404d,928,15044,652,0,0,0,1
lak404d,929,13826,630,0,0,0,1
lak404d,930,13866,513,0,0,0,1
lak404d,931,11294,395,0,0,0,1
lak404d,932,15116,591,0,0,0,1
lak404d,933,13198,513,0,0,0,1
lak404d,934,13547,560,0,0,0,1
lak404d,935,13522,522,0,0,0,1
lak404d,936,15158,799,0,0,0,1
lak404d,937,14233,640,0,0,0,1
lak404d,938,13424,615,0,0,0,1
lak404d,939,14021,651,0,0,0,1
lak404d,940,14057,525,0,0,0,1
lak404d,941,12878,477,0,0,0,1
lak404d,942,12505,469,0,0,0,1
lak404d,943,14252,477,0,0,0,1
lak404d,944,13375,519,0,0,0,1
lak404d,945,12460,483,0,0,0,1
lak404d,946,14450,517,0,0,0,1
lak404d,947,14449,586,0,0,0,1
lak404d,948,13692,574,0,0,0,1
lak404d,949,12667,529,0,0,0,1
lak404d,950,15089,597,0,0,0,1
lak404d,951,17459,780,0,0,0,1
lak404d,952,14040,548,0,0,0,1
lak404d,953,14558,473,0,0,0,1
lak404d,954,13817,493,0,0,0,1
lak404d,955,11993,452,0,0,0,1
lak404d,956,13460,619,0,0,0,1
lak404d,957,15118,675,0,0,0,1
lak404d,958,14777,818,0,0,0,1
lak404d,959,13867,549,0,0,0,1
lak404d,960,14117,572,0,0,0,1
lak404d,961,13591,516,0,0,0,1
lak404d,962,13734,528,0,0,0,1
lak404d,963,12295,513,0,0,0,1
lak404d,964,13767,573,0,0,0,1
lak404d,965,13851,545,0,0,0,1
lak404d,966,13904,662,0,0,0,1
lak404d,967,12820,746,0,0,0,1
lak404d,968,12441,657,0,0,0,1
lak404d,969,12021,547,0,0,0,1
lak404d,970,14885,581,0,0,0,1
lak404d,971,12979,497,0,0,0,1
lak404d,972,14618,654,0,0,0,1
lak404d,973,13428,562,0,0,0,1
lak404d,974,15810,723,0,0,0,1
lak404d,975,13583,655,0,0,0,1
lak404d,976,13651,607,0,0,0,1
lak404d,977,12301,546,0,0,0,1
lak404d,978,16433,578,0,0,0,1
lak404d,979,13876,664,0,0,0,1
lak404d,980,14036,701,0,0,0,1
lak404d,981,14326,726,0,0,0,1
lak404d,982,14665,627,0,0,0,1
lak404d,983,13114,508,0,0,0,1
lak404d,984,13709,543,0,0,0,1
lak404d,985,12456,502,0,0,0,1
lak404d,986,15867,568,0,0,0,1
lak404d,987,13759,563,0,0,0,1
lak404d,988,13332,721,0,0,0,1
lak404d,989,14494,583,0,0,0,1
lak404d,990,16558,609,0,0,0,1
lak404d,991,15846,628,0,0,0,1
lak404d,992,15203,545,0,0,0,1
lak404d,993,14057,770,0,0,0,1
lak404d,994,11988,488,0,0,0,1
lak404d,995,15047,521,0,0,0,1
lak404d,996,14155,538,0,0,0,1
lak404d,997,12929,499,0,0,0,1
lak404d,998,12290,500,0,0,0,1
lak404d,999,15126,532,0,0,0,1
lak404d,1000,12746,497,0,0,0,1
lak404d,1001,15902,520,0,0,0,1
lak404d,1002,13274,493,0,0,0,1
lak404d,1003,13492,515,0,0,0,1
lak404d,1004,14296,455,0,0,0,1
lak404d,1005,13861,610,0,0,0,1
lak404d,1006,15123,538,0,0,0,1
lak404d,1007,14280,600,0,0,0,1
lak404d,1008,13359,549,0,0,0,1
lak404d,1009,15177,617,0,0,0,1
lak404d,1010,16052,665,0,0,0,1
lak404d,1011,13062,534,0,0,0,1
lak404d,1012,12280,558,0,0,0,1
lak404d,1013,12906,575,0,0,0,1
lak404d,1014,14929,536,0,0,0,1
lak404d,1015,14640,516,0,0,0,1
lak404d,1016,13828,633,0,0,0,1
lak404d,1017,13696,650,0,0,0,1
lak404d,1018,12639,480,0,0,0,1
lak404d,1019,14616,557,0,0,0,1
lak404d,1020,14622,544,0,0,0,1
lak404d,1021,16321,597,0,0,0,1
lak404d,1022,14348,549,0,0,0,1
lak404d,1023,14404,735,0,0,0,1
lak404d,1024,16149,730,0,0,0,1
lak404d,1025,14316,779,0,0,0,1
lak404d,1026,13464,682,0,0,0,1
lak404d,1027,13586,677,0,0,0,1
lak404d,1028,12689,802,0,0,0,1
lak404d,1029,12381,612,0,0,0,1
lak404d,1030,14839,561,0,0,0,1
lak404d,1031,12263,558,0,0,0,1
lak404d,1032,16169,555,0,0,0,1
lak404d,1033,13888,525,0,0,0,1
lak404d,1034,13327,541,0,0,0,1
lak404d,1035,15832,666,0,0,0,1
lak404d,1036,14592,724,0,0,0,1
lak404d,1037,13104,837,0,0,0,1
lak404d,1038,12381,875,0,0,0,1
lak404d,1039,16324,591,0,0,0,1
lak404d,1040,13198,612,0,0,0,1
lak404d,1041,13054,501,0,0,0,1
lak404d,1042,14023,585,0,0,0,1
lak404d,1043,13741,553,0,0,0,1
lak404d,1044,13116,732,0,0,0,1
lak404d,1045,12595,698,0,0,0,1
lak404d,1046,12794,863,0,0,0,1
lak404d,1047,13759,602,0,0,0,1
lak404d,1048,13468,678,0,0,0,1
lak404d,1049,12512,483,0,0,0,1
lak404d,1050,13651,673,0,0,0,1
lak404d,1051,12422,455,0,0,0,1
lak404d,1052,12327,479,0,0,0,1
lak404d,1053,12436,582,0,0,0,1
lak404d,1054,18760,591,0,0,0,1
lak404d,1055,14445,475,0,0,0,1
lak404d,1056,14943,618,0,0,0,1
lak404d,1057,13957,560,0,0,0,1
lak404d,1058,13295,850,0,0,0,1
lak404d,1059,12433,771,0,0,0,1
lak404d,1060,12151,447,0,0,0,1
lak404d,1061,18736,765,0,0,0,1
lak404d,1062,13918,616,0,0,0,1
lak404d,1063,13981,1011,0,0,0,1
lak404d,1064,13571,936,0,0,0,1
lak404d,1065,12963,693,0,0,0,1
lak404d,1066,12943,688,0,0,0,1
lak404d,1067,13273,667,0,0,0,1
lak404d,1068,19341,1331,0,0,0,1
lak404d,1069,14715,583,0,0,0,1
lak404d,1070,15188,494,0,0,0,1
lak404d,1071,12897,474,0,0,0,1
lak404d,1072,12138,499,0,0,0,1
lak404d,1073,12539,492,0,0,0,1
lak404d,1074,12698,575,0,0,0,1
lak404d,1075,16232,642,0,0,0,1
lak404d,1076,15037,565,0,0,0,1
lak404d,1077,17884,785,0,0,0,1
lak404d,1078,13426,683,0,0,0,1
lak404d,1079,14886,1214,0,0,0,1
lak404d,1080,16330,490,0,0,0,1
lak404d,1081,14241,561,0,0,0,1
lak404d,1082,18012,804,0,0,0,1
lak404d,1083,14845,533,0,0,0,1
lak404d,1084,13960,576,0,0,0,1
lak404d,1085,17669,689,0,0,0,1
lak404d,1086,14508,490,0,0,0,1
lak404d,1087,15656,718,0,0,0,1
lak404d,1088,16073,662,0,0,0,1
lak404d,1089,14295,521,0,0,0,1
lak404d,1090,15571,523,0,0,0,1
lak404d,1091,14416,466,0,0,0,1
lak404d,1092,16111,460,0,0,0,1
lak404d,1093,13219,420,0,0,0,1
lak404d,1094,12819,468,0,0,0,1
lak404d,1095,14553,606,0,0,0,1
lak404d,1096,12801,436,0,0,0,1
lak404d,1097,12669,522,0,0,0,1
lak404d,1098,17316,507,0,0,0,1
lak404d,1099,14689,507,0,0,0,1
lak404d,1100,16494,446,0,0,0,1
lak404d,1101,14599,468,0,0,0,1
lak404d,1102,13263,472,0,0,0,1
lak404d,1103,18208,775,0,0,0,1
lak404d,1104,18826,783,0,0,0,1
lak404d,1105,14907,553,0,0,0,1
lak404d,1106,13594,539,0,0,0,1
lak404d,1107,17508,714,0,0,0,1
lak404d,1108,15667,536,0,0,0,1
lak404d,1109,14123,466,0,0,0,1
lak404d,1110,13690,444,0,0,0,1
lak404d,1111,18712,645,0,0,0,1
lak404d,1112,15830,453,0,0,0,1
lak404d,1113,15617,566,0,0,0,1
lak404d,1114,20337,598,0,0,0,1
lak404d,1115,15762,492,0,0,0,1
lak404d,1116,16858,504,0,0,0,1
lak404d,1117,17156,538,0,0,0,1
lak404d,1118,15727,514,0,0,0,1
lak404d,1119,17722,553,0,0,0,1
lak404d,1120,16317,612,0,0,0,1
lak404d,1121,17551,541,0,0,0,1
lak404d,1122,14848,550,0,0,0,1
lak404d,1123,15626,488,0,0,0,1
lak404d,1124,14578,477,0,0,0,1
lak404d,1125,16307,439,0,0,0,1
lak404d,1126,15407,452,0,0,0,1
lak404d,1127,15463,493,0,0,0,1
lak404d,1128,14062,523,0,0,0,1
lak404d,1129,18275,605,0,0,0,1
lak404d,1130,14853,450,0,0,0,1
lak404d,1131,13610,460,0,0,0,1
lak404d,1132,13364,454,0,0,0,1
lak404d,1133,13602,445,0,0,0,1
lak404d,1134,13549,447,0,0,0,1
lak404d,1135,13129,464,0,0,0,1
lak404d,1136,13429,415,0,0,0,1
lak404d,1137,14144,616,0,0,0,1
lak404d,1138,18528,474,0,0,0,1
lak404d,1139,17795,554,0,0,0,1
lak404d,1140,14645,534,0,0,0,1
lak404d,1141,19467,589,0,0,0,1
lak404d,1142,14940,436,0,0,0,1
lak404d,1143,14952,473,0,0,0,1
lak404d,1144,14469,525,0,0,0,1
lak404d,1145,15356,505,0,0,0,1
lak404d,1146,20227,483,0,0,0,1
lak404d,1147,15108,514,0,0,0,1
lak404d,1148,14822,475,0,0,0,1
lak404d,1149,15072,460,0,0,0,1
lak404d,1150,14997,471,0,0,0,1
lak404d,1151,18887,582,0,0,0,1
lak404d,1152,15266,431,0,0,0,1
lak404d,1153,19281,518,0,0,0,1
lak404d,1154,18753,462,0,0,0,1
lak404d,1155,18182,460,0,0,0,1
lak404d,1156,14832,425,0,0,0,1
lak404d,1157,14664,525,0,0,0,1
lak404d,1158,14213,445,0,0,0,1
lak404d,1159,14512,457,0,0,0,1
lak404d,1160,14077,422,0,0,0,1
lak404d,1161,14589,448,0,0,0,1
lak404d,1162,13766,464,0,0,0,1
lak404d,1163,13687,435,0,0,0,1
lak404d,1164,15965,515,0,0,0,1
lak404d,1165,14532,469,0,0,0,1
lak404d,1166,13789,506,0,0,0,1
lak404d,1167,13709,461,0,0,0,1
lak404d,1168,21432,584,0,0,0,1
lak404d,1169,15531,510,0,0,0,1
lak404d,1170,14425,558,0,0,0,1
lak404d,1171,16381,584,0,0,0,1
lak404d,1172,14320,432,0,0,0,1
lak404d,1173,14092,440,0,0,0,1
lak404d,1174,15067,478,0,0,0,1
lak404d,1175,20123,463,0,0,0,1
lak404d,1176,16093,423,0,0,0,1
lak404d,1177,14473,417,0,0,0,1
lak404d,1178,14760,429,0,0,0,1
lak404d,1179,15000,425,0,0,0,1
lak404d,1180,19383,524,0,0,0,1
lak404d,1181,16013,420,0,0,0,1
lak404d,1182,14661,392,0,0,0,1
lak404d,1183,14544,405,0,0,0,1
lak404d,1184,15142,437,0,0,0,1
lak404d,1185,14532,412,0,0,0,1
lak404d,1186,14584,439,0,0,0,1
lak404d,1187,14506,468,0,0,0,1
lak404d,1188,14623,438,0,0,0,1
lak404d,1189,15343,432,0,0,0,1
lak404d,1190,14642,423,0,0,0,1
lak404d,1191,14546,465,0,0,0,1
lak404d,1192,15639,574,0,0,0,1
lak404d,1193,14130,429,0,0,0,1
lak404d,1194,21218,434,0,0,0,1
lak404d,1195,16475,445,0,0,0,1
lak404d,1196,15351,415,0,0,0,1
lak404d,1197,14639,491,0,0,0,1
lak404d,1198,19517,457,0,0,0,1
lak404d,1199,15857,457,0,0,0,1
lak404d,1200,18911,487,0,0,0,1
lak404d,1201,17192,442,0,0,0,1
lak404d,1202,15312,437,0,0,0,1
lak404d,1203,15136,431,0,0,0,1
lak404d,1204,18251,434,0,0,0,1
lak404d,1205,16273,429,0,0,0,1
lak404d,1206,15120,449,0,0,0,1
lak404d,1207,14278,428,0,0,0,1
lak404d,1208,15179,478,0,0,0,1
lak404d,1209,14966,436,0,0,0,1
lak404d,1210,19307,430,0,0,0,1
lak404d,1211,17247,524,0,0,0,1
lak404d,1212,16496,431,0,0,0,1
lak404d,1213,14685,424,0,0,0,1
lak404d,1214,14950,469,0,0,0,1
lak404d,1215,15208,502,0,0,0,1
lak404d,1216,18784,469,0,0,0,1
lak404d,1217,16611,490,0,0,0,1
lak404d,1218,16755,504,0,0,0,1
lak404d,1219,14884,461,0,0,0,1
lak404d,1220,15263,535,0,0,0,1
lak404d,1221,14577,424,0,0,0,1
lak404d,1222,15918,412,0,0,0,1
lak404d,1223,14681,451,0,0,0,1
lak404d,1224,18796,431,0,0,0,1
lak404d,1225,16723,400,0,0,0,1
lak404d,1226,15823,441,0,0,0,1
lak404d,1227,15423,429,0,0,0,1
lak404d,1228,18420,537,0,0,0,1
lak404d,1229,15866,427,0,0,0,1
lak404d,1230,16039,413,0,0,0,1
lak404d,1231,15425,412,0,0,0,1
lak404d,1232,16378,432,0,0,0,1
lak404d,1233,15899,420,0,0,0,1
lak404d,1234,15103,421,0,0,0,1
lak404d,1235,14725,408,0,0,0,1
lak404d,1236,15920,432,0,0,0,1
lak404d,1237,16039,452,0,0,0,1
lak404d,1238,24093,441,0,0,0,1
lak404d,1239,20468,442,0,0,0,1
lak404d,1240,16365,406,0,0,0,1
lak404d,1241,17262,417,0,0,0,1
lak404d,1242,16041,426,0,0,0,1
lak404d,1243,17204,511,0,0,0,1
lak404d,1244,16692,420,0,0,0,1
lak404d,1245,15123,411,0,0,0,1
lak404d,1246,15482,400,0,0,0,1
lak404d,1247,15691,481,0,0,0,1
lak404d,1248,15544,464,0,0,0,1
lak404d,1249,16315,480,0,0,0,1
lak404d,1250,15876,425,0,0,0,1
lak404d,1251,15510,436,0,0,0,1
lak404d,1252,17010,436,0,0,0,1
lak404d,1253,15489,425,0,0,0,1
lak404d,1254,15757,503,0,0,0,1
lak404d,1255,15946,513,0,0,0,1
lak404d,1256,15703,496,0,0,0,1
lak404d,1257,14709,451,0,0,0,1
lak404d,1258,14800,463,0,0,0,1
lak404d,1259,23798,497,0,0,0,1
lak404d,1260,18163,418,0,0,0,1
lak404d,1261,16517,438,0,0,0,1
lak404d,1262,15475,433,0,0,0,1
lak404d,1263,14737,404,0,0,0,1
lak404d,1264,15243,421,0,0,0,1
lak404d,1265,17200,493,0,0,0,1
lak404d,1266,22898,561,0,0,0,1
lak404d,1267,18575,441,0,0,0,1
lak404d,1268,15899,469,0,0,0,1
lak404d,1269,15918,461,0,0,0,1
lak404d,1270,16569,453,0,0,0,1
lak404d,1271,15801,410,0,0,0,1
lak404d,1272,16645,433,0,0,0,1
lak404d,1273,15729,422,0,0,0,1
lak404d,1274,15697,432,0,0,0,1
lak404d,1275,15555,416,0,0,0,1
lak404d,1276,15354,415,0,0,0,1
lak404d,1277,15024,422,0,0,0,1
lak404d,1278,15263,409,0,0,0,1
lak404d,1279,15168,440,0,0,0,1
lak404d,1280,21939,525,0,0,0,1
lak404d,1281,18092,443,0,0,0,1
lak404d,1282,18382,424,0,0,0,1
lak404d,1283,16130,439,0,0,0,1
lak404d,1284,15512,424,0,0,0,1
lak404d,1285,15715,462,0,0,0,1
lak404d,1286,15288,401,0,0,0,1
lak404d,1287,15385,474,0,0,0,1
lak404d,1288,15527,428,0,0,0,1
lak404d,1289,15772,488,0,0,0,1
lak404d,1290,15540,423,0,0,0,1
lak404d,1291,15822,470,0,0,0,1
lak404d,1292,15963,423,0,0,0,1
lak404d,1293,15448,430,0,0,0,1
lak404d,1294,15797,474,0,0,0,1
lak404d,1295,15159,505,0,0,0,1
lak404d,1296,15404,464,0,0,0,1
lak404d,1297,15210,459,0,0,0,1
lak404d,1298,15289,417,0,0,0,1
lak404d,1299,15310,430,0,0,0,1
lak404d,1300,23889,577,0,0,0,1
lak404d,1301,18155,450,0,0,0,1
lak404d,1302,15813,409,0,0,0,1
lak404d,1303,16514,426,0,0,0,1
lak404d,1304,15310,398,0,0,0,1
lak404d,1305,16027,415,0,0,0,1
lak404d,1306,15410,431,0,0,0,1
lak404d,1307,15958,450,0,0,0,1
lak404d,1308,15528,471,0,0,0,1
lak404d,1309,15719,445,0,0,0,1
lak404d,1310,15373,407,0,0,0,1
lak404d,1311,15897,435,0,0,0,1
lak404d,1312,15647,449,0,0,0,1
lak404d,1313,15378,455,0,0,0,1
lak404d,1314,15687,436,0,0,0,1
lak404d,1315,16306,426,0,0,0,1
lak404d,1316,15359,436,0,0,0,1
lak404d,1317,15898,482,0,0,0,1
lak404d,1318,15645,400,0,0,0,1
lak404d,1319,16211,642,0,0,0,1
lak404d,1320,15708,425,0,0,0,1
lak404d,1321,15816,473,0,0,0,1
lak404d,1322,15614,456,0,0,0,1
lak404d,1323,15928,415,0,0,0,1
lak404d,1324,16582,551,0,0,0,1
lak404d,1325,17049,519,0,0,0,1
lak404d,1326,17481,579,0,0,0,1
lak404d,1327,16596,458,0,0,0,1
lak404d,1328,26002,919,0,0,0,1
lak404d,1329,12430,607,0,0,0,1
lak404d,1330,18813,421,0,0,0,1
lak404d,1331,16998,439,0,0,0,1
lak404d,1332,16399,437,0,0,0,1
lak404d,1333,16574,442,0,0,0,1
lak404d,1334,17148,455,0,0,0,1
lak404d,1335,16945,445,0,0,0,1
lak404d,1336,16739,472,0,0,0,1
lak404d,1337,17498,568,0,0,0,1
lak404d,1338,17490,519,0,0,0,1
lak404d,1339,17333,493,0,0,0,1
lak404d,1340,17838,450,0,0,0,1
lak404d,1341,17612,412,0,0,0,1
lak404d,1342,17588,482,0,0,0,1
lak404d,1343,30864,1223,0,0,0,1
lak404d,1344,15832,719,0,0,0,1
lak404d,1345,12554,522,0,0,0,1
lak404d,1346,22402,743,0,0,0,1
lak404d,1347,20690,461,0,0,0,1
lak404d,1348,16878,427,0,0,0,1
lak404d,1349,16709,410,0,0,0,1
lak404d,1350,15031,444,0,0,0,1
lak404d,1351,11471,376,0,0,0,1
lak404d,1352,17558,660,0,0,0,1
lak404d,1353,17375,614,0,0,0,1
lak404d,1354,14068,605,0,0,0,1
lak404d,1355,19208,547,0,0,0,1
lak404d,1356,17105,555,0,0,0,1
lak404d,1357,16830,440,0,0,0,1
lak404d,1358,17014,471,0,0,0,1
lak404d,1359,16990,506,0,0,0,1
lak404d,1360,15534,372,0,0,0,1
lak404d,1361,18100,446,0,0,0,1
lak404d,1362,16611,414,0,0,0,1
