map,scenid,total-src,20move-src,distance,path_size,hLevel,pure
orz301d,0,225,300,0,0,0,1
orz301d,1,147,171,0,0,0,1
orz301d,2,272,254,0,0,0,1
orz301d,3,207,176,0,0,0,1
orz301d,4,186,178,0,0,0,1
orz301d,5,149,158,0,0,0,1
orz301d,6,248,309,0,0,0,1
orz301d,7,100,110,0,0,0,1
orz301d,8,206,216,0,0,0,1
orz301d,9,251,239,0,0,0,1
orz301d,10,314,316,0,0,0,1
orz301d,11,369,362,0,0,0,1
orz301d,12,229,198,0,0,0,1
orz301d,13,281,287,0,0,0,1
orz301d,14,385,395,0,0,0,1
orz301d,15,303,279,0,0,0,1
orz301d,16,307,281,0,0,0,1
orz301d,17,299,301,0,0,0,1
orz301d,18,348,338,0,0,0,1
orz301d,19,309,234,0,0,0,1
orz301d,20,414,393,0,0,0,1
orz301d,21,424,379,0,0,0,1
orz301d,22,378,321,0,0,0,1
orz301d,23,302,304,0,0,0,1
orz301d,24,309,288,0,0,0,1
orz301d,25,471,389,0,0,0,1
orz301d,26,283,269,0,0,0,1
orz301d,27,556,546,0,0,0,1
orz301d,28,410,435,0,0,0,1
orz301d,29,415,410,0,0,0,1
orz301d,30,395,368,0,0,0,1
orz301d,31,552,458,0,0,0,1
orz301d,32,487,503,0,0,0,1
orz301d,33,506,489,0,0,0,1
orz301d,34,355,344,0,0,0,1
orz301d,35,813,756,0,0,0,1
orz301d,36,414,394,0,0,0,1
orz301d,37,700,597,0,0,0,1
orz301d,38,698,612,0,0,0,1
orz301d,39,390,390,0,0,0,1
orz301d,40,595,534,0,0,0,1
orz301d,41,574,541,0,0,0,1
orz301d,42,549,516,0,0,0,1
orz301d,43,505,526,0,0,0,1
orz301d,44,532,534,0,0,0,1
orz301d,45,588,546,0,0,0,1
orz301d,46,481,504,0,0,0,1
orz301d,47,489,484,0,0,0,1
orz301d,48,580,585,0,0,0,1
orz301d,49,557,546,0,0,0,1
orz301d,50,668,587,0,0,0,1
orz301d,51,600,618,0,0,0,1
orz301d,52,555,544,0,0,0,1
orz301d,53,553,539,0,0,0,1
orz301d,54,570,517,0,0,0,1
orz301d,55,619,592,0,0,0,1
orz301d,56,596,520,0,0,0,1
orz301d,57,632,547,0,0,0,1
orz301d,58,522,522,0,0,0,1
orz301d,59,654,552,0,0,0,1
orz301d,60,574,503,0,0,0,1
orz301d,61,538,415,0,0,0,1
orz301d,62,929,548,0,0,0,1
orz301d,63,699,500,0,0,0,1
orz301d,64,655,437,0,0,0,1
orz301d,65,851,837,0,0,0,1
orz301d,66,1089,689,0,0,0,1
orz301d,67,864,464,0,0,0,1
orz301d,68,961,677,0,0,0,1
orz301d,69,1124,855,0,0,0,1
orz301d,70,807,512,0,0,0,1
orz301d,71,556,436,0,0,0,1
orz301d,72,639,444,0,0,0,1
orz301d,73,634,415,0,0,0,1
orz301d,74,725,455,0,0,0,1
orz301d,75,594,413,0,0,0,1
orz301d,76,668,407,0,0,0,1
orz301d,77,866,543,0,0,0,1
orz301d,78,657,416,0,0,0,1
orz301d,79,689,473,0,0,0,1
orz301d,80,687,424,0,0,0,1
orz301d,81,691,441,0,0,0,1
orz301d,82,817,448,0,0,0,1
orz301d,83,720,417,0,0,0,1
orz301d,84,810,413,0,0,0,1
orz301d,85,1379,596,0,0,0,1
orz301d,86,1026,457,0,0,0,1
orz301d,87,1056,439,0,0,0,1
orz301d,88,1373,621,0,0,0,1
orz301d,89,1403,446,0,0,0,1
orz301d,90,938,470,0,0,0,1
orz301d,91,844,439,0,0,0,1
orz301d,92,778,437,0,0,0,1
orz301d,93,814,418,0,0,0,1
orz301d,94,782,435,0,0,0,1
orz301d,95,858,467,0,0,0,1
orz301d,96,768,417,0,0,0,1
orz301d,97,1324,505,0,0,0,1
orz301d,98,1823,728,0,0,0,1
orz301d,99,1409,480,0,0,0,1
orz301d,100,906,468,0,0,0,1
orz301d,101,750,406,0,0,0,1
orz301d,102,893,424,0,0,0,1
orz301d,103,964,420,0,0,0,1
orz301d,104,878,429,0,0,0,1
orz301d,105,785,399,0,0,0,1
orz301d,106,838,400,0,0,0,1
orz301d,107,971,413,0,0,0,1
orz301d,108,825,401,0,0,0,1
orz301d,109,1509,446,0,0,0,1
orz301d,110,996,402,0,0,0,1
orz301d,111,1072,414,0,0,0,1
orz301d,112,877,406,0,0,0,1
orz301d,113,1022,406,0,0,0,1
orz301d,114,935,415,0,0,0,1
orz301d,115,803,425,0,0,0,1
orz301d,116,852,404,0,0,0,1
orz301d,117,907,401,0,0,0,1
orz301d,118,863,407,0,0,0,1
orz301d,119,829,395,0,0,0,1
orz301d,120,989,414,0,0,0,1
orz301d,121,1185,396,0,0,0,1
orz301d,122,967,412,0,0,0,1
orz301d,123,1054,402,0,0,0,1
orz301d,124,1271,431,0,0,0,1
orz301d,125,1063,396,0,0,0,1
orz301d,126,1004,400,0,0,0,1
orz301d,127,1188,431,0,0,0,1
orz301d,128,1211,412,0,0,0,1
orz301d,129,1250,425,0,0,0,1
orz301d,130,1332,419,0,0,0,1
orz301d,131,1206,411,0,0,0,1
orz301d,132,1245,410,0,0,0,1
orz301d,133,1352,397,0,0,0,1
orz301d,134,1827,515,0,0,0,1
orz301d,135,1624,399,0,0,0,1
orz301d,136,1376,420,0,0,0,1
orz301d,137,1497,527,0,0,0,1
orz301d,138,1732,404,0,0,0,1
orz301d,139,1415,429,0,0,0,1
orz301d,140,1867,527,0,0,0,1
orz301d,141,1438,421,0,0,0,1
orz301d,142,1268,412,0,0,0,1
orz301d,143,1389,411,0,0,0,1
orz301d,144,1623,411,0,0,0,1
orz301d,145,1410,415,0,0,0,1
orz301d,146,1269,407,0,0,0,1
orz301d,147,1441,401,0,0,0,1
orz301d,148,1443,434,0,0,0,1
orz301d,149,1781,509,0,0,0,1
orz301d,150,1801,429,0,0,0,1
orz301d,151,1398,410,0,0,0,1
orz301d,152,1327,413,0,0,0,1
orz301d,153,1767,410,0,0,0,1
orz301d,154,1241,401,0,0,0,1
orz301d,155,1328,413,0,0,0,1
orz301d,156,1573,400,0,0,0,1
orz301d,157,1405,404,0,0,0,1
orz301d,158,1338,426,0,0,0,1
orz301d,159,1261,409,0,0,0,1
orz301d,160,2092,413,0,0,0,1
orz301d,161,1574,409,0,0,0,1
orz301d,162,1819,400,0,0,0,1
orz301d,163,2381,395,0,0,0,1
orz301d,164,2031,413,0,0,0,1
orz301d,165,1700,392,0,0,0,1
orz301d,166,1565,411,0,0,0,1
orz301d,167,1738,405,0,0,0,1
orz301d,168,1279,422,0,0,0,1
orz301d,169,1187,423,0,0,0,1
orz301d,170,2141,411,0,0,0,1
orz301d,171,1775,413,0,0,0,1
orz301d,172,2262,409,0,0,0,1
orz301d,173,2001,422,0,0,0,1
orz301d,174,1403,400,0,0,0,1
orz301d,175,1811,416,0,0,0,1
orz301d,176,2040,416,0,0,0,1
orz301d,177,1871,418,0,0,0,1
orz301d,178,1823,418,0,0,0,1
orz301d,179,1477,421,0,0,0,1
orz301d,180,2084,430,0,0,0,1
orz301d,181,2438,417,0,0,0,1
orz301d,182,1848,411,0,0,0,1
orz301d,183,1474,412,0,0,0,1
orz301d,184,2181,427,0,0,0,1
orz301d,185,1483,401,0,0,0,1
orz301d,186,1878,416,0,0,0,1
orz301d,187,1461,406,0,0,0,1
orz301d,188,2189,411,0,0,0,1
orz301d,189,1514,413,0,0,0,1
orz301d,190,2020,424,0,0,0,1
orz301d,191,2068,414,0,0,0,1
orz301d,192,2390,406,0,0,0,1
orz301d,193,2878,416,0,0,0,1
orz301d,194,1852,410,0,0,0,1
orz301d,195,2171,401,0,0,0,1
orz301d,196,2697,399,0,0,0,1
orz301d,197,2585,415,0,0,0,1
orz301d,198,2349,511,0,0,0,1
orz301d,199,2473,413,0,0,0,1
orz301d,200,2305,409,0,0,0,1
orz301d,201,2254,404,0,0,0,1
orz301d,202,2169,400,0,0,0,1
orz301d,203,2415,397,0,0,0,1
orz301d,204,1849,410,0,0,0,1
orz301d,205,2493,501,0,0,0,1
orz301d,206,2418,424,0,0,0,1
orz301d,207,2058,428,0,0,0,1
orz301d,208,1828,427,0,0,0,1
orz301d,209,1544,406,0,0,0,1
orz301d,210,1794,413,0,0,0,1
orz301d,211,1620,410,0,0,0,1
orz301d,212,2690,415,0,0,0,1
orz301d,213,2129,422,0,0,0,1
orz301d,214,1870,412,0,0,0,1
orz301d,215,2091,402,0,0,0,1
orz301d,216,2913,405,0,0,0,1
orz301d,217,1831,418,0,0,0,1
orz301d,218,2426,443,0,0,0,1
orz301d,219,1518,413,0,0,0,1
orz301d,220,2675,519,0,0,0,1
orz301d,221,1936,422,0,0,0,1
orz301d,222,2541,406,0,0,0,1
orz301d,223,2001,418,0,0,0,1
orz301d,224,3530,423,0,0,0,1
orz301d,225,1942,417,0,0,0,1
orz301d,226,2557,405,0,0,0,1
orz301d,227,3018,417,0,0,0,1
orz301d,228,3141,407,0,0,0,1
orz301d,229,2320,405,0,0,0,1
orz301d,230,3111,417,0,0,0,1
orz301d,231,2579,410,0,0,0,1
orz301d,232,2739,414,0,0,0,1
orz301d,233,2304,407,0,0,0,1
orz301d,234,2613,407,0,0,0,1
orz301d,235,2177,408,0,0,0,1
orz301d,236,3467,399,0,0,0,1
orz301d,237,2836,401,0,0,0,1
orz301d,238,2922,408,0,0,0,1
orz301d,239,2818,426,0,0,0,1
orz301d,240,2691,500,0,0,0,1
orz301d,241,3032,402,0,0,0,1
orz301d,242,2720,417,0,0,0,1
orz301d,243,2801,402,0,0,0,1
orz301d,244,2430,396,0,0,0,1
orz301d,245,2442,419,0,0,0,1
orz301d,246,2457,395,0,0,0,1
orz301d,247,3754,423,0,0,0,1
orz301d,248,3154,411,0,0,0,1
orz301d,249,2494,404,0,0,0,1
orz301d,250,2473,427,0,0,0,1
orz301d,251,2959,410,0,0,0,1
orz301d,252,2301,408,0,0,0,1
orz301d,253,2947,414,0,0,0,1
orz301d,254,3305,427,0,0,0,1
orz301d,255,3399,402,0,0,0,1
orz301d,256,2925,408,0,0,0,1
orz301d,257,2255,401,0,0,0,1
orz301d,258,2244,411,0,0,0,1
orz301d,259,2933,422,0,0,0,1
orz301d,260,3112,428,0,0,0,1
orz301d,261,3043,408,0,0,0,1
orz301d,262,3243,407,0,0,0,1
orz301d,263,2770,544,0,0,0,1
orz301d,264,3592,408,0,0,0,1
orz301d,265,2840,405,0,0,0,1
orz301d,266,2992,415,0,0,0,1
orz301d,267,3224,430,0,0,0,1
orz301d,268,2787,417,0,0,0,1
orz301d,269,2911,418,0,0,0,1
orz301d,270,3180,417,0,0,0,1
orz301d,271,2774,407,0,0,0,1
orz301d,272,2686,409,0,0,0,1
orz301d,273,2831,414,0,0,0,1
orz301d,274,2918,409,0,0,0,1
orz301d,275,2399,393,0,0,0,1
orz301d,276,2646,400,0,0,0,1
orz301d,277,2447,420,0,0,0,1
orz301d,278,2991,421,0,0,0,1
orz301d,279,2740,412,0,0,0,1
orz301d,280,3211,411,0,0,0,1
orz301d,281,2887,394,0,0,0,1
orz301d,282,2594,408,0,0,0,1
orz301d,283,3169,429,0,0,0,1
orz301d,284,3037,406,0,0,0,1
orz301d,285,2425,397,0,0,0,1
orz301d,286,2810,418,0,0,0,1
orz301d,287,2946,416,0,0,0,1
orz301d,288,4006,417,0,0,0,1
orz301d,289,2427,417,0,0,0,1
orz301d,290,3067,415,0,0,0,1
orz301d,291,2988,425,0,0,0,1
orz301d,292,2486,405,0,0,0,1
orz301d,293,3726,415,0,0,0,1
orz301d,294,2465,414,0,0,0,1
orz301d,295,2990,401,0,0,0,1
orz301d,296,2803,398,0,0,0,1
orz301d,297,2816,396,0,0,0,1
orz301d,298,2630,416,0,0,0,1
orz301d,299,2662,400,0,0,0,1
orz301d,300,2769,415,0,0,0,1
orz301d,301,3211,414,0,0,0,1
orz301d,302,3369,401,0,0,0,1
orz301d,303,3143,505,0,0,0,1
orz301d,304,2614,410,0,0,0,1
orz301d,305,3071,423,0,0,0,1
orz301d,306,2541,439,0,0,0,1
orz301d,307,2873,572,0,0,0,1
orz301d,308,2336,440,0,0,0,1
orz301d,309,3196,490,0,0,0,1
orz301d,310,2264,424,0,0,0,1
orz301d,311,2145,417,0,0,0,1
orz301d,312,2353,412,0,0,0,1
orz301d,313,2712,432,0,0,0,1
orz301d,314,2340,417,0,0,0,1
orz301d,315,3244,411,0,0,0,1
orz301d,316,2529,421,0,0,0,1
orz301d,317,3188,584,0,0,0,1
orz301d,318,4825,676,0,0,0,1
orz301d,319,4240,558,0,0,0,1
orz301d,320,3205,549,0,0,0,1
orz301d,321,2827,500,0,0,0,1
orz301d,322,2916,535,0,0,0,1
orz301d,323,3005,440,0,0,0,1
orz301d,324,3087,420,0,0,0,1
orz301d,325,2651,432,0,0,0,1
orz301d,326,2843,407,0,0,0,1
orz301d,327,3016,499,0,0,0,1
orz301d,328,2684,410,0,0,0,1
orz301d,329,2799,500,0,0,0,1
orz301d,330,3143,508,0,0,0,1
orz301d,331,2898,488,0,0,0,1
orz301d,332,3547,418,0,0,0,1
orz301d,333,2888,413,0,0,0,1
orz301d,334,2806,424,0,0,0,1
orz301d,335,2760,428,0,0,0,1
orz301d,336,3053,493,0,0,0,1
orz301d,337,2610,411,0,0,0,1
orz301d,338,2455,418,0,0,0,1
orz301d,339,3206,545,0,0,0,1
orz301d,340,3083,511,0,0,0,1
orz301d,341,3030,498,0,0,0,1
orz301d,342,3616,424,0,0,0,1
orz301d,343,2996,431,0,0,0,1
orz301d,344,3148,505,0,0,0,1
orz301d,345,2989,427,0,0,0,1
orz301d,346,2954,415,0,0,0,1
orz301d,347,2676,427,0,0,0,1
orz301d,348,3187,537,0,0,0,1
orz301d,349,2616,411,0,0,0,1
orz301d,350,2808,406,0,0,0,1
orz301d,351,3197,422,0,0,0,1
orz301d,352,2769,401,0,0,0,1
orz301d,353,3029,425,0,0,0,1
orz301d,354,2814,419,0,0,0,1
orz301d,355,3257,500,0,0,0,1
orz301d,356,3258,505,0,0,0,1
orz301d,357,3243,500,0,0,0,1
orz301d,358,2912,408,0,0,0,1
orz301d,359,3126,505,0,0,0,1
orz301d,360,3524,427,0,0,0,1
orz301d,361,3402,506,0,0,0,1
orz301d,362,3438,407,0,0,0,1
orz301d,363,3107,416,0,0,0,1
orz301d,364,3204,506,0,0,0,1
orz301d,365,3029,427,0,0,0,1
orz301d,366,2755,420,0,0,0,1
orz301d,367,3282,409,0,0,0,1
orz301d,368,3383,464,0,0,0,1
orz301d,369,3470,411,0,0,0,1
orz301d,370,3574,534,0,0,0,1
orz301d,371,3215,426,0,0,0,1
orz301d,372,3657,504,0,0,0,1
orz301d,373,3431,500,0,0,0,1
orz301d,374,3363,407,0,0,0,1
orz301d,375,3700,509,0,0,0,1
orz301d,376,3369,417,0,0,0,1
orz301d,377,3493,503,0,0,0,1
orz301d,378,3509,487,0,0,0,1
orz301d,379,3407,433,0,0,0,1
orz301d,380,3198,431,0,0,0,1
orz301d,381,3773,506,0,0,0,1
orz301d,382,3670,492,0,0,0,1
orz301d,383,3697,420,0,0,0,1
orz301d,384,3978,501,0,0,0,1
orz301d,385,3749,425,0,0,0,1
orz301d,386,3284,418,0,0,0,1
orz301d,387,3751,490,0,0,0,1
orz301d,388,3484,433,0,0,0,1
orz301d,389,3661,519,0,0,0,1
orz301d,390,3621,412,0,0,0,1
orz301d,391,3453,406,0,0,0,1
orz301d,392,3317,409,0,0,0,1
orz301d,393,3341,413,0,0,0,1
orz301d,394,3309,426,0,0,0,1
orz301d,395,3721,429,0,0,0,1
orz301d,396,3850,500,0,0,0,1
orz301d,397,3144,411,0,0,0,1
orz301d,398,3350,401,0,0,0,1
orz301d,399,3188,407,0,0,0,1
orz301d,400,3317,435,0,0,0,1
orz301d,401,3343,405,0,0,0,1
orz301d,402,3043,419,0,0,0,1
orz301d,403,3400,411,0,0,0,1
orz301d,404,4081,501,0,0,0,1
orz301d,405,2983,411,0,0,0,1
orz301d,406,3655,412,0,0,0,1
orz301d,407,3988,402,0,0,0,1
orz301d,408,3417,397,0,0,0,1
orz301d,409,3515,396,0,0,0,1
orz301d,410,3554,416,0,0,0,1
orz301d,411,4831,415,0,0,0,1
orz301d,412,4373,509,0,0,0,1
orz301d,413,3978,407,0,0,0,1
orz301d,414,3513,423,0,0,0,1
orz301d,415,3652,406,0,0,0,1
orz301d,416,3582,404,0,0,0,1
orz301d,417,3747,439,0,0,0,1
orz301d,418,3735,411,0,0,0,1
orz301d,419,3463,406,0,0,0,1
orz301d,420,3695,416,0,0,0,1
orz301d,421,3926,407,0,0,0,1
orz301d,422,3810,395,0,0,0,1
orz301d,423,4249,492,0,0,0,1
orz301d,424,4583,500,0,0,0,1
orz301d,425,3678,415,0,0,0,1
orz301d,426,4765,411,0,0,0,1
orz301d,427,5157,701,0,0,0,1
orz301d,428,5239,567,0,0,0,1
orz301d,429,5117,417,0,0,0,1
