map,scenid,tcost,distance,expect,steps,d,itype
ht_0_hightown_n,0,422.800000,15.142000,5.242640,12,-1,tree
ht_0_hightown_n,1,230.200000,27.798800,4.000000,23,-1,tree
ht_0_hightown_n,2,207.400000,21.142000,4.414210,18,-1,tree
ht_0_hightown_n,3,334.000000,55.082800,5.000000,42,-1,tree
ht_0_hightown_n,4,198.200000,18.899400,7.828430,17,-1,tree
ht_0_hightown_n,5,417.400000,79.153800,4.828430,64,-1,tree
ht_0_hightown_n,6,161.400000,15.485200,7.242640,14,-1,tree
ht_0_hightown_n,7,187.000000,21.313600,4.828430,19,-1,tree
ht_0_hightown_n,8,191.000000,15.727800,7.242640,13,-1,tree
ht_0_hightown_n,9,282.000000,39.940800,7.656850,31,-1,tree
ht_0_hightown_n,10,278.200000,33.627200,9.828430,28,-1,tree
ht_0_hightown_n,11,231.800000,39.112400,9.656850,31,-1,tree
ht_0_hightown_n,12,227.000000,28.627200,11.656900,23,-1,tree
ht_0_hightown_n,13,391.600000,56.840200,10.414200,45,-1,tree
ht_0_hightown_n,14,160.200000,14.313600,8.414210,12,-1,tree
ht_0_hightown_n,15,217.600000,24.798800,10.899500,20,-1,tree
ht_0_hightown_n,16,192.800000,26.970400,8.828430,23,-1,tree
ht_0_hightown_n,17,420.000000,73.396400,11.656900,57,-1,tree
ht_0_hightown_n,18,132.000000,13.414200,9.656850,14,-1,tree
ht_0_hightown_n,19,229.200000,29.727800,11.485300,27,-1,tree
ht_0_hightown_n,20,260.400000,44.627200,15.656900,39,-1,tree
ht_0_hightown_n,21,149.600000,21.313600,14.242600,19,-1,tree
ht_0_hightown_n,22,398.800000,64.982200,14.313700,49,-1,tree
ht_0_hightown_n,23,578.000000,92.224800,13.313700,75,-1,tree
ht_0_hightown_n,24,504.400000,95.769200,15.142100,86,-1,tree
ht_0_hightown_n,25,375.200000,101.011800,15.899500,90,-1,tree
ht_0_hightown_n,26,194.200000,20.970400,12.828400,17,-1,tree
ht_0_hightown_n,27,150.600000,19.414200,15.414200,20,-1,tree
ht_0_hightown_n,28,163.800000,32.556200,15.142100,29,-1,tree
ht_0_hightown_n,29,168.800000,25.970400,12.656900,22,-1,tree
ht_0_hightown_n,30,339.400000,65.911200,19.485300,52,-1,tree
ht_0_hightown_n,31,790.200000,146.124200,18.384800,126,-1,tree
ht_0_hightown_n,32,186.000000,21.899400,19.899500,20,-1,tree
ht_0_hightown_n,33,155.800000,27.970400,19.970600,24,-1,tree
ht_0_hightown_n,34,238.000000,37.970400,17.485300,34,-1,tree
ht_0_hightown_n,35,312.400000,53.526600,18.071100,45,-1,tree
ht_0_hightown_n,36,282.600000,59.325400,17.142100,45,-1,tree
ht_0_hightown_n,37,223.200000,50.869800,19.899500,44,-1,tree
ht_0_hightown_n,38,754.800000,177.810600,16.899500,161,-1,tree
ht_0_hightown_n,39,256.000000,56.254400,16.899500,44,-1,tree
ht_0_hightown_n,40,269.200000,54.284000,23.656900,47,-1,tree
ht_0_hightown_n,41,251.400000,50.284000,23.313700,43,-1,tree
ht_0_hightown_n,42,267.600000,41.041400,23.627400,35,-1,tree
ht_0_hightown_n,43,206.800000,44.869800,21.071100,38,-1,tree
ht_0_hightown_n,44,430.400000,91.739600,21.799000,77,-1,tree
ht_0_hightown_n,45,202.400000,23.970400,23.970600,20,-1,tree
ht_0_hightown_n,46,514.400000,144.053200,22.556300,126,-1,tree
ht_0_hightown_n,47,359.000000,75.254400,22.727900,63,-1,tree
ht_0_hightown_n,48,160.800000,36.526600,22.384800,28,-1,tree
ht_0_hightown_n,49,252.800000,46.384600,22.828400,42,-1,tree
ht_0_hightown_n,50,161.200000,36.142000,24.142100,33,-1,tree
ht_0_hightown_n,51,163.000000,36.769200,27.656900,27,-1,tree
ht_0_hightown_n,52,157.800000,33.727800,25.828400,31,-1,tree
ht_0_hightown_n,53,177.400000,32.071000,25.727900,31,-1,tree
ht_0_hightown_n,54,847.200000,199.278000,25.313700,163,-1,tree
ht_0_hightown_n,55,297.600000,52.355000,24.556300,43,-1,tree
ht_0_hightown_n,56,181.600000,35.142000,27.142100,32,-1,tree
ht_0_hightown_n,57,197.000000,30.727800,25.899500,28,-1,tree
ht_0_hightown_n,58,267.800000,57.455600,27.071100,51,-1,tree
ht_0_hightown_n,59,237.000000,47.455600,25.071100,41,-1,tree
ht_0_hightown_n,60,243.800000,51.940800,31.556300,43,-1,tree
ht_0_hightown_n,61,846.000000,219.053200,29.313700,201,-1,tree
ht_0_hightown_n,62,249.800000,58.698200,28.071100,51,-1,tree
ht_0_hightown_n,63,170.800000,36.455600,30.455800,30,-1,tree
ht_0_hightown_n,64,353.400000,75.183400,28.414200,65,-1,tree
ht_0_hightown_n,65,205.200000,44.455600,28.455800,38,-1,tree
ht_0_hightown_n,66,356.000000,88.739600,31.242600,74,-1,tree
ht_0_hightown_n,67,187.200000,46.142000,30.000000,43,-1,tree
ht_0_hightown_n,68,225.400000,44.627200,28.828400,39,-1,tree
ht_0_hightown_n,69,414.600000,109.526600,31.727900,101,-1,tree
ht_0_hightown_n,70,314.400000,70.597600,34.213200,60,-1,tree
ht_0_hightown_n,71,254.400000,46.627200,34.627400,41,-1,tree
ht_0_hightown_n,72,407.200000,80.355000,32.455800,71,-1,tree
ht_0_hightown_n,73,330.200000,70.940800,34.455800,62,-1,tree
ht_0_hightown_n,74,305.800000,67.840200,35.556300,56,-1,tree
ht_0_hightown_n,75,312.200000,67.970400,35.970600,64,-1,tree
ht_0_hightown_n,76,244.400000,61.526600,32.112700,53,-1,tree
ht_0_hightown_n,77,152.800000,38.041400,32.384800,32,-1,tree
ht_0_hightown_n,78,248.600000,63.798800,33.213200,59,-1,tree
ht_0_hightown_n,79,158.800000,33.414200,33.414200,34,-1,tree
ht_0_hightown_n,80,262.200000,60.011800,36.213200,49,-1,tree
ht_0_hightown_n,81,367.600000,78.940800,36.941100,70,-1,tree
ht_0_hightown_n,82,241.200000,62.284000,36.828400,55,-1,tree
ht_0_hightown_n,83,566.400000,147.023600,37.000000,124,-1,tree
ht_0_hightown_n,84,241.200000,56.112400,39.041600,48,-1,tree
ht_0_hightown_n,85,208.800000,56.284000,37.455800,49,-1,tree
ht_0_hightown_n,86,325.600000,92.426000,38.284300,81,-1,tree
ht_0_hightown_n,87,195.000000,39.656800,37.656900,39,-1,tree
ht_0_hightown_n,88,216.800000,56.899400,37.242600,55,-1,tree
ht_0_hightown_n,89,243.200000,61.183400,36.941100,51,-1,tree
ht_0_hightown_n,90,258.200000,54.526600,42.970600,46,-1,tree
ht_0_hightown_n,91,283.200000,51.727800,41.242600,49,-1,tree
ht_0_hightown_n,92,474.000000,96.153800,42.656900,81,-1,tree
ht_0_hightown_n,93,808.200000,214.467400,42.242600,196,-1,tree
ht_0_hightown_n,94,369.200000,84.526600,40.384800,76,-1,tree
ht_0_hightown_n,95,401.400000,88.597600,42.799000,78,-1,tree
ht_0_hightown_n,96,388.400000,85.183400,41.183800,75,-1,tree
ht_0_hightown_n,97,460.800000,107.639000,43.112700,90,-1,tree
ht_0_hightown_n,98,338.200000,87.053200,42.627400,69,-1,tree
ht_0_hightown_n,99,374.600000,80.213000,41.284300,75,-1,tree
ht_0_hightown_n,100,262.000000,67.869800,47.870100,61,-1,tree
ht_0_hightown_n,101,558.400000,152.124200,47.799000,132,-1,tree
ht_0_hightown_n,102,369.000000,82.769200,45.213200,73,-1,tree
ht_0_hightown_n,103,250.200000,67.869800,45.870100,61,-1,tree
ht_0_hightown_n,104,397.200000,85.668600,44.656900,73,-1,tree
ht_0_hightown_n,105,257.400000,54.112400,45.627400,46,-1,tree
ht_0_hightown_n,106,268.800000,65.556200,45.556300,62,-1,tree
ht_0_hightown_n,107,330.200000,63.112400,45.112700,55,-1,tree
ht_0_hightown_n,108,622.200000,148.982200,45.242600,133,-1,tree
ht_0_hightown_n,109,245.600000,62.313600,44.313700,60,-1,tree
ht_0_hightown_n,110,458.600000,113.840200,48.727900,102,-1,tree
ht_0_hightown_n,111,304.400000,70.840200,50.556300,59,-1,tree
ht_0_hightown_n,112,521.000000,123.568000,51.041600,108,-1,tree
ht_0_hightown_n,113,332.400000,69.940800,50.727900,61,-1,tree
ht_0_hightown_n,114,903.200000,248.124200,51.656900,228,-1,tree
ht_0_hightown_n,115,503.000000,111.284000,51.142100,104,-1,tree
ht_0_hightown_n,116,366.200000,76.869800,48.870100,70,-1,tree
ht_0_hightown_n,117,587.800000,146.840200,51.183800,135,-1,tree
ht_0_hightown_n,118,315.000000,71.769200,50.941100,62,-1,tree
ht_0_hightown_n,119,741.000000,191.278000,48.384800,155,-1,tree
ht_0_hightown_n,120,1374.200000,364.579800,54.313700,337,-1,tree
ht_0_hightown_n,121,353.800000,82.940800,52.355300,74,-1,tree
ht_0_hightown_n,122,326.600000,85.053200,55.598000,67,-1,tree
ht_0_hightown_n,123,320.400000,80.142000,52.526900,77,-1,tree
ht_0_hightown_n,124,675.200000,203.810600,53.384800,187,-1,tree
ht_0_hightown_n,125,294.000000,71.254400,54.727900,59,-1,tree
ht_0_hightown_n,126,322.600000,63.970400,53.142100,60,-1,tree
ht_0_hightown_n,127,340.200000,94.082800,53.556300,81,-1,tree
ht_0_hightown_n,128,689.000000,199.881600,53.112700,181,-1,tree
ht_0_hightown_n,129,548.800000,171.224800,52.799000,154,-1,tree
ht_0_hightown_n,130,518.200000,106.710000,59.112700,87,-1,tree
ht_0_hightown_n,131,877.000000,223.467400,59.384800,205,-1,tree
ht_0_hightown_n,132,627.200000,196.639000,59.911700,179,-1,tree
ht_0_hightown_n,133,333.200000,90.538400,57.426400,70,-1,tree
ht_0_hightown_n,134,324.200000,69.284000,58.799000,62,-1,tree
ht_0_hightown_n,135,462.600000,97.183400,56.497500,87,-1,tree
ht_0_hightown_n,136,492.800000,112.082800,58.911700,99,-1,tree
ht_0_hightown_n,137,359.800000,81.869800,58.556300,75,-1,tree
ht_0_hightown_n,138,337.800000,90.082800,56.142100,77,-1,tree
ht_0_hightown_n,139,304.200000,61.698200,58.526900,54,-1,tree
ht_0_hightown_n,140,277.400000,78.426000,60.426400,67,-1,tree
ht_0_hightown_n,141,743.600000,98.769200,61.254800,89,-1,tree
ht_0_hightown_n,142,313.600000,63.414200,63.414200,64,-1,tree
ht_0_hightown_n,143,624.400000,172.396400,61.142100,156,-1,tree
ht_0_hightown_n,144,439.400000,97.769200,61.627400,88,-1,tree
ht_0_hightown_n,145,534.400000,133.568000,60.899500,118,-1,tree
ht_0_hightown_n,146,484.800000,114.082800,62.284300,101,-1,tree
ht_0_hightown_n,147,607.800000,80.940800,62.941100,72,-1,tree
ht_0_hightown_n,148,310.600000,72.426000,61.799000,61,-1,tree
ht_0_hightown_n,149,429.200000,111.769200,63.183800,102,-1,tree
ht_0_hightown_n,150,662.600000,171.840200,67.012200,160,-1,tree
ht_0_hightown_n,151,393.000000,107.940800,67.799000,99,-1,tree
ht_0_hightown_n,152,641.400000,164.266200,65.455800,140,-1,tree
ht_0_hightown_n,153,530.600000,119.668600,66.840600,107,-1,tree
ht_0_hightown_n,154,450.400000,95.284000,64.313700,88,-1,tree
ht_0_hightown_n,155,646.000000,162.650800,65.941100,133,-1,tree
ht_0_hightown_n,156,479.000000,119.112400,67.455800,111,-1,tree
ht_0_hightown_n,157,304.200000,83.568000,64.254800,68,-1,tree
ht_0_hightown_n,158,747.600000,131.881600,66.041600,113,-1,tree
ht_0_hightown_n,159,313.800000,86.940800,66.799000,78,-1,tree
ht_0_hightown_n,160,456.600000,108.597600,69.384800,98,-1,tree
ht_0_hightown_n,161,477.600000,118.668600,71.698500,106,-1,tree
ht_0_hightown_n,162,345.600000,75.899400,71.071100,74,-1,tree
ht_0_hightown_n,163,509.200000,119.668600,68.899500,107,-1,tree
ht_0_hightown_n,164,357.600000,98.940800,71.485300,90,-1,tree
ht_0_hightown_n,165,732.000000,114.355000,71.727900,105,-1,tree
ht_0_hightown_n,166,591.800000,141.810600,70.213200,125,-1,tree
ht_0_hightown_n,167,296.000000,81.455600,70.142100,75,-1,tree
ht_0_hightown_n,168,274.600000,68.698200,68.698500,61,-1,tree
ht_0_hightown_n,169,449.600000,114.982200,68.799000,99,-1,tree
ht_0_hightown_n,170,379.000000,113.284000,75.769600,106,-1,tree
ht_0_hightown_n,171,794.800000,150.680400,74.941100,126,-1,tree
ht_0_hightown_n,172,684.800000,193.710000,75.485300,174,-1,tree
ht_0_hightown_n,173,602.200000,161.479200,75.740100,131,-1,tree
ht_0_hightown_n,174,717.000000,228.976200,72.284300,184,-1,tree
ht_0_hightown_n,175,563.000000,131.426000,73.970600,120,-1,tree
ht_0_hightown_n,176,433.600000,110.497000,73.769600,97,-1,tree
ht_0_hightown_n,177,414.600000,101.698200,72.727900,94,-1,tree
ht_0_hightown_n,178,668.200000,170.325400,74.242600,156,-1,tree
ht_0_hightown_n,179,344.000000,76.284000,72.769600,69,-1,tree
ht_0_hightown_n,180,553.000000,135.568000,79.911700,120,-1,tree
ht_0_hightown_n,181,586.600000,79.313600,76.485300,77,-1,tree
ht_0_hightown_n,182,276.200000,87.041400,79.041600,81,-1,tree
ht_0_hightown_n,183,404.600000,112.568000,77.012200,97,-1,tree
ht_0_hightown_n,184,1220.400000,354.437800,77.627400,331,-1,tree
ht_0_hightown_n,185,492.200000,102.325400,76.870100,88,-1,tree
ht_0_hightown_n,186,467.200000,104.810600,76.183800,88,-1,tree
ht_0_hightown_n,187,586.800000,158.840200,77.384800,147,-1,tree
ht_0_hightown_n,188,537.000000,149.224800,77.142100,132,-1,tree
ht_0_hightown_n,189,892.200000,238.520600,79.485300,201,-1,tree
ht_0_hightown_n,190,486.400000,110.840200,80.941100,99,-1,tree
ht_0_hightown_n,191,1893.200000,367.650800,82.455800,338,-1,tree
ht_0_hightown_n,192,653.800000,164.881600,80.882200,146,-1,tree
ht_0_hightown_n,193,890.200000,247.508800,83.284300,222,-1,tree
ht_0_hightown_n,194,363.800000,101.911200,82.254800,88,-1,tree
ht_0_hightown_n,195,449.600000,99.183400,81.041600,89,-1,tree
ht_0_hightown_n,196,439.400000,89.112400,80.627400,81,-1,tree
ht_0_hightown_n,197,520.000000,118.497000,81.811200,105,-1,tree
ht_0_hightown_n,198,676.200000,114.153800,80.698500,99,-1,tree
ht_0_hightown_n,199,516.000000,131.769200,80.698500,122,-1,tree
ht_0_hightown_n,200,400.200000,88.183400,85.355300,78,-1,tree
ht_0_hightown_n,201,893.600000,291.680400,87.112700,267,-1,tree
ht_0_hightown_n,202,651.600000,117.526600,86.556300,109,-1,tree
ht_0_hightown_n,203,601.800000,120.526600,87.254800,112,-1,tree
ht_0_hightown_n,204,638.000000,131.041400,84.213200,125,-1,tree
ht_0_hightown_n,205,386.000000,98.911200,84.911700,85,-1,tree
ht_0_hightown_n,206,672.400000,130.911200,85.840600,117,-1,tree
ht_0_hightown_n,207,489.400000,116.497000,85.426400,103,-1,tree
ht_0_hightown_n,208,1314.400000,341.609400,87.526900,319,-1,tree
ht_0_hightown_n,209,411.600000,135.254400,86.284300,123,-1,tree
ht_0_hightown_n,210,768.400000,227.621200,88.970600,193,-1,tree
ht_0_hightown_n,211,560.200000,143.124200,89.384800,123,-1,tree
ht_0_hightown_n,212,402.800000,129.840200,90.870100,118,-1,tree
ht_0_hightown_n,213,361.400000,114.224800,90.870100,97,-1,tree
ht_0_hightown_n,214,357.400000,104.911200,90.911700,91,-1,tree
ht_0_hightown_n,215,620.200000,155.739600,88.183800,141,-1,tree
ht_0_hightown_n,216,1191.000000,277.881600,91.941100,259,-1,tree
ht_0_hightown_n,217,663.800000,218.751400,88.811200,192,-1,tree
ht_0_hightown_n,218,653.600000,189.325400,90.455800,175,-1,tree
ht_0_hightown_n,219,1167.800000,310.195200,88.254800,288,-1,tree
ht_0_hightown_n,220,476.000000,130.982200,95.225400,115,-1,tree
ht_0_hightown_n,221,444.200000,127.112400,95.355300,119,-1,tree
ht_0_hightown_n,222,727.000000,151.568000,95.769600,136,-1,tree
ht_0_hightown_n,223,414.200000,124.355000,94.071100,115,-1,tree
ht_0_hightown_n,224,913.400000,238.739600,95.911700,224,-1,tree
ht_0_hightown_n,225,435.800000,135.668600,92.313700,123,-1,tree
ht_0_hightown_n,226,501.600000,113.254400,95.112700,101,-1,tree
ht_0_hightown_n,227,619.800000,133.355000,94.727900,124,-1,tree
ht_0_hightown_n,228,738.800000,126.295800,93.041600,107,-1,tree
ht_0_hightown_n,229,506.800000,125.911200,92.556300,112,-1,tree
ht_0_hightown_n,230,441.000000,127.497000,96.870100,114,-1,tree
ht_0_hightown_n,231,812.600000,201.994000,99.970600,174,-1,tree
ht_0_hightown_n,232,439.800000,134.751400,98.225400,108,-1,tree
ht_0_hightown_n,233,432.600000,122.254400,98.012200,110,-1,tree
ht_0_hightown_n,234,782.000000,138.568000,99.799000,123,-1,tree
ht_0_hightown_n,235,630.400000,147.224800,96.799000,130,-1,tree
ht_0_hightown_n,236,538.600000,115.940800,96.485300,107,-1,tree
ht_0_hightown_n,237,766.200000,174.023600,96.426400,151,-1,tree
ht_0_hightown_n,238,432.000000,104.680400,99.852800,80,-1,tree
ht_0_hightown_n,239,1484.800000,362.307600,99.112700,331,-1,tree
ht_0_hightown_n,240,486.000000,130.650800,103.882000,101,-1,tree
ht_0_hightown_n,241,1214.000000,380.923000,102.598000,355,-1,tree
ht_0_hightown_n,242,520.400000,126.970400,101.213000,123,-1,tree
ht_0_hightown_n,243,534.200000,150.710000,100.912000,131,-1,tree
ht_0_hightown_n,244,1000.600000,292.538400,101.912000,272,-1,tree
ht_0_hightown_n,245,620.400000,144.053200,103.569000,126,-1,tree
ht_0_hightown_n,246,572.800000,141.408200,103.125000,113,-1,tree
ht_0_hightown_n,247,1154.800000,267.366800,100.397000,246,-1,tree
ht_0_hightown_n,248,914.200000,246.538400,102.456000,226,-1,tree
ht_0_hightown_n,249,563.200000,116.698200,100.941000,109,-1,tree
ht_0_hightown_n,250,842.200000,273.479200,105.698000,243,-1,tree
ht_0_hightown_n,251,553.400000,138.426000,104.083000,127,-1,tree
ht_0_hightown_n,252,845.800000,248.254400,105.426000,236,-1,tree
ht_0_hightown_n,253,442.800000,117.698200,105.213000,110,-1,tree
ht_0_hightown_n,254,641.400000,209.467400,105.083000,191,-1,tree
ht_0_hightown_n,255,495.600000,150.224800,107.397000,133,-1,tree
ht_0_hightown_n,256,422.600000,126.899400,106.213000,125,-1,tree
ht_0_hightown_n,257,590.000000,122.497000,104.113000,109,-1,tree
ht_0_hightown_n,258,364.600000,104.355000,104.355000,95,-1,tree
ht_0_hightown_n,259,337.600000,112.213000,106.556000,107,-1,tree
ht_0_hightown_n,260,545.600000,117.668600,108.012000,105,-1,tree
ht_0_hightown_n,261,708.000000,211.124200,109.184000,191,-1,tree
ht_0_hightown_n,262,526.000000,137.266200,111.426000,113,-1,tree
ht_0_hightown_n,263,593.000000,145.526600,111.042000,137,-1,tree
ht_0_hightown_n,264,590.800000,163.011800,111.456000,152,-1,tree
ht_0_hightown_n,265,598.200000,160.810600,109.640000,144,-1,tree
ht_0_hightown_n,266,663.400000,197.520600,111.255000,160,-1,tree
ht_0_hightown_n,267,472.600000,143.840200,108.284000,132,-1,tree
ht_0_hightown_n,268,571.800000,140.881600,111.184000,122,-1,tree
ht_0_hightown_n,269,340.200000,115.627200,111.627000,110,-1,tree
ht_0_hightown_n,270,448.000000,126.355000,112.355000,117,-1,tree
ht_0_hightown_n,271,365.200000,122.082800,114.426000,109,-1,tree
ht_0_hightown_n,272,712.600000,161.810600,112.213000,145,-1,tree
ht_0_hightown_n,273,562.000000,146.266200,112.184000,122,-1,tree
ht_0_hightown_n,274,575.400000,153.982200,112.284000,138,-1,tree
ht_0_hightown_n,275,904.200000,267.680400,114.243000,243,-1,tree
ht_0_hightown_n,276,1457.000000,407.278000,114.385000,371,-1,tree
ht_0_hightown_n,277,712.600000,155.739600,115.154000,141,-1,tree
ht_0_hightown_n,278,656.600000,133.053200,113.598000,115,-1,tree
ht_0_hightown_n,279,625.000000,162.568000,114.284000,147,-1,tree
ht_0_hightown_n,280,685.600000,165.467400,117.184000,147,-1,tree
ht_0_hightown_n,281,526.600000,144.609400,118.770000,122,-1,tree
ht_0_hightown_n,282,559.000000,158.982200,117.870000,143,-1,tree
ht_0_hightown_n,283,665.400000,155.112400,117.213000,147,-1,tree
ht_0_hightown_n,284,588.800000,145.224800,117.770000,128,-1,tree
ht_0_hightown_n,285,567.800000,133.769200,116.799000,124,-1,tree
ht_0_hightown_n,286,964.600000,186.325400,118.527000,172,-1,tree
ht_0_hightown_n,287,899.200000,273.165600,118.899000,246,-1,tree
ht_0_hightown_n,288,546.400000,173.639000,118.811000,156,-1,tree
ht_0_hightown_n,289,670.800000,153.668600,117.527000,141,-1,tree
ht_0_hightown_n,290,899.400000,294.710000,123.012000,275,-1,tree
ht_0_hightown_n,291,1367.400000,376.893400,121.941000,346,-1,tree
ht_0_hightown_n,292,630.600000,151.053200,120.368000,133,-1,tree
ht_0_hightown_n,293,641.800000,190.467400,123.698000,172,-1,tree
ht_0_hightown_n,294,1338.800000,383.508800,122.941000,358,-1,tree
ht_0_hightown_n,295,1265.400000,379.792800,121.284000,346,-1,tree
ht_0_hightown_n,296,610.800000,156.881600,120.983000,138,-1,tree
ht_0_hightown_n,297,556.600000,153.195200,121.598000,131,-1,tree
ht_0_hightown_n,298,530.000000,151.325400,121.426000,137,-1,tree
ht_0_hightown_n,299,585.600000,143.568000,123.426000,128,-1,tree
ht_0_hightown_n,300,606.200000,203.094600,127.113000,178,-1,tree
ht_0_hightown_n,301,674.000000,169.124200,127.711000,149,-1,tree
ht_0_hightown_n,302,547.400000,154.781000,124.012000,133,-1,tree
ht_0_hightown_n,303,524.800000,152.698200,125.083000,145,-1,tree
ht_0_hightown_n,304,759.200000,151.284000,126.355000,144,-1,tree
ht_0_hightown_n,305,657.200000,132.739600,124.740000,118,-1,tree
ht_0_hightown_n,306,829.400000,166.053200,124.456000,148,-1,tree
ht_0_hightown_n,307,779.200000,160.082800,124.083000,147,-1,tree
ht_0_hightown_n,308,1043.200000,292.408200,124.627000,264,-1,tree
ht_0_hightown_n,309,970.600000,252.538400,127.669000,232,-1,tree
ht_0_hightown_n,310,539.600000,160.224800,131.113000,143,-1,tree
ht_0_hightown_n,311,632.800000,155.538400,129.740000,135,-1,tree
ht_0_hightown_n,312,1097.200000,279.266200,131.627000,255,-1,tree
ht_0_hightown_n,313,1055.800000,292.538400,131.711000,272,-1,tree
ht_0_hightown_n,314,1135.000000,328.609400,128.569000,306,-1,tree
ht_0_hightown_n,315,615.800000,200.366800,131.113000,179,-1,tree
ht_0_hightown_n,316,1021.400000,315.982200,128.569000,300,-1,tree
ht_0_hightown_n,317,586.800000,137.881600,129.397000,119,-1,tree
ht_0_hightown_n,318,736.400000,261.366800,131.225000,240,-1,tree
ht_0_hightown_n,319,645.800000,166.396400,131.610000,150,-1,tree
ht_0_hightown_n,320,894.400000,208.680400,133.184000,184,-1,tree
ht_0_hightown_n,321,947.400000,320.721800,133.468000,289,-1,tree
ht_0_hightown_n,322,967.600000,250.568000,134.912000,235,-1,tree
ht_0_hightown_n,323,759.200000,268.680400,134.012000,244,-1,tree
ht_0_hightown_n,324,1262.800000,328.893400,132.326000,298,-1,tree
ht_0_hightown_n,325,677.400000,176.023600,135.439000,153,-1,tree
ht_0_hightown_n,326,881.000000,196.497000,135.627000,183,-1,tree
ht_0_hightown_n,327,618.600000,162.082800,133.640000,149,-1,tree
ht_0_hightown_n,328,615.400000,191.881600,135.983000,173,-1,tree
ht_0_hightown_n,329,739.600000,151.082800,132.698000,138,-1,tree
ht_0_hightown_n,330,1360.000000,372.236600,136.355000,343,-1,tree
ht_0_hightown_n,331,779.400000,182.266200,138.912000,158,-1,tree
ht_0_hightown_n,332,553.800000,170.609400,136.527000,148,-1,tree
ht_0_hightown_n,333,590.600000,189.710000,136.213000,170,-1,tree
ht_0_hightown_n,334,854.200000,230.781000,137.225000,209,-1,tree
ht_0_hightown_n,335,647.600000,163.538400,137.740000,143,-1,tree
ht_0_hightown_n,336,883.200000,295.207000,139.953000,261,-1,tree
ht_0_hightown_n,337,1043.200000,323.923000,136.225000,298,-1,tree
ht_0_hightown_n,338,576.200000,168.396400,136.012000,152,-1,tree
ht_0_hightown_n,339,658.200000,168.781000,139.752000,147,-1,tree
ht_0_hightown_n,340,777.400000,187.680400,143.740000,163,-1,tree
ht_0_hightown_n,341,563.600000,189.881600,140.385000,171,-1,tree
ht_0_hightown_n,342,1091.400000,299.236600,142.326000,270,-1,tree
ht_0_hightown_n,343,826.400000,169.798800,142.243000,165,-1,tree
ht_0_hightown_n,344,940.000000,248.680400,141.669000,224,-1,tree
ht_0_hightown_n,345,710.800000,182.094600,141.510000,157,-1,tree
ht_0_hightown_n,346,992.200000,248.195200,143.368000,226,-1,tree
ht_0_hightown_n,347,752.800000,195.597600,140.627000,185,-1,tree
ht_0_hightown_n,348,607.800000,179.295800,141.698000,160,-1,tree
ht_0_hightown_n,349,1001.000000,291.751400,142.456000,265,-1,tree
ht_0_hightown_n,350,619.800000,180.437800,146.355000,157,-1,tree
ht_0_hightown_n,351,1244.000000,359.136000,147.740000,327,-1,tree
ht_0_hightown_n,352,671.400000,144.313600,144.314000,142,-1,tree
ht_0_hightown_n,353,534.800000,170.295800,147.284000,151,-1,tree
ht_0_hightown_n,354,728.200000,183.366800,146.882000,162,-1,tree
ht_0_hightown_n,355,675.400000,211.680400,147.012000,187,-1,tree
ht_0_hightown_n,356,709.800000,147.840200,147.841000,136,-1,tree
ht_0_hightown_n,357,1395.400000,410.964400,146.698000,378,-1,tree
ht_0_hightown_n,358,568.200000,162.094600,147.368000,137,-1,tree
ht_0_hightown_n,359,977.800000,246.609400,144.385000,224,-1,tree
ht_0_hightown_n,360,1031.600000,246.094600,150.355000,221,-1,tree
ht_0_hightown_n,361,1152.000000,353.639000,150.569000,336,-1,tree
ht_0_hightown_n,362,1152.600000,305.023600,151.142000,282,-1,tree
ht_0_hightown_n,363,618.000000,184.082800,148.024000,171,-1,tree
ht_0_hightown_n,364,818.800000,179.982200,148.870000,164,-1,tree
ht_0_hightown_n,365,1442.000000,428.822400,151.971000,400,-1,tree
ht_0_hightown_n,366,779.000000,203.295800,149.841000,184,-1,tree
ht_0_hightown_n,367,774.000000,215.497000,151.012000,202,-1,tree
ht_0_hightown_n,368,817.000000,202.053200,148.799000,184,-1,tree
ht_0_hightown_n,369,1071.000000,345.923000,148.368000,320,-1,tree
ht_0_hightown_n,370,630.400000,178.911200,153.983000,165,-1,tree
ht_0_hightown_n,371,794.000000,216.325400,155.983000,202,-1,tree
ht_0_hightown_n,372,646.200000,182.852000,153.823000,159,-1,tree
ht_0_hightown_n,373,634.600000,186.852000,152.811000,163,-1,tree
ht_0_hightown_n,374,705.800000,250.165600,152.510000,223,-1,tree
ht_0_hightown_n,375,545.600000,181.538400,155.539000,161,-1,tree
ht_0_hightown_n,376,1069.600000,293.408200,152.799000,265,-1,tree
ht_0_hightown_n,377,1226.000000,350.378600,154.154000,317,-1,tree
ht_0_hightown_n,378,664.200000,181.479200,155.640000,151,-1,tree
ht_0_hightown_n,379,649.400000,222.609400,153.782000,200,-1,tree
ht_0_hightown_n,380,1079.000000,279.396400,158.569000,263,-1,tree
ht_0_hightown_n,381,907.000000,213.094600,159.598000,188,-1,tree
ht_0_hightown_n,382,804.600000,250.437800,159.610000,227,-1,tree
ht_0_hightown_n,383,1125.000000,306.893400,158.426000,276,-1,tree
ht_0_hightown_n,384,676.600000,184.467400,158.669000,166,-1,tree
ht_0_hightown_n,385,1398.000000,419.834200,159.669000,379,-1,tree
ht_0_hightown_n,386,526.400000,166.254400,156.355000,154,-1,tree
ht_0_hightown_n,387,957.600000,320.893400,156.225000,290,-1,tree
ht_0_hightown_n,388,1164.600000,318.650800,157.497000,289,-1,tree
ht_0_hightown_n,389,1286.400000,360.680400,156.882000,336,-1,tree
ht_0_hightown_n,390,1093.600000,340.538400,161.225000,320,-1,tree
ht_0_hightown_n,391,767.400000,233.035400,163.054000,198,-1,tree
ht_0_hightown_n,392,1103.400000,341.207000,163.711000,307,-1,tree
ht_0_hightown_n,393,761.400000,203.881600,163.296000,185,-1,tree
ht_0_hightown_n,394,735.000000,174.467400,161.154000,156,-1,tree
ht_0_hightown_n,395,854.000000,206.810600,161.296000,190,-1,tree
ht_0_hightown_n,396,863.600000,212.366800,163.054000,191,-1,tree
ht_0_hightown_n,397,841.800000,212.153800,163.042000,197,-1,tree
ht_0_hightown_n,398,729.000000,194.639000,162.255000,177,-1,tree
ht_0_hightown_n,399,1517.800000,414.307600,160.142000,383,-1,tree
ht_0_hightown_n,400,943.200000,240.508800,167.681000,215,-1,tree
ht_0_hightown_n,401,895.000000,271.023600,166.497000,248,-1,tree
ht_0_hightown_n,402,899.800000,221.266200,166.355000,197,-1,tree
ht_0_hightown_n,403,1098.000000,286.508800,165.681000,261,-1,tree
ht_0_hightown_n,404,490.400000,169.911200,167.912000,156,-1,tree
ht_0_hightown_n,405,913.200000,235.508800,165.225000,210,-1,tree
ht_0_hightown_n,406,647.600000,222.224800,164.243000,205,-1,tree
ht_0_hightown_n,407,1211.000000,355.449600,166.296000,320,-1,tree
ht_0_hightown_n,408,647.600000,195.538400,167.397000,175,-1,tree
ht_0_hightown_n,409,588.600000,191.739600,165.941000,177,-1,tree
ht_0_hightown_n,410,1176.400000,359.579800,169.723000,332,-1,tree
ht_0_hightown_n,411,1228.800000,347.609400,168.296000,325,-1,tree
ht_0_hightown_n,412,845.000000,196.810600,169.355000,180,-1,tree
ht_0_hightown_n,413,1237.200000,358.195200,171.267000,336,-1,tree
ht_0_hightown_n,414,826.200000,205.609400,168.497000,183,-1,tree
ht_0_hightown_n,415,1372.800000,307.751400,168.213000,281,-1,tree
ht_0_hightown_n,416,897.600000,220.781000,171.770000,199,-1,tree
ht_0_hightown_n,417,577.200000,195.911200,170.497000,182,-1,tree
ht_0_hightown_n,418,1239.800000,355.994000,170.054000,328,-1,tree
ht_0_hightown_n,419,619.600000,174.840200,171.326000,163,-1,tree
ht_0_hightown_n,420,633.200000,198.467400,172.669000,180,-1,tree
ht_0_hightown_n,421,948.600000,240.124200,174.811000,220,-1,tree
ht_0_hightown_n,422,914.000000,215.751400,174.983000,189,-1,tree
ht_0_hightown_n,423,921.600000,244.023600,173.740000,221,-1,tree
ht_0_hightown_n,424,1303.400000,331.065000,175.669000,301,-1,tree
ht_0_hightown_n,425,1049.800000,343.136000,174.368000,311,-1,tree
ht_0_hightown_n,426,887.600000,243.023600,172.740000,220,-1,tree
ht_0_hightown_n,427,774.400000,253.094600,172.267000,228,-1,tree
ht_0_hightown_n,428,856.000000,184.366800,172.468000,163,-1,tree
ht_0_hightown_n,429,1171.800000,282.710000,172.627000,263,-1,tree
ht_0_hightown_n,430,802.800000,240.295800,179.953000,221,-1,tree
ht_0_hightown_n,431,777.000000,188.337200,179.853000,162,-1,tree
ht_0_hightown_n,432,651.600000,201.467400,177.728000,183,-1,tree
ht_0_hightown_n,433,646.000000,213.982200,178.627000,198,-1,tree
ht_0_hightown_n,434,1450.000000,417.035400,177.841000,382,-1,tree
ht_0_hightown_n,435,681.200000,239.408200,179.426000,211,-1,tree
ht_0_hightown_n,436,1334.000000,318.893400,179.941000,288,-1,tree
ht_0_hightown_n,437,1249.600000,339.065000,177.912000,309,-1,tree
ht_0_hightown_n,438,851.800000,286.822400,178.196000,258,-1,tree
ht_0_hightown_n,439,1261.400000,399.751400,178.296000,373,-1,tree
ht_0_hightown_n,440,810.000000,200.579800,183.610000,173,-1,tree
ht_0_hightown_n,441,838.000000,200.467400,180.326000,182,-1,tree
ht_0_hightown_n,442,1232.600000,366.023600,182.569000,343,-1,tree
ht_0_hightown_n,443,981.600000,354.964400,180.924000,322,-1,tree
ht_0_hightown_n,444,712.400000,212.923000,182.154000,187,-1,tree
ht_0_hightown_n,445,748.200000,188.781000,181.125000,167,-1,tree
ht_0_hightown_n,446,1194.600000,312.224800,181.397000,295,-1,tree
ht_0_hightown_n,447,1251.800000,331.822400,183.355000,303,-1,tree
ht_0_hightown_n,448,731.600000,206.781000,180.983000,185,-1,tree
ht_0_hightown_n,449,1403.000000,404.822400,183.669000,376,-1,tree
ht_0_hightown_n,450,731.400000,233.952600,187.569000,213,-1,tree
ht_0_hightown_n,451,645.200000,187.810600,184.296000,171,-1,tree
ht_0_hightown_n,452,791.800000,212.781000,186.983000,191,-1,tree
ht_0_hightown_n,453,1138.000000,300.307600,186.669000,269,-1,tree
ht_0_hightown_n,454,614.400000,199.165600,185.853000,172,-1,tree
ht_0_hightown_n,455,986.600000,350.692200,184.267000,314,-1,tree
ht_0_hightown_n,456,870.200000,191.284000,186.456000,184,-1,tree
ht_0_hightown_n,457,663.600000,187.952600,187.953000,167,-1,tree
ht_0_hightown_n,458,721.000000,223.668600,184.314000,211,-1,tree
ht_0_hightown_n,459,716.400000,230.781000,185.870000,209,-1,tree
ht_0_hightown_n,460,606.600000,214.952600,189.397000,194,-1,tree
ht_0_hightown_n,461,916.400000,220.739600,190.154000,206,-1,tree
ht_0_hightown_n,462,822.800000,229.781000,189.782000,208,-1,tree
ht_0_hightown_n,463,823.400000,232.106400,191.522000,195,-1,tree
ht_0_hightown_n,464,808.200000,271.852000,189.024000,248,-1,tree
ht_0_hightown_n,465,959.200000,257.579800,189.782000,230,-1,tree
ht_0_hightown_n,466,917.400000,259.781000,189.497000,238,-1,tree
ht_0_hightown_n,467,879.200000,253.497000,188.184000,240,-1,tree
ht_0_hightown_n,468,1041.000000,251.508800,189.284000,226,-1,tree
ht_0_hightown_n,469,1304.200000,330.692200,190.083000,294,-1,tree
ht_0_hightown_n,470,687.400000,222.639000,195.184000,205,-1,tree
ht_0_hightown_n,471,817.200000,225.650800,193.267000,196,-1,tree
ht_0_hightown_n,472,907.200000,266.467400,192.527000,248,-1,tree
ht_0_hightown_n,473,918.400000,216.964400,194.238000,184,-1,tree
ht_0_hightown_n,474,699.200000,238.609400,195.012000,216,-1,tree
ht_0_hightown_n,475,1014.800000,241.437800,192.527000,218,-1,tree
ht_0_hightown_n,476,1495.000000,419.491000,192.421000,377,-1,tree
ht_0_hightown_n,477,590.600000,204.982200,192.012000,189,-1,tree
ht_0_hightown_n,478,938.800000,327.834200,193.066000,287,-1,tree
ht_0_hightown_n,479,635.000000,221.124200,194.598000,201,-1,tree
ht_0_hightown_n,480,619.000000,202.911200,199.397000,189,-1,tree
ht_0_hightown_n,481,614.000000,212.053200,198.397000,194,-1,tree
ht_0_hightown_n,482,1120.400000,278.621200,199.794000,244,-1,tree
ht_0_hightown_n,483,580.400000,202.254400,199.426000,190,-1,tree
ht_0_hightown_n,484,1217.200000,309.751400,199.426000,283,-1,tree
ht_0_hightown_n,485,1342.200000,337.035400,198.083000,302,-1,tree
ht_0_hightown_n,486,825.600000,220.639000,198.113000,203,-1,tree
ht_0_hightown_n,487,762.000000,254.621200,199.125000,220,-1,tree
ht_0_hightown_n,488,1088.000000,267.751400,197.468000,241,-1,tree
ht_0_hightown_n,489,876.400000,214.165600,198.267000,187,-1,tree
ht_0_hightown_n,490,624.600000,218.396400,200.397000,202,-1,tree
ht_0_hightown_n,491,1210.800000,347.822400,201.355000,319,-1,tree
ht_0_hightown_n,492,1048.600000,352.834200,203.782000,312,-1,tree
ht_0_hightown_n,493,1243.400000,383.207000,203.894000,349,-1,tree
ht_0_hightown_n,494,1022.400000,250.366800,202.326000,229,-1,tree
ht_0_hightown_n,495,742.800000,212.680400,202.196000,188,-1,tree
ht_0_hightown_n,496,768.200000,246.721800,203.368000,215,-1,tree
ht_0_hightown_n,497,1155.600000,266.852000,201.983000,243,-1,tree
ht_0_hightown_n,498,885.000000,296.236600,201.409000,267,-1,tree
ht_0_hightown_n,499,1250.800000,380.751400,201.439000,354,-1,tree
ht_0_hightown_n,500,1331.200000,367.248400,206.095000,326,-1,tree
ht_0_hightown_n,501,866.200000,230.609400,204.811000,208,-1,tree
ht_0_hightown_n,502,1364.400000,392.207000,206.267000,358,-1,tree
ht_0_hightown_n,503,657.600000,214.609400,204.610000,192,-1,tree
ht_0_hightown_n,504,596.800000,208.396400,205.569000,192,-1,tree
ht_0_hightown_n,505,883.600000,210.053200,204.296000,192,-1,tree
ht_0_hightown_n,506,692.600000,231.366800,204.397000,210,-1,tree
ht_0_hightown_n,507,934.000000,229.639000,205.598000,212,-1,tree
ht_0_hightown_n,508,1186.800000,274.467400,207.355000,256,-1,tree
ht_0_hightown_n,509,1068.000000,223.680400,207.539000,199,-1,tree
ht_0_hightown_n,510,925.200000,216.254400,209.426000,204,-1,tree
ht_0_hightown_n,511,688.600000,239.751400,211.125000,213,-1,tree
ht_0_hightown_n,512,674.600000,235.467400,209.669000,217,-1,tree
ht_0_hightown_n,513,720.200000,238.822400,211.125000,210,-1,tree
ht_0_hightown_n,514,946.200000,245.094600,208.669000,220,-1,tree
ht_0_hightown_n,515,1370.000000,361.692200,209.912000,325,-1,tree
ht_0_hightown_n,516,605.800000,222.852000,209.539000,199,-1,tree
ht_0_hightown_n,517,818.600000,233.923000,208.125000,208,-1,tree
ht_0_hightown_n,518,704.800000,254.893400,211.723000,224,-1,tree
ht_0_hightown_n,519,1040.000000,229.124200,209.326000,209,-1,tree
ht_0_hightown_n,520,718.200000,248.408200,213.296000,220,-1,tree
ht_0_hightown_n,521,1433.800000,372.207000,213.095000,338,-1,tree
ht_0_hightown_n,522,869.200000,251.035400,214.551000,216,-1,tree
ht_0_hightown_n,523,1259.000000,398.520600,213.593000,361,-1,tree
ht_0_hightown_n,524,671.800000,236.650800,213.681000,207,-1,tree
ht_0_hightown_n,525,1065.600000,249.881600,214.770000,231,-1,tree
ht_0_hightown_n,526,1191.200000,284.579800,214.296000,257,-1,tree
ht_0_hightown_n,527,1060.400000,282.923000,215.125000,257,-1,tree
ht_0_hightown_n,528,1043.400000,239.408200,213.024000,211,-1,tree
ht_0_hightown_n,529,971.600000,243.550200,214.522000,211,-1,tree
ht_0_hightown_n,530,1381.000000,359.763200,219.154000,321,-1,tree
ht_0_hightown_n,531,928.000000,252.923000,218.841000,227,-1,tree
ht_0_hightown_n,532,1318.800000,383.692200,218.681000,347,-1,tree
ht_0_hightown_n,533,963.600000,235.781000,219.782000,214,-1,tree
ht_0_hightown_n,534,1209.400000,381.520600,216.752000,344,-1,tree
ht_0_hightown_n,535,980.800000,254.349000,217.865000,216,-1,tree
ht_0_hightown_n,536,1400.800000,397.479200,218.167000,367,-1,tree
ht_0_hightown_n,537,705.600000,227.538400,217.882000,207,-1,tree
ht_0_hightown_n,538,887.600000,242.852000,217.054000,219,-1,tree
ht_0_hightown_n,539,1333.400000,360.692200,217.598000,324,-1,tree
ht_0_hightown_n,540,823.400000,268.579800,223.811000,241,-1,tree
ht_0_hightown_n,541,1142.000000,272.153800,221.569000,257,-1,tree
ht_0_hightown_n,542,880.200000,246.781000,220.983000,225,-1,tree
ht_0_hightown_n,543,863.800000,246.810600,223.012000,230,-1,tree
ht_0_hightown_n,544,988.600000,254.792800,220.711000,221,-1,tree
ht_0_hightown_n,545,857.200000,254.136000,220.882000,222,-1,tree
ht_0_hightown_n,546,744.200000,247.881600,222.083000,229,-1,tree
ht_0_hightown_n,547,1464.400000,401.023600,221.711000,378,-1,tree
ht_0_hightown_n,548,828.800000,268.923000,222.338000,243,-1,tree
ht_0_hightown_n,549,1300.000000,360.792800,222.669000,327,-1,tree
ht_0_hightown_n,550,841.600000,300.420000,227.267000,260,-1,tree
ht_0_hightown_n,551,2363.800000,366.621200,225.184000,332,-1,tree
ht_0_hightown_n,552,1413.600000,406.278000,226.966000,370,-1,tree
ht_0_hightown_n,553,1074.000000,248.964400,224.622000,216,-1,tree
ht_0_hightown_n,554,903.000000,256.923000,227.024000,231,-1,tree
ht_0_hightown_n,555,2215.400000,383.491000,226.924000,341,-1,tree
ht_0_hightown_n,556,1149.600000,252.224800,224.426000,235,-1,tree
ht_0_hightown_n,557,1950.200000,406.751400,227.439000,380,-1,tree
ht_0_hightown_n,558,1191.200000,292.053200,224.255000,274,-1,tree
ht_0_hightown_n,559,830.600000,270.094600,227.752000,245,-1,tree
ht_0_hightown_n,560,1501.200000,373.177400,230.083000,334,-1,tree
ht_0_hightown_n,561,712.000000,255.195200,229.439000,233,-1,tree
ht_0_hightown_n,562,1090.600000,246.680400,228.924000,222,-1,tree
ht_0_hightown_n,563,827.600000,280.893400,231.581000,250,-1,tree
ht_0_hightown_n,564,716.000000,243.739600,228.527000,229,-1,tree
ht_0_hightown_n,565,1257.000000,383.804600,230.894000,338,-1,tree
ht_0_hightown_n,566,1561.800000,366.863800,228.740000,331,-1,tree
ht_0_hightown_n,567,727.400000,248.124200,230.510000,228,-1,tree
ht_0_hightown_n,568,1235.000000,296.124200,228.326000,276,-1,tree
ht_0_hightown_n,569,1120.600000,285.751400,231.167000,259,-1,tree
ht_0_hightown_n,570,836.000000,241.065000,235.066000,211,-1,tree
ht_0_hightown_n,571,1487.000000,411.733600,232.421000,368,-1,tree
ht_0_hightown_n,572,1193.200000,359.763200,234.894000,321,-1,tree
ht_0_hightown_n,573,793.600000,269.408200,232.296000,241,-1,tree
ht_0_hightown_n,574,1534.400000,413.236600,233.924000,384,-1,tree
ht_0_hightown_n,575,1119.000000,261.224800,233.083000,244,-1,tree
ht_0_hightown_n,576,1110.600000,270.751400,234.409000,244,-1,tree
ht_0_hightown_n,577,1082.600000,303.437800,235.640000,280,-1,tree
ht_0_hightown_n,578,729.200000,244.781000,232.196000,223,-1,tree
ht_0_hightown_n,579,1031.400000,266.852000,234.426000,243,-1,tree
ht_0_hightown_n,580,1534.600000,376.721800,238.598000,345,-1,tree
ht_0_hightown_n,581,1347.000000,386.378600,237.752000,353,-1,tree
ht_0_hightown_n,582,1063.200000,242.639000,236.983000,225,-1,tree
ht_0_hightown_n,583,1653.200000,493.431800,237.350000,441,-1,tree
ht_0_hightown_n,584,826.600000,264.467400,238.669000,246,-1,tree
ht_0_hightown_n,585,923.400000,309.035400,238.569000,274,-1,tree
ht_0_hightown_n,586,872.000000,290.307600,238.468000,259,-1,tree
ht_0_hightown_n,587,1116.600000,270.165600,239.255000,243,-1,tree
ht_0_hightown_n,588,721.800000,256.366800,239.397000,235,-1,tree
ht_0_hightown_n,589,1110.200000,272.579800,239.468000,245,-1,tree
ht_0_hightown_n,590,858.200000,270.023600,242.225000,247,-1,tree
ht_0_hightown_n,591,1541.800000,416.278000,240.539000,380,-1,tree
ht_0_hightown_n,592,1225.800000,283.810600,243.368000,267,-1,tree
ht_0_hightown_n,593,977.800000,301.721800,243.296000,270,-1,tree
ht_0_hightown_n,594,1258.200000,315.307600,242.983000,284,-1,tree
ht_0_hightown_n,595,1267.400000,310.662600,241.836000,269,-1,tree
ht_0_hightown_n,596,1454.600000,419.437800,240.125000,396,-1,tree
ht_0_hightown_n,597,1272.600000,314.023600,243.740000,291,-1,tree
ht_0_hightown_n,598,1079.400000,250.568000,243.740000,235,-1,tree
ht_0_hightown_n,599,1286.400000,300.278000,241.208000,264,-1,tree
ht_0_hightown_n,600,1035.000000,281.650800,247.569000,252,-1,tree
ht_0_hightown_n,601,1048.200000,257.751400,245.267000,231,-1,tree
ht_0_hightown_n,602,1055.000000,284.520600,246.296000,247,-1,tree
ht_0_hightown_n,603,1019.000000,259.437800,244.953000,236,-1,tree
ht_0_hightown_n,604,1111.800000,246.923000,246.924000,221,-1,tree
ht_0_hightown_n,605,1118.400000,276.751400,247.439000,250,-1,tree
ht_0_hightown_n,606,1246.800000,315.538400,247.740000,295,-1,tree
ht_0_hightown_n,607,1531.000000,427.307600,247.995000,396,-1,tree
ht_0_hightown_n,608,880.600000,291.479200,245.095000,261,-1,tree
ht_0_hightown_n,609,1074.800000,304.911200,244.569000,291,-1,tree
ht_0_hightown_n,610,1558.400000,430.479200,251.167000,400,-1,tree
ht_0_hightown_n,611,858.000000,256.810600,251.983000,240,-1,tree
ht_0_hightown_n,612,1023.800000,252.538400,249.953000,232,-1,tree
ht_0_hightown_n,613,1190.000000,255.065000,251.551000,225,-1,tree
ht_0_hightown_n,614,722.400000,252.751400,249.924000,226,-1,tree
ht_0_hightown_n,615,1472.600000,387.662600,249.539000,346,-1,tree
ht_0_hightown_n,616,1065.000000,251.325400,251.326000,237,-1,tree
ht_0_hightown_n,617,1234.200000,313.739600,250.912000,299,-1,tree
ht_0_hightown_n,618,1083.400000,256.366800,250.368000,235,-1,tree
ht_0_hightown_n,619,1369.200000,346.023600,249.640000,323,-1,tree
ht_0_hightown_n,620,1547.000000,389.650800,255.527000,360,-1,tree
ht_0_hightown_n,621,1154.400000,279.863800,254.066000,244,-1,tree
ht_0_hightown_n,622,869.400000,265.952600,253.468000,245,-1,tree
ht_0_hightown_n,623,1260.200000,318.946600,252.966000,269,-1,tree
ht_0_hightown_n,624,1109.400000,285.751400,255.811000,259,-1,tree
ht_0_hightown_n,625,931.000000,281.579800,254.610000,254,-1,tree
ht_0_hightown_n,626,926.400000,287.692200,253.610000,251,-1,tree
ht_0_hightown_n,627,845.000000,277.479200,253.924000,247,-1,tree
ht_0_hightown_n,628,843.400000,294.751400,255.397000,268,-1,tree
ht_0_hightown_n,629,1247.200000,288.295800,254.882000,269,-1,tree
ht_0_hightown_n,630,1226.400000,275.124200,258.640000,255,-1,tree
ht_0_hightown_n,631,1270.600000,322.621200,257.125000,288,-1,tree
ht_0_hightown_n,632,1213.000000,293.005800,256.522000,253,-1,tree
ht_0_hightown_n,633,1018.400000,267.005800,258.037000,227,-1,tree
ht_0_hightown_n,634,1162.000000,325.881600,258.083000,307,-1,tree
ht_0_hightown_n,635,1062.000000,267.378600,256.551000,234,-1,tree
ht_0_hightown_n,636,859.200000,294.035400,259.953000,259,-1,tree
ht_0_hightown_n,637,1679.600000,436.792800,257.480000,403,-1,tree
ht_0_hightown_n,638,2208.800000,400.491000,259.882000,358,-1,tree
ht_0_hightown_n,639,989.200000,288.165600,256.711000,261,-1,tree
ht_0_hightown_n,640,1723.400000,375.165600,263.184000,348,-1,tree
ht_0_hightown_n,641,1839.000000,330.792800,260.510000,297,-1,tree
ht_0_hightown_n,642,1208.000000,288.165600,262.368000,261,-1,tree
ht_0_hightown_n,643,1635.800000,422.147800,261.622000,378,-1,tree
ht_0_hightown_n,644,1527.800000,440.005800,260.693000,400,-1,tree
ht_0_hightown_n,645,905.200000,295.934800,261.853000,258,-1,tree
ht_0_hightown_n,646,1240.600000,331.863800,261.581000,296,-1,tree
ht_0_hightown_n,647,838.400000,283.094600,261.054000,258,-1,tree
ht_0_hightown_n,648,1029.600000,314.822400,262.397000,286,-1,tree
ht_0_hightown_n,649,1523.200000,439.508800,260.196000,414,-1,tree
ht_0_hightown_n,650,1108.400000,381.319400,265.196000,338,-1,tree
ht_0_hightown_n,651,1152.200000,269.781000,266.267000,248,-1,tree
ht_0_hightown_n,652,1216.800000,295.165600,266.924000,268,-1,tree
ht_0_hightown_n,653,1626.800000,421.905200,265.480000,379,-1,tree
ht_0_hightown_n,654,1289.600000,334.491000,264.167000,292,-1,tree
ht_0_hightown_n,655,1407.200000,335.751400,265.468000,309,-1,tree
ht_0_hightown_n,656,929.200000,286.508800,267.154000,261,-1,tree
ht_0_hightown_n,657,1173.000000,348.792800,264.711000,315,-1,tree
ht_0_hightown_n,658,1176.200000,285.065000,264.924000,255,-1,tree
ht_0_hightown_n,659,798.200000,274.680400,266.397000,250,-1,tree
ht_0_hightown_n,660,1174.400000,305.065000,271.811000,275,-1,tree
ht_0_hightown_n,661,943.000000,335.035400,269.640000,300,-1,tree
ht_0_hightown_n,662,1653.600000,448.136000,268.823000,416,-1,tree
ht_0_hightown_n,663,993.000000,304.520600,269.125000,267,-1,tree
ht_0_hightown_n,664,1565.600000,409.177400,271.054000,370,-1,tree
ht_0_hightown_n,665,960.000000,296.680400,270.882000,272,-1,tree
ht_0_hightown_n,666,836.600000,295.923000,271.983000,270,-1,tree
ht_0_hightown_n,667,1697.800000,450.147800,270.836000,406,-1,tree
ht_0_hightown_n,668,1300.800000,272.852000,269.338000,249,-1,tree
ht_0_hightown_n,669,1112.800000,280.721800,270.037000,249,-1,tree
ht_0_hightown_n,670,946.400000,303.822400,274.711000,275,-1,tree
ht_0_hightown_n,671,1561.000000,453.532400,274.220000,404,-1,tree
ht_0_hightown_n,672,1252.800000,283.236600,273.037000,254,-1,tree
ht_0_hightown_n,673,800.200000,278.621200,272.764000,244,-1,tree
ht_0_hightown_n,674,1618.200000,453.692200,274.380000,417,-1,tree
ht_0_hightown_n,675,954.000000,283.408200,272.581000,255,-1,tree
ht_0_hightown_n,676,808.200000,298.236600,272.782000,269,-1,tree
ht_0_hightown_n,677,1299.400000,288.680400,273.409000,264,-1,tree
ht_0_hightown_n,678,843.200000,296.508800,272.711000,271,-1,tree
ht_0_hightown_n,679,1504.800000,451.420000,272.108000,411,-1,tree
ht_0_hightown_n,680,807.200000,285.195200,278.368000,263,-1,tree
ht_0_hightown_n,681,950.000000,334.508800,277.598000,309,-1,tree
ht_0_hightown_n,682,1169.400000,279.579800,276.066000,252,-1,tree
ht_0_hightown_n,683,932.200000,283.136000,279.622000,251,-1,tree
ht_0_hightown_n,684,1112.200000,283.094600,276.267000,258,-1,tree
ht_0_hightown_n,685,1251.200000,295.165600,277.853000,268,-1,tree
ht_0_hightown_n,686,1342.200000,346.852000,276.569000,323,-1,tree
ht_0_hightown_n,687,2276.600000,419.420000,278.811000,379,-1,tree
ht_0_hightown_n,688,1737.200000,418.775000,278.167000,368,-1,tree
ht_0_hightown_n,689,1191.600000,313.449600,279.368000,278,-1,tree
ht_0_hightown_n,690,1565.000000,421.005800,280.397000,381,-1,tree
ht_0_hightown_n,691,1429.400000,422.964400,282.355000,390,-1,tree
ht_0_hightown_n,692,999.000000,313.692200,283.066000,277,-1,tree
ht_0_hightown_n,693,846.200000,304.520600,282.723000,267,-1,tree
ht_0_hightown_n,694,963.800000,309.449600,283.652000,274,-1,tree
ht_0_hightown_n,695,912.000000,312.295800,280.841000,293,-1,tree
ht_0_hightown_n,696,1152.000000,350.934800,283.439000,313,-1,tree
ht_0_hightown_n,697,1056.000000,350.461400,283.635000,303,-1,tree
ht_0_hightown_n,698,1704.800000,460.976200,281.664000,416,-1,tree
ht_0_hightown_n,699,1138.000000,315.266200,283.610000,291,-1,tree
ht_0_hightown_n,700,1184.400000,386.822400,284.296000,358,-1,tree
ht_0_hightown_n,701,1344.200000,313.207000,287.409000,279,-1,tree
ht_0_hightown_n,702,959.800000,318.165600,285.823000,291,-1,tree
ht_0_hightown_n,703,1605.000000,423.017600,284.894000,371,-1,tree
ht_0_hightown_n,704,1577.200000,423.278000,285.154000,387,-1,tree
ht_0_hightown_n,705,869.600000,318.952600,284.184000,298,-1,tree
ht_0_hightown_n,706,1129.600000,337.378600,284.953000,304,-1,tree
ht_0_hightown_n,707,1052.600000,319.106400,285.024000,282,-1,tree
ht_0_hightown_n,708,954.200000,290.781000,287.267000,269,-1,tree
ht_0_hightown_n,709,1255.400000,318.751400,285.497000,292,-1,tree
ht_0_hightown_n,710,1012.600000,316.236600,290.439000,287,-1,tree
ht_0_hightown_n,711,1255.000000,317.307600,291.510000,286,-1,tree
ht_0_hightown_n,712,987.200000,324.136000,290.882000,292,-1,tree
ht_0_hightown_n,713,1096.600000,329.236600,290.510000,300,-1,tree
ht_0_hightown_n,714,1630.200000,439.591600,291.953000,400,-1,tree
ht_0_hightown_n,715,1058.600000,330.005800,289.296000,290,-1,tree
ht_0_hightown_n,716,1630.000000,469.218800,289.907000,423,-1,tree
ht_0_hightown_n,717,1019.600000,323.378600,290.953000,290,-1,tree
ht_0_hightown_n,718,1380.200000,318.550200,291.095000,286,-1,tree
ht_0_hightown_n,719,1303.600000,351.278000,290.711000,315,-1,tree
ht_0_hightown_n,720,1363.600000,320.538400,292.480000,300,-1,tree
ht_0_hightown_n,721,1388.000000,318.023600,292.811000,295,-1,tree
ht_0_hightown_n,722,1463.200000,365.692200,293.853000,329,-1,tree
ht_0_hightown_n,723,1114.200000,329.378600,295.296000,296,-1,tree
ht_0_hightown_n,724,1516.200000,362.124200,294.326000,342,-1,tree
ht_0_hightown_n,725,1584.200000,369.177400,294.125000,330,-1,tree
ht_0_hightown_n,726,1387.400000,330.508800,295.296000,305,-1,tree
ht_0_hightown_n,727,948.600000,317.721800,293.681000,286,-1,tree
ht_0_hightown_n,728,1663.400000,443.633000,295.409000,397,-1,tree
ht_0_hightown_n,729,914.400000,299.124200,295.610000,279,-1,tree
ht_0_hightown_n,730,1243.600000,322.005800,296.208000,282,-1,tree
ht_0_hightown_n,731,968.400000,324.923000,296.296000,299,-1,tree
ht_0_hightown_n,732,1553.400000,397.278000,297.054000,361,-1,tree
ht_0_hightown_n,733,1698.800000,477.065000,297.752000,447,-1,tree
ht_0_hightown_n,734,1059.400000,362.449600,298.610000,327,-1,tree
ht_0_hightown_n,735,950.200000,323.964400,297.338000,291,-1,tree
ht_0_hightown_n,736,1746.200000,477.118200,297.806000,428,-1,tree
ht_0_hightown_n,737,1310.400000,335.207000,297.811000,301,-1,tree
ht_0_hightown_n,738,1674.000000,435.378600,297.255000,402,-1,tree
ht_0_hightown_n,739,1762.800000,475.420000,296.108000,435,-1,tree
ht_0_hightown_n,740,977.000000,336.147800,303.622000,292,-1,tree
ht_0_hightown_n,741,1189.800000,329.136000,303.338000,297,-1,tree
ht_0_hightown_n,742,944.200000,333.680400,302.083000,309,-1,tree
ht_0_hightown_n,743,1211.600000,408.934800,300.610000,371,-1,tree
ht_0_hightown_n,744,946.600000,330.124200,302.368000,310,-1,tree
ht_0_hightown_n,745,887.800000,327.680400,302.711000,303,-1,tree
ht_0_hightown_n,746,955.400000,335.319400,302.066000,292,-1,tree
ht_0_hightown_n,747,1024.800000,355.721800,303.296000,324,-1,tree
ht_0_hightown_n,748,1297.400000,331.005800,302.723000,291,-1,tree
ht_0_hightown_n,749,1145.800000,368.633000,303.238000,322,-1,tree
ht_0_hightown_n,750,1242.600000,339.035400,304.953000,304,-1,tree
ht_0_hightown_n,751,1433.400000,358.479200,306.054000,328,-1,tree
ht_0_hightown_n,752,1719.800000,483.479200,304.167000,453,-1,tree
ht_0_hightown_n,753,1406.600000,358.165600,304.912000,331,-1,tree
ht_0_hightown_n,754,1297.200000,329.964400,304.167000,297,-1,tree
ht_0_hightown_n,755,1022.600000,320.550200,305.238000,288,-1,tree
ht_0_hightown_n,756,1344.800000,418.349000,305.539000,380,-1,tree
ht_0_hightown_n,757,1420.200000,342.650800,304.652000,313,-1,tree
ht_0_hightown_n,758,1646.800000,446.834200,306.225000,406,-1,tree
ht_0_hightown_n,759,1730.200000,445.136000,304.527000,413,-1,tree
ht_0_hightown_n,760,1729.400000,452.520600,311.912000,415,-1,tree
ht_0_hightown_n,761,1276.800000,342.976200,308.894000,298,-1,tree
ht_0_hightown_n,762,1719.400000,449.662600,309.054000,408,-1,tree
ht_0_hightown_n,763,1631.800000,415.662600,311.137000,374,-1,tree
ht_0_hightown_n,764,1213.000000,373.964400,309.983000,341,-1,tree
ht_0_hightown_n,765,1361.600000,361.118200,308.066000,312,-1,tree
ht_0_hightown_n,766,1041.200000,309.136000,309.137000,277,-1,tree
ht_0_hightown_n,767,1089.200000,361.378600,308.953000,328,-1,tree
ht_0_hightown_n,768,1418.200000,378.923000,308.640000,353,-1,tree
ht_0_hightown_n,769,1611.400000,450.065000,309.456000,420,-1,tree
ht_0_hightown_n,770,1670.400000,428.319400,312.196000,385,-1,tree
ht_0_hightown_n,771,1610.400000,476.934800,315.238000,439,-1,tree
ht_0_hightown_n,772,1312.400000,334.934800,315.137000,297,-1,tree
ht_0_hightown_n,773,1340.800000,349.520600,313.782000,312,-1,tree
ht_0_hightown_n,774,1462.400000,343.792800,313.794000,310,-1,tree
ht_0_hightown_n,775,1685.000000,492.692200,313.380000,456,-1,tree
ht_0_hightown_n,776,1447.800000,350.792800,314.510000,317,-1,tree
ht_0_hightown_n,777,1632.200000,456.260200,315.652000,403,-1,tree
ht_0_hightown_n,778,1084.400000,346.520600,313.267000,309,-1,tree
ht_0_hightown_n,779,1556.600000,409.550200,312.681000,377,-1,tree
ht_0_hightown_n,780,1602.800000,370.207000,317.782000,336,-1,tree
ht_0_hightown_n,781,1393.400000,342.781000,316.983000,321,-1,tree
ht_0_hightown_n,782,1449.000000,360.976200,317.522000,316,-1,tree
ht_0_hightown_n,783,1301.200000,387.834200,319.510000,347,-1,tree
ht_0_hightown_n,784,1791.200000,457.520600,319.397000,420,-1,tree
ht_0_hightown_n,785,1766.600000,457.633000,319.510000,411,-1,tree
ht_0_hightown_n,786,911.800000,328.307600,319.480000,297,-1,tree
ht_0_hightown_n,787,892.800000,332.136000,316.137000,300,-1,tree
ht_0_hightown_n,788,1081.800000,358.266200,317.238000,334,-1,tree
ht_0_hightown_n,789,1680.200000,432.378600,317.083000,399,-1,tree
ht_0_hightown_n,790,1416.000000,353.721800,320.693000,322,-1,tree
ht_0_hightown_n,791,1118.000000,358.946600,323.108000,309,-1,tree
ht_0_hightown_n,792,1449.200000,357.863800,323.782000,322,-1,tree
ht_0_hightown_n,793,1127.800000,346.035400,320.238000,311,-1,tree
ht_0_hightown_n,794,1752.400000,432.905200,322.581000,390,-1,tree
ht_0_hightown_n,795,1500.000000,389.479200,320.853000,359,-1,tree
ht_0_hightown_n,796,1601.000000,400.360800,320.137000,350,-1,tree
ht_0_hightown_n,797,1281.200000,347.650800,321.853000,318,-1,tree
ht_0_hightown_n,798,1529.600000,385.017600,323.764000,333,-1,tree
ht_0_hightown_n,799,1786.400000,461.934800,322.154000,424,-1,tree
ht_0_hightown_n,800,1447.000000,328.366800,324.853000,307,-1,tree
ht_0_hightown_n,801,1041.200000,355.023600,325.894000,332,-1,tree
ht_0_hightown_n,802,1091.200000,360.360800,327.108000,310,-1,tree
ht_0_hightown_n,803,1357.600000,326.822400,326.823000,298,-1,tree
ht_0_hightown_n,804,1330.000000,359.076800,324.995000,317,-1,tree
ht_0_hightown_n,805,962.000000,339.721800,324.409000,308,-1,tree
ht_0_hightown_n,806,855.800000,329.295800,327.296000,310,-1,tree
ht_0_hightown_n,807,1259.200000,378.863800,327.953000,343,-1,tree
ht_0_hightown_n,808,1733.400000,465.390400,327.267000,420,-1,tree
ht_0_hightown_n,809,1526.200000,387.177400,324.167000,348,-1,tree
ht_0_hightown_n,810,1382.000000,354.094600,328.296000,329,-1,tree
ht_0_hightown_n,811,1834.200000,509.230600,329.919000,451,-1,tree
ht_0_hightown_n,812,1201.400000,372.964400,329.451000,340,-1,tree
ht_0_hightown_n,813,1024.800000,363.165600,329.125000,336,-1,tree
ht_0_hightown_n,814,1124.800000,370.893400,331.279000,340,-1,tree
ht_0_hightown_n,815,1522.600000,403.005800,329.409000,363,-1,tree
ht_0_hightown_n,816,1586.000000,380.792800,328.711000,347,-1,tree
ht_0_hightown_n,817,1518.600000,358.520600,328.279000,321,-1,tree
ht_0_hightown_n,818,1566.600000,418.834200,331.581000,378,-1,tree
ht_0_hightown_n,819,927.600000,350.337200,329.551000,324,-1,tree
ht_0_hightown_n,820,1035.200000,356.005800,333.622000,316,-1,tree
ht_0_hightown_n,821,1468.600000,366.408200,333.154000,338,-1,tree
ht_0_hightown_n,822,1811.400000,470.473200,332.350000,411,-1,tree
ht_0_hightown_n,823,1144.000000,366.005800,333.581000,326,-1,tree
ht_0_hightown_n,824,1123.800000,366.165600,333.439000,339,-1,tree
ht_0_hightown_n,825,1830.000000,473.621200,335.497000,439,-1,tree
ht_0_hightown_n,826,1701.400000,475.449600,334.841000,440,-1,tree
ht_0_hightown_n,827,1253.600000,421.236600,332.569000,392,-1,tree
ht_0_hightown_n,828,1613.600000,363.680400,334.225000,339,-1,tree
ht_0_hightown_n,829,1536.000000,362.207000,333.522000,328,-1,tree
ht_0_hightown_n,830,1484.000000,367.065000,338.823000,337,-1,tree
ht_0_hightown_n,831,1296.600000,373.076800,338.995000,331,-1,tree
ht_0_hightown_n,832,1137.200000,362.863800,337.066000,327,-1,tree
ht_0_hightown_n,833,1396.800000,447.479200,337.154000,417,-1,tree
ht_0_hightown_n,834,1063.200000,362.834200,337.037000,322,-1,tree
ht_0_hightown_n,835,1793.800000,478.715800,338.108000,418,-1,tree
ht_0_hightown_n,836,1837.200000,474.887400,336.764000,415,-1,tree
ht_0_hightown_n,837,1783.400000,425.449600,339.024000,390,-1,tree
ht_0_hightown_n,838,1411.200000,341.662600,338.149000,300,-1,tree
ht_0_hightown_n,839,961.800000,345.278000,337.279000,309,-1,tree
ht_0_hightown_n,840,1203.600000,394.763200,342.338000,356,-1,tree
ht_0_hightown_n,841,1617.400000,370.591600,342.794000,331,-1,tree
ht_0_hightown_n,842,1213.800000,367.337200,341.539000,341,-1,tree
ht_0_hightown_n,843,1213.200000,377.189200,343.108000,326,-1,tree
ht_0_hightown_n,844,963.000000,349.781000,343.782000,328,-1,tree
ht_0_hightown_n,845,1218.800000,405.420000,342.995000,365,-1,tree
ht_0_hightown_n,846,1496.000000,369.692200,343.894000,333,-1,tree
ht_0_hightown_n,847,1382.000000,376.775000,342.693000,326,-1,tree
ht_0_hightown_n,848,1616.000000,365.378600,342.693000,332,-1,tree
ht_0_hightown_n,849,1209.400000,405.076800,342.066000,363,-1,tree
ht_0_hightown_n,850,1552.600000,402.218800,346.865000,356,-1,tree
ht_0_hightown_n,851,1804.400000,486.745400,346.137000,431,-1,tree
ht_0_hightown_n,852,1510.200000,373.792800,347.995000,340,-1,tree
ht_0_hightown_n,853,1549.600000,399.520600,347.095000,362,-1,tree
ht_0_hightown_n,854,1013.400000,357.248400,347.593000,316,-1,tree
ht_0_hightown_n,855,1303.400000,397.520600,345.095000,360,-1,tree
ht_0_hightown_n,856,1466.200000,382.005800,347.924000,342,-1,tree
ht_0_hightown_n,857,1086.000000,370.065000,346.309000,340,-1,tree
ht_0_hightown_n,858,1002.800000,370.721800,344.924000,339,-1,tree
ht_0_hightown_n,859,1775.400000,419.307600,345.125000,388,-1,tree
ht_0_hightown_n,860,1532.400000,375.236600,349.439000,346,-1,tree
ht_0_hightown_n,861,1416.200000,466.147800,349.196000,422,-1,tree
ht_0_hightown_n,862,1944.000000,489.159600,351.037000,433,-1,tree
ht_0_hightown_n,863,1515.000000,388.674400,349.279000,335,-1,tree
ht_0_hightown_n,864,1640.000000,359.278000,351.622000,323,-1,tree
ht_0_hightown_n,865,1425.800000,459.236600,349.740000,430,-1,tree
ht_0_hightown_n,866,1565.000000,378.136000,349.894000,346,-1,tree
ht_0_hightown_n,867,1768.000000,488.402200,350.279000,431,-1,tree
ht_0_hightown_n,868,1861.000000,491.372600,350.764000,429,-1,tree
ht_0_hightown_n,869,1767.800000,527.644800,348.333000,469,-1,tree
ht_0_hightown_n,870,1391.400000,418.147800,352.794000,374,-1,tree
ht_0_hightown_n,871,1833.400000,492.958400,352.350000,431,-1,tree
ht_0_hightown_n,872,1546.600000,388.662600,353.794000,347,-1,tree
ht_0_hightown_n,873,1527.200000,378.005800,355.865000,338,-1,tree
ht_0_hightown_n,874,1887.800000,490.964400,352.012000,458,-1,tree
ht_0_hightown_n,875,1073.600000,382.408200,355.782000,354,-1,tree
ht_0_hightown_n,876,1525.800000,377.047200,353.250000,330,-1,tree
ht_0_hightown_n,877,1760.000000,434.834200,355.681000,394,-1,tree
ht_0_hightown_n,878,1035.200000,369.721800,355.723000,338,-1,tree
ht_0_hightown_n,879,1599.800000,355.538400,352.024000,335,-1,tree
ht_0_hightown_n,880,1535.000000,382.751400,356.953000,356,-1,tree
ht_0_hightown_n,881,1890.600000,497.372600,356.764000,435,-1,tree
ht_0_hightown_n,882,1794.000000,496.378600,357.426000,463,-1,tree
ht_0_hightown_n,883,1575.600000,394.349000,359.823000,356,-1,tree
ht_0_hightown_n,884,1719.200000,409.420000,356.995000,369,-1,tree
ht_0_hightown_n,885,1821.200000,498.118200,359.995000,449,-1,tree
ht_0_hightown_n,886,1612.600000,376.934800,359.622000,339,-1,tree
ht_0_hightown_n,887,1381.600000,383.136000,357.338000,351,-1,tree
ht_0_hightown_n,888,1704.200000,412.218800,359.794000,366,-1,tree
ht_0_hightown_n,889,1989.800000,496.278000,357.326000,460,-1,tree
ht_0_hightown_n,890,1745.400000,441.147800,361.409000,397,-1,tree
ht_0_hightown_n,891,1572.600000,384.136000,362.522000,352,-1,tree
ht_0_hightown_n,892,1797.000000,501.863800,363.740000,466,-1,tree
ht_0_hightown_n,893,1581.800000,389.834200,363.208000,349,-1,tree
ht_0_hightown_n,894,1703.800000,503.248400,362.640000,462,-1,tree
ht_0_hightown_n,895,1758.800000,406.177400,362.380000,367,-1,tree
ht_0_hightown_n,896,1574.800000,400.106400,361.279000,363,-1,tree
ht_0_hightown_n,897,1607.800000,391.751400,360.296000,365,-1,tree
ht_0_hightown_n,898,1047.200000,381.136000,361.581000,349,-1,tree
ht_0_hightown_n,899,1410.800000,436.721800,363.125000,405,-1,tree
ht_0_hightown_n,900,1858.000000,508.159600,367.551000,452,-1,tree
ht_0_hightown_n,901,1616.600000,401.147800,366.421000,357,-1,tree
ht_0_hightown_n,902,1593.000000,420.875600,367.865000,373,-1,tree
ht_0_hightown_n,903,1700.200000,397.792800,367.167000,364,-1,tree
ht_0_hightown_n,904,1563.600000,394.763200,366.137000,356,-1,tree
ht_0_hightown_n,905,1750.400000,439.893400,366.296000,409,-1,tree
ht_0_hightown_n,906,1127.600000,398.378600,364.723000,365,-1,tree
ht_0_hightown_n,907,1748.600000,428.420000,364.196000,388,-1,tree
ht_0_hightown_n,908,1557.200000,380.704000,365.434000,332,-1,tree
ht_0_hightown_n,909,1762.200000,506.644800,366.037000,448,-1,tree
ht_0_hightown_n,910,1566.600000,389.449600,368.480000,354,-1,tree
ht_0_hightown_n,911,1537.200000,389.863800,371.622000,354,-1,tree
ht_0_hightown_n,912,1901.000000,548.816400,369.505000,491,-1,tree
ht_0_hightown_n,913,1053.400000,383.692200,371.693000,347,-1,tree
ht_0_hightown_n,914,1274.200000,398.420000,368.966000,358,-1,tree
ht_0_hightown_n,915,1876.800000,400.781000,370.238000,379,-1,tree
ht_0_hightown_n,916,1093.200000,412.479200,370.782000,382,-1,tree
ht_0_hightown_n,917,1661.800000,400.792800,368.409000,367,-1,tree
ht_0_hightown_n,918,1043.600000,390.692200,371.380000,354,-1,tree
ht_0_hightown_n,919,1697.400000,415.562000,368.309000,371,-1,tree
ht_0_hightown_n,920,1090.600000,397.420000,374.451000,357,-1,tree
ht_0_hightown_n,921,2122.200000,552.988000,373.676000,496,-1,tree
ht_0_hightown_n,922,1132.200000,407.449600,372.723000,372,-1,tree
ht_0_hightown_n,923,1040.200000,386.621200,374.865000,352,-1,tree
ht_0_hightown_n,924,1219.600000,407.076800,373.865000,365,-1,tree
ht_0_hightown_n,925,1801.000000,404.035400,375.409000,369,-1,tree
ht_0_hightown_n,926,1108.400000,396.994000,375.581000,369,-1,tree
ht_0_hightown_n,927,1184.400000,423.621200,375.966000,389,-1,tree
ht_0_hightown_n,928,1587.600000,388.076800,372.764000,346,-1,tree
ht_0_hightown_n,929,1482.200000,465.550200,375.811000,433,-1,tree
ht_0_hightown_n,930,1174.000000,422.863800,379.350000,387,-1,tree
ht_0_hightown_n,931,1168.200000,406.136000,378.723000,374,-1,tree
ht_0_hightown_n,932,1638.200000,390.266200,376.267000,366,-1,tree
ht_0_hightown_n,933,1649.600000,409.076800,379.622000,367,-1,tree
ht_0_hightown_n,934,1547.200000,395.875600,376.078000,348,-1,tree
ht_0_hightown_n,935,1617.000000,418.147800,376.007000,374,-1,tree
ht_0_hightown_n,936,1683.000000,386.852000,378.024000,363,-1,tree
ht_0_hightown_n,937,1621.800000,388.307600,379.823000,357,-1,tree
ht_0_hightown_n,938,1353.600000,430.633000,378.208000,384,-1,tree
ht_0_hightown_n,939,1727.800000,410.207000,376.953000,376,-1,tree
ht_0_hightown_n,940,1673.800000,406.893400,381.095000,376,-1,tree
ht_0_hightown_n,941,1161.400000,418.662600,381.451000,377,-1,tree
ht_0_hightown_n,942,1997.800000,521.875600,381.267000,474,-1,tree
ht_0_hightown_n,943,1649.800000,409.307600,383.510000,378,-1,tree
ht_0_hightown_n,944,1338.000000,432.005800,383.522000,392,-1,tree
ht_0_hightown_n,945,1052.800000,392.207000,380.794000,358,-1,tree
ht_0_hightown_n,946,1667.200000,413.763200,380.735000,375,-1,tree
ht_0_hightown_n,947,1147.000000,410.763200,383.309000,372,-1,tree
ht_0_hightown_n,948,1330.400000,432.461400,380.037000,385,-1,tree
ht_0_hightown_n,949,1797.600000,416.248400,382.836000,375,-1,tree
ht_0_hightown_n,950,1172.800000,417.994000,387.652000,390,-1,tree
ht_0_hightown_n,951,1648.600000,391.994000,387.167000,364,-1,tree
ht_0_hightown_n,952,1038.000000,397.579800,386.752000,370,-1,tree
ht_0_hightown_n,953,1129.400000,416.378600,387.995000,383,-1,tree
ht_0_hightown_n,954,1120.200000,412.248400,386.794000,371,-1,tree
ht_0_hightown_n,955,1080.200000,400.751400,386.267000,374,-1,tree
ht_0_hightown_n,956,2259.400000,403.420000,385.421000,363,-1,tree
ht_0_hightown_n,957,1244.600000,392.307600,386.309000,361,-1,tree
ht_0_hightown_n,958,1143.800000,419.248400,385.551000,378,-1,tree
ht_0_hightown_n,959,1406.200000,419.106400,385.853000,382,-1,tree
ht_0_hightown_n,960,1795.000000,442.532400,390.108000,393,-1,tree
ht_0_hightown_n,961,1953.400000,458.692200,390.610000,422,-1,tree
ht_0_hightown_n,962,1388.600000,446.106400,388.752000,409,-1,tree
ht_0_hightown_n,963,1721.600000,435.207000,388.924000,401,-1,tree
ht_0_hightown_n,964,1634.400000,407.289800,389.149000,359,-1,tree
ht_0_hightown_n,965,2018.400000,530.887400,390.279000,471,-1,tree
ht_0_hightown_n,966,1817.400000,463.059000,391.179000,404,-1,tree
ht_0_hightown_n,967,1585.400000,424.887400,391.635000,365,-1,tree
ht_0_hightown_n,968,1736.000000,414.550200,388.409000,382,-1,tree
ht_0_hightown_n,969,1836.400000,430.520600,389.752000,393,-1,tree
ht_0_hightown_n,970,1304.600000,419.917000,394.120000,365,-1,tree
ht_0_hightown_n,971,1887.600000,501.887400,394.049000,442,-1,tree
ht_0_hightown_n,972,1763.200000,445.976200,393.551000,401,-1,tree
ht_0_hightown_n,973,1882.000000,427.035400,392.350000,392,-1,tree
ht_0_hightown_n,974,1197.400000,419.621200,395.622000,385,-1,tree
ht_0_hightown_n,975,1671.400000,407.934800,395.936000,370,-1,tree
ht_0_hightown_n,976,1634.600000,427.887400,393.806000,368,-1,tree
ht_0_hightown_n,977,1753.000000,446.319400,395.894000,403,-1,tree
ht_0_hightown_n,978,1678.600000,420.692200,392.409000,384,-1,tree
ht_0_hightown_n,979,1591.000000,394.053200,394.054000,376,-1,tree
ht_0_hightown_n,980,1883.200000,435.550200,398.238000,403,-1,tree
ht_0_hightown_n,981,1360.400000,435.106400,397.836000,398,-1,tree
ht_0_hightown_n,982,1347.000000,455.349000,396.095000,417,-1,tree
ht_0_hightown_n,983,1821.600000,449.905200,397.480000,407,-1,tree
ht_0_hightown_n,984,1317.000000,433.378600,397.563000,400,-1,tree
ht_0_hightown_n,985,1584.000000,505.745400,397.907000,450,-1,tree
ht_0_hightown_n,986,2515.200000,576.887400,397.576000,517,-1,tree
ht_0_hightown_n,987,1833.000000,449.236600,396.811000,420,-1,tree
ht_0_hightown_n,988,1613.200000,432.715800,398.635000,372,-1,tree
ht_0_hightown_n,989,1528.400000,474.591600,398.711000,435,-1,tree
ht_0_hightown_n,990,1967.000000,448.047200,401.764000,401,-1,tree
ht_0_hightown_n,991,1362.000000,441.035400,402.492000,406,-1,tree
ht_0_hightown_n,992,1259.000000,445.491000,402.380000,403,-1,tree
ht_0_hightown_n,993,1365.200000,453.479200,401.054000,423,-1,tree
ht_0_hightown_n,994,1843.600000,412.147800,400.735000,368,-1,tree
ht_0_hightown_n,995,1733.000000,440.804600,400.806000,395,-1,tree
ht_0_hightown_n,996,1819.600000,444.005800,401.865000,404,-1,tree
ht_0_hightown_n,997,2037.600000,538.402200,400.279000,481,-1,tree
ht_0_hightown_n,998,1755.200000,429.207000,402.664000,395,-1,tree
ht_0_hightown_n,999,1455.400000,454.491000,401.865000,412,-1,tree
ht_0_hightown_n,1000,1841.600000,441.520600,407.764000,404,-1,tree
ht_0_hightown_n,1001,1362.800000,445.662600,405.321000,404,-1,tree
ht_0_hightown_n,1002,1351.800000,458.319400,407.350000,415,-1,tree
ht_0_hightown_n,1003,1771.200000,439.532400,405.250000,390,-1,tree
ht_0_hightown_n,1004,1220.000000,437.834200,407.208000,397,-1,tree
ht_0_hightown_n,1005,1415.200000,448.562000,407.534000,404,-1,tree
ht_0_hightown_n,1006,1291.400000,435.591600,407.794000,396,-1,tree
ht_0_hightown_n,1007,1359.600000,460.491000,407.037000,418,-1,tree
ht_0_hightown_n,1008,1710.200000,415.591600,404.764000,376,-1,tree
ht_0_hightown_n,1009,1187.400000,433.094600,407.279000,408,-1,tree
ht_0_hightown_n,1010,1878.400000,452.248400,409.279000,411,-1,tree
ht_0_hightown_n,1011,1769.000000,436.763200,409.350000,398,-1,tree
ht_0_hightown_n,1012,1794.400000,416.863800,408.865000,381,-1,tree
ht_0_hightown_n,1013,1822.200000,449.893400,410.238000,419,-1,tree
ht_0_hightown_n,1014,1742.400000,426.621200,410.480000,392,-1,tree
ht_0_hightown_n,1015,1742.200000,481.763200,408.267000,443,-1,tree
ht_0_hightown_n,1016,1873.600000,408.550200,408.551000,376,-1,tree
ht_0_hightown_n,1017,2263.000000,549.917000,411.794000,495,-1,tree
ht_0_hightown_n,1018,1191.800000,417.508800,409.510000,392,-1,tree
ht_0_hightown_n,1019,1425.400000,461.118200,408.693000,412,-1,tree
ht_0_hightown_n,1020,1391.400000,460.047200,414.877000,413,-1,tree
ht_0_hightown_n,1021,1787.600000,449.420000,415.563000,409,-1,tree
ht_0_hightown_n,1022,1344.400000,451.189200,412.764000,400,-1,tree
ht_0_hightown_n,1023,1346.000000,464.804600,413.007000,419,-1,tree
ht_0_hightown_n,1024,1751.600000,426.792800,412.794000,393,-1,tree
ht_0_hightown_n,1025,1486.000000,461.804600,414.149000,416,-1,tree
ht_0_hightown_n,1026,1472.200000,489.372600,412.664000,427,-1,tree
ht_0_hightown_n,1027,1286.600000,422.065000,412.409000,392,-1,tree
ht_0_hightown_n,1028,1746.800000,422.621200,412.622000,388,-1,tree
ht_0_hightown_n,1029,2025.600000,555.230600,414.622000,497,-1,tree
ht_0_hightown_n,1030,1796.800000,419.278000,419.279000,383,-1,tree
ht_0_hightown_n,1031,1426.400000,479.928800,417.362000,413,-1,tree
ht_0_hightown_n,1032,1175.400000,426.248400,417.421000,385,-1,tree
ht_0_hightown_n,1033,1198.000000,422.065000,416.652000,392,-1,tree
ht_0_hightown_n,1034,1257.600000,423.449600,417.794000,388,-1,tree
ht_0_hightown_n,1035,1394.600000,471.662600,419.179000,430,-1,tree
ht_0_hightown_n,1036,1747.200000,444.118200,416.907000,395,-1,tree
ht_0_hightown_n,1037,1319.800000,447.319400,418.836000,404,-1,tree
ht_0_hightown_n,1038,2047.400000,520.059000,417.250000,461,-1,tree
ht_0_hightown_n,1039,1430.200000,460.420000,416.907000,420,-1,tree
ht_0_hightown_n,1040,1784.000000,449.088600,423.291000,395,-1,tree
ht_0_hightown_n,1041,1765.000000,445.248400,420.120000,404,-1,tree
ht_0_hightown_n,1042,1334.000000,435.207000,421.208000,401,-1,tree
ht_0_hightown_n,1043,1955.400000,471.248400,422.480000,430,-1,tree
ht_0_hightown_n,1044,1755.400000,423.650800,423.652000,394,-1,tree
ht_0_hightown_n,1045,2042.400000,473.520600,421.095000,436,-1,tree
ht_0_hightown_n,1046,1855.200000,451.875600,422.421000,404,-1,tree
ht_0_hightown_n,1047,1265.800000,463.745400,422.392000,408,-1,tree
ht_0_hightown_n,1048,1733.400000,449.662600,422.049000,408,-1,tree
ht_0_hightown_n,1049,1835.800000,460.147800,421.321000,416,-1,tree
ht_0_hightown_n,1050,1161.000000,435.319400,426.492000,392,-1,tree
ht_0_hightown_n,1051,1767.000000,450.491000,424.250000,408,-1,tree
ht_0_hightown_n,1052,1989.400000,511.059000,424.635000,452,-1,tree
ht_0_hightown_n,1053,1466.800000,474.248400,427.421000,433,-1,tree
ht_0_hightown_n,1054,1890.200000,459.390400,425.936000,414,-1,tree
ht_0_hightown_n,1055,1294.400000,457.278000,427.463000,421,-1,tree
ht_0_hightown_n,1056,1633.600000,541.786800,427.321000,479,-1,tree
ht_0_hightown_n,1057,1129.600000,450.390400,425.421000,405,-1,tree
ht_0_hightown_n,1058,1461.600000,463.863800,427.806000,428,-1,tree
ht_0_hightown_n,1059,1890.200000,457.822400,427.279000,429,-1,tree
ht_0_hightown_n,1060,1496.400000,467.976200,429.936000,423,-1,tree
ht_0_hightown_n,1061,2664.000000,568.615200,428.007000,505,-1,tree
ht_0_hightown_n,1062,1874.600000,451.745400,428.191000,396,-1,tree
ht_0_hightown_n,1063,1774.200000,451.946600,431.948000,402,-1,tree
ht_0_hightown_n,1064,1971.200000,440.964400,428.966000,408,-1,tree
ht_0_hightown_n,1065,1780.400000,540.615200,428.635000,477,-1,tree
ht_0_hightown_n,1066,1586.400000,529.715800,428.220000,469,-1,tree
ht_0_hightown_n,1067,1963.800000,441.520600,430.693000,404,-1,tree
ht_0_hightown_n,1068,2019.400000,463.106400,429.024000,426,-1,tree
ht_0_hightown_n,1069,1343.800000,439.378600,429.380000,406,-1,tree
ht_0_hightown_n,1070,1968.000000,475.775000,433.250000,425,-1,tree
ht_0_hightown_n,1071,1459.000000,475.603400,433.747000,424,-1,tree
ht_0_hightown_n,1072,2059.600000,487.106400,434.681000,450,-1,tree
ht_0_hightown_n,1073,1919.000000,465.248400,432.220000,424,-1,tree
ht_0_hightown_n,1074,1859.000000,467.047200,435.836000,420,-1,tree
ht_0_hightown_n,1075,1711.600000,543.301600,432.149000,483,-1,tree
ht_0_hightown_n,1076,1854.800000,475.976200,435.492000,431,-1,tree
ht_0_hightown_n,1077,1289.400000,446.106400,433.622000,409,-1,tree
ht_0_hightown_n,1078,1553.000000,483.461400,435.806000,436,-1,tree
ht_0_hightown_n,1079,1871.200000,461.319400,435.605000,418,-1,tree
ht_0_hightown_n,1080,1409.800000,467.621200,438.877000,433,-1,tree
ht_0_hightown_n,1081,1929.200000,479.988000,439.078000,423,-1,tree
ht_0_hightown_n,1082,1318.600000,460.745400,436.948000,405,-1,tree
ht_0_hightown_n,1083,1749.400000,438.177400,438.179000,399,-1,tree
ht_0_hightown_n,1084,1357.600000,482.005800,438.250000,442,-1,tree
ht_0_hightown_n,1085,1405.800000,465.988000,439.848000,409,-1,tree
ht_0_hightown_n,1086,1821.600000,464.745400,439.191000,409,-1,tree
ht_0_hightown_n,1087,1398.800000,492.875600,436.936000,445,-1,tree
ht_0_hightown_n,1088,1520.800000,494.846000,437.250000,442,-1,tree
ht_0_hightown_n,1089,1414.600000,486.988000,437.676000,430,-1,tree
ht_0_hightown_n,1090,1286.000000,455.934800,441.451000,418,-1,tree
ht_0_hightown_n,1091,2140.600000,487.633000,441.350000,441,-1,tree
ht_0_hightown_n,1092,1390.600000,470.834200,441.806000,430,-1,tree
ht_0_hightown_n,1093,1232.000000,471.106400,443.108000,434,-1,tree
ht_0_hightown_n,1094,1202.000000,449.207000,441.551000,415,-1,tree
ht_0_hightown_n,1095,1853.600000,452.917000,441.605000,398,-1,tree
ht_0_hightown_n,1096,1413.400000,481.106400,443.392000,444,-1,tree
ht_0_hightown_n,1097,1184.000000,448.692200,441.865000,412,-1,tree
ht_0_hightown_n,1098,1272.000000,463.301600,441.505000,403,-1,tree
ht_0_hightown_n,1099,2013.800000,472.106400,442.392000,435,-1,tree
ht_0_hightown_n,1100,1366.200000,470.745400,445.818000,415,-1,tree
ht_0_hightown_n,1101,1246.600000,460.260200,446.505000,407,-1,tree
ht_0_hightown_n,1102,1923.000000,464.692200,446.877000,428,-1,tree
ht_0_hightown_n,1103,2003.200000,457.035400,444.551000,422,-1,tree
ht_0_hightown_n,1104,2023.600000,500.887400,445.635000,441,-1,tree
ht_0_hightown_n,1105,2005.000000,498.946600,446.179000,449,-1,tree
ht_0_hightown_n,1106,1942.000000,475.934800,447.049000,438,-1,tree
ht_0_hightown_n,1107,1922.600000,474.692200,444.735000,438,-1,tree
ht_0_hightown_n,1108,1907.800000,472.319400,445.108000,429,-1,tree
ht_0_hightown_n,1109,1559.000000,499.059000,446.635000,440,-1,tree
ht_0_hightown_n,1110,1370.600000,483.733600,448.220000,440,-1,tree
ht_0_hightown_n,1111,1374.600000,484.863800,449.208000,449,-1,tree
ht_0_hightown_n,1112,1438.200000,476.278000,451.652000,440,-1,tree
ht_0_hightown_n,1113,1887.200000,466.431800,448.291000,414,-1,tree
ht_0_hightown_n,1114,2077.600000,519.272000,451.877000,454,-1,tree
ht_0_hightown_n,1115,1522.800000,489.035400,449.664000,454,-1,tree
ht_0_hightown_n,1116,1986.800000,464.621200,450.622000,430,-1,tree
ht_0_hightown_n,1117,1842.600000,469.278000,448.534000,433,-1,tree
ht_0_hightown_n,1118,1989.800000,498.461400,451.593000,451,-1,tree
ht_0_hightown_n,1119,1422.800000,494.106400,450.593000,457,-1,tree
ht_0_hightown_n,1120,2398.200000,592.573800,454.451000,536,-1,tree
ht_0_hightown_n,1121,2025.800000,491.834200,452.179000,451,-1,tree
ht_0_hightown_n,1122,1982.400000,489.130000,455.676000,428,-1,tree
ht_0_hightown_n,1123,1867.400000,473.035400,455.522000,438,-1,tree
ht_0_hightown_n,1124,1440.200000,484.218800,454.404000,438,-1,tree
ht_0_hightown_n,1125,1378.400000,489.875600,452.161000,442,-1,tree
ht_0_hightown_n,1126,1348.400000,500.976200,453.321000,456,-1,tree
ht_0_hightown_n,1127,1878.400000,468.804600,452.747000,423,-1,tree
ht_0_hightown_n,1128,1257.000000,463.005800,452.179000,423,-1,tree
ht_0_hightown_n,1129,2032.200000,497.147800,454.179000,453,-1,tree
ht_0_hightown_n,1130,1481.600000,506.905200,459.250000,464,-1,tree
ht_0_hightown_n,1131,1353.200000,486.976200,458.978000,442,-1,tree
ht_0_hightown_n,1132,1309.800000,472.579800,457.752000,445,-1,tree
ht_0_hightown_n,1133,1529.000000,509.248400,458.279000,468,-1,tree
ht_0_hightown_n,1134,2004.400000,457.236600,457.238000,428,-1,tree
ht_0_hightown_n,1135,2119.400000,508.520600,456.095000,471,-1,tree
ht_0_hightown_n,1136,1954.400000,465.005800,457.350000,425,-1,tree
ht_0_hightown_n,1137,1967.800000,486.449600,458.392000,451,-1,tree
ht_0_hightown_n,1138,1507.600000,501.846000,457.505000,449,-1,tree
ht_0_hightown_n,1139,1942.000000,491.431800,459.233000,439,-1,tree
ht_0_hightown_n,1140,1992.200000,491.301600,463.848000,431,-1,tree
ht_0_hightown_n,1141,1653.800000,513.230600,460.806000,455,-1,tree
ht_0_hightown_n,1142,2517.800000,598.544200,460.421000,537,-1,tree
ht_0_hightown_n,1143,1357.600000,470.408200,461.924000,442,-1,tree
ht_0_hightown_n,1144,1921.200000,489.218800,461.161000,443,-1,tree
ht_0_hightown_n,1145,1246.800000,464.449600,462.451000,429,-1,tree
ht_0_hightown_n,1146,1871.800000,477.390400,462.505000,432,-1,tree
ht_0_hightown_n,1147,1505.400000,506.017600,463.333000,454,-1,tree
ht_0_hightown_n,1148,1937.600000,480.733600,460.978000,437,-1,tree
ht_0_hightown_n,1149,1378.600000,484.745400,462.747000,429,-1,tree
ht_0_hightown_n,1150,1423.200000,506.692200,466.492000,470,-1,tree
ht_0_hightown_n,1151,1598.000000,492.177400,465.451000,453,-1,tree
ht_0_hightown_n,1152,2023.000000,473.207000,465.551000,439,-1,tree
ht_0_hightown_n,1153,1426.400000,470.307600,466.309000,439,-1,tree
ht_0_hightown_n,1154,2062.000000,477.721800,465.723000,446,-1,tree
ht_0_hightown_n,1155,1470.800000,494.136000,465.392000,462,-1,tree
ht_0_hightown_n,1156,2038.400000,514.260200,467.978000,461,-1,tree
ht_0_hightown_n,1157,1995.800000,495.733600,465.191000,452,-1,tree
ht_0_hightown_n,1158,1509.600000,499.550200,467.894000,467,-1,tree
ht_0_hightown_n,1159,1369.600000,482.863800,466.037000,447,-1,tree
ht_0_hightown_n,1160,1514.600000,508.621200,471.735000,474,-1,tree
ht_0_hightown_n,1161,1949.600000,469.337200,469.338000,443,-1,tree
ht_0_hightown_n,1162,1935.000000,476.834200,471.179000,436,-1,tree
ht_0_hightown_n,1163,2001.400000,498.887400,471.434000,439,-1,tree
ht_0_hightown_n,1164,1634.600000,521.272000,468.848000,456,-1,tree
ht_0_hightown_n,1165,1994.800000,496.786800,469.375000,434,-1,tree
ht_0_hightown_n,1166,2072.200000,524.715800,469.362000,464,-1,tree
ht_0_hightown_n,1167,2120.600000,485.035400,470.208000,450,-1,tree
ht_0_hightown_n,1168,2019.000000,471.934800,469.108000,434,-1,tree
ht_0_hightown_n,1169,1582.000000,506.863800,469.978000,471,-1,tree
ht_0_hightown_n,1170,1470.800000,521.177400,472.693000,482,-1,tree
ht_0_hightown_n,1171,1643.400000,522.816400,475.990000,465,-1,tree
ht_0_hightown_n,1172,1984.400000,478.278000,475.451000,442,-1,tree
ht_0_hightown_n,1173,1460.600000,475.893400,474.480000,445,-1,tree
ht_0_hightown_n,1174,1403.400000,512.106400,472.108000,475,-1,tree
ht_0_hightown_n,1175,1603.400000,520.230600,473.404000,462,-1,tree
ht_0_hightown_n,1176,2172.000000,509.449600,473.108000,474,-1,tree
ht_0_hightown_n,1177,2058.800000,520.786800,473.676000,458,-1,tree
ht_0_hightown_n,1178,1406.400000,485.745400,472.090000,430,-1,tree
ht_0_hightown_n,1179,1451.200000,487.792800,472.480000,454,-1,tree
ht_0_hightown_n,1180,1998.600000,508.674400,478.960000,455,-1,tree
ht_0_hightown_n,1181,1562.000000,533.431800,476.664000,481,-1,tree
ht_0_hightown_n,1182,1554.400000,510.834200,478.593000,470,-1,tree
ht_0_hightown_n,1183,2045.000000,501.473200,477.676000,442,-1,tree
ht_0_hightown_n,1184,1389.400000,484.159600,476.505000,428,-1,tree
ht_0_hightown_n,1185,2128.400000,476.207000,476.208000,442,-1,tree
ht_0_hightown_n,1186,1995.000000,499.934800,479.191000,462,-1,tree
ht_0_hightown_n,1187,1568.000000,513.674400,479.718000,460,-1,tree
ht_0_hightown_n,1188,1358.200000,484.278000,479.451000,448,-1,tree
ht_0_hightown_n,1189,2062.800000,516.887400,478.061000,457,-1,tree
ht_0_hightown_n,1190,2154.600000,534.201000,481.777000,471,-1,tree
ht_0_hightown_n,1191,1407.800000,507.301600,482.818000,447,-1,tree
ht_0_hightown_n,1192,1962.400000,491.402200,481.747000,434,-1,tree
ht_0_hightown_n,1193,1388.000000,501.846000,481.706000,449,-1,tree
ht_0_hightown_n,1194,1488.800000,507.017600,483.889000,455,-1,tree
ht_0_hightown_n,1195,1484.800000,490.449600,482.794000,455,-1,tree
ht_0_hightown_n,1196,2162.200000,509.278000,480.978000,473,-1,tree
ht_0_hightown_n,1197,2208.200000,527.319400,481.764000,484,-1,tree
ht_0_hightown_n,1198,2138.200000,501.621200,481.179000,467,-1,tree
ht_0_hightown_n,1199,1569.000000,539.130000,480.848000,478,-1,tree
ht_0_hightown_n,1200,2094.800000,538.201000,486.605000,475,-1,tree
ht_0_hightown_n,1201,1566.400000,520.550200,486.735000,488,-1,tree
ht_0_hightown_n,1202,2045.200000,505.988000,485.203000,449,-1,tree
ht_0_hightown_n,1203,2011.600000,503.745400,487.304000,448,-1,tree
ht_0_hightown_n,1204,1976.600000,486.834200,486.836000,446,-1,tree
ht_0_hightown_n,1205,1447.000000,493.177400,484.350000,454,-1,tree
ht_0_hightown_n,1206,2024.000000,503.958400,484.161000,442,-1,tree
ht_0_hightown_n,1207,2236.600000,529.562000,487.380000,485,-1,tree
ht_0_hightown_n,1208,2116.400000,513.715800,484.647000,453,-1,tree
ht_0_hightown_n,1209,1983.400000,487.207000,487.208000,453,-1,tree
ht_0_hightown_n,1210,2256.600000,534.834200,488.551000,494,-1,tree
ht_0_hightown_n,1211,1512.600000,505.621200,490.007000,471,-1,tree
ht_0_hightown_n,1212,2087.200000,489.035400,489.037000,454,-1,tree
ht_0_hightown_n,1213,1633.000000,535.420000,489.421000,495,-1,tree
ht_0_hightown_n,1214,1977.000000,491.988000,489.161000,435,-1,tree
ht_0_hightown_n,1215,2077.800000,495.579800,490.752000,468,-1,tree
ht_0_hightown_n,1216,2134.000000,494.721800,490.480000,463,-1,tree
ht_0_hightown_n,1217,1441.000000,491.035400,491.037000,456,-1,tree
ht_0_hightown_n,1218,2155.400000,520.331200,488.132000,465,-1,tree
ht_0_hightown_n,1219,2104.400000,509.893400,489.149000,479,-1,tree
ht_0_hightown_n,1220,2145.400000,531.887400,493.889000,472,-1,tree
ht_0_hightown_n,1221,2053.000000,533.514600,493.818000,467,-1,tree
ht_0_hightown_n,1222,1446.400000,508.644800,492.647000,450,-1,tree
ht_0_hightown_n,1223,2067.400000,506.449600,495.966000,471,-1,tree
ht_0_hightown_n,1224,2099.400000,502.822400,492.338000,474,-1,tree
ht_0_hightown_n,1225,2109.200000,513.893400,492.321000,483,-1,tree
ht_0_hightown_n,1226,1661.600000,545.615200,494.647000,482,-1,tree
ht_0_hightown_n,1227,2051.600000,544.029400,495.747000,480,-1,tree
ht_0_hightown_n,1228,1387.600000,499.289800,493.291000,451,-1,tree
ht_0_hightown_n,1229,2058.600000,511.230600,493.090000,453,-1,tree
ht_0_hightown_n,1230,2101.400000,532.443600,499.233000,468,-1,tree
ht_0_hightown_n,1231,1647.200000,528.272000,496.718000,463,-1,tree
ht_0_hightown_n,1232,1602.000000,528.029400,496.475000,464,-1,tree
ht_0_hightown_n,1233,1704.200000,536.378600,497.007000,503,-1,tree
ht_0_hightown_n,1234,1413.200000,502.278000,496.622000,466,-1,tree
ht_0_hightown_n,1235,1638.200000,525.136000,499.480000,493,-1,tree
ht_0_hightown_n,1236,1521.600000,506.420000,497.593000,466,-1,tree
ht_0_hightown_n,1237,2302.800000,546.390400,499.279000,501,-1,tree
ht_0_hightown_n,1238,1612.400000,522.201000,496.546000,459,-1,tree
ht_0_hightown_n,1239,1330.200000,501.532400,497.534000,452,-1,tree
ht_0_hightown_n,1240,2110.400000,541.171400,500.647000,473,-1,tree
ht_0_hightown_n,1241,1534.200000,529.402200,501.605000,472,-1,tree
ht_0_hightown_n,1242,1707.400000,541.964400,503.421000,509,-1,tree
ht_0_hightown_n,1243,1672.200000,557.514600,500.747000,491,-1,tree
ht_0_hightown_n,1244,2163.400000,503.591600,503.593000,464,-1,tree
ht_0_hightown_n,1245,2177.000000,526.786800,500.203000,464,-1,tree
ht_0_hightown_n,1246,2136.200000,554.443600,503.191000,490,-1,tree
ht_0_hightown_n,1247,1661.600000,544.059000,503.032000,485,-1,tree
ht_0_hightown_n,1248,2086.000000,530.230600,503.931000,472,-1,tree
ht_0_hightown_n,1249,1494.800000,522.775000,503.990000,472,-1,tree
ht_0_hightown_n,1250,2368.600000,551.662600,505.380000,510,-1,tree
ht_0_hightown_n,1251,1434.800000,511.017600,506.191000,459,-1,tree
ht_0_hightown_n,1252,1657.200000,540.100400,506.061000,474,-1,tree
ht_0_hightown_n,1253,1378.800000,511.159600,506.333000,455,-1,tree
ht_0_hightown_n,1254,1560.600000,515.307600,505.652000,484,-1,tree
ht_0_hightown_n,1255,2150.200000,525.059000,507.304000,466,-1,tree
ht_0_hightown_n,1256,2338.800000,546.491000,506.836000,504,-1,tree
ht_0_hightown_n,1257,2212.200000,535.621200,505.078000,501,-1,tree
ht_0_hightown_n,1258,2185.600000,528.378600,506.806000,495,-1,tree
ht_0_hightown_n,1259,1679.600000,542.331200,505.446000,487,-1,tree
ht_0_hightown_n,1260,2113.200000,511.207000,508.380000,477,-1,tree
ht_0_hightown_n,1261,2179.400000,541.029400,508.931000,477,-1,tree
ht_0_hightown_n,1262,2110.400000,531.544200,508.475000,470,-1,tree
ht_0_hightown_n,1263,2070.600000,510.775000,510.777000,460,-1,tree
ht_0_hightown_n,1264,2150.400000,554.272000,508.818000,489,-1,tree
ht_0_hightown_n,1265,2138.000000,548.272000,509.446000,483,-1,tree
ht_0_hightown_n,1266,2168.400000,544.887400,510.203000,485,-1,tree
ht_0_hightown_n,1267,1705.600000,551.449600,509.593000,516,-1,tree
ht_0_hightown_n,1268,2187.600000,516.035400,508.380000,481,-1,tree
ht_0_hightown_n,1269,1461.200000,518.520600,509.693000,481,-1,tree
ht_0_hightown_n,1270,2223.400000,562.017600,512.120000,510,-1,tree
ht_0_hightown_n,1271,1721.200000,570.686200,514.747000,505,-1,tree
ht_0_hightown_n,1272,2346.600000,539.035400,515.220000,504,-1,tree
ht_0_hightown_n,1273,2199.800000,544.372600,515.002000,482,-1,tree
ht_0_hightown_n,1274,2669.000000,523.159600,514.132000,467,-1,tree
ht_0_hightown_n,1275,2054.800000,521.473200,513.032000,462,-1,tree
ht_0_hightown_n,1276,1708.400000,555.201000,512.517000,492,-1,tree
ht_0_hightown_n,1277,2115.000000,532.301600,512.505000,472,-1,tree
ht_0_hightown_n,1278,1585.800000,519.964400,515.966000,487,-1,tree
ht_0_hightown_n,1279,2188.000000,545.544200,512.333000,484,-1,tree
ht_0_hightown_n,1280,1522.800000,529.715800,516.404000,469,-1,tree
ht_0_hightown_n,1281,2251.800000,562.230600,516.576000,504,-1,tree
ht_0_hightown_n,1282,2170.600000,550.544200,519.818000,489,-1,tree
ht_0_hightown_n,1283,2115.600000,532.745400,517.617000,477,-1,tree
ht_0_hightown_n,1284,1539.000000,538.715800,518.333000,478,-1,tree
ht_0_hightown_n,1285,2082.800000,532.644800,518.203000,474,-1,tree
ht_0_hightown_n,1286,1510.800000,532.846000,516.362000,480,-1,tree
ht_0_hightown_n,1287,1528.000000,518.721800,518.723000,487,-1,tree
ht_0_hightown_n,1288,1536.800000,529.715800,516.546000,469,-1,tree
ht_0_hightown_n,1289,1556.600000,521.621200,516.794000,487,-1,tree
ht_0_hightown_n,1290,2233.600000,557.272000,521.759000,492,-1,tree
ht_0_hightown_n,1291,2080.600000,528.745400,520.747000,473,-1,tree
ht_0_hightown_n,1292,1466.400000,523.331200,520.505000,468,-1,tree
ht_0_hightown_n,1293,1709.600000,573.857800,521.233000,509,-1,tree
ht_0_hightown_n,1294,1570.600000,543.301600,522.919000,483,-1,tree
ht_0_hightown_n,1295,2094.200000,520.159600,520.161000,464,-1,tree
ht_0_hightown_n,1296,1768.000000,573.686200,520.233000,508,-1,tree
ht_0_hightown_n,1297,2349.000000,531.449600,523.794000,496,-1,tree
ht_0_hightown_n,1298,1591.400000,538.230600,521.203000,480,-1,tree
ht_0_hightown_n,1299,2157.800000,543.958400,520.061000,482,-1,tree
ht_0_hightown_n,1300,2290.800000,529.792800,524.137000,496,-1,tree
ht_0_hightown_n,1301,2114.600000,527.917000,527.919000,473,-1,tree
ht_0_hightown_n,1302,1590.000000,538.035400,524.380000,503,-1,tree
ht_0_hightown_n,1303,1695.800000,569.786800,526.274000,507,-1,tree
ht_0_hightown_n,1304,1488.200000,531.846000,525.848000,479,-1,tree
ht_0_hightown_n,1305,1724.600000,575.615200,526.304000,512,-1,tree
ht_0_hightown_n,1306,2191.600000,545.159600,527.848000,489,-1,tree
ht_0_hightown_n,1307,1766.800000,584.070800,526.475000,513,-1,tree
ht_0_hightown_n,1308,2255.000000,570.414000,524.960000,501,-1,tree
ht_0_hightown_n,1309,1666.200000,568.958400,527.931000,507,-1,tree
ht_0_hightown_n,1310,1714.800000,571.958400,529.274000,510,-1,tree
ht_0_hightown_n,1311,2224.800000,569.857800,528.546000,505,-1,tree
ht_0_hightown_n,1312,1491.800000,533.573800,530.747000,477,-1,tree
ht_0_hightown_n,1313,2261.600000,566.958400,528.132000,505,-1,tree
ht_0_hightown_n,1314,2257.200000,560.130000,529.588000,499,-1,tree
ht_0_hightown_n,1315,1640.000000,556.230600,528.073000,498,-1,tree
ht_0_hightown_n,1316,1570.200000,531.792800,531.794000,498,-1,tree
ht_0_hightown_n,1317,2311.600000,574.414000,529.789000,505,-1,tree
ht_0_hightown_n,1318,2129.200000,535.431800,529.777000,483,-1,tree
ht_0_hightown_n,1319,1521.800000,531.573800,528.747000,475,-1,tree
ht_0_hightown_n,1320,2265.600000,571.615200,533.032000,508,-1,tree
ht_0_hightown_n,1321,1754.800000,581.544200,534.718000,520,-1,tree
ht_0_hightown_n,1322,2327.000000,538.378600,532.723000,505,-1,tree
ht_0_hightown_n,1323,1709.000000,571.715800,532.345000,511,-1,tree
ht_0_hightown_n,1324,2203.000000,555.402200,532.960000,498,-1,tree
ht_0_hightown_n,1325,2198.800000,563.029400,532.931000,499,-1,tree
ht_0_hightown_n,1326,2181.000000,542.260200,532.605000,489,-1,tree
ht_0_hightown_n,1327,1599.000000,562.644800,532.889000,504,-1,tree
ht_0_hightown_n,1328,1663.600000,564.644800,532.831000,506,-1,tree
ht_0_hightown_n,1329,2151.600000,544.573800,534.818000,488,-1,tree
ht_0_hightown_n,1330,1689.600000,566.644800,537.073000,508,-1,tree
ht_0_hightown_n,1331,1803.800000,590.171400,536.718000,522,-1,tree
ht_0_hightown_n,1332,2386.600000,546.792800,539.723000,513,-1,tree
ht_0_hightown_n,1333,1742.800000,578.130000,537.931000,517,-1,tree
ht_0_hightown_n,1334,1785.600000,594.514600,539.404000,528,-1,tree
ht_0_hightown_n,1335,1581.200000,544.260200,536.262000,491,-1,tree
ht_0_hightown_n,1336,1608.000000,551.378600,536.894000,518,-1,tree
ht_0_hightown_n,1337,1763.200000,591.414000,537.132000,522,-1,tree
ht_0_hightown_n,1338,1770.600000,576.130000,539.245000,515,-1,tree
ht_0_hightown_n,1339,2337.600000,572.443600,536.103000,508,-1,tree
