map,scenid,tcost,distance,expect,steps,d,itype
lt_0_lowtown_a2_n,0,257.200000,4.242600,4.242640,4,-1,tree
lt_0_lowtown_a2_n,1,336.600000,33.627200,7.000000,28,-1,tree
lt_0_lowtown_a2_n,2,329.600000,48.355000,5.828430,39,-1,tree
lt_0_lowtown_a2_n,3,130.000000,9.656800,4.000000,9,-1,tree
lt_0_lowtown_a2_n,4,161.000000,23.556200,7.414210,20,-1,tree
lt_0_lowtown_a2_n,5,174.400000,28.384600,5.414210,24,-1,tree
lt_0_lowtown_a2_n,6,169.600000,23.313600,7.656850,21,-1,tree
lt_0_lowtown_a2_n,7,455.000000,83.366800,5.000000,62,-1,tree
lt_0_lowtown_a2_n,8,82.000000,7.414200,5.414210,8,-1,tree
lt_0_lowtown_a2_n,9,272.800000,41.355000,5.414210,32,-1,tree
lt_0_lowtown_a2_n,10,172.600000,19.727800,11.485300,17,-1,tree
lt_0_lowtown_a2_n,11,293.800000,61.497000,11.414200,48,-1,tree
lt_0_lowtown_a2_n,12,382.200000,85.828400,9.828430,86,-1,tree
lt_0_lowtown_a2_n,13,188.600000,34.284000,8.242640,27,-1,tree
lt_0_lowtown_a2_n,14,116.200000,11.899400,11.899500,10,-1,tree
lt_0_lowtown_a2_n,15,233.000000,49.769200,8.656850,40,-1,tree
lt_0_lowtown_a2_n,16,214.400000,36.627200,9.071070,31,-1,tree
lt_0_lowtown_a2_n,17,227.000000,42.284000,8.485280,35,-1,tree
lt_0_lowtown_a2_n,18,243.600000,38.384600,9.071070,34,-1,tree
lt_0_lowtown_a2_n,19,194.200000,45.355000,8.242640,36,-1,tree
lt_0_lowtown_a2_n,20,352.000000,59.840200,12.242600,48,-1,tree
lt_0_lowtown_a2_n,21,332.000000,49.869800,14.313700,43,-1,tree
lt_0_lowtown_a2_n,22,224.400000,36.313600,15.142100,34,-1,tree
lt_0_lowtown_a2_n,23,249.000000,59.911200,12.899500,46,-1,tree
lt_0_lowtown_a2_n,24,188.600000,42.041400,13.071100,36,-1,tree
lt_0_lowtown_a2_n,25,661.800000,141.455600,15.071100,135,-1,tree
lt_0_lowtown_a2_n,26,457.800000,100.366800,12.485300,79,-1,tree
lt_0_lowtown_a2_n,27,182.800000,41.627200,15.242600,36,-1,tree
lt_0_lowtown_a2_n,28,238.400000,54.940800,12.071100,46,-1,tree
lt_0_lowtown_a2_n,29,123.200000,18.970400,14.242600,15,-1,tree
lt_0_lowtown_a2_n,30,172.800000,28.970400,18.970600,25,-1,tree
lt_0_lowtown_a2_n,31,262.200000,54.142000,18.828400,51,-1,tree
lt_0_lowtown_a2_n,32,143.000000,28.142000,16.142100,25,-1,tree
lt_0_lowtown_a2_n,33,194.000000,38.041400,19.071100,32,-1,tree
lt_0_lowtown_a2_n,34,698.200000,191.627200,19.828400,186,-1,tree
lt_0_lowtown_a2_n,35,164.200000,25.071000,17.414200,24,-1,tree
lt_0_lowtown_a2_n,36,255.400000,38.384600,18.242600,34,-1,tree
lt_0_lowtown_a2_n,37,289.600000,74.396400,19.485300,58,-1,tree
lt_0_lowtown_a2_n,38,278.000000,66.254400,16.071100,54,-1,tree
lt_0_lowtown_a2_n,39,301.800000,69.597600,19.656900,59,-1,tree
lt_0_lowtown_a2_n,40,161.800000,30.556200,21.384800,27,-1,tree
lt_0_lowtown_a2_n,41,363.600000,91.881600,22.828400,73,-1,tree
lt_0_lowtown_a2_n,42,216.400000,44.526600,21.899500,36,-1,tree
lt_0_lowtown_a2_n,43,190.600000,24.071000,22.656900,23,-1,tree
lt_0_lowtown_a2_n,44,223.200000,54.213000,22.213200,49,-1,tree
lt_0_lowtown_a2_n,45,434.000000,109.739600,22.828400,95,-1,tree
lt_0_lowtown_a2_n,46,276.200000,57.455600,23.799000,51,-1,tree
lt_0_lowtown_a2_n,47,167.400000,25.656800,20.727900,25,-1,tree
lt_0_lowtown_a2_n,48,242.200000,62.284000,22.142100,55,-1,tree
lt_0_lowtown_a2_n,49,204.400000,39.656800,23.656900,39,-1,tree
lt_0_lowtown_a2_n,50,193.600000,34.384600,27.556300,30,-1,tree
lt_0_lowtown_a2_n,51,315.200000,76.668600,27.556300,64,-1,tree
lt_0_lowtown_a2_n,52,470.400000,104.952600,27.414200,84,-1,tree
lt_0_lowtown_a2_n,53,182.600000,32.556200,24.071100,29,-1,tree
lt_0_lowtown_a2_n,54,184.000000,39.112400,27.071100,31,-1,tree
lt_0_lowtown_a2_n,55,236.400000,48.869800,25.899500,42,-1,tree
lt_0_lowtown_a2_n,56,234.800000,44.313600,25.000000,42,-1,tree
lt_0_lowtown_a2_n,57,303.000000,71.556200,25.556300,68,-1,tree
lt_0_lowtown_a2_n,58,448.000000,97.437800,25.556300,74,-1,tree
lt_0_lowtown_a2_n,59,255.000000,53.112400,25.799000,45,-1,tree
lt_0_lowtown_a2_n,60,401.200000,109.408200,30.455800,81,-1,tree
lt_0_lowtown_a2_n,61,671.000000,156.053200,30.313700,138,-1,tree
lt_0_lowtown_a2_n,62,228.600000,56.011800,31.384800,45,-1,tree
lt_0_lowtown_a2_n,63,412.200000,113.437800,31.899500,90,-1,tree
lt_0_lowtown_a2_n,64,251.200000,38.656800,28.656900,38,-1,tree
lt_0_lowtown_a2_n,65,228.600000,46.213000,29.727900,41,-1,tree
lt_0_lowtown_a2_n,66,213.200000,38.970400,30.485300,35,-1,tree
lt_0_lowtown_a2_n,67,3050.200000,735.544200,29.899500,674,-1,tree
lt_0_lowtown_a2_n,68,239.000000,50.112400,28.213200,42,-1,tree
lt_0_lowtown_a2_n,69,220.200000,47.284000,31.142100,40,-1,tree
lt_0_lowtown_a2_n,70,291.200000,67.568000,34.698500,52,-1,tree
lt_0_lowtown_a2_n,71,1386.400000,373.094600,32.828400,348,-1,tree
lt_0_lowtown_a2_n,72,254.600000,56.041400,32.242600,50,-1,tree
lt_0_lowtown_a2_n,73,364.000000,83.911200,34.899500,70,-1,tree
lt_0_lowtown_a2_n,74,221.600000,42.828400,35.899500,43,-1,tree
lt_0_lowtown_a2_n,75,301.400000,60.698200,33.627400,53,-1,tree
lt_0_lowtown_a2_n,76,405.200000,109.869800,33.870100,103,-1,tree
lt_0_lowtown_a2_n,77,203.800000,46.183400,32.041600,36,-1,tree
lt_0_lowtown_a2_n,78,721.000000,207.526600,33.727900,199,-1,tree
lt_0_lowtown_a2_n,79,293.600000,69.840200,33.899500,58,-1,tree
lt_0_lowtown_a2_n,80,444.600000,122.781000,38.899500,101,-1,tree
lt_0_lowtown_a2_n,81,306.800000,61.355000,37.556300,52,-1,tree
lt_0_lowtown_a2_n,82,271.000000,59.041400,38.556300,53,-1,tree
lt_0_lowtown_a2_n,83,196.400000,45.284000,39.284300,38,-1,tree
lt_0_lowtown_a2_n,84,1500.400000,445.378600,39.213200,412,-1,tree
lt_0_lowtown_a2_n,85,1156.600000,340.195200,37.870100,318,-1,tree
lt_0_lowtown_a2_n,86,250.200000,54.597600,39.970600,44,-1,tree
lt_0_lowtown_a2_n,87,249.400000,46.213000,39.828400,41,-1,tree
lt_0_lowtown_a2_n,88,230.400000,51.940800,36.041600,43,-1,tree
lt_0_lowtown_a2_n,89,451.200000,118.538400,36.213200,98,-1,tree
lt_0_lowtown_a2_n,90,368.800000,99.366800,42.213200,78,-1,tree
lt_0_lowtown_a2_n,91,273.200000,62.183400,42.384800,52,-1,tree
lt_0_lowtown_a2_n,92,1595.400000,447.621200,43.414200,413,-1,tree
lt_0_lowtown_a2_n,93,318.000000,76.183400,40.485300,66,-1,tree
lt_0_lowtown_a2_n,94,677.800000,188.526600,41.112700,180,-1,tree
lt_0_lowtown_a2_n,95,309.000000,76.810600,42.242600,60,-1,tree
lt_0_lowtown_a2_n,96,295.000000,66.213000,42.455800,61,-1,tree
lt_0_lowtown_a2_n,97,283.600000,60.355000,40.556300,51,-1,tree
lt_0_lowtown_a2_n,98,358.400000,83.668600,40.455800,71,-1,tree
lt_0_lowtown_a2_n,99,1185.400000,339.751400,41.970600,313,-1,tree
lt_0_lowtown_a2_n,100,420.800000,125.508800,44.455800,100,-1,tree
lt_0_lowtown_a2_n,101,590.600000,138.650800,47.213200,109,-1,tree
lt_0_lowtown_a2_n,102,606.800000,142.224800,46.142100,125,-1,tree
lt_0_lowtown_a2_n,103,291.800000,74.698200,45.242600,67,-1,tree
lt_0_lowtown_a2_n,104,292.400000,60.355000,46.799000,51,-1,tree
lt_0_lowtown_a2_n,105,275.800000,60.840200,47.183800,49,-1,tree
lt_0_lowtown_a2_n,106,354.000000,87.082800,44.899500,74,-1,tree
lt_0_lowtown_a2_n,107,260.200000,61.556200,47.414200,58,-1,tree
lt_0_lowtown_a2_n,108,320.600000,84.656800,44.656900,84,-1,tree
lt_0_lowtown_a2_n,109,206.600000,52.869800,44.870100,46,-1,tree
lt_0_lowtown_a2_n,110,410.000000,89.426000,48.556300,78,-1,tree
lt_0_lowtown_a2_n,111,428.200000,99.082800,48.941100,86,-1,tree
lt_0_lowtown_a2_n,112,1462.600000,426.863800,49.526900,391,-1,tree
lt_0_lowtown_a2_n,113,740.600000,223.153800,48.526900,208,-1,tree
lt_0_lowtown_a2_n,114,310.400000,87.597600,51.598000,77,-1,tree
lt_0_lowtown_a2_n,115,340.600000,108.810600,49.556300,92,-1,tree
lt_0_lowtown_a2_n,116,411.800000,101.366800,48.455800,80,-1,tree
lt_0_lowtown_a2_n,117,303.600000,72.082800,50.284300,59,-1,tree
lt_0_lowtown_a2_n,118,797.000000,230.639000,48.313700,213,-1,tree
lt_0_lowtown_a2_n,119,346.200000,78.668600,50.384800,66,-1,tree
lt_0_lowtown_a2_n,120,584.800000,153.970400,52.071100,150,-1,tree
lt_0_lowtown_a2_n,121,511.600000,122.911200,53.840600,109,-1,tree
lt_0_lowtown_a2_n,122,423.600000,135.195200,54.485300,113,-1,tree
lt_0_lowtown_a2_n,123,343.000000,93.739600,54.627400,79,-1,tree
lt_0_lowtown_a2_n,124,499.800000,123.053200,54.284300,105,-1,tree
lt_0_lowtown_a2_n,125,452.000000,149.508800,54.071100,124,-1,tree
lt_0_lowtown_a2_n,126,1315.800000,348.893400,55.799000,318,-1,tree
lt_0_lowtown_a2_n,127,505.400000,125.295800,55.213200,106,-1,tree
lt_0_lowtown_a2_n,128,1164.200000,331.952600,54.656900,311,-1,tree
lt_0_lowtown_a2_n,129,368.600000,87.467400,54.012200,69,-1,tree
lt_0_lowtown_a2_n,130,490.600000,133.852000,58.112700,110,-1,tree
lt_0_lowtown_a2_n,131,2771.200000,752.958400,56.970600,691,-1,tree
lt_0_lowtown_a2_n,132,558.400000,134.396400,57.769600,118,-1,tree
lt_0_lowtown_a2_n,133,325.000000,81.183400,58.556300,71,-1,tree
lt_0_lowtown_a2_n,134,1644.200000,477.491000,57.970600,435,-1,tree
lt_0_lowtown_a2_n,135,564.600000,140.384600,56.384800,136,-1,tree
lt_0_lowtown_a2_n,136,287.000000,75.284000,56.455800,68,-1,tree
lt_0_lowtown_a2_n,137,308.800000,73.739600,59.254800,59,-1,tree
lt_0_lowtown_a2_n,138,801.000000,241.952600,59.627400,221,-1,tree
lt_0_lowtown_a2_n,139,729.400000,185.881600,59.556300,167,-1,tree
lt_0_lowtown_a2_n,140,298.000000,74.213000,63.384800,69,-1,tree
lt_0_lowtown_a2_n,141,1387.800000,395.852000,63.727900,372,-1,tree
lt_0_lowtown_a2_n,142,2768.000000,753.686200,63.071100,688,-1,tree
lt_0_lowtown_a2_n,143,307.800000,63.384600,63.384800,59,-1,tree
lt_0_lowtown_a2_n,144,324.400000,83.698200,63.899500,76,-1,tree
lt_0_lowtown_a2_n,145,401.000000,88.112400,63.485300,80,-1,tree
lt_0_lowtown_a2_n,146,498.200000,110.325400,62.242600,96,-1,tree
lt_0_lowtown_a2_n,147,336.000000,71.526600,60.213200,63,-1,tree
lt_0_lowtown_a2_n,148,379.000000,105.840200,63.071100,94,-1,tree
lt_0_lowtown_a2_n,149,843.000000,231.011800,63.656900,220,-1,tree
lt_0_lowtown_a2_n,150,386.200000,96.840200,66.799000,85,-1,tree
lt_0_lowtown_a2_n,151,435.800000,83.497000,67.941100,70,-1,tree
lt_0_lowtown_a2_n,152,294.000000,89.869800,66.556300,83,-1,tree
lt_0_lowtown_a2_n,153,591.800000,174.183400,64.769600,164,-1,tree
lt_0_lowtown_a2_n,154,307.200000,88.497000,64.455800,75,-1,tree
lt_0_lowtown_a2_n,155,445.600000,112.426000,65.071100,101,-1,tree
lt_0_lowtown_a2_n,156,600.200000,178.769200,65.355300,169,-1,tree
lt_0_lowtown_a2_n,157,318.200000,88.798800,66.799000,84,-1,tree
lt_0_lowtown_a2_n,158,440.000000,98.195200,67.083300,76,-1,tree
lt_0_lowtown_a2_n,159,1405.400000,257.497000,64.041600,244,-1,tree
lt_0_lowtown_a2_n,160,428.800000,84.426000,68.284300,73,-1,tree
lt_0_lowtown_a2_n,161,928.400000,167.094600,71.799000,142,-1,tree
lt_0_lowtown_a2_n,162,403.600000,90.355000,69.526900,81,-1,tree
lt_0_lowtown_a2_n,163,609.000000,123.266200,70.941100,99,-1,tree
lt_0_lowtown_a2_n,164,617.000000,90.769200,69.799000,81,-1,tree
lt_0_lowtown_a2_n,165,439.000000,110.911200,69.698500,97,-1,tree
lt_0_lowtown_a2_n,166,394.400000,84.183400,69.698500,74,-1,tree
lt_0_lowtown_a2_n,167,686.600000,173.112400,69.556300,165,-1,tree
lt_0_lowtown_a2_n,168,371.400000,87.082800,68.941100,74,-1,tree
lt_0_lowtown_a2_n,169,1380.400000,332.579800,69.000000,305,-1,tree
lt_0_lowtown_a2_n,170,369.000000,91.224800,74.112700,74,-1,tree
lt_0_lowtown_a2_n,171,410.200000,105.366800,74.112700,84,-1,tree
lt_0_lowtown_a2_n,172,775.800000,105.082800,74.840600,92,-1,tree
lt_0_lowtown_a2_n,173,887.000000,265.739600,72.870100,251,-1,tree
lt_0_lowtown_a2_n,174,513.800000,94.911200,73.941100,81,-1,tree
lt_0_lowtown_a2_n,175,763.600000,226.254400,73.426400,214,-1,tree
lt_0_lowtown_a2_n,176,271.200000,80.112400,74.112700,72,-1,tree
lt_0_lowtown_a2_n,177,585.000000,184.940800,74.941100,176,-1,tree
lt_0_lowtown_a2_n,178,1656.600000,495.248400,75.727900,454,-1,tree
lt_0_lowtown_a2_n,179,397.600000,83.254400,73.598000,71,-1,tree
lt_0_lowtown_a2_n,180,415.800000,93.426000,76.556300,82,-1,tree
lt_0_lowtown_a2_n,181,408.200000,93.183400,78.941100,83,-1,tree
lt_0_lowtown_a2_n,182,661.600000,177.497000,77.598000,164,-1,tree
lt_0_lowtown_a2_n,183,652.000000,188.183400,76.183800,178,-1,tree
lt_0_lowtown_a2_n,184,1104.400000,295.881600,79.112700,277,-1,tree
lt_0_lowtown_a2_n,185,414.400000,114.254400,77.142100,102,-1,tree
lt_0_lowtown_a2_n,186,553.200000,127.325400,77.870100,113,-1,tree
lt_0_lowtown_a2_n,187,575.400000,158.650800,78.083300,129,-1,tree
lt_0_lowtown_a2_n,188,407.800000,111.426000,77.627400,100,-1,tree
lt_0_lowtown_a2_n,189,600.800000,145.023600,77.183800,122,-1,tree
lt_0_lowtown_a2_n,190,811.000000,146.781000,80.840600,125,-1,tree
lt_0_lowtown_a2_n,191,853.800000,270.568000,81.455800,255,-1,tree
lt_0_lowtown_a2_n,192,831.400000,208.082800,82.426400,195,-1,tree
lt_0_lowtown_a2_n,193,376.600000,89.982200,80.669000,74,-1,tree
lt_0_lowtown_a2_n,194,1775.400000,481.834200,83.426400,441,-1,tree
lt_0_lowtown_a2_n,195,562.400000,163.366800,83.710700,142,-1,tree
lt_0_lowtown_a2_n,196,520.000000,138.094600,81.426400,113,-1,tree
lt_0_lowtown_a2_n,197,382.800000,88.840200,82.355300,77,-1,tree
lt_0_lowtown_a2_n,198,593.400000,103.396400,82.183800,87,-1,tree
lt_0_lowtown_a2_n,199,401.800000,87.284000,80.799000,80,-1,tree
lt_0_lowtown_a2_n,200,386.600000,111.011800,84.627400,100,-1,tree
lt_0_lowtown_a2_n,201,808.200000,211.982200,84.911700,196,-1,tree
lt_0_lowtown_a2_n,202,560.400000,136.284000,87.799000,129,-1,tree
lt_0_lowtown_a2_n,203,482.400000,109.467400,86.254800,91,-1,tree
lt_0_lowtown_a2_n,204,1262.000000,402.721800,85.811200,371,-1,tree
lt_0_lowtown_a2_n,205,883.200000,274.982200,84.698500,259,-1,tree
lt_0_lowtown_a2_n,206,382.200000,113.224800,84.598000,96,-1,tree
lt_0_lowtown_a2_n,207,965.800000,309.680400,84.284300,285,-1,tree
lt_0_lowtown_a2_n,208,602.000000,144.053200,87.225400,126,-1,tree
lt_0_lowtown_a2_n,209,717.000000,180.337200,85.041600,154,-1,tree
lt_0_lowtown_a2_n,210,525.200000,140.195200,88.154300,118,-1,tree
lt_0_lowtown_a2_n,211,486.200000,90.769200,90.769600,81,-1,tree
lt_0_lowtown_a2_n,212,357.200000,97.467400,91.568500,79,-1,tree
lt_0_lowtown_a2_n,213,845.600000,210.923000,88.698500,185,-1,tree
lt_0_lowtown_a2_n,214,954.800000,281.639000,89.455800,264,-1,tree
lt_0_lowtown_a2_n,215,1941.400000,495.278000,89.012200,459,-1,tree
lt_0_lowtown_a2_n,216,1282.600000,381.508800,89.083300,356,-1,tree
lt_0_lowtown_a2_n,217,586.000000,142.810600,89.497500,126,-1,tree
lt_0_lowtown_a2_n,218,805.800000,221.710000,91.568500,202,-1,tree
lt_0_lowtown_a2_n,219,1070.200000,307.094600,89.698500,282,-1,tree
lt_0_lowtown_a2_n,220,384.200000,112.639000,92.639600,95,-1,tree
lt_0_lowtown_a2_n,221,382.400000,100.668600,92.669000,88,-1,tree
lt_0_lowtown_a2_n,222,427.800000,100.940800,95.284300,92,-1,tree
lt_0_lowtown_a2_n,223,541.800000,140.911200,93.556300,127,-1,tree
lt_0_lowtown_a2_n,224,312.200000,103.325400,93.325900,89,-1,tree
lt_0_lowtown_a2_n,225,1223.400000,355.165600,94.740100,328,-1,tree
lt_0_lowtown_a2_n,226,476.600000,107.970400,94.455800,104,-1,tree
lt_0_lowtown_a2_n,227,755.200000,194.011800,94.012200,183,-1,tree
lt_0_lowtown_a2_n,228,529.800000,131.739600,94.468000,117,-1,tree
lt_0_lowtown_a2_n,229,614.400000,144.224800,92.142100,127,-1,tree
lt_0_lowtown_a2_n,230,463.600000,109.426000,97.669000,98,-1,tree
lt_0_lowtown_a2_n,231,601.800000,141.396400,99.698500,125,-1,tree
lt_0_lowtown_a2_n,232,1887.600000,516.591600,99.941100,477,-1,tree
lt_0_lowtown_a2_n,233,2726.000000,751.585600,97.698500,683,-1,tree
lt_0_lowtown_a2_n,234,1490.000000,494.733600,97.740100,451,-1,tree
lt_0_lowtown_a2_n,235,475.000000,156.668600,96.669000,144,-1,tree
lt_0_lowtown_a2_n,236,2770.800000,744.402200,97.870100,687,-1,tree
lt_0_lowtown_a2_n,237,642.400000,183.751400,99.083300,157,-1,tree
lt_0_lowtown_a2_n,238,533.000000,118.810600,97.598000,102,-1,tree
lt_0_lowtown_a2_n,239,513.800000,124.112400,97.870100,116,-1,tree
lt_0_lowtown_a2_n,240,595.800000,154.680400,103.811000,130,-1,tree
lt_0_lowtown_a2_n,241,1715.800000,446.751400,102.142000,420,-1,tree
lt_0_lowtown_a2_n,242,2349.600000,660.301600,103.728000,600,-1,tree
lt_0_lowtown_a2_n,243,1189.200000,334.337200,101.912000,308,-1,tree
lt_0_lowtown_a2_n,244,895.800000,211.011800,101.012000,200,-1,tree
lt_0_lowtown_a2_n,245,425.200000,107.526600,100.314000,99,-1,tree
lt_0_lowtown_a2_n,246,458.600000,138.396400,102.113000,122,-1,tree
lt_0_lowtown_a2_n,247,1747.000000,505.520600,102.284000,468,-1,tree
lt_0_lowtown_a2_n,248,362.600000,104.254400,101.426000,92,-1,tree
lt_0_lowtown_a2_n,249,1067.200000,295.994000,100.698000,268,-1,tree
lt_0_lowtown_a2_n,250,1129.800000,356.550200,107.397000,324,-1,tree
lt_0_lowtown_a2_n,251,1657.600000,505.319400,104.912000,462,-1,tree
lt_0_lowtown_a2_n,252,1335.400000,422.621200,106.497000,388,-1,tree
lt_0_lowtown_a2_n,253,450.200000,146.609400,104.811000,124,-1,tree
lt_0_lowtown_a2_n,254,334.400000,110.869800,104.042000,104,-1,tree
lt_0_lowtown_a2_n,255,1480.800000,447.893400,107.527000,417,-1,tree
lt_0_lowtown_a2_n,256,710.800000,174.994000,107.397000,147,-1,tree
lt_0_lowtown_a2_n,257,1112.200000,313.781000,106.527000,292,-1,tree
lt_0_lowtown_a2_n,258,2243.800000,660.775000,104.912000,610,-1,tree
lt_0_lowtown_a2_n,259,1652.800000,506.804600,105.912000,461,-1,tree
lt_0_lowtown_a2_n,260,1572.600000,519.289800,111.770000,471,-1,tree
lt_0_lowtown_a2_n,261,529.800000,152.467400,111.882000,134,-1,tree
lt_0_lowtown_a2_n,262,669.400000,147.568000,111.326000,132,-1,tree
lt_0_lowtown_a2_n,263,567.400000,140.426000,108.426000,129,-1,tree
lt_0_lowtown_a2_n,264,1433.200000,453.207000,110.012000,419,-1,tree
lt_0_lowtown_a2_n,265,698.600000,180.378600,110.296000,147,-1,tree
lt_0_lowtown_a2_n,266,425.600000,129.295800,111.296000,110,-1,tree
lt_0_lowtown_a2_n,267,483.000000,114.982200,108.983000,99,-1,tree
lt_0_lowtown_a2_n,268,865.000000,207.923000,110.971000,182,-1,tree
lt_0_lowtown_a2_n,269,555.200000,147.952600,111.853000,127,-1,tree
lt_0_lowtown_a2_n,270,549.200000,143.751400,114.841000,117,-1,tree
lt_0_lowtown_a2_n,271,2669.600000,698.443600,115.284000,634,-1,tree
lt_0_lowtown_a2_n,272,665.200000,177.408200,113.125000,149,-1,tree
lt_0_lowtown_a2_n,273,667.600000,147.869800,115.770000,141,-1,tree
lt_0_lowtown_a2_n,274,1343.600000,355.721800,113.054000,324,-1,tree
lt_0_lowtown_a2_n,275,1198.000000,358.337200,113.225000,332,-1,tree
lt_0_lowtown_a2_n,276,374.000000,128.325400,114.669000,114,-1,tree
lt_0_lowtown_a2_n,277,471.400000,138.325400,112.385000,124,-1,tree
lt_0_lowtown_a2_n,278,790.200000,177.224800,115.225000,160,-1,tree
lt_0_lowtown_a2_n,279,723.200000,200.366800,113.882000,179,-1,tree
lt_0_lowtown_a2_n,280,602.200000,161.094600,118.024000,136,-1,tree
lt_0_lowtown_a2_n,281,794.600000,194.650800,118.912000,165,-1,tree
lt_0_lowtown_a2_n,282,778.800000,179.023600,118.698000,156,-1,tree
lt_0_lowtown_a2_n,283,1333.000000,401.337200,116.912000,375,-1,tree
lt_0_lowtown_a2_n,284,627.000000,177.650800,118.924000,148,-1,tree
lt_0_lowtown_a2_n,285,758.400000,204.852000,118.770000,181,-1,tree
lt_0_lowtown_a2_n,286,536.000000,118.739600,118.740000,104,-1,tree
lt_0_lowtown_a2_n,287,1440.400000,434.177400,119.225000,395,-1,tree
lt_0_lowtown_a2_n,288,677.000000,154.183400,117.113000,144,-1,tree
lt_0_lowtown_a2_n,289,2282.400000,669.674400,117.042000,616,-1,tree
lt_0_lowtown_a2_n,290,1829.200000,529.420000,121.497000,489,-1,tree
lt_0_lowtown_a2_n,291,604.200000,137.526600,123.042000,129,-1,tree
lt_0_lowtown_a2_n,292,792.800000,178.881600,122.213000,160,-1,tree
lt_0_lowtown_a2_n,293,432.600000,133.254400,121.255000,121,-1,tree
lt_0_lowtown_a2_n,294,2400.000000,673.029400,120.113000,609,-1,tree
lt_0_lowtown_a2_n,295,610.200000,147.467400,121.770000,129,-1,tree
lt_0_lowtown_a2_n,296,2555.400000,752.100400,120.841000,686,-1,tree
lt_0_lowtown_a2_n,297,518.600000,152.254400,123.627000,140,-1,tree
lt_0_lowtown_a2_n,298,641.600000,151.254400,123.598000,139,-1,tree
lt_0_lowtown_a2_n,299,1732.600000,523.177400,122.284000,484,-1,tree
lt_0_lowtown_a2_n,300,2143.600000,660.917000,124.912000,606,-1,tree
lt_0_lowtown_a2_n,301,543.600000,190.781000,124.782000,169,-1,tree
lt_0_lowtown_a2_n,302,622.600000,141.325400,125.426000,127,-1,tree
lt_0_lowtown_a2_n,303,471.800000,133.355000,127.698000,124,-1,tree
lt_0_lowtown_a2_n,304,1827.800000,533.177400,127.012000,494,-1,tree
lt_0_lowtown_a2_n,305,949.000000,243.911200,124.497000,230,-1,tree
lt_0_lowtown_a2_n,306,1778.200000,534.118200,125.770000,485,-1,tree
lt_0_lowtown_a2_n,307,1464.800000,468.165600,126.385000,441,-1,tree
lt_0_lowtown_a2_n,308,792.000000,222.994000,127.698000,195,-1,tree
lt_0_lowtown_a2_n,309,505.600000,171.094600,125.640000,146,-1,tree
lt_0_lowtown_a2_n,310,609.000000,147.769200,130.799000,138,-1,tree
lt_0_lowtown_a2_n,311,2657.800000,770.970200,131.083000,697,-1,tree
lt_0_lowtown_a2_n,312,589.400000,142.597600,128.255000,132,-1,tree
lt_0_lowtown_a2_n,313,970.800000,257.639000,129.255000,240,-1,tree
lt_0_lowtown_a2_n,314,548.000000,148.739600,129.284000,134,-1,tree
lt_0_lowtown_a2_n,315,739.000000,181.721800,128.853000,150,-1,tree
lt_0_lowtown_a2_n,316,446.200000,137.011800,129.113000,126,-1,tree
lt_0_lowtown_a2_n,317,2874.800000,769.828200,131.740000,700,-1,tree
lt_0_lowtown_a2_n,318,528.000000,153.840200,128.527000,142,-1,tree
lt_0_lowtown_a2_n,319,2570.600000,731.745400,128.669000,676,-1,tree
lt_0_lowtown_a2_n,320,650.600000,148.881600,134.397000,130,-1,tree
lt_0_lowtown_a2_n,321,2530.800000,710.372600,133.698000,648,-1,tree
lt_0_lowtown_a2_n,322,2110.600000,639.301600,134.669000,579,-1,tree
lt_0_lowtown_a2_n,323,1749.200000,538.591600,133.941000,499,-1,tree
lt_0_lowtown_a2_n,324,2673.600000,768.070800,134.912000,697,-1,tree
lt_0_lowtown_a2_n,325,1861.400000,543.976200,134.213000,499,-1,tree
lt_0_lowtown_a2_n,326,2064.400000,645.372600,135.385000,583,-1,tree
lt_0_lowtown_a2_n,327,674.000000,180.467400,134.995000,162,-1,tree
lt_0_lowtown_a2_n,328,702.600000,179.165600,134.439000,152,-1,tree
lt_0_lowtown_a2_n,329,489.800000,178.266200,135.296000,154,-1,tree
lt_0_lowtown_a2_n,330,1260.800000,375.680400,139.255000,351,-1,tree
lt_0_lowtown_a2_n,331,1787.000000,538.804600,137.083000,493,-1,tree
lt_0_lowtown_a2_n,332,649.600000,152.810600,137.154000,136,-1,tree
lt_0_lowtown_a2_n,333,1874.000000,551.674400,138.598000,498,-1,tree
lt_0_lowtown_a2_n,334,1710.200000,546.360800,138.841000,496,-1,tree
lt_0_lowtown_a2_n,335,857.400000,213.934800,138.196000,176,-1,tree
lt_0_lowtown_a2_n,336,2883.200000,792.928800,137.042000,726,-1,tree
lt_0_lowtown_a2_n,337,652.600000,151.497000,137.012000,138,-1,tree
lt_0_lowtown_a2_n,338,1729.000000,537.662600,139.255000,496,-1,tree
lt_0_lowtown_a2_n,339,1759.000000,545.934800,138.012000,508,-1,tree
lt_0_lowtown_a2_n,340,784.400000,169.467400,140.012000,151,-1,tree
lt_0_lowtown_a2_n,341,2849.600000,802.041200,142.782000,726,-1,tree
lt_0_lowtown_a2_n,342,696.800000,184.952600,142.711000,164,-1,tree
lt_0_lowtown_a2_n,343,8637.800000,691.846000,141.941000,639,-1,tree
lt_0_lowtown_a2_n,344,709.400000,169.781000,141.740000,148,-1,tree
lt_0_lowtown_a2_n,345,657.600000,161.680400,142.610000,137,-1,tree
lt_0_lowtown_a2_n,346,735.800000,180.526600,142.527000,172,-1,tree
lt_0_lowtown_a2_n,347,1823.600000,543.905200,143.012000,501,-1,tree
lt_0_lowtown_a2_n,348,1816.000000,555.420000,142.184000,515,-1,tree
lt_0_lowtown_a2_n,349,2040.000000,563.875600,143.711000,516,-1,tree
lt_0_lowtown_a2_n,350,2439.000000,689.958400,144.882000,628,-1,tree
lt_0_lowtown_a2_n,351,1731.000000,542.662600,144.255000,501,-1,tree
lt_0_lowtown_a2_n,352,644.400000,174.550200,145.640000,142,-1,tree
lt_0_lowtown_a2_n,353,694.800000,189.751400,145.024000,163,-1,tree
lt_0_lowtown_a2_n,354,928.800000,292.224800,145.397000,275,-1,tree
lt_0_lowtown_a2_n,355,714.400000,202.195200,145.527000,180,-1,tree
lt_0_lowtown_a2_n,356,1974.400000,551.319400,144.569000,508,-1,tree
lt_0_lowtown_a2_n,357,2806.200000,785.899200,144.355000,714,-1,tree
lt_0_lowtown_a2_n,358,2490.000000,741.171400,147.284000,673,-1,tree
lt_0_lowtown_a2_n,359,730.600000,152.982200,145.326000,137,-1,tree
lt_0_lowtown_a2_n,360,488.000000,161.266200,148.782000,137,-1,tree
lt_0_lowtown_a2_n,361,601.600000,199.337200,149.154000,173,-1,tree
lt_0_lowtown_a2_n,362,568.000000,180.467400,151.983000,162,-1,tree
lt_0_lowtown_a2_n,363,720.400000,203.852000,150.924000,180,-1,tree
lt_0_lowtown_a2_n,364,2485.200000,699.343000,150.627000,632,-1,tree
lt_0_lowtown_a2_n,365,1678.400000,551.804600,150.912000,506,-1,tree
lt_0_lowtown_a2_n,366,1815.800000,553.875600,150.054000,506,-1,tree
lt_0_lowtown_a2_n,367,1747.400000,551.189200,150.296000,500,-1,tree
lt_0_lowtown_a2_n,368,680.000000,178.621200,149.711000,144,-1,tree
lt_0_lowtown_a2_n,369,844.600000,192.538400,148.539000,172,-1,tree
lt_0_lowtown_a2_n,370,1904.800000,620.088600,152.627000,566,-1,tree
lt_0_lowtown_a2_n,371,1963.000000,561.804600,153.882000,516,-1,tree
lt_0_lowtown_a2_n,372,926.000000,220.337200,155.912000,194,-1,tree
lt_0_lowtown_a2_n,373,1680.800000,551.532400,153.953000,502,-1,tree
lt_0_lowtown_a2_n,374,1744.600000,558.875600,155.497000,511,-1,tree
lt_0_lowtown_a2_n,375,628.800000,158.254400,153.527000,146,-1,tree
lt_0_lowtown_a2_n,376,2780.800000,784.869600,152.640000,708,-1,tree
lt_0_lowtown_a2_n,377,2799.200000,819.354800,155.368000,740,-1,tree
lt_0_lowtown_a2_n,378,1568.200000,448.934800,152.510000,411,-1,tree
lt_0_lowtown_a2_n,379,480.800000,157.355000,155.598000,148,-1,tree
lt_0_lowtown_a2_n,380,2197.200000,682.573800,156.811000,626,-1,tree
lt_0_lowtown_a2_n,381,514.200000,177.355000,159.355000,168,-1,tree
lt_0_lowtown_a2_n,382,1411.800000,461.035400,156.225000,426,-1,tree
lt_0_lowtown_a2_n,383,811.400000,193.497000,156.426000,180,-1,tree
lt_0_lowtown_a2_n,384,569.200000,194.568000,157.698000,179,-1,tree
lt_0_lowtown_a2_n,385,1346.000000,399.520600,156.853000,362,-1,tree
lt_0_lowtown_a2_n,386,595.000000,181.538400,158.326000,161,-1,tree
lt_0_lowtown_a2_n,387,978.200000,236.822400,157.184000,208,-1,tree
lt_0_lowtown_a2_n,388,500.400000,170.911200,159.255000,157,-1,tree
lt_0_lowtown_a2_n,389,659.600000,208.266200,156.184000,184,-1,tree
lt_0_lowtown_a2_n,390,835.800000,216.479200,161.225000,186,-1,tree
lt_0_lowtown_a2_n,391,486.800000,171.710000,163.225000,152,-1,tree
lt_0_lowtown_a2_n,392,2706.000000,794.999800,162.669000,726,-1,tree
lt_0_lowtown_a2_n,393,1412.600000,464.964400,160.539000,432,-1,tree
lt_0_lowtown_a2_n,394,1952.400000,571.804600,163.882000,526,-1,tree
lt_0_lowtown_a2_n,395,448.600000,168.426000,163.598000,157,-1,tree
lt_0_lowtown_a2_n,396,2008.800000,616.775000,163.113000,566,-1,tree
lt_0_lowtown_a2_n,397,1983.000000,576.946600,162.681000,527,-1,tree
lt_0_lowtown_a2_n,398,775.200000,204.994000,160.267000,177,-1,tree
lt_0_lowtown_a2_n,399,2621.400000,739.514600,161.912000,673,-1,tree
lt_0_lowtown_a2_n,400,928.800000,255.721800,164.912000,224,-1,tree
lt_0_lowtown_a2_n,401,1201.800000,292.692200,165.740000,256,-1,tree
lt_0_lowtown_a2_n,402,2422.200000,687.473200,165.510000,628,-1,tree
lt_0_lowtown_a2_n,403,2539.800000,726.544200,166.355000,665,-1,tree
lt_0_lowtown_a2_n,404,632.000000,180.881600,166.841000,162,-1,tree
lt_0_lowtown_a2_n,405,2013.200000,570.591600,165.941000,531,-1,tree
lt_0_lowtown_a2_n,406,608.200000,180.911200,164.426000,167,-1,tree
lt_0_lowtown_a2_n,407,1871.200000,568.704000,167.811000,520,-1,tree
lt_0_lowtown_a2_n,408,882.000000,215.195200,167.841000,193,-1,tree
lt_0_lowtown_a2_n,409,854.000000,204.396400,166.255000,188,-1,tree
lt_0_lowtown_a2_n,410,2200.000000,623.775000,170.924000,573,-1,tree
lt_0_lowtown_a2_n,411,2800.400000,785.526400,168.267000,707,-1,tree
lt_0_lowtown_a2_n,412,2631.000000,817.739400,169.853000,733,-1,tree
lt_0_lowtown_a2_n,413,1670.600000,471.378600,171.983000,438,-1,tree
lt_0_lowtown_a2_n,414,1217.400000,419.520600,168.752000,382,-1,tree
lt_0_lowtown_a2_n,415,1840.800000,575.289800,170.882000,527,-1,tree
lt_0_lowtown_a2_n,416,2455.800000,779.514600,170.598000,713,-1,tree
lt_0_lowtown_a2_n,417,1596.600000,470.964400,168.882000,438,-1,tree
lt_0_lowtown_a2_n,418,581.600000,185.597600,168.042000,175,-1,tree
lt_0_lowtown_a2_n,419,1450.200000,454.562000,170.095000,410,-1,tree
lt_0_lowtown_a2_n,420,1090.000000,266.106400,174.468000,229,-1,tree
lt_0_lowtown_a2_n,421,934.800000,211.266200,174.196000,187,-1,tree
lt_0_lowtown_a2_n,422,2121.200000,633.532400,173.426000,584,-1,tree
lt_0_lowtown_a2_n,423,2578.400000,790.070800,172.326000,719,-1,tree
lt_0_lowtown_a2_n,424,1778.200000,604.218800,172.054000,558,-1,tree
lt_0_lowtown_a2_n,425,894.200000,252.136000,173.225000,220,-1,tree
lt_0_lowtown_a2_n,426,2185.800000,683.603400,174.326000,632,-1,tree
lt_0_lowtown_a2_n,427,789.800000,247.562000,175.238000,203,-1,tree
lt_0_lowtown_a2_n,428,1611.600000,416.207000,174.024000,382,-1,tree
lt_0_lowtown_a2_n,429,1929.200000,583.047200,175.125000,536,-1,tree
lt_0_lowtown_a2_n,430,1905.800000,580.562000,177.912000,536,-1,tree
lt_0_lowtown_a2_n,431,824.400000,177.982200,177.983000,162,-1,tree
lt_0_lowtown_a2_n,432,614.000000,184.982200,177.326000,169,-1,tree
lt_0_lowtown_a2_n,433,2541.800000,747.171400,176.983000,679,-1,tree
lt_0_lowtown_a2_n,434,2745.200000,812.242400,176.598000,742,-1,tree
lt_0_lowtown_a2_n,435,2033.000000,587.633000,179.711000,541,-1,tree
lt_0_lowtown_a2_n,436,813.600000,197.337200,179.095000,171,-1,tree
lt_0_lowtown_a2_n,437,676.800000,203.124200,179.326000,183,-1,tree
lt_0_lowtown_a2_n,438,2346.800000,686.502800,179.368000,632,-1,tree
lt_0_lowtown_a2_n,439,2302.200000,650.059000,179.468000,591,-1,tree
lt_0_lowtown_a2_n,440,1107.600000,267.479200,183.497000,237,-1,tree
lt_0_lowtown_a2_n,441,640.800000,199.739600,181.740000,185,-1,tree
lt_0_lowtown_a2_n,442,902.600000,212.165600,182.368000,185,-1,tree
lt_0_lowtown_a2_n,443,2036.200000,583.976200,183.083000,539,-1,tree
lt_0_lowtown_a2_n,444,728.000000,216.065000,182.368000,186,-1,tree
lt_0_lowtown_a2_n,445,1980.400000,590.047200,182.125000,543,-1,tree
lt_0_lowtown_a2_n,446,590.600000,203.710000,182.598000,184,-1,tree
lt_0_lowtown_a2_n,447,2858.400000,813.999800,181.669000,745,-1,tree
lt_0_lowtown_a2_n,448,540.800000,193.810600,181.912000,177,-1,tree
lt_0_lowtown_a2_n,449,2099.600000,618.532400,180.569000,569,-1,tree
lt_0_lowtown_a2_n,450,891.000000,212.810600,185.497000,196,-1,tree
lt_0_lowtown_a2_n,451,951.000000,243.449600,186.782000,208,-1,tree
lt_0_lowtown_a2_n,452,1595.800000,519.763200,186.711000,481,-1,tree
lt_0_lowtown_a2_n,453,1761.000000,570.804600,187.953000,525,-1,tree
lt_0_lowtown_a2_n,454,2344.600000,683.159600,185.255000,627,-1,tree
lt_0_lowtown_a2_n,455,2268.600000,744.100400,187.870000,678,-1,tree
lt_0_lowtown_a2_n,456,1664.800000,469.976200,184.095000,425,-1,tree
lt_0_lowtown_a2_n,457,971.000000,258.319400,185.995000,215,-1,tree
lt_0_lowtown_a2_n,458,1314.200000,411.550200,187.953000,379,-1,tree
lt_0_lowtown_a2_n,459,2492.800000,736.857800,186.569000,672,-1,tree
lt_0_lowtown_a2_n,460,1210.400000,344.479200,189.652000,314,-1,tree
lt_0_lowtown_a2_n,461,916.000000,208.165600,191.439000,181,-1,tree
lt_0_lowtown_a2_n,462,1324.800000,447.792800,191.368000,414,-1,tree
lt_0_lowtown_a2_n,463,2570.000000,764.786800,191.669000,702,-1,tree
lt_0_lowtown_a2_n,464,1355.200000,374.893400,188.267000,344,-1,tree
lt_0_lowtown_a2_n,465,893.400000,203.224800,189.083000,186,-1,tree
lt_0_lowtown_a2_n,466,1529.600000,484.976200,190.024000,440,-1,tree
lt_0_lowtown_a2_n,467,655.200000,193.810600,191.569000,177,-1,tree
lt_0_lowtown_a2_n,468,587.200000,194.609400,190.610000,172,-1,tree
lt_0_lowtown_a2_n,469,875.800000,220.621200,191.711000,186,-1,tree
lt_0_lowtown_a2_n,470,2151.200000,619.461400,193.296000,572,-1,tree
lt_0_lowtown_a2_n,471,2439.200000,706.230600,192.225000,648,-1,tree
lt_0_lowtown_a2_n,472,1047.800000,230.964400,193.610000,198,-1,tree
lt_0_lowtown_a2_n,473,1887.400000,596.260200,195.368000,543,-1,tree
lt_0_lowtown_a2_n,474,1839.600000,593.946600,193.054000,544,-1,tree
lt_0_lowtown_a2_n,475,1045.200000,240.721800,195.752000,209,-1,tree
lt_0_lowtown_a2_n,476,704.200000,216.538400,193.184000,196,-1,tree
lt_0_lowtown_a2_n,477,1394.600000,390.721800,192.196000,359,-1,tree
lt_0_lowtown_a2_n,478,1255.000000,421.035400,192.409000,386,-1,tree
lt_0_lowtown_a2_n,479,849.400000,199.952600,195.953000,179,-1,tree
lt_0_lowtown_a2_n,480,2114.400000,597.260200,196.368000,544,-1,tree
lt_0_lowtown_a2_n,481,2578.600000,757.999800,196.054000,689,-1,tree
lt_0_lowtown_a2_n,482,871.800000,215.952600,199.468000,195,-1,tree
lt_0_lowtown_a2_n,483,2610.400000,773.201000,196.669000,710,-1,tree
lt_0_lowtown_a2_n,484,632.000000,205.124200,196.640000,185,-1,tree
lt_0_lowtown_a2_n,485,1614.000000,402.236600,197.368000,373,-1,tree
lt_0_lowtown_a2_n,486,980.600000,225.893400,197.853000,195,-1,tree
lt_0_lowtown_a2_n,487,1274.400000,398.195200,196.255000,376,-1,tree
lt_0_lowtown_a2_n,488,996.600000,247.266200,199.267000,223,-1,tree
lt_0_lowtown_a2_n,489,1053.400000,260.124200,198.569000,240,-1,tree
lt_0_lowtown_a2_n,490,2353.000000,700.402200,203.326000,643,-1,tree
lt_0_lowtown_a2_n,491,1584.000000,442.633000,200.794000,396,-1,tree
lt_0_lowtown_a2_n,492,1153.800000,402.579800,202.095000,375,-1,tree
lt_0_lowtown_a2_n,493,1502.000000,449.834200,201.409000,409,-1,tree
lt_0_lowtown_a2_n,494,650.600000,208.568000,203.012000,193,-1,tree
lt_0_lowtown_a2_n,495,1079.200000,268.136000,201.912000,236,-1,tree
lt_0_lowtown_a2_n,496,1360.200000,427.863800,203.439000,392,-1,tree
lt_0_lowtown_a2_n,497,1995.800000,603.461400,202.569000,556,-1,tree
lt_0_lowtown_a2_n,498,2128.000000,604.917000,200.711000,550,-1,tree
lt_0_lowtown_a2_n,499,681.200000,247.136000,202.711000,215,-1,tree
lt_0_lowtown_a2_n,500,1061.400000,281.591600,206.338000,242,-1,tree
lt_0_lowtown_a2_n,501,605.000000,214.396400,205.527000,198,-1,tree
lt_0_lowtown_a2_n,502,2484.200000,691.857800,207.711000,627,-1,tree
lt_0_lowtown_a2_n,503,1993.200000,540.005800,204.225000,500,-1,tree
lt_0_lowtown_a2_n,504,1018.000000,265.337200,207.338000,239,-1,tree
lt_0_lowtown_a2_n,505,897.000000,253.994000,207.811000,226,-1,tree
lt_0_lowtown_a2_n,506,2605.400000,742.715800,206.569000,682,-1,tree
lt_0_lowtown_a2_n,507,1399.400000,449.804600,207.966000,404,-1,tree
lt_0_lowtown_a2_n,508,1093.600000,275.065000,204.740000,245,-1,tree
lt_0_lowtown_a2_n,509,714.400000,234.266200,206.811000,210,-1,tree
lt_0_lowtown_a2_n,510,864.800000,230.579800,210.924000,203,-1,tree
lt_0_lowtown_a2_n,511,1263.000000,444.177400,211.752000,405,-1,tree
lt_0_lowtown_a2_n,512,821.200000,282.207000,208.912000,248,-1,tree
lt_0_lowtown_a2_n,513,2841.400000,787.171400,209.811000,719,-1,tree
lt_0_lowtown_a2_n,514,2363.600000,719.029400,210.296000,655,-1,tree
lt_0_lowtown_a2_n,515,943.400000,228.065000,209.882000,198,-1,tree
lt_0_lowtown_a2_n,516,1608.400000,451.005800,210.480000,411,-1,tree
lt_0_lowtown_a2_n,517,2010.400000,608.946600,208.054000,559,-1,tree
lt_0_lowtown_a2_n,518,651.200000,217.893400,208.238000,187,-1,tree
lt_0_lowtown_a2_n,519,2160.600000,611.218800,210.326000,565,-1,tree
lt_0_lowtown_a2_n,520,769.400000,228.952600,215.640000,208,-1,tree
lt_0_lowtown_a2_n,521,965.600000,225.396400,214.326000,209,-1,tree
lt_0_lowtown_a2_n,522,1699.400000,536.633000,214.995000,490,-1,tree
lt_0_lowtown_a2_n,523,1110.800000,276.065000,215.497000,246,-1,tree
lt_0_lowtown_a2_n,524,1055.600000,257.964400,213.238000,225,-1,tree
lt_0_lowtown_a2_n,525,675.400000,237.479200,212.610000,207,-1,tree
lt_0_lowtown_a2_n,526,2732.200000,758.686200,213.284000,693,-1,tree
lt_0_lowtown_a2_n,527,1952.800000,615.431800,214.539000,563,-1,tree
lt_0_lowtown_a2_n,528,2087.200000,627.189200,212.598000,576,-1,tree
lt_0_lowtown_a2_n,529,1071.400000,257.550200,215.853000,225,-1,tree
lt_0_lowtown_a2_n,530,2275.400000,636.431800,217.397000,584,-1,tree
lt_0_lowtown_a2_n,531,1068.800000,244.023600,218.711000,221,-1,tree
lt_0_lowtown_a2_n,532,1468.200000,468.147800,216.652000,424,-1,tree
lt_0_lowtown_a2_n,533,1526.000000,494.633000,216.208000,448,-1,tree
lt_0_lowtown_a2_n,534,2381.400000,713.230600,217.368000,655,-1,tree
lt_0_lowtown_a2_n,535,2131.600000,666.502800,217.811000,612,-1,tree
lt_0_lowtown_a2_n,536,2106.600000,617.775000,216.882000,567,-1,tree
lt_0_lowtown_a2_n,537,1391.600000,463.289800,217.208000,415,-1,tree
lt_0_lowtown_a2_n,538,1056.800000,243.165600,216.296000,216,-1,tree
lt_0_lowtown_a2_n,539,873.600000,259.479200,217.296000,229,-1,tree
lt_0_lowtown_a2_n,540,1825.400000,610.017600,222.338000,558,-1,tree
lt_0_lowtown_a2_n,541,2034.200000,641.301600,221.196000,581,-1,tree
lt_0_lowtown_a2_n,542,3178.000000,667.502800,220.468000,613,-1,tree
lt_0_lowtown_a2_n,543,1490.800000,369.650800,223.995000,340,-1,tree
lt_0_lowtown_a2_n,544,995.600000,226.680400,221.610000,202,-1,tree
lt_0_lowtown_a2_n,545,689.600000,233.994000,220.924000,206,-1,tree
lt_0_lowtown_a2_n,546,1111.800000,298.721800,221.309000,267,-1,tree
lt_0_lowtown_a2_n,547,1083.400000,262.763200,223.409000,224,-1,tree
lt_0_lowtown_a2_n,548,1556.400000,470.804600,222.823000,425,-1,tree
lt_0_lowtown_a2_n,549,976.200000,236.094600,222.196000,211,-1,tree
lt_0_lowtown_a2_n,550,2947.200000,804.354800,226.167000,725,-1,tree
lt_0_lowtown_a2_n,551,1290.600000,358.946600,227.167000,309,-1,tree
lt_0_lowtown_a2_n,552,2161.400000,627.988000,227.095000,571,-1,tree
lt_0_lowtown_a2_n,553,797.200000,262.408200,225.640000,234,-1,tree
lt_0_lowtown_a2_n,554,2049.800000,627.431800,226.539000,575,-1,tree
lt_0_lowtown_a2_n,555,1649.800000,442.621200,224.196000,408,-1,tree
lt_0_lowtown_a2_n,556,1031.600000,248.579800,224.740000,221,-1,tree
lt_0_lowtown_a2_n,557,707.400000,235.550200,227.551000,203,-1,tree
lt_0_lowtown_a2_n,558,1602.000000,517.248400,226.823000,476,-1,tree
lt_0_lowtown_a2_n,559,2382.400000,663.331200,225.912000,608,-1,tree
lt_0_lowtown_a2_n,560,2070.600000,573.674400,230.480000,520,-1,tree
lt_0_lowtown_a2_n,561,2846.200000,803.869600,228.167000,727,-1,tree
lt_0_lowtown_a2_n,562,3030.000000,867.556000,230.255000,794,-1,tree
lt_0_lowtown_a2_n,563,2556.600000,727.443600,230.368000,663,-1,tree
lt_0_lowtown_a2_n,564,957.400000,331.751400,229.853000,305,-1,tree
lt_0_lowtown_a2_n,565,1401.000000,348.680400,228.681000,324,-1,tree
lt_0_lowtown_a2_n,566,841.600000,313.408200,230.581000,285,-1,tree
lt_0_lowtown_a2_n,567,2768.800000,802.443600,231.711000,738,-1,tree
lt_0_lowtown_a2_n,568,2478.400000,726.828200,231.510000,657,-1,tree
lt_0_lowtown_a2_n,569,3059.400000,863.911000,231.581000,780,-1,tree
lt_0_lowtown_a2_n,570,924.600000,269.437800,234.569000,246,-1,tree
lt_0_lowtown_a2_n,571,1122.000000,278.621200,233.024000,244,-1,tree
lt_0_lowtown_a2_n,572,2325.200000,687.786800,232.652000,625,-1,tree
lt_0_lowtown_a2_n,573,2393.200000,732.443600,234.581000,668,-1,tree
lt_0_lowtown_a2_n,574,1076.000000,269.763200,233.238000,231,-1,tree
lt_0_lowtown_a2_n,575,2247.000000,688.544200,234.640000,627,-1,tree
lt_0_lowtown_a2_n,576,1699.600000,562.704000,235.066000,514,-1,tree
lt_0_lowtown_a2_n,577,1481.600000,493.520600,233.095000,456,-1,tree
lt_0_lowtown_a2_n,578,1777.000000,485.461400,235.723000,438,-1,tree
lt_0_lowtown_a2_n,579,2120.200000,679.059000,234.167000,620,-1,tree
lt_0_lowtown_a2_n,580,1455.800000,511.390400,238.966000,466,-1,tree
lt_0_lowtown_a2_n,581,2186.200000,637.958400,237.066000,576,-1,tree
lt_0_lowtown_a2_n,582,791.600000,260.278000,236.581000,224,-1,tree
lt_0_lowtown_a2_n,583,1474.000000,491.177400,236.752000,452,-1,tree
lt_0_lowtown_a2_n,584,1066.000000,262.508800,237.882000,237,-1,tree
lt_0_lowtown_a2_n,585,1484.600000,484.390400,239.966000,439,-1,tree
lt_0_lowtown_a2_n,586,1117.800000,351.017600,238.066000,299,-1,tree
lt_0_lowtown_a2_n,587,2343.200000,636.260200,237.853000,583,-1,tree
lt_0_lowtown_a2_n,588,2549.000000,729.999800,239.853000,661,-1,tree
lt_0_lowtown_a2_n,589,2722.600000,780.928800,237.711000,714,-1,tree
lt_0_lowtown_a2_n,590,1251.400000,263.863800,241.238000,228,-1,tree
lt_0_lowtown_a2_n,591,3212.600000,728.686200,240.137000,663,-1,tree
lt_0_lowtown_a2_n,592,2366.800000,653.502800,243.196000,599,-1,tree
lt_0_lowtown_a2_n,593,2483.600000,748.857800,240.995000,684,-1,tree
lt_0_lowtown_a2_n,594,1035.800000,359.964400,243.966000,327,-1,tree
lt_0_lowtown_a2_n,595,2081.400000,640.502800,242.095000,586,-1,tree
lt_0_lowtown_a2_n,596,1213.600000,298.591600,241.338000,259,-1,tree
lt_0_lowtown_a2_n,597,2410.400000,699.029400,241.409000,635,-1,tree
lt_0_lowtown_a2_n,598,788.000000,264.923000,241.811000,239,-1,tree
lt_0_lowtown_a2_n,599,2175.000000,641.644800,240.752000,583,-1,tree
lt_0_lowtown_a2_n,600,1208.000000,258.751400,244.267000,232,-1,tree
lt_0_lowtown_a2_n,601,1821.200000,505.106400,246.681000,468,-1,tree
lt_0_lowtown_a2_n,602,2019.000000,654.633000,247.296000,608,-1,tree
lt_0_lowtown_a2_n,603,2582.600000,753.473200,246.782000,694,-1,tree
lt_0_lowtown_a2_n,604,1089.400000,255.307600,246.823000,224,-1,tree
lt_0_lowtown_a2_n,605,776.000000,269.520600,247.137000,232,-1,tree
lt_0_lowtown_a2_n,606,1112.200000,280.378600,247.510000,247,-1,tree
lt_0_lowtown_a2_n,607,1018.800000,356.792800,245.380000,323,-1,tree
lt_0_lowtown_a2_n,608,2545.000000,738.514600,246.711000,672,-1,tree
lt_0_lowtown_a2_n,609,2467.600000,708.485000,247.551000,637,-1,tree
lt_0_lowtown_a2_n,610,2317.200000,669.289800,248.095000,621,-1,tree
lt_0_lowtown_a2_n,611,1133.000000,259.467400,249.811000,241,-1,tree
lt_0_lowtown_a2_n,612,1151.800000,335.633000,248.137000,289,-1,tree
lt_0_lowtown_a2_n,613,1238.600000,305.520600,250.610000,268,-1,tree
lt_0_lowtown_a2_n,614,1384.400000,352.721800,250.823000,321,-1,tree
lt_0_lowtown_a2_n,615,2024.000000,650.260200,251.853000,597,-1,tree
lt_0_lowtown_a2_n,616,2093.400000,596.301600,250.279000,536,-1,tree
lt_0_lowtown_a2_n,617,2423.200000,706.887400,249.711000,647,-1,tree
lt_0_lowtown_a2_n,618,1374.600000,459.579800,248.125000,432,-1,tree
lt_0_lowtown_a2_n,619,2105.800000,652.715800,251.823000,592,-1,tree
lt_0_lowtown_a2_n,620,757.600000,278.023600,254.468000,255,-1,tree
lt_0_lowtown_a2_n,621,2171.600000,720.727600,253.836000,648,-1,tree
lt_0_lowtown_a2_n,622,2407.400000,751.384400,254.894000,677,-1,tree
lt_0_lowtown_a2_n,623,1934.200000,586.591600,254.468000,547,-1,tree
lt_0_lowtown_a2_n,624,2211.600000,655.786800,254.894000,593,-1,tree
lt_0_lowtown_a2_n,625,1378.800000,429.266200,252.539000,405,-1,tree
lt_0_lowtown_a2_n,626,2184.000000,653.674400,255.267000,600,-1,tree
lt_0_lowtown_a2_n,627,1286.400000,295.165600,252.983000,268,-1,tree
lt_0_lowtown_a2_n,628,1294.400000,287.964400,252.853000,255,-1,tree
lt_0_lowtown_a2_n,629,2650.800000,752.686200,255.267000,687,-1,tree
lt_0_lowtown_a2_n,630,2001.200000,528.603400,258.137000,477,-1,tree
lt_0_lowtown_a2_n,631,1874.000000,496.207000,257.782000,462,-1,tree
lt_0_lowtown_a2_n,632,2382.200000,737.443600,258.711000,673,-1,tree
lt_0_lowtown_a2_n,633,938.200000,312.934800,257.681000,275,-1,tree
lt_0_lowtown_a2_n,634,3021.600000,835.857800,257.669000,771,-1,tree
lt_0_lowtown_a2_n,635,3175.400000,708.573800,257.681000,652,-1,tree
lt_0_lowtown_a2_n,636,2090.800000,669.088600,256.196000,615,-1,tree
lt_0_lowtown_a2_n,637,2863.000000,799.757200,256.539000,732,-1,tree
lt_0_lowtown_a2_n,638,1693.000000,432.165600,257.338000,405,-1,tree
lt_0_lowtown_a2_n,639,1627.600000,529.834200,257.409000,489,-1,tree
lt_0_lowtown_a2_n,640,1368.600000,314.065000,263.640000,284,-1,tree
lt_0_lowtown_a2_n,641,1452.200000,482.278000,262.681000,446,-1,tree
lt_0_lowtown_a2_n,642,1560.000000,512.633000,263.439000,466,-1,tree
lt_0_lowtown_a2_n,643,1497.400000,351.976200,260.338000,307,-1,tree
lt_0_lowtown_a2_n,644,1537.400000,514.976200,263.723000,470,-1,tree
lt_0_lowtown_a2_n,645,1806.800000,588.745400,261.108000,533,-1,tree
lt_0_lowtown_a2_n,646,2077.600000,682.899200,262.794000,611,-1,tree
lt_0_lowtown_a2_n,647,1488.000000,374.792800,262.794000,341,-1,tree
lt_0_lowtown_a2_n,648,2276.800000,661.786800,260.894000,599,-1,tree
lt_0_lowtown_a2_n,649,1733.800000,563.118200,262.693000,514,-1,tree
lt_0_lowtown_a2_n,650,1746.000000,468.266200,264.610000,444,-1,tree
lt_0_lowtown_a2_n,651,1373.000000,326.952600,264.125000,306,-1,tree
lt_0_lowtown_a2_n,652,2371.800000,725.585600,267.966000,657,-1,tree
lt_0_lowtown_a2_n,653,2032.600000,537.420000,266.995000,497,-1,tree
lt_0_lowtown_a2_n,654,983.600000,315.751400,266.154000,289,-1,tree
lt_0_lowtown_a2_n,655,1320.600000,334.964400,264.137000,302,-1,tree
lt_0_lowtown_a2_n,656,1611.600000,450.207000,266.409000,416,-1,tree
lt_0_lowtown_a2_n,657,1741.200000,481.520600,266.894000,444,-1,tree
lt_0_lowtown_a2_n,658,1310.000000,298.094600,265.953000,273,-1,tree
lt_0_lowtown_a2_n,659,1791.400000,451.964400,264.752000,419,-1,tree
lt_0_lowtown_a2_n,660,1297.600000,277.721800,268.066000,246,-1,tree
lt_0_lowtown_a2_n,661,2311.400000,672.816400,271.924000,615,-1,tree
lt_0_lowtown_a2_n,662,2553.600000,761.313400,269.510000,689,-1,tree
lt_0_lowtown_a2_n,663,842.600000,305.650800,269.510000,276,-1,tree
lt_0_lowtown_a2_n,664,2035.600000,682.059000,271.225000,623,-1,tree
lt_0_lowtown_a2_n,665,2693.400000,721.715800,269.894000,661,-1,tree
lt_0_lowtown_a2_n,666,1849.000000,597.059000,271.664000,538,-1,tree
lt_0_lowtown_a2_n,667,2545.000000,763.112200,271.309000,685,-1,tree
lt_0_lowtown_a2_n,668,1555.200000,515.360800,270.208000,465,-1,tree
lt_0_lowtown_a2_n,669,2124.200000,589.189200,269.451000,538,-1,tree
lt_0_lowtown_a2_n,670,2315.200000,644.343000,273.492000,577,-1,tree
lt_0_lowtown_a2_n,671,877.000000,299.177400,272.936000,260,-1,tree
lt_0_lowtown_a2_n,672,1098.000000,326.609400,273.782000,304,-1,tree
lt_0_lowtown_a2_n,673,2738.800000,319.449600,272.681000,284,-1,tree
lt_0_lowtown_a2_n,674,1394.800000,325.207000,275.953000,291,-1,tree
lt_0_lowtown_a2_n,675,2797.000000,767.769000,275.966000,688,-1,tree
lt_0_lowtown_a2_n,676,1952.000000,524.704000,275.936000,476,-1,tree
lt_0_lowtown_a2_n,677,888.200000,320.307600,274.167000,289,-1,tree
lt_0_lowtown_a2_n,678,2637.200000,766.112200,274.309000,688,-1,tree
lt_0_lowtown_a2_n,679,1998.600000,523.704000,275.723000,475,-1,tree
lt_0_lowtown_a2_n,680,2244.000000,610.431800,278.551000,558,-1,tree
lt_0_lowtown_a2_n,681,1205.200000,364.491000,276.167000,322,-1,tree
lt_0_lowtown_a2_n,682,1142.600000,283.562000,279.664000,239,-1,tree
lt_0_lowtown_a2_n,683,1010.400000,348.946600,279.693000,299,-1,tree
lt_0_lowtown_a2_n,684,2648.400000,733.798600,277.007000,659,-1,tree
lt_0_lowtown_a2_n,685,1674.000000,393.621200,276.794000,359,-1,tree
lt_0_lowtown_a2_n,686,1157.800000,281.550200,279.551000,249,-1,tree
lt_0_lowtown_a2_n,687,1696.800000,459.449600,277.451000,424,-1,tree
lt_0_lowtown_a2_n,688,1339.400000,330.147800,276.894000,286,-1,tree
lt_0_lowtown_a2_n,689,966.000000,286.994000,277.338000,259,-1,tree
lt_0_lowtown_a2_n,690,1538.000000,484.236600,283.368000,455,-1,tree
lt_0_lowtown_a2_n,691,1312.600000,452.035400,282.037000,417,-1,tree
lt_0_lowtown_a2_n,692,1332.600000,311.408200,282.095000,283,-1,tree
lt_0_lowtown_a2_n,693,1314.800000,325.792800,281.652000,292,-1,tree
lt_0_lowtown_a2_n,694,1285.000000,299.538400,280.711000,279,-1,tree
lt_0_lowtown_a2_n,695,796.200000,297.023600,283.024000,274,-1,tree
lt_0_lowtown_a2_n,696,1570.400000,389.721800,283.238000,358,-1,tree
lt_0_lowtown_a2_n,697,1194.000000,301.763200,283.037000,263,-1,tree
lt_0_lowtown_a2_n,698,2635.000000,773.041200,281.238000,697,-1,tree
lt_0_lowtown_a2_n,699,3079.600000,824.757200,281.539000,757,-1,tree
lt_0_lowtown_a2_n,700,1919.600000,479.964400,287.095000,447,-1,tree
lt_0_lowtown_a2_n,701,2526.800000,778.769000,286.966000,699,-1,tree
lt_0_lowtown_a2_n,702,2892.800000,779.526400,287.723000,701,-1,tree
lt_0_lowtown_a2_n,703,1170.200000,362.337200,285.510000,336,-1,tree
lt_0_lowtown_a2_n,704,1598.600000,525.118200,284.693000,476,-1,tree
lt_0_lowtown_a2_n,705,2059.800000,535.047200,284.137000,488,-1,tree
lt_0_lowtown_a2_n,706,1550.600000,520.662600,286.238000,479,-1,tree
lt_0_lowtown_a2_n,707,2456.200000,685.715800,284.823000,625,-1,tree
lt_0_lowtown_a2_n,708,1416.800000,344.692200,285.865000,308,-1,tree
lt_0_lowtown_a2_n,709,2486.800000,737.928800,287.764000,671,-1,tree
lt_0_lowtown_a2_n,710,1398.200000,310.437800,289.125000,287,-1,tree
lt_0_lowtown_a2_n,711,1372.800000,304.934800,290.451000,267,-1,tree
lt_0_lowtown_a2_n,712,2489.600000,746.141800,288.522000,673,-1,tree
lt_0_lowtown_a2_n,713,995.200000,315.065000,288.338000,285,-1,tree
lt_0_lowtown_a2_n,714,1518.000000,380.692200,288.451000,344,-1,tree
lt_0_lowtown_a2_n,715,1429.200000,351.289800,291.936000,303,-1,tree
lt_0_lowtown_a2_n,716,2663.800000,741.715800,291.225000,681,-1,tree
lt_0_lowtown_a2_n,717,1827.400000,411.520600,290.693000,374,-1,tree
lt_0_lowtown_a2_n,718,931.200000,304.236600,288.924000,275,-1,tree
lt_0_lowtown_a2_n,719,1769.200000,404.964400,290.480000,372,-1,tree
lt_0_lowtown_a2_n,720,1547.200000,377.023600,293.024000,354,-1,tree
lt_0_lowtown_a2_n,721,2724.600000,784.698000,292.894000,707,-1,tree
lt_0_lowtown_a2_n,722,1982.200000,607.786800,292.250000,545,-1,tree
lt_0_lowtown_a2_n,723,1136.000000,377.088600,295.936000,323,-1,tree
lt_0_lowtown_a2_n,724,1228.600000,304.994000,292.551000,277,-1,tree
lt_0_lowtown_a2_n,725,890.600000,304.591600,294.593000,265,-1,tree
lt_0_lowtown_a2_n,726,2919.800000,797.940600,293.350000,719,-1,tree
lt_0_lowtown_a2_n,727,2008.200000,552.402200,293.978000,495,-1,tree
lt_0_lowtown_a2_n,728,2655.800000,784.455400,292.652000,708,-1,tree
lt_0_lowtown_a2_n,729,2680.800000,751.414000,293.794000,682,-1,tree
lt_0_lowtown_a2_n,730,1751.000000,542.420000,299.995000,502,-1,tree
lt_0_lowtown_a2_n,731,2264.200000,599.775000,296.622000,549,-1,tree
lt_0_lowtown_a2_n,732,1114.200000,381.550200,298.723000,349,-1,tree
lt_0_lowtown_a2_n,733,879.800000,303.165600,296.782000,276,-1,tree
lt_0_lowtown_a2_n,734,2173.200000,591.887400,296.149000,532,-1,tree
lt_0_lowtown_a2_n,735,2647.200000,755.556000,297.936000,682,-1,tree
lt_0_lowtown_a2_n,736,1332.200000,305.307600,299.309000,274,-1,tree
lt_0_lowtown_a2_n,737,1261.400000,298.822400,298.823000,270,-1,tree
lt_0_lowtown_a2_n,738,926.000000,302.852000,296.468000,279,-1,tree
lt_0_lowtown_a2_n,739,2537.400000,757.313400,299.693000,685,-1,tree
lt_0_lowtown_a2_n,740,1782.400000,424.508800,300.853000,399,-1,tree
lt_0_lowtown_a2_n,741,2831.400000,795.082600,303.279000,712,-1,tree
lt_0_lowtown_a2_n,742,2715.600000,759.999800,302.380000,691,-1,tree
lt_0_lowtown_a2_n,743,1730.200000,431.923000,303.924000,406,-1,tree
lt_0_lowtown_a2_n,744,1379.600000,328.076800,302.622000,286,-1,tree
lt_0_lowtown_a2_n,745,1319.800000,314.721800,300.581000,283,-1,tree
lt_0_lowtown_a2_n,746,2695.200000,793.455400,301.652000,717,-1,tree
lt_0_lowtown_a2_n,747,841.200000,308.408200,303.238000,280,-1,tree
lt_0_lowtown_a2_n,748,1065.000000,341.621200,302.267000,307,-1,tree
lt_0_lowtown_a2_n,749,2813.600000,760.384400,302.764000,686,-1,tree
lt_0_lowtown_a2_n,750,1774.800000,415.822400,304.409000,387,-1,tree
lt_0_lowtown_a2_n,751,1261.000000,325.307600,305.652000,294,-1,tree
lt_0_lowtown_a2_n,752,1292.000000,427.307600,305.309000,396,-1,tree
lt_0_lowtown_a2_n,753,948.200000,322.721800,306.723000,291,-1,tree
lt_0_lowtown_a2_n,754,2508.600000,765.514600,307.894000,699,-1,tree
lt_0_lowtown_a2_n,755,1416.400000,304.266200,304.267000,280,-1,tree
lt_0_lowtown_a2_n,756,1766.200000,424.177400,307.693000,385,-1,tree
lt_0_lowtown_a2_n,757,1321.000000,318.721800,306.723000,287,-1,tree
lt_0_lowtown_a2_n,758,1557.200000,547.017600,304.593000,495,-1,tree
lt_0_lowtown_a2_n,759,1062.600000,330.479200,307.752000,300,-1,tree
lt_0_lowtown_a2_n,760,1091.400000,345.236600,310.409000,316,-1,tree
lt_0_lowtown_a2_n,761,981.600000,332.408200,309.095000,304,-1,tree
lt_0_lowtown_a2_n,762,2818.200000,767.183200,309.563000,687,-1,tree
lt_0_lowtown_a2_n,763,1292.000000,324.207000,311.480000,290,-1,tree
lt_0_lowtown_a2_n,764,1140.800000,385.260200,308.007000,332,-1,tree
lt_0_lowtown_a2_n,765,2590.400000,763.171400,310.522000,695,-1,tree
lt_0_lowtown_a2_n,766,1246.600000,392.449600,311.622000,357,-1,tree
lt_0_lowtown_a2_n,767,1346.000000,331.550200,311.066000,299,-1,tree
lt_0_lowtown_a2_n,768,1738.800000,471.934800,311.936000,434,-1,tree
lt_0_lowtown_a2_n,769,2299.400000,624.928800,309.392000,558,-1,tree
lt_0_lowtown_a2_n,770,1253.000000,312.449600,312.451000,277,-1,tree
lt_0_lowtown_a2_n,771,2709.200000,764.940600,314.777000,686,-1,tree
lt_0_lowtown_a2_n,772,1350.000000,322.792800,313.966000,289,-1,tree
lt_0_lowtown_a2_n,773,2577.800000,763.414000,313.250000,694,-1,tree
lt_0_lowtown_a2_n,774,1795.200000,486.420000,314.421000,446,-1,tree
lt_0_lowtown_a2_n,775,1446.600000,326.994000,315.338000,299,-1,tree
lt_0_lowtown_a2_n,776,1565.400000,514.118200,312.421000,465,-1,tree
lt_0_lowtown_a2_n,777,1439.400000,511.662600,315.966000,470,-1,tree
lt_0_lowtown_a2_n,778,1018.400000,367.378600,312.894000,334,-1,tree
lt_0_lowtown_a2_n,779,912.800000,320.408200,313.238000,292,-1,tree
lt_0_lowtown_a2_n,780,1610.400000,399.644800,318.492000,341,-1,tree
lt_0_lowtown_a2_n,781,1476.200000,431.863800,317.380000,396,-1,tree
lt_0_lowtown_a2_n,782,2641.200000,599.887400,319.463000,540,-1,tree
lt_0_lowtown_a2_n,783,1475.600000,346.378600,319.066000,313,-1,tree
lt_0_lowtown_a2_n,784,1559.200000,383.644800,318.392000,325,-1,tree
lt_0_lowtown_a2_n,785,1532.600000,538.319400,319.693000,495,-1,tree
lt_0_lowtown_a2_n,786,2165.000000,559.331200,319.978000,504,-1,tree
lt_0_lowtown_a2_n,787,948.200000,325.136000,319.480000,293,-1,tree
lt_0_lowtown_a2_n,788,3291.400000,860.414000,317.196000,791,-1,tree
lt_0_lowtown_a2_n,789,1293.800000,333.520600,317.966000,296,-1,tree
lt_0_lowtown_a2_n,790,1075.200000,378.692200,321.865000,342,-1,tree
lt_0_lowtown_a2_n,791,1252.000000,404.934800,322.936000,367,-1,tree
lt_0_lowtown_a2_n,792,2877.800000,772.869600,322.706000,696,-1,tree
lt_0_lowtown_a2_n,793,1276.200000,420.207000,322.551000,386,-1,tree
lt_0_lowtown_a2_n,794,3074.200000,866.254200,323.037000,784,-1,tree
lt_0_lowtown_a2_n,795,1043.600000,375.674400,322.421000,322,-1,tree
lt_0_lowtown_a2_n,796,2137.800000,563.958400,321.291000,502,-1,tree
lt_0_lowtown_a2_n,797,892.800000,345.650800,323.652000,316,-1,tree
lt_0_lowtown_a2_n,798,1463.600000,337.994000,323.167000,310,-1,tree
lt_0_lowtown_a2_n,799,2815.800000,812.425800,320.622000,731,-1,tree
lt_0_lowtown_a2_n,800,1302.600000,456.005800,327.522000,416,-1,tree
lt_0_lowtown_a2_n,801,1129.200000,368.106400,327.823000,331,-1,tree
lt_0_lowtown_a2_n,802,999.000000,336.893400,327.439000,306,-1,tree
lt_0_lowtown_a2_n,803,1151.000000,402.331200,327.078000,347,-1,tree
lt_0_lowtown_a2_n,804,935.400000,347.207000,324.380000,313,-1,tree
lt_0_lowtown_a2_n,805,1174.600000,437.692200,326.279000,401,-1,tree
lt_0_lowtown_a2_n,806,1438.800000,346.177400,325.208000,307,-1,tree
lt_0_lowtown_a2_n,807,1086.200000,367.047200,325.350000,320,-1,tree
lt_0_lowtown_a2_n,808,1017.800000,330.751400,326.024000,304,-1,tree
lt_0_lowtown_a2_n,809,1009.600000,379.976200,325.794000,335,-1,tree
lt_0_lowtown_a2_n,810,899.200000,340.378600,328.480000,307,-1,tree
lt_0_lowtown_a2_n,811,1655.400000,571.603400,330.593000,520,-1,tree
lt_0_lowtown_a2_n,812,978.200000,344.964400,328.037000,312,-1,tree
lt_0_lowtown_a2_n,813,1006.800000,342.650800,329.924000,313,-1,tree
lt_0_lowtown_a2_n,814,1492.800000,348.378600,328.723000,315,-1,tree
lt_0_lowtown_a2_n,815,1303.400000,438.721800,328.723000,407,-1,tree
lt_0_lowtown_a2_n,816,1422.800000,331.721800,331.723000,300,-1,tree
lt_0_lowtown_a2_n,817,1406.800000,346.047200,330.149000,299,-1,tree
lt_0_lowtown_a2_n,818,1541.400000,353.479200,328.752000,323,-1,tree
lt_0_lowtown_a2_n,819,1524.600000,370.289800,328.007000,322,-1,tree
lt_0_lowtown_a2_n,820,1102.400000,389.047200,335.794000,342,-1,tree
lt_0_lowtown_a2_n,821,874.400000,335.692200,334.279000,299,-1,tree
lt_0_lowtown_a2_n,822,1658.200000,414.177400,332.179000,375,-1,tree
lt_0_lowtown_a2_n,823,1000.800000,350.218800,333.735000,304,-1,tree
lt_0_lowtown_a2_n,824,1055.400000,349.650800,335.995000,320,-1,tree
lt_0_lowtown_a2_n,825,903.000000,352.550200,334.167000,320,-1,tree
lt_0_lowtown_a2_n,826,1094.800000,356.378600,333.752000,323,-1,tree
lt_0_lowtown_a2_n,827,1554.400000,539.106400,335.451000,502,-1,tree
lt_0_lowtown_a2_n,828,1468.000000,363.189200,335.149000,312,-1,tree
lt_0_lowtown_a2_n,829,1197.400000,385.621200,332.794000,351,-1,tree
lt_0_lowtown_a2_n,830,1080.000000,346.550200,339.338000,314,-1,tree
lt_0_lowtown_a2_n,831,1025.600000,380.076800,338.137000,338,-1,tree
lt_0_lowtown_a2_n,832,1555.800000,346.650800,336.610000,317,-1,tree
lt_0_lowtown_a2_n,833,1006.200000,363.378600,336.894000,330,-1,tree
lt_0_lowtown_a2_n,834,1443.800000,338.437800,336.439000,315,-1,tree
lt_0_lowtown_a2_n,835,1484.000000,351.680400,338.953000,327,-1,tree
lt_0_lowtown_a2_n,836,1592.200000,554.846000,337.836000,502,-1,tree
lt_0_lowtown_a2_n,837,1444.600000,345.479200,339.823000,315,-1,tree
lt_0_lowtown_a2_n,838,1626.200000,371.520600,338.208000,334,-1,tree
lt_0_lowtown_a2_n,839,1397.400000,347.076800,339.421000,305,-1,tree
lt_0_lowtown_a2_n,840,2303.600000,579.544200,340.191000,518,-1,tree
lt_0_lowtown_a2_n,841,1088.000000,371.550200,342.238000,339,-1,tree
lt_0_lowtown_a2_n,842,1038.400000,345.337200,343.338000,319,-1,tree
lt_0_lowtown_a2_n,843,1504.400000,377.520600,343.823000,340,-1,tree
lt_0_lowtown_a2_n,844,1423.800000,505.207000,341.551000,471,-1,tree
lt_0_lowtown_a2_n,845,1072.600000,386.816400,343.220000,329,-1,tree
lt_0_lowtown_a2_n,846,1585.800000,565.544200,340.777000,504,-1,tree
lt_0_lowtown_a2_n,847,1516.400000,532.692200,340.551000,496,-1,tree
lt_0_lowtown_a2_n,848,1296.200000,468.390400,342.149000,423,-1,tree
lt_0_lowtown_a2_n,849,1205.600000,441.562000,343.907000,397,-1,tree
lt_0_lowtown_a2_n,850,893.400000,353.106400,346.279000,316,-1,tree
lt_0_lowtown_a2_n,851,1551.800000,363.822400,344.510000,335,-1,tree
lt_0_lowtown_a2_n,852,2024.200000,539.088600,347.049000,485,-1,tree
lt_0_lowtown_a2_n,853,980.800000,363.946600,346.635000,314,-1,tree
lt_0_lowtown_a2_n,854,1411.200000,356.378600,347.551000,323,-1,tree
lt_0_lowtown_a2_n,855,1004.000000,371.378600,347.581000,338,-1,tree
lt_0_lowtown_a2_n,856,1479.200000,352.408200,346.853000,324,-1,tree
lt_0_lowtown_a2_n,857,1047.800000,385.550200,347.894000,353,-1,tree
lt_0_lowtown_a2_n,858,1119.400000,351.307600,345.752000,320,-1,tree
lt_0_lowtown_a2_n,859,967.800000,355.893400,344.238000,325,-1,tree
lt_0_lowtown_a2_n,860,1040.400000,390.106400,351.823000,353,-1,tree
lt_0_lowtown_a2_n,861,1807.600000,461.319400,348.492000,418,-1,tree
lt_0_lowtown_a2_n,862,1941.600000,491.449600,350.622000,456,-1,tree
lt_0_lowtown_a2_n,863,1805.800000,485.106400,349.108000,448,-1,tree
lt_0_lowtown_a2_n,864,1113.800000,392.431800,350.735000,340,-1,tree
lt_0_lowtown_a2_n,865,1433.000000,362.520600,348.380000,325,-1,tree
lt_0_lowtown_a2_n,866,1034.000000,390.106400,348.108000,353,-1,tree
lt_0_lowtown_a2_n,867,1502.800000,371.236600,351.095000,342,-1,tree
lt_0_lowtown_a2_n,868,1611.600000,566.988000,348.463000,510,-1,tree
lt_0_lowtown_a2_n,869,1278.800000,477.118200,349.463000,428,-1,tree
lt_0_lowtown_a2_n,870,1111.800000,397.319400,355.622000,354,-1,tree
lt_0_lowtown_a2_n,871,1182.200000,385.005800,354.522000,345,-1,tree
lt_0_lowtown_a2_n,872,2974.400000,809.810400,352.191000,723,-1,tree
lt_0_lowtown_a2_n,873,1387.600000,356.479200,355.066000,326,-1,tree
lt_0_lowtown_a2_n,874,1660.800000,404.591600,354.894000,365,-1,tree
lt_0_lowtown_a2_n,875,1558.400000,367.207000,352.480000,333,-1,tree
lt_0_lowtown_a2_n,876,1135.200000,406.763200,352.622000,368,-1,tree
lt_0_lowtown_a2_n,877,1708.200000,406.106400,353.622000,369,-1,tree
lt_0_lowtown_a2_n,878,1287.200000,457.390400,354.563000,412,-1,tree
lt_0_lowtown_a2_n,879,1173.000000,387.905200,355.037000,345,-1,tree
lt_0_lowtown_a2_n,880,1458.400000,361.875600,357.049000,314,-1,tree
lt_0_lowtown_a2_n,881,1023.800000,366.449600,359.238000,331,-1,tree
lt_0_lowtown_a2_n,882,1732.400000,446.763200,357.936000,408,-1,tree
lt_0_lowtown_a2_n,883,1423.400000,365.692200,359.309000,329,-1,tree
lt_0_lowtown_a2_n,884,1667.800000,430.349000,357.865000,392,-1,tree
lt_0_lowtown_a2_n,885,1390.000000,366.721800,358.681000,335,-1,tree
lt_0_lowtown_a2_n,886,1019.800000,361.721800,358.894000,330,-1,tree
lt_0_lowtown_a2_n,887,1569.400000,386.378600,359.652000,353,-1,tree
lt_0_lowtown_a2_n,888,1105.600000,408.106400,356.752000,371,-1,tree
lt_0_lowtown_a2_n,889,1505.400000,360.236600,357.995000,331,-1,tree
lt_0_lowtown_a2_n,890,1505.600000,372.692200,362.693000,336,-1,tree
lt_0_lowtown_a2_n,891,1120.000000,370.023600,363.640000,347,-1,tree
lt_0_lowtown_a2_n,892,1738.000000,445.591600,361.593000,406,-1,tree
lt_0_lowtown_a2_n,893,1459.000000,361.289800,361.291000,313,-1,tree
lt_0_lowtown_a2_n,894,2022.400000,551.159600,362.534000,495,-1,tree
lt_0_lowtown_a2_n,895,1581.000000,382.721800,360.823000,351,-1,tree
lt_0_lowtown_a2_n,896,1555.400000,381.964400,360.451000,349,-1,tree
lt_0_lowtown_a2_n,897,1646.200000,414.591600,362.451000,375,-1,tree
lt_0_lowtown_a2_n,898,1036.600000,379.550200,362.622000,347,-1,tree
lt_0_lowtown_a2_n,899,1787.000000,378.337200,361.024000,352,-1,tree
lt_0_lowtown_a2_n,900,1499.600000,382.378600,365.894000,349,-1,tree
lt_0_lowtown_a2_n,901,1101.600000,385.863800,365.480000,350,-1,tree
lt_0_lowtown_a2_n,902,1316.000000,469.550200,366.723000,437,-1,tree
lt_0_lowtown_a2_n,903,1739.000000,390.550200,367.238000,358,-1,tree
lt_0_lowtown_a2_n,904,1174.600000,381.934800,364.865000,344,-1,tree
lt_0_lowtown_a2_n,905,1244.200000,439.834200,367.350000,399,-1,tree
lt_0_lowtown_a2_n,906,1699.800000,402.207000,365.380000,368,-1,tree
lt_0_lowtown_a2_n,907,1731.000000,405.976200,366.764000,361,-1,tree
lt_0_lowtown_a2_n,908,1055.600000,388.934800,366.794000,351,-1,tree
lt_0_lowtown_a2_n,909,1104.600000,379.378600,364.853000,346,-1,tree
lt_0_lowtown_a2_n,910,1171.000000,402.621200,370.723000,368,-1,tree
lt_0_lowtown_a2_n,911,1356.800000,476.775000,369.362000,426,-1,tree
lt_0_lowtown_a2_n,912,1125.000000,443.106400,371.108000,406,-1,tree
lt_0_lowtown_a2_n,913,1678.600000,390.136000,368.823000,358,-1,tree
lt_0_lowtown_a2_n,914,1651.400000,377.378600,370.995000,344,-1,tree
lt_0_lowtown_a2_n,915,1237.000000,414.976200,370.350000,370,-1,tree
lt_0_lowtown_a2_n,916,1956.000000,497.621200,369.622000,463,-1,tree
lt_0_lowtown_a2_n,917,1070.600000,403.106400,370.380000,366,-1,tree
lt_0_lowtown_a2_n,918,1587.800000,386.964400,369.652000,354,-1,tree
lt_0_lowtown_a2_n,919,1449.400000,370.893400,370.894000,340,-1,tree
lt_0_lowtown_a2_n,920,1193.800000,442.177400,374.179000,403,-1,tree
lt_0_lowtown_a2_n,921,1531.400000,377.692200,372.966000,341,-1,tree
lt_0_lowtown_a2_n,922,1247.400000,408.834200,372.108000,368,-1,tree
lt_0_lowtown_a2_n,923,1049.000000,379.278000,372.894000,343,-1,tree
lt_0_lowtown_a2_n,924,1160.400000,406.792800,375.480000,373,-1,tree
lt_0_lowtown_a2_n,925,1051.200000,383.721800,372.894000,352,-1,tree
lt_0_lowtown_a2_n,926,1289.400000,469.076800,372.936000,427,-1,tree
lt_0_lowtown_a2_n,927,1459.600000,375.035400,372.794000,340,-1,tree
lt_0_lowtown_a2_n,928,1174.200000,414.550200,374.267000,382,-1,tree
lt_0_lowtown_a2_n,929,1047.000000,394.934800,375.179000,357,-1,tree
lt_0_lowtown_a2_n,930,1561.800000,389.207000,377.350000,355,-1,tree
lt_0_lowtown_a2_n,931,1782.200000,400.307600,376.995000,369,-1,tree
lt_0_lowtown_a2_n,932,1455.600000,505.863800,379.137000,470,-1,tree
lt_0_lowtown_a2_n,933,1071.200000,404.207000,378.894000,370,-1,tree
lt_0_lowtown_a2_n,934,1188.800000,430.491000,377.664000,388,-1,tree
lt_0_lowtown_a2_n,935,1203.000000,448.532400,379.706000,399,-1,tree
lt_0_lowtown_a2_n,936,1615.000000,385.207000,378.823000,351,-1,tree
lt_0_lowtown_a2_n,937,1476.000000,538.502800,378.848000,484,-1,tree
lt_0_lowtown_a2_n,938,962.800000,379.934800,377.108000,342,-1,tree
lt_0_lowtown_a2_n,939,1725.400000,407.976200,376.764000,363,-1,tree
lt_0_lowtown_a2_n,940,1541.400000,384.449600,383.037000,349,-1,tree
lt_0_lowtown_a2_n,941,1172.200000,436.562000,382.563000,392,-1,tree
lt_0_lowtown_a2_n,942,1253.400000,473.076800,380.836000,431,-1,tree
lt_0_lowtown_a2_n,943,1105.800000,391.964400,380.309000,359,-1,tree
lt_0_lowtown_a2_n,944,1596.600000,387.964400,381.581000,355,-1,tree
lt_0_lowtown_a2_n,945,1175.200000,387.834200,381.593000,347,-1,tree
lt_0_lowtown_a2_n,946,1538.400000,388.076800,380.865000,346,-1,tree
lt_0_lowtown_a2_n,947,1844.200000,473.118200,382.978000,424,-1,tree
lt_0_lowtown_a2_n,948,1424.200000,505.431800,383.735000,453,-1,tree
lt_0_lowtown_a2_n,949,1538.800000,392.704000,383.877000,344,-1,tree
lt_0_lowtown_a2_n,950,1180.400000,394.207000,385.338000,360,-1,tree
lt_0_lowtown_a2_n,951,1676.200000,391.491000,386.764000,349,-1,tree
lt_0_lowtown_a2_n,952,1117.000000,416.248400,386.250000,375,-1,tree
lt_0_lowtown_a2_n,953,1627.800000,395.863800,385.823000,360,-1,tree
lt_0_lowtown_a2_n,954,1606.400000,401.136000,387.823000,369,-1,tree
lt_0_lowtown_a2_n,955,1850.200000,474.775000,387.948000,424,-1,tree
lt_0_lowtown_a2_n,956,1200.600000,411.822400,386.752000,383,-1,tree
lt_0_lowtown_a2_n,957,1618.400000,395.207000,387.995000,361,-1,tree
lt_0_lowtown_a2_n,958,1030.200000,388.863800,384.137000,353,-1,tree
lt_0_lowtown_a2_n,959,1579.400000,388.751400,386.510000,362,-1,tree
lt_0_lowtown_a2_n,960,1705.000000,424.550200,389.723000,392,-1,tree
lt_0_lowtown_a2_n,961,1150.400000,414.378600,391.066000,381,-1,tree
lt_0_lowtown_a2_n,962,1718.600000,420.905200,390.421000,378,-1,tree
lt_0_lowtown_a2_n,963,1670.000000,433.763200,391.764000,395,-1,tree
lt_0_lowtown_a2_n,964,1332.000000,485.260200,390.777000,432,-1,tree
lt_0_lowtown_a2_n,965,1745.800000,430.834200,391.380000,390,-1,tree
lt_0_lowtown_a2_n,966,1845.000000,448.461400,391.635000,401,-1,tree
lt_0_lowtown_a2_n,967,1227.800000,393.964400,390.894000,361,-1,tree
lt_0_lowtown_a2_n,968,1284.200000,417.207000,389.894000,383,-1,tree
lt_0_lowtown_a2_n,969,1942.200000,500.402200,389.818000,443,-1,tree
lt_0_lowtown_a2_n,970,1229.800000,449.420000,393.421000,409,-1,tree
lt_0_lowtown_a2_n,971,1206.000000,415.236600,392.752000,386,-1,tree
lt_0_lowtown_a2_n,972,1690.800000,417.106400,393.894000,380,-1,tree
lt_0_lowtown_a2_n,973,1156.800000,415.076800,395.220000,373,-1,tree
lt_0_lowtown_a2_n,974,1127.200000,431.005800,394.522000,391,-1,tree
lt_0_lowtown_a2_n,975,1551.400000,395.207000,393.794000,361,-1,tree
lt_0_lowtown_a2_n,976,1790.800000,443.420000,393.279000,403,-1,tree
lt_0_lowtown_a2_n,977,1222.600000,398.893400,394.995000,368,-1,tree
lt_0_lowtown_a2_n,978,1700.800000,414.621200,395.309000,380,-1,tree
lt_0_lowtown_a2_n,979,1203.000000,400.136000,392.095000,368,-1,tree
lt_0_lowtown_a2_n,980,1675.200000,415.792800,398.238000,382,-1,tree
lt_0_lowtown_a2_n,981,1893.400000,479.177400,396.693000,440,-1,tree
lt_0_lowtown_a2_n,982,1796.400000,435.278000,396.652000,399,-1,tree
lt_0_lowtown_a2_n,983,1673.200000,404.893400,398.510000,374,-1,tree
lt_0_lowtown_a2_n,984,1221.600000,432.461400,397.635000,385,-1,tree
lt_0_lowtown_a2_n,985,1646.200000,401.834200,397.108000,361,-1,tree
lt_0_lowtown_a2_n,986,1302.200000,421.721800,396.409000,390,-1,tree
lt_0_lowtown_a2_n,987,1704.200000,429.319400,399.321000,386,-1,tree
lt_0_lowtown_a2_n,988,1647.000000,410.449600,399.723000,375,-1,tree
lt_0_lowtown_a2_n,989,1751.200000,437.763200,399.764000,399,-1,tree
lt_0_lowtown_a2_n,990,1884.400000,476.189200,403.706000,425,-1,tree
lt_0_lowtown_a2_n,991,1715.600000,434.520600,400.522000,397,-1,tree
lt_0_lowtown_a2_n,992,1321.200000,476.875600,400.392000,429,-1,tree
lt_0_lowtown_a2_n,993,1168.400000,447.834200,401.350000,407,-1,tree
lt_0_lowtown_a2_n,994,1190.200000,406.550200,400.995000,374,-1,tree
lt_0_lowtown_a2_n,995,1569.800000,407.106400,403.208000,370,-1,tree
lt_0_lowtown_a2_n,996,1178.200000,410.349000,401.480000,372,-1,tree
lt_0_lowtown_a2_n,997,1269.400000,458.420000,401.936000,418,-1,tree
lt_0_lowtown_a2_n,998,1056.200000,412.106400,402.108000,375,-1,tree
lt_0_lowtown_a2_n,999,1561.800000,408.278000,403.551000,372,-1,tree
lt_0_lowtown_a2_n,1000,1144.600000,406.721800,405.309000,375,-1,tree
lt_0_lowtown_a2_n,1001,1254.400000,465.591600,405.593000,426,-1,tree
lt_0_lowtown_a2_n,1002,1330.400000,467.349000,406.522000,429,-1,tree
lt_0_lowtown_a2_n,1003,1221.000000,459.662600,404.836000,418,-1,tree
lt_0_lowtown_a2_n,1004,1165.200000,422.621200,404.137000,388,-1,tree
lt_0_lowtown_a2_n,1005,1177.200000,436.248400,405.522000,395,-1,tree
lt_0_lowtown_a2_n,1006,1846.000000,415.047200,407.007000,368,-1,tree
lt_0_lowtown_a2_n,1007,1689.800000,415.349000,406.480000,377,-1,tree
lt_0_lowtown_a2_n,1008,1720.400000,410.349000,404.794000,372,-1,tree
lt_0_lowtown_a2_n,1009,1199.400000,443.118200,404.978000,394,-1,tree
lt_0_lowtown_a2_n,1010,1813.200000,446.177400,411.108000,407,-1,tree
lt_0_lowtown_a2_n,1011,1701.200000,411.763200,411.764000,373,-1,tree
lt_0_lowtown_a2_n,1012,1689.400000,427.106400,411.551000,390,-1,tree
lt_0_lowtown_a2_n,1013,1194.400000,419.349000,410.966000,381,-1,tree
lt_0_lowtown_a2_n,1014,1869.600000,461.420000,410.936000,421,-1,tree
lt_0_lowtown_a2_n,1015,1702.800000,422.520600,411.894000,385,-1,tree
lt_0_lowtown_a2_n,1016,1313.000000,416.319400,410.764000,373,-1,tree
lt_0_lowtown_a2_n,1017,1254.200000,456.035400,408.037000,421,-1,tree
lt_0_lowtown_a2_n,1018,1890.200000,490.834200,410.350000,450,-1,tree
lt_0_lowtown_a2_n,1019,1968.600000,506.704000,410.706000,458,-1,tree
lt_0_lowtown_a2_n,1020,1289.200000,481.763200,415.764000,443,-1,tree
lt_0_lowtown_a2_n,1021,1773.000000,449.431800,415.434000,397,-1,tree
lt_0_lowtown_a2_n,1022,1100.800000,418.177400,414.279000,379,-1,tree
lt_0_lowtown_a2_n,1023,2473.400000,422.662600,413.794000,381,-1,tree
lt_0_lowtown_a2_n,1024,1374.600000,500.633000,414.149000,454,-1,tree
lt_0_lowtown_a2_n,1025,1785.200000,417.662600,412.936000,376,-1,tree
lt_0_lowtown_a2_n,1026,1234.200000,476.177400,412.179000,437,-1,tree
lt_0_lowtown_a2_n,1027,1206.400000,455.017600,415.664000,403,-1,tree
lt_0_lowtown_a2_n,1028,1195.400000,416.863800,415.451000,381,-1,tree
lt_0_lowtown_a2_n,1029,1160.000000,427.319400,415.321000,384,-1,tree
lt_0_lowtown_a2_n,1030,1917.400000,491.905200,417.078000,449,-1,tree
lt_0_lowtown_a2_n,1031,1771.400000,436.863800,419.551000,401,-1,tree
lt_0_lowtown_a2_n,1032,1162.000000,426.106400,417.238000,389,-1,tree
lt_0_lowtown_a2_n,1033,1717.800000,425.005800,417.794000,385,-1,tree
lt_0_lowtown_a2_n,1034,1227.000000,475.591600,418.764000,436,-1,tree
lt_0_lowtown_a2_n,1035,1290.200000,488.745400,418.747000,433,-1,tree
lt_0_lowtown_a2_n,1036,1060.000000,426.946600,418.948000,377,-1,tree
lt_0_lowtown_a2_n,1037,1177.600000,419.579800,418.167000,392,-1,tree
lt_0_lowtown_a2_n,1038,1268.800000,469.603400,417.120000,418,-1,tree
lt_0_lowtown_a2_n,1039,1287.200000,495.733600,418.321000,452,-1,tree
lt_0_lowtown_a2_n,1040,1906.200000,434.278000,421.551000,398,-1,tree
lt_0_lowtown_a2_n,1041,1837.000000,455.319400,422.492000,412,-1,tree
lt_0_lowtown_a2_n,1042,1174.000000,442.076800,421.593000,400,-1,tree
lt_0_lowtown_a2_n,1043,1263.200000,469.431800,420.605000,417,-1,tree
lt_0_lowtown_a2_n,1044,1205.400000,462.946600,420.948000,413,-1,tree
lt_0_lowtown_a2_n,1045,1788.600000,449.461400,423.463000,402,-1,tree
lt_0_lowtown_a2_n,1046,1104.800000,431.875600,423.836000,384,-1,tree
lt_0_lowtown_a2_n,1047,1789.200000,429.621200,421.581000,395,-1,tree
lt_0_lowtown_a2_n,1048,1931.200000,475.502800,423.362000,421,-1,tree
lt_0_lowtown_a2_n,1049,1186.200000,425.449600,422.380000,390,-1,tree
lt_0_lowtown_a2_n,1050,1917.000000,479.644800,427.706000,421,-1,tree
lt_0_lowtown_a2_n,1051,1308.400000,491.017600,427.019000,439,-1,tree
lt_0_lowtown_a2_n,1052,1344.200000,431.035400,424.652000,396,-1,tree
lt_0_lowtown_a2_n,1053,1197.600000,464.502800,426.505000,410,-1,tree
lt_0_lowtown_a2_n,1054,1192.400000,429.692200,425.794000,393,-1,tree
lt_0_lowtown_a2_n,1055,1233.000000,467.106400,424.279000,430,-1,tree
lt_0_lowtown_a2_n,1056,1102.200000,427.550200,427.551000,395,-1,tree
lt_0_lowtown_a2_n,1057,1863.000000,443.905200,425.522000,401,-1,tree
lt_0_lowtown_a2_n,1058,1815.000000,442.047200,426.049000,395,-1,tree
lt_0_lowtown_a2_n,1059,1146.400000,438.591600,426.108000,399,-1,tree
lt_0_lowtown_a2_n,1060,1751.800000,435.804600,428.593000,390,-1,tree
lt_0_lowtown_a2_n,1061,1125.600000,442.692200,430.007000,406,-1,tree
lt_0_lowtown_a2_n,1062,1267.800000,488.360800,429.534000,438,-1,tree
lt_0_lowtown_a2_n,1063,1142.200000,453.875600,428.220000,406,-1,tree
lt_0_lowtown_a2_n,1064,1187.800000,441.875600,429.877000,394,-1,tree
lt_0_lowtown_a2_n,1065,1793.400000,446.550200,430.551000,414,-1,tree
lt_0_lowtown_a2_n,1066,1753.000000,434.461400,430.463000,387,-1,tree
lt_0_lowtown_a2_n,1067,1231.200000,474.059000,430.948000,415,-1,tree
lt_0_lowtown_a2_n,1068,1257.400000,435.349000,431.451000,397,-1,tree
lt_0_lowtown_a2_n,1069,1081.600000,432.349000,429.522000,394,-1,tree
lt_0_lowtown_a2_n,1070,1203.000000,467.319400,433.764000,424,-1,tree
lt_0_lowtown_a2_n,1071,1116.000000,456.591600,434.451000,417,-1,tree
lt_0_lowtown_a2_n,1072,1850.400000,450.692200,433.723000,414,-1,tree
lt_0_lowtown_a2_n,1073,1747.800000,435.633000,435.635000,389,-1,tree
lt_0_lowtown_a2_n,1074,1442.000000,464.106400,433.137000,427,-1,tree
lt_0_lowtown_a2_n,1075,1832.000000,465.402200,435.262000,408,-1,tree
lt_0_lowtown_a2_n,1076,1184.600000,458.733600,434.108000,415,-1,tree
lt_0_lowtown_a2_n,1077,1191.600000,443.449600,434.622000,408,-1,tree
lt_0_lowtown_a2_n,1078,1177.400000,436.349000,432.451000,398,-1,tree
lt_0_lowtown_a2_n,1079,1766.400000,442.431800,434.434000,390,-1,tree
lt_0_lowtown_a2_n,1080,1219.400000,461.591600,436.137000,422,-1,tree
lt_0_lowtown_a2_n,1081,1218.400000,449.289800,438.321000,401,-1,tree
lt_0_lowtown_a2_n,1082,1876.200000,454.461400,437.978000,407,-1,tree
lt_0_lowtown_a2_n,1083,1904.400000,475.088600,439.149000,421,-1,tree
lt_0_lowtown_a2_n,1084,1771.400000,443.763200,436.551000,405,-1,tree
lt_0_lowtown_a2_n,1085,1863.000000,463.431800,439.291000,411,-1,tree
lt_0_lowtown_a2_n,1086,1358.400000,495.988000,437.848000,439,-1,tree
lt_0_lowtown_a2_n,1087,1386.000000,455.692200,438.723000,419,-1,tree
lt_0_lowtown_a2_n,1088,1787.400000,446.207000,439.823000,412,-1,tree
lt_0_lowtown_a2_n,1089,1839.200000,464.502800,438.463000,410,-1,tree
lt_0_lowtown_a2_n,1090,1286.400000,448.591600,442.208000,409,-1,tree
lt_0_lowtown_a2_n,1091,1806.200000,459.775000,441.291000,409,-1,tree
lt_0_lowtown_a2_n,1092,1812.200000,456.662600,441.108000,415,-1,tree
lt_0_lowtown_a2_n,1093,1840.600000,465.005800,442.622000,425,-1,tree
lt_0_lowtown_a2_n,1094,1928.200000,478.177400,440.179000,439,-1,tree
lt_0_lowtown_a2_n,1095,1226.800000,453.792800,440.137000,420,-1,tree
lt_0_lowtown_a2_n,1096,1848.200000,473.816400,443.676000,416,-1,tree
lt_0_lowtown_a2_n,1097,1807.400000,469.431800,442.848000,417,-1,tree
lt_0_lowtown_a2_n,1098,1803.200000,442.289800,442.291000,394,-1,tree
lt_0_lowtown_a2_n,1099,1299.600000,482.674400,440.191000,429,-1,tree
lt_0_lowtown_a2_n,1100,1783.200000,446.863800,444.622000,411,-1,tree
lt_0_lowtown_a2_n,1101,1806.600000,451.905200,444.108000,409,-1,tree
lt_0_lowtown_a2_n,1102,1174.400000,461.349000,445.350000,423,-1,tree
lt_0_lowtown_a2_n,1103,1794.000000,460.917000,444.777000,406,-1,tree
lt_0_lowtown_a2_n,1104,1804.000000,453.704000,447.321000,405,-1,tree
lt_0_lowtown_a2_n,1105,1161.800000,457.491000,447.593000,415,-1,tree
lt_0_lowtown_a2_n,1106,1743.600000,449.218800,445.321000,403,-1,tree
lt_0_lowtown_a2_n,1107,1931.400000,494.059000,447.492000,435,-1,tree
lt_0_lowtown_a2_n,1108,1839.400000,471.431800,445.434000,419,-1,tree
lt_0_lowtown_a2_n,1109,1129.800000,447.076800,445.664000,405,-1,tree
lt_0_lowtown_a2_n,1110,1815.200000,452.692200,450.451000,416,-1,tree
lt_0_lowtown_a2_n,1111,1186.200000,462.976200,448.836000,418,-1,tree
lt_0_lowtown_a2_n,1112,1224.600000,483.917000,448.806000,429,-1,tree
lt_0_lowtown_a2_n,1113,1195.400000,454.704000,448.321000,406,-1,tree
lt_0_lowtown_a2_n,1114,1352.000000,494.218800,451.836000,448,-1,tree
lt_0_lowtown_a2_n,1115,1843.600000,456.005800,451.279000,416,-1,tree
lt_0_lowtown_a2_n,1116,1164.400000,455.449600,448.622000,420,-1,tree
lt_0_lowtown_a2_n,1117,1946.200000,485.875600,450.664000,438,-1,tree
lt_0_lowtown_a2_n,1118,1191.000000,461.017600,451.848000,409,-1,tree
lt_0_lowtown_a2_n,1119,1236.600000,473.834200,448.907000,433,-1,tree
lt_0_lowtown_a2_n,1120,1860.400000,475.745400,453.990000,420,-1,tree
lt_0_lowtown_a2_n,1121,1807.000000,460.047200,455.463000,413,-1,tree
lt_0_lowtown_a2_n,1122,1218.800000,458.349000,453.522000,420,-1,tree
lt_0_lowtown_a2_n,1123,1365.000000,500.615200,455.505000,437,-1,tree
lt_0_lowtown_a2_n,1124,1849.800000,455.005800,453.593000,415,-1,tree
lt_0_lowtown_a2_n,1125,1903.600000,481.846000,453.463000,429,-1,tree
lt_0_lowtown_a2_n,1126,1274.800000,460.591600,455.865000,421,-1,tree
lt_0_lowtown_a2_n,1127,1206.200000,464.147800,455.279000,420,-1,tree
lt_0_lowtown_a2_n,1128,1206.600000,475.431800,452.948000,423,-1,tree
lt_0_lowtown_a2_n,1129,1170.000000,463.917000,452.605000,409,-1,tree
lt_0_lowtown_a2_n,1130,1862.400000,473.603400,457.463000,422,-1,tree
lt_0_lowtown_a2_n,1131,1851.600000,467.491000,459.007000,425,-1,tree
lt_0_lowtown_a2_n,1132,1857.800000,474.431800,457.747000,422,-1,tree
lt_0_lowtown_a2_n,1133,1913.200000,467.248400,458.865000,426,-1,tree
lt_0_lowtown_a2_n,1134,1928.600000,482.017600,458.463000,430,-1,tree
lt_0_lowtown_a2_n,1135,1938.000000,475.946600,459.806000,426,-1,tree
lt_0_lowtown_a2_n,1136,1321.600000,501.059000,456.534000,442,-1,tree
lt_0_lowtown_a2_n,1137,1833.200000,464.218800,457.007000,418,-1,tree
lt_0_lowtown_a2_n,1138,1970.600000,501.633000,457.108000,455,-1,tree
lt_0_lowtown_a2_n,1139,1824.200000,471.159600,459.848000,415,-1,tree
lt_0_lowtown_a2_n,1140,1838.200000,474.319400,461.007000,431,-1,tree
lt_0_lowtown_a2_n,1141,1863.400000,467.047200,463.978000,420,-1,tree
lt_0_lowtown_a2_n,1142,1905.200000,498.088600,460.392000,444,-1,tree
lt_0_lowtown_a2_n,1143,1830.400000,464.106400,461.865000,427,-1,tree
lt_0_lowtown_a2_n,1144,1470.400000,466.520600,461.794000,429,-1,tree
lt_0_lowtown_a2_n,1145,1885.000000,476.189200,462.877000,425,-1,tree
lt_0_lowtown_a2_n,1146,1170.800000,466.390400,460.836000,421,-1,tree
lt_0_lowtown_a2_n,1147,1865.400000,470.704000,463.492000,422,-1,tree
lt_0_lowtown_a2_n,1148,1834.400000,469.390400,461.836000,424,-1,tree
lt_0_lowtown_a2_n,1149,1288.800000,472.491000,461.179000,430,-1,tree
lt_0_lowtown_a2_n,1150,1848.200000,471.905200,465.522000,429,-1,tree
lt_0_lowtown_a2_n,1151,1844.600000,469.260200,464.534000,416,-1,tree
lt_0_lowtown_a2_n,1152,1811.800000,469.704000,464.978000,421,-1,tree
lt_0_lowtown_a2_n,1153,1859.800000,471.520600,465.137000,434,-1,tree
lt_0_lowtown_a2_n,1154,1817.800000,469.662600,464.108000,428,-1,tree
lt_0_lowtown_a2_n,1155,1884.200000,470.905200,465.350000,428,-1,tree
lt_0_lowtown_a2_n,1156,1885.200000,473.461400,467.907000,426,-1,tree
lt_0_lowtown_a2_n,1157,1838.000000,468.804600,464.907000,423,-1,tree
lt_0_lowtown_a2_n,1158,1284.800000,491.633000,465.007000,445,-1,tree
lt_0_lowtown_a2_n,1159,1154.000000,476.420000,467.108000,436,-1,tree
lt_0_lowtown_a2_n,1160,1874.200000,471.804600,469.563000,426,-1,tree
lt_0_lowtown_a2_n,1161,1135.600000,471.390400,468.563000,426,-1,tree
lt_0_lowtown_a2_n,1162,1289.400000,476.562000,470.179000,432,-1,tree
lt_0_lowtown_a2_n,1163,1894.400000,475.360800,468.978000,425,-1,tree
lt_0_lowtown_a2_n,1164,1828.600000,472.189200,470.777000,421,-1,tree
lt_0_lowtown_a2_n,1165,1847.200000,478.289800,471.321000,430,-1,tree
lt_0_lowtown_a2_n,1166,1861.000000,471.733600,469.492000,428,-1,tree
lt_0_lowtown_a2_n,1167,2019.400000,474.934800,468.551000,437,-1,tree
lt_0_lowtown_a2_n,1168,1246.800000,472.976200,469.078000,428,-1,tree
lt_0_lowtown_a2_n,1169,1306.000000,487.745400,470.191000,432,-1,tree
lt_0_lowtown_a2_n,1170,1317.800000,477.420000,472.693000,437,-1,tree
lt_0_lowtown_a2_n,1171,1922.600000,489.189200,474.463000,438,-1,tree
lt_0_lowtown_a2_n,1172,1285.000000,476.349000,474.936000,438,-1,tree
lt_0_lowtown_a2_n,1173,1879.800000,474.834200,472.593000,434,-1,tree
lt_0_lowtown_a2_n,1174,1921.600000,481.846000,474.635000,429,-1,tree
lt_0_lowtown_a2_n,1175,1880.800000,477.491000,475.250000,435,-1,tree
lt_0_lowtown_a2_n,1176,1890.800000,482.005800,475.622000,442,-1,tree
lt_0_lowtown_a2_n,1177,1323.200000,475.633000,472.563000,429,-1,tree
lt_0_lowtown_a2_n,1178,2009.400000,506.230600,474.191000,448,-1,tree
lt_0_lowtown_a2_n,1179,1266.600000,492.059000,475.090000,433,-1,tree
lt_0_lowtown_a2_n,1180,1856.000000,482.804600,476.421000,437,-1,tree
lt_0_lowtown_a2_n,1181,1911.000000,486.573800,479.362000,430,-1,tree
lt_0_lowtown_a2_n,1182,1864.000000,481.076800,479.664000,439,-1,tree
lt_0_lowtown_a2_n,1183,1901.600000,483.502800,477.563000,429,-1,tree
lt_0_lowtown_a2_n,1184,1289.000000,478.834200,476.593000,438,-1,tree
lt_0_lowtown_a2_n,1185,1887.600000,482.420000,477.693000,442,-1,tree
lt_0_lowtown_a2_n,1186,1317.600000,482.763200,479.693000,444,-1,tree
lt_0_lowtown_a2_n,1187,1351.200000,479.532400,478.120000,430,-1,tree
lt_0_lowtown_a2_n,1188,1186.800000,479.047200,476.806000,432,-1,tree
lt_0_lowtown_a2_n,1189,1942.200000,491.017600,478.877000,439,-1,tree
lt_0_lowtown_a2_n,1190,1923.800000,487.349000,482.622000,449,-1,tree
lt_0_lowtown_a2_n,1191,1872.200000,490.005800,481.137000,450,-1,tree
lt_0_lowtown_a2_n,1192,2008.000000,484.775000,480.877000,434,-1,tree
lt_0_lowtown_a2_n,1193,1340.000000,488.088600,481.706000,434,-1,tree
lt_0_lowtown_a2_n,1194,1252.000000,486.733600,482.007000,443,-1,tree
lt_0_lowtown_a2_n,1195,1236.800000,489.289800,483.735000,441,-1,tree
lt_0_lowtown_a2_n,1196,1319.200000,485.349000,480.622000,447,-1,tree
lt_0_lowtown_a2_n,1197,1927.800000,490.431800,481.563000,438,-1,tree
lt_0_lowtown_a2_n,1198,1926.800000,487.591600,480.380000,448,-1,tree
lt_0_lowtown_a2_n,1199,1360.600000,484.846000,480.120000,432,-1,tree
lt_0_lowtown_a2_n,1200,1250.400000,488.834200,487.421000,448,-1,tree
lt_0_lowtown_a2_n,1201,1915.400000,490.491000,484.108000,448,-1,tree
lt_0_lowtown_a2_n,1202,1236.200000,487.733600,486.321000,444,-1,tree
lt_0_lowtown_a2_n,1203,1272.000000,488.846000,487.434000,436,-1,tree
lt_0_lowtown_a2_n,1204,1914.600000,488.905200,487.492000,446,-1,tree
lt_0_lowtown_a2_n,1205,1272.600000,490.562000,486.664000,446,-1,tree
lt_0_lowtown_a2_n,1206,1252.800000,493.775000,484.907000,443,-1,tree
lt_0_lowtown_a2_n,1207,1963.400000,493.390400,484.522000,448,-1,tree
lt_0_lowtown_a2_n,1208,1843.800000,490.349000,485.622000,452,-1,tree
lt_0_lowtown_a2_n,1209,1417.000000,495.846000,486.978000,443,-1,tree
lt_0_lowtown_a2_n,1210,1911.600000,495.248400,491.350000,454,-1,tree
lt_0_lowtown_a2_n,1211,1982.600000,497.289800,489.250000,449,-1,tree
lt_0_lowtown_a2_n,1212,1289.400000,493.189200,491.777000,442,-1,tree
lt_0_lowtown_a2_n,1213,1233.400000,494.562000,489.007000,450,-1,tree
lt_0_lowtown_a2_n,1214,1913.400000,495.260200,490.534000,442,-1,tree
lt_0_lowtown_a2_n,1215,1917.600000,494.491000,490.593000,452,-1,tree
lt_0_lowtown_a2_n,1216,1262.400000,495.603400,489.220000,444,-1,tree
lt_0_lowtown_a2_n,1217,1239.400000,500.562000,491.693000,456,-1,tree
lt_0_lowtown_a2_n,1218,1936.000000,494.573800,489.848000,438,-1,tree
lt_0_lowtown_a2_n,1219,1210.600000,495.147800,491.250000,451,-1,tree
lt_0_lowtown_a2_n,1220,1249.800000,496.816400,492.919000,439,-1,tree
lt_0_lowtown_a2_n,1221,1291.200000,503.218800,495.179000,457,-1,tree
lt_0_lowtown_a2_n,1222,1312.000000,501.733600,494.522000,458,-1,tree
lt_0_lowtown_a2_n,1223,1975.800000,497.076800,494.836000,455,-1,tree
lt_0_lowtown_a2_n,1224,1357.800000,495.763200,494.350000,457,-1,tree
lt_0_lowtown_a2_n,1225,1322.400000,497.733600,493.007000,454,-1,tree
lt_0_lowtown_a2_n,1226,1926.600000,497.875600,495.635000,450,-1,tree
lt_0_lowtown_a2_n,1227,1249.000000,499.674400,494.120000,446,-1,tree
lt_0_lowtown_a2_n,1228,1951.400000,502.573800,493.706000,446,-1,tree
lt_0_lowtown_a2_n,1229,1928.200000,501.230600,493.191000,443,-1,tree
lt_0_lowtown_a2_n,1230,2017.800000,503.603400,498.049000,452,-1,tree
lt_0_lowtown_a2_n,1231,1925.800000,500.005800,498.593000,460,-1,tree
lt_0_lowtown_a2_n,1232,1303.800000,498.390400,496.149000,453,-1,tree
lt_0_lowtown_a2_n,1233,1336.600000,504.917000,498.735000,450,-1,tree
lt_0_lowtown_a2_n,1234,1295.800000,503.331200,497.777000,448,-1,tree
lt_0_lowtown_a2_n,1235,1936.000000,504.603400,496.563000,453,-1,tree
lt_0_lowtown_a2_n,1236,1969.600000,505.816400,496.948000,448,-1,tree
lt_0_lowtown_a2_n,1237,1325.600000,501.159600,498.090000,445,-1,tree
lt_0_lowtown_a2_n,1238,1265.000000,500.248400,498.007000,459,-1,tree
lt_0_lowtown_a2_n,1239,1955.800000,502.502800,499.434000,448,-1,tree
