map,scenid,tcost,distance,expect,steps,d,itype
lt_gallowscourtyard_n,0,359.800000,15.485200,7.000000,14,-1,tree
lt_gallowscourtyard_n,1,431.400000,68.869800,5.414210,62,-1,tree
lt_gallowscourtyard_n,2,144.600000,17.313600,4.828430,15,-1,tree
lt_gallowscourtyard_n,3,264.200000,29.213000,7.414210,24,-1,tree
lt_gallowscourtyard_n,4,158.000000,21.142000,5.242640,18,-1,tree
lt_gallowscourtyard_n,5,190.400000,22.485200,5.656850,21,-1,tree
lt_gallowscourtyard_n,6,113.600000,12.899400,5.828430,11,-1,tree
lt_gallowscourtyard_n,7,1105.600000,284.213000,7.242640,279,-1,tree
lt_gallowscourtyard_n,8,253.000000,44.355000,6.414210,35,-1,tree
lt_gallowscourtyard_n,9,148.600000,25.556200,4.242640,22,-1,tree
lt_gallowscourtyard_n,10,155.000000,26.556200,8.656850,23,-1,tree
lt_gallowscourtyard_n,11,171.600000,30.698200,8.071070,23,-1,tree
lt_gallowscourtyard_n,12,270.600000,65.727800,11.485300,63,-1,tree
lt_gallowscourtyard_n,13,265.800000,56.970400,10.828400,53,-1,tree
lt_gallowscourtyard_n,14,739.200000,244.071000,8.071070,243,-1,tree
lt_gallowscourtyard_n,15,648.000000,162.650800,8.828430,133,-1,tree
lt_gallowscourtyard_n,16,330.000000,77.727800,9.828430,75,-1,tree
lt_gallowscourtyard_n,17,162.600000,23.071000,10.242600,22,-1,tree
lt_gallowscourtyard_n,18,174.200000,23.313600,10.828400,21,-1,tree
lt_gallowscourtyard_n,19,323.200000,78.526600,9.414210,70,-1,tree
lt_gallowscourtyard_n,20,175.400000,29.313600,15.656900,27,-1,tree
lt_gallowscourtyard_n,21,166.600000,34.384600,15.414200,30,-1,tree
lt_gallowscourtyard_n,22,496.400000,103.781000,15.071100,82,-1,tree
lt_gallowscourtyard_n,23,965.000000,295.213000,14.242600,290,-1,tree
lt_gallowscourtyard_n,24,334.400000,84.781000,15.485300,63,-1,tree
lt_gallowscourtyard_n,25,155.600000,20.556200,12.071100,17,-1,tree
lt_gallowscourtyard_n,26,94.800000,15.556200,12.727900,12,-1,tree
lt_gallowscourtyard_n,27,404.200000,80.284000,15.656900,73,-1,tree
lt_gallowscourtyard_n,28,183.400000,38.798800,15.000000,34,-1,tree
lt_gallowscourtyard_n,29,113.000000,14.727800,14.727900,12,-1,tree
lt_gallowscourtyard_n,30,312.600000,72.153800,17.242600,57,-1,tree
lt_gallowscourtyard_n,31,1148.200000,340.142000,16.142100,337,-1,tree
lt_gallowscourtyard_n,32,1206.400000,393.041400,17.142100,387,-1,tree
lt_gallowscourtyard_n,33,1284.600000,427.041400,18.656900,421,-1,tree
lt_gallowscourtyard_n,34,152.400000,27.485200,18.656900,26,-1,tree
lt_gallowscourtyard_n,35,654.000000,189.384600,17.970600,185,-1,tree
lt_gallowscourtyard_n,36,185.800000,38.142000,18.000000,35,-1,tree
lt_gallowscourtyard_n,37,212.400000,41.970400,17.485300,38,-1,tree
lt_gallowscourtyard_n,38,217.000000,46.798800,17.485300,42,-1,tree
lt_gallowscourtyard_n,39,148.400000,34.142000,19.656900,31,-1,tree
lt_gallowscourtyard_n,40,1389.400000,456.041400,20.727900,450,-1,tree
lt_gallowscourtyard_n,41,228.400000,51.769200,23.727900,42,-1,tree
lt_gallowscourtyard_n,42,439.400000,115.053200,20.242600,97,-1,tree
lt_gallowscourtyard_n,43,772.200000,236.325400,23.414200,222,-1,tree
lt_gallowscourtyard_n,44,626.000000,192.698200,21.828400,185,-1,tree
lt_gallowscourtyard_n,45,446.600000,107.840200,23.556300,96,-1,tree
lt_gallowscourtyard_n,46,633.000000,176.869800,23.556300,170,-1,tree
lt_gallowscourtyard_n,47,487.800000,128.639000,22.899500,111,-1,tree
lt_gallowscourtyard_n,48,247.600000,44.213000,22.071100,39,-1,tree
lt_gallowscourtyard_n,49,1382.600000,439.970400,21.142100,436,-1,tree
lt_gallowscourtyard_n,50,539.400000,147.437800,24.142100,124,-1,tree
lt_gallowscourtyard_n,51,509.000000,126.579800,24.071100,99,-1,tree
lt_gallowscourtyard_n,52,650.200000,178.183400,24.828400,168,-1,tree
lt_gallowscourtyard_n,53,425.000000,115.739600,27.656900,101,-1,tree
lt_gallowscourtyard_n,54,211.400000,44.698200,25.384800,37,-1,tree
lt_gallowscourtyard_n,55,715.400000,215.911200,26.414200,202,-1,tree
lt_gallowscourtyard_n,56,335.800000,97.739600,27.455800,83,-1,tree
lt_gallowscourtyard_n,57,852.600000,42.071000,24.313700,41,-1,tree
lt_gallowscourtyard_n,58,392.400000,66.384600,27.899500,62,-1,tree
lt_gallowscourtyard_n,59,218.400000,36.727800,27.899500,34,-1,tree
lt_gallowscourtyard_n,60,210.400000,38.384600,28.727900,34,-1,tree
lt_gallowscourtyard_n,61,197.800000,33.899400,29.899500,32,-1,tree
lt_gallowscourtyard_n,62,260.200000,45.313600,28.485300,43,-1,tree
lt_gallowscourtyard_n,63,867.000000,173.680400,30.242600,149,-1,tree
lt_gallowscourtyard_n,64,215.600000,57.556200,31.071100,54,-1,tree
lt_gallowscourtyard_n,65,359.000000,93.011800,29.313700,82,-1,tree
lt_gallowscourtyard_n,66,154.600000,34.242600,29.414200,34,-1,tree
lt_gallowscourtyard_n,67,205.800000,55.142000,31.828400,52,-1,tree
lt_gallowscourtyard_n,68,1217.600000,399.142000,29.142100,396,-1,tree
lt_gallowscourtyard_n,69,269.400000,59.254400,28.384800,47,-1,tree
lt_gallowscourtyard_n,70,363.400000,82.112400,35.242600,74,-1,tree
lt_gallowscourtyard_n,71,213.400000,41.656800,32.828400,41,-1,tree
lt_gallowscourtyard_n,72,512.400000,142.710000,33.656900,123,-1,tree
lt_gallowscourtyard_n,73,393.400000,101.881600,32.828400,83,-1,tree
lt_gallowscourtyard_n,74,269.800000,66.355000,32.455800,57,-1,tree
lt_gallowscourtyard_n,75,711.800000,211.982200,34.828400,196,-1,tree
lt_gallowscourtyard_n,76,466.200000,135.224800,35.828400,118,-1,tree
lt_gallowscourtyard_n,77,1467.000000,440.798800,34.656900,436,-1,tree
lt_gallowscourtyard_n,78,304.000000,53.798800,33.556300,49,-1,tree
lt_gallowscourtyard_n,79,362.200000,81.698200,33.414200,74,-1,tree
lt_gallowscourtyard_n,80,215.800000,54.041400,39.556300,48,-1,tree
lt_gallowscourtyard_n,81,499.800000,129.254400,39.698500,117,-1,tree
lt_gallowscourtyard_n,82,581.400000,160.781000,37.284300,139,-1,tree
lt_gallowscourtyard_n,83,243.000000,53.313600,38.000000,51,-1,tree
lt_gallowscourtyard_n,84,271.800000,53.071000,39.414200,52,-1,tree
lt_gallowscourtyard_n,85,831.600000,264.668600,38.384800,252,-1,tree
lt_gallowscourtyard_n,86,851.600000,271.597600,36.142100,261,-1,tree
lt_gallowscourtyard_n,87,563.000000,159.384600,39.242600,155,-1,tree
lt_gallowscourtyard_n,88,232.600000,63.627200,38.213200,58,-1,tree
lt_gallowscourtyard_n,89,435.400000,105.869800,38.799000,99,-1,tree
lt_gallowscourtyard_n,90,186.200000,49.899400,43.899500,48,-1,tree
lt_gallowscourtyard_n,91,440.800000,116.627200,43.598000,111,-1,tree
lt_gallowscourtyard_n,92,293.800000,65.455600,43.313700,59,-1,tree
lt_gallowscourtyard_n,93,757.600000,232.668600,41.698500,220,-1,tree
lt_gallowscourtyard_n,94,663.200000,206.325400,42.384800,192,-1,tree
lt_gallowscourtyard_n,95,626.000000,201.597600,43.598000,191,-1,tree
lt_gallowscourtyard_n,96,500.400000,132.254400,41.284300,120,-1,tree
lt_gallowscourtyard_n,97,553.800000,148.810600,43.455800,132,-1,tree
lt_gallowscourtyard_n,98,850.600000,249.071000,43.071100,248,-1,tree
lt_gallowscourtyard_n,99,195.400000,44.000000,40.000000,45,-1,tree
lt_gallowscourtyard_n,100,745.200000,200.426000,47.213200,189,-1,tree
lt_gallowscourtyard_n,101,961.000000,292.627200,45.556300,287,-1,tree
lt_gallowscourtyard_n,102,865.000000,270.982200,44.799000,255,-1,tree
lt_gallowscourtyard_n,103,509.600000,131.597600,47.012200,121,-1,tree
lt_gallowscourtyard_n,104,863.800000,275.982200,47.899500,260,-1,tree
lt_gallowscourtyard_n,105,511.600000,138.668600,46.870100,126,-1,tree
lt_gallowscourtyard_n,106,643.000000,181.325400,47.769600,167,-1,tree
lt_gallowscourtyard_n,107,337.000000,73.041400,45.000000,67,-1,tree
lt_gallowscourtyard_n,108,528.800000,129.011800,44.284300,118,-1,tree
lt_gallowscourtyard_n,109,272.200000,70.284000,47.899500,63,-1,tree
lt_gallowscourtyard_n,110,764.400000,252.142000,48.142100,249,-1,tree
lt_gallowscourtyard_n,111,1536.000000,435.798800,48.970600,431,-1,tree
lt_gallowscourtyard_n,112,286.200000,79.082800,49.627400,66,-1,tree
lt_gallowscourtyard_n,113,510.200000,163.284000,49.284300,156,-1,tree
lt_gallowscourtyard_n,114,456.200000,108.254400,49.142100,96,-1,tree
lt_gallowscourtyard_n,115,982.400000,240.881600,50.071100,222,-1,tree
lt_gallowscourtyard_n,116,281.800000,69.627200,48.313700,64,-1,tree
lt_gallowscourtyard_n,117,749.200000,221.053200,50.142100,203,-1,tree
lt_gallowscourtyard_n,118,326.000000,67.656800,50.000000,67,-1,tree
lt_gallowscourtyard_n,119,587.400000,155.224800,49.142100,138,-1,tree
lt_gallowscourtyard_n,120,865.000000,272.639000,53.970600,255,-1,tree
lt_gallowscourtyard_n,121,695.600000,204.940800,52.414200,196,-1,tree
lt_gallowscourtyard_n,122,753.200000,240.396400,54.112700,224,-1,tree
lt_gallowscourtyard_n,123,421.200000,113.213000,52.526900,108,-1,tree
lt_gallowscourtyard_n,124,1048.200000,229.840200,52.325900,218,-1,tree
lt_gallowscourtyard_n,125,412.600000,100.739600,55.041600,86,-1,tree
lt_gallowscourtyard_n,126,934.800000,245.384600,52.071100,241,-1,tree
lt_gallowscourtyard_n,127,789.600000,248.124200,54.242600,228,-1,tree
lt_gallowscourtyard_n,128,243.600000,69.727800,52.414200,67,-1,tree
lt_gallowscourtyard_n,129,638.200000,174.940800,55.627400,166,-1,tree
lt_gallowscourtyard_n,130,223.200000,68.485200,58.485300,67,-1,tree
lt_gallowscourtyard_n,131,328.000000,82.769200,59.455800,73,-1,tree
lt_gallowscourtyard_n,132,710.400000,203.881600,59.556300,185,-1,tree
lt_gallowscourtyard_n,133,299.400000,76.041400,56.485300,70,-1,tree
lt_gallowscourtyard_n,134,1602.600000,483.769200,56.941100,474,-1,tree
lt_gallowscourtyard_n,135,277.000000,65.739600,58.325900,51,-1,tree
lt_gallowscourtyard_n,136,1273.000000,402.041400,59.556300,396,-1,tree
lt_gallowscourtyard_n,137,350.200000,69.627200,59.142100,64,-1,tree
lt_gallowscourtyard_n,138,829.000000,252.153800,56.254800,237,-1,tree
lt_gallowscourtyard_n,139,945.600000,290.769200,57.455800,281,-1,tree
lt_gallowscourtyard_n,140,301.600000,66.828400,60.828400,67,-1,tree
lt_gallowscourtyard_n,141,961.600000,277.254400,62.526900,265,-1,tree
lt_gallowscourtyard_n,142,574.200000,156.597600,63.384800,146,-1,tree
lt_gallowscourtyard_n,143,746.200000,233.467400,63.669000,215,-1,tree
lt_gallowscourtyard_n,144,738.400000,212.952600,60.384800,192,-1,tree
lt_gallowscourtyard_n,145,836.000000,230.325400,63.740100,216,-1,tree
lt_gallowscourtyard_n,146,838.200000,241.698200,63.899500,234,-1,tree
lt_gallowscourtyard_n,147,564.600000,150.213000,60.071100,145,-1,tree
lt_gallowscourtyard_n,148,394.800000,82.668600,62.669000,70,-1,tree
lt_gallowscourtyard_n,149,632.200000,189.639000,62.526900,172,-1,tree
lt_gallowscourtyard_n,150,327.400000,79.112400,66.627400,71,-1,tree
lt_gallowscourtyard_n,151,716.000000,214.781000,65.870100,193,-1,tree
lt_gallowscourtyard_n,152,610.600000,163.668600,65.384800,151,-1,tree
lt_gallowscourtyard_n,153,698.000000,232.384600,67.556300,228,-1,tree
lt_gallowscourtyard_n,154,359.000000,75.798800,65.799000,71,-1,tree
lt_gallowscourtyard_n,155,719.600000,218.881600,66.639600,200,-1,tree
lt_gallowscourtyard_n,156,631.200000,161.396400,64.384800,145,-1,tree
lt_gallowscourtyard_n,157,644.000000,170.970400,66.142100,167,-1,tree
lt_gallowscourtyard_n,158,772.800000,218.911200,66.041600,205,-1,tree
lt_gallowscourtyard_n,159,1063.800000,300.568000,67.840600,285,-1,tree
lt_gallowscourtyard_n,160,985.800000,303.082800,69.769600,290,-1,tree
lt_gallowscourtyard_n,161,403.400000,125.384600,70.899500,121,-1,tree
lt_gallowscourtyard_n,162,601.800000,159.041400,69.970600,153,-1,tree
lt_gallowscourtyard_n,163,311.400000,71.982200,71.982800,56,-1,tree
lt_gallowscourtyard_n,164,658.000000,217.195200,68.769600,195,-1,tree
lt_gallowscourtyard_n,165,975.400000,257.840200,71.740100,246,-1,tree
lt_gallowscourtyard_n,166,976.000000,294.467400,69.941100,276,-1,tree
lt_gallowscourtyard_n,167,821.800000,233.982200,68.325900,218,-1,tree
lt_gallowscourtyard_n,168,760.600000,209.668600,71.485300,197,-1,tree
lt_gallowscourtyard_n,169,417.200000,86.627200,68.485300,81,-1,tree
lt_gallowscourtyard_n,170,390.600000,90.313600,75.142100,88,-1,tree
lt_gallowscourtyard_n,171,918.600000,282.568000,72.870100,267,-1,tree
lt_gallowscourtyard_n,172,398.200000,91.455600,72.142100,85,-1,tree
lt_gallowscourtyard_n,173,780.400000,228.467400,73.355300,210,-1,tree
lt_gallowscourtyard_n,174,499.600000,149.698200,74.526900,142,-1,tree
lt_gallowscourtyard_n,175,351.200000,86.313600,72.656900,84,-1,tree
lt_gallowscourtyard_n,176,437.600000,139.284000,72.799000,132,-1,tree
lt_gallowscourtyard_n,177,338.400000,79.242600,73.242600,79,-1,tree
lt_gallowscourtyard_n,178,984.400000,292.538400,74.213200,272,-1,tree
lt_gallowscourtyard_n,179,300.200000,95.727800,75.727900,93,-1,tree
lt_gallowscourtyard_n,180,1179.600000,224.224800,77.313700,207,-1,tree
lt_gallowscourtyard_n,181,541.400000,175.739600,79.455800,161,-1,tree
lt_gallowscourtyard_n,182,524.600000,176.284000,78.284300,169,-1,tree
lt_gallowscourtyard_n,183,342.600000,78.798800,78.799000,74,-1,tree
lt_gallowscourtyard_n,184,542.400000,124.213000,76.556300,119,-1,tree
lt_gallowscourtyard_n,185,373.600000,115.183400,76.899500,105,-1,tree
lt_gallowscourtyard_n,186,459.600000,113.840200,79.213200,102,-1,tree
lt_gallowscourtyard_n,187,450.400000,108.254400,79.041600,96,-1,tree
lt_gallowscourtyard_n,188,491.600000,121.769200,77.769600,112,-1,tree
lt_gallowscourtyard_n,189,892.800000,293.769200,78.355300,284,-1,tree
lt_gallowscourtyard_n,190,830.400000,238.355000,82.012200,229,-1,tree
lt_gallowscourtyard_n,191,575.200000,157.769200,83.769600,148,-1,tree
lt_gallowscourtyard_n,192,789.800000,221.840200,83.656900,210,-1,tree
lt_gallowscourtyard_n,193,797.200000,277.698200,83.698500,270,-1,tree
lt_gallowscourtyard_n,194,268.600000,86.242600,82.242600,86,-1,tree
lt_gallowscourtyard_n,195,740.000000,245.698200,81.698500,238,-1,tree
lt_gallowscourtyard_n,196,1386.800000,365.970400,83.627400,362,-1,tree
lt_gallowscourtyard_n,197,702.800000,231.396400,81.397000,215,-1,tree
lt_gallowscourtyard_n,198,865.600000,250.408200,82.627400,222,-1,tree
lt_gallowscourtyard_n,199,608.800000,168.568000,80.568500,153,-1,tree
lt_gallowscourtyard_n,200,801.600000,227.881600,85.941100,209,-1,tree
lt_gallowscourtyard_n,201,333.800000,103.556200,85.556300,100,-1,tree
lt_gallowscourtyard_n,202,505.400000,171.911200,87.911700,158,-1,tree
lt_gallowscourtyard_n,203,409.400000,95.071000,85.414200,94,-1,tree
lt_gallowscourtyard_n,204,406.800000,89.213000,87.213200,84,-1,tree
lt_gallowscourtyard_n,205,447.000000,107.970400,85.485300,104,-1,tree
lt_gallowscourtyard_n,206,903.400000,259.355000,84.568500,250,-1,tree
lt_gallowscourtyard_n,207,389.600000,90.142000,86.142100,87,-1,tree
lt_gallowscourtyard_n,208,342.200000,106.970400,86.727900,103,-1,tree
lt_gallowscourtyard_n,209,795.200000,176.082800,87.254800,163,-1,tree
lt_gallowscourtyard_n,210,296.200000,103.485200,89.828400,102,-1,tree
lt_gallowscourtyard_n,211,617.200000,159.739600,91.313700,145,-1,tree
lt_gallowscourtyard_n,212,253.000000,89.414200,89.414200,90,-1,tree
lt_gallowscourtyard_n,213,1086.200000,238.869800,90.870100,232,-1,tree
lt_gallowscourtyard_n,214,345.000000,109.526600,90.213200,101,-1,tree
lt_gallowscourtyard_n,215,826.800000,227.739600,89.556300,213,-1,tree
lt_gallowscourtyard_n,216,542.400000,144.153800,90.556300,129,-1,tree
lt_gallowscourtyard_n,217,847.000000,261.337200,88.568500,235,-1,tree
lt_gallowscourtyard_n,218,290.600000,101.899400,91.899500,100,-1,tree
lt_gallowscourtyard_n,219,879.600000,246.467400,89.296500,228,-1,tree
lt_gallowscourtyard_n,220,868.200000,277.254400,95.397000,265,-1,tree
lt_gallowscourtyard_n,221,417.400000,98.071000,94.071100,97,-1,tree
lt_gallowscourtyard_n,222,785.200000,237.982200,92.183800,222,-1,tree
lt_gallowscourtyard_n,223,305.600000,110.668600,94.526900,98,-1,tree
lt_gallowscourtyard_n,224,456.000000,145.183400,93.183800,135,-1,tree
lt_gallowscourtyard_n,225,517.400000,184.082800,94.083300,171,-1,tree
lt_gallowscourtyard_n,226,1089.400000,315.639000,92.870100,298,-1,tree
lt_gallowscourtyard_n,227,771.400000,242.751400,92.811200,216,-1,tree
lt_gallowscourtyard_n,228,401.800000,96.485200,92.485300,95,-1,tree
lt_gallowscourtyard_n,229,488.400000,107.213000,95.556300,102,-1,tree
lt_gallowscourtyard_n,230,367.200000,126.840200,99.041600,115,-1,tree
lt_gallowscourtyard_n,231,515.400000,116.153800,99.669000,101,-1,tree
lt_gallowscourtyard_n,232,642.600000,170.284000,97.598000,163,-1,tree
lt_gallowscourtyard_n,233,904.600000,259.568000,97.953300,244,-1,tree
lt_gallowscourtyard_n,234,407.000000,130.727800,97.899500,128,-1,tree
lt_gallowscourtyard_n,235,408.800000,136.940800,98.941100,128,-1,tree
lt_gallowscourtyard_n,236,828.800000,243.609400,99.911700,221,-1,tree
lt_gallowscourtyard_n,237,406.600000,97.414200,97.414200,98,-1,tree
lt_gallowscourtyard_n,238,380.600000,106.142000,98.142100,103,-1,tree
lt_gallowscourtyard_n,239,625.400000,158.568000,97.941100,143,-1,tree
lt_gallowscourtyard_n,240,877.800000,247.698200,101.698000,240,-1,tree
lt_gallowscourtyard_n,241,594.000000,173.698200,103.054000,166,-1,tree
lt_gallowscourtyard_n,242,623.200000,199.396400,100.627000,183,-1,tree
lt_gallowscourtyard_n,243,350.600000,118.041400,100.042000,112,-1,tree
lt_gallowscourtyard_n,244,415.200000,100.071000,100.071000,99,-1,tree
lt_gallowscourtyard_n,245,679.200000,180.153800,101.385000,165,-1,tree
lt_gallowscourtyard_n,246,522.200000,137.769200,103.042000,128,-1,tree
lt_gallowscourtyard_n,247,579.400000,143.568000,101.912000,128,-1,tree
lt_gallowscourtyard_n,248,511.800000,112.798800,103.142000,108,-1,tree
lt_gallowscourtyard_n,249,1087.800000,332.224800,101.841000,315,-1,tree
lt_gallowscourtyard_n,250,500.600000,174.112400,107.284000,166,-1,tree
lt_gallowscourtyard_n,251,488.200000,114.284000,106.627000,107,-1,tree
lt_gallowscourtyard_n,252,800.600000,274.112400,107.284000,266,-1,tree
lt_gallowscourtyard_n,253,919.800000,317.840200,107.841000,306,-1,tree
lt_gallowscourtyard_n,254,876.400000,319.112400,107.113000,311,-1,tree
lt_gallowscourtyard_n,255,689.400000,214.810600,104.385000,198,-1,tree
lt_gallowscourtyard_n,256,780.800000,189.295800,105.296000,170,-1,tree
lt_gallowscourtyard_n,257,519.200000,129.668600,107.669000,117,-1,tree
lt_gallowscourtyard_n,258,938.600000,265.153800,104.125000,250,-1,tree
lt_gallowscourtyard_n,259,515.600000,110.698200,104.698000,103,-1,tree
lt_gallowscourtyard_n,260,613.400000,184.053200,110.054000,166,-1,tree
lt_gallowscourtyard_n,261,1255.000000,437.970400,111.971000,434,-1,tree
lt_gallowscourtyard_n,262,528.200000,180.840200,108.841000,169,-1,tree
lt_gallowscourtyard_n,263,1134.800000,322.153800,109.527000,307,-1,tree
lt_gallowscourtyard_n,264,818.800000,290.526600,108.527000,282,-1,tree
lt_gallowscourtyard_n,265,901.200000,310.011800,110.012000,299,-1,tree
lt_gallowscourtyard_n,266,853.800000,305.082800,109.083000,292,-1,tree
lt_gallowscourtyard_n,267,783.400000,206.911200,111.012000,193,-1,tree
lt_gallowscourtyard_n,268,714.600000,197.254400,109.154000,185,-1,tree
lt_gallowscourtyard_n,269,385.600000,136.656800,110.657000,136,-1,tree
lt_gallowscourtyard_n,270,345.800000,113.911200,113.912000,100,-1,tree
lt_gallowscourtyard_n,271,537.000000,136.112400,112.799000,128,-1,tree
lt_gallowscourtyard_n,272,1156.600000,262.680400,114.296000,238,-1,tree
lt_gallowscourtyard_n,273,642.200000,152.284000,112.284000,145,-1,tree
lt_gallowscourtyard_n,274,341.200000,129.627200,114.799000,124,-1,tree
lt_gallowscourtyard_n,275,1075.200000,348.568000,115.255000,333,-1,tree
lt_gallowscourtyard_n,276,923.400000,325.497000,115.941000,312,-1,tree
lt_gallowscourtyard_n,277,907.200000,329.497000,112.042000,316,-1,tree
lt_gallowscourtyard_n,278,856.000000,283.355000,115.740000,274,-1,tree
lt_gallowscourtyard_n,279,1034.200000,266.710000,113.296000,247,-1,tree
lt_gallowscourtyard_n,280,546.000000,183.497000,119.556000,170,-1,tree
lt_gallowscourtyard_n,281,486.600000,136.455600,117.142000,130,-1,tree
lt_gallowscourtyard_n,282,823.000000,291.213000,116.385000,286,-1,tree
lt_gallowscourtyard_n,283,1273.000000,282.112400,118.355000,274,-1,tree
lt_gallowscourtyard_n,284,690.200000,162.840200,116.213000,151,-1,tree
lt_gallowscourtyard_n,285,967.200000,326.881600,119.870000,308,-1,tree
lt_gallowscourtyard_n,286,740.800000,183.455600,116.627000,177,-1,tree
lt_gallowscourtyard_n,287,542.400000,135.325400,118.841000,121,-1,tree
lt_gallowscourtyard_n,288,564.600000,147.041400,117.385000,141,-1,tree
lt_gallowscourtyard_n,289,395.600000,128.526600,117.698000,120,-1,tree
lt_gallowscourtyard_n,290,324.400000,125.000000,123.000000,126,-1,tree
lt_gallowscourtyard_n,291,496.400000,149.153800,121.154000,134,-1,tree
lt_gallowscourtyard_n,292,536.200000,134.485200,122.485000,133,-1,tree
lt_gallowscourtyard_n,293,367.000000,134.485200,122.485000,133,-1,tree
lt_gallowscourtyard_n,294,683.600000,227.384600,122.899000,223,-1,tree
lt_gallowscourtyard_n,295,1242.200000,364.798800,123.971000,360,-1,tree
lt_gallowscourtyard_n,296,399.600000,141.041400,121.728000,135,-1,tree
lt_gallowscourtyard_n,297,1087.600000,321.739600,120.184000,307,-1,tree
lt_gallowscourtyard_n,298,335.600000,129.727800,123.728000,127,-1,tree
lt_gallowscourtyard_n,299,367.000000,141.556200,123.556000,138,-1,tree
lt_gallowscourtyard_n,300,375.400000,130.254400,126.255000,118,-1,tree
lt_gallowscourtyard_n,301,1076.000000,295.183400,125.368000,285,-1,tree
lt_gallowscourtyard_n,302,649.200000,171.568000,127.527000,156,-1,tree
lt_gallowscourtyard_n,303,1051.000000,289.183400,126.255000,279,-1,tree
lt_gallowscourtyard_n,304,505.800000,168.911200,124.284000,155,-1,tree
lt_gallowscourtyard_n,305,375.400000,133.627200,125.870000,128,-1,tree
lt_gallowscourtyard_n,306,1226.200000,361.183400,124.556000,351,-1,tree
lt_gallowscourtyard_n,307,358.600000,136.899400,124.899000,135,-1,tree
lt_gallowscourtyard_n,308,537.400000,124.325400,124.326000,110,-1,tree
lt_gallowscourtyard_n,309,564.600000,135.568000,124.740000,120,-1,tree
lt_gallowscourtyard_n,310,462.800000,146.627200,129.799000,141,-1,tree
lt_gallowscourtyard_n,311,594.600000,143.568000,131.569000,128,-1,tree
lt_gallowscourtyard_n,312,1015.200000,212.455600,130.740000,206,-1,tree
lt_gallowscourtyard_n,313,1110.000000,322.810600,129.497000,306,-1,tree
lt_gallowscourtyard_n,314,1151.200000,342.355000,128.355000,333,-1,tree
lt_gallowscourtyard_n,315,548.800000,197.698200,129.213000,190,-1,tree
lt_gallowscourtyard_n,316,549.400000,138.639000,130.154000,121,-1,tree
lt_gallowscourtyard_n,317,634.600000,143.041400,129.042000,137,-1,tree
lt_gallowscourtyard_n,318,593.400000,145.911200,131.426000,132,-1,tree
lt_gallowscourtyard_n,319,957.400000,278.627200,129.657000,273,-1,tree
lt_gallowscourtyard_n,320,403.000000,149.313600,135.314000,147,-1,tree
lt_gallowscourtyard_n,321,397.200000,155.970400,133.828000,152,-1,tree
lt_gallowscourtyard_n,322,901.200000,251.627200,135.627000,246,-1,tree
lt_gallowscourtyard_n,323,737.400000,180.396400,134.397000,164,-1,tree
lt_gallowscourtyard_n,324,395.600000,152.142000,132.828000,149,-1,tree
lt_gallowscourtyard_n,325,1090.400000,324.739600,133.083000,310,-1,tree
lt_gallowscourtyard_n,326,601.200000,149.313600,135.314000,147,-1,tree
lt_gallowscourtyard_n,327,695.400000,225.497000,132.426000,212,-1,tree
lt_gallowscourtyard_n,328,1015.600000,357.940800,135.941000,349,-1,tree
lt_gallowscourtyard_n,329,1068.200000,307.112400,133.113000,299,-1,tree
lt_gallowscourtyard_n,330,654.400000,165.597600,138.770000,155,-1,tree
lt_gallowscourtyard_n,331,1088.200000,307.597600,138.284000,297,-1,tree
lt_gallowscourtyard_n,332,919.600000,266.384600,136.728000,262,-1,tree
lt_gallowscourtyard_n,333,665.800000,142.455600,138.213000,136,-1,tree
lt_gallowscourtyard_n,334,1390.800000,407.213000,139.899000,402,-1,tree
lt_gallowscourtyard_n,335,800.600000,210.455600,139.811000,204,-1,tree
lt_gallowscourtyard_n,336,535.800000,190.798800,137.142000,186,-1,tree
lt_gallowscourtyard_n,337,692.600000,177.355000,137.556000,168,-1,tree
lt_gallowscourtyard_n,338,994.000000,341.739600,137.698000,327,-1,tree
lt_gallowscourtyard_n,339,662.400000,149.384600,139.385000,145,-1,tree
lt_gallowscourtyard_n,340,466.400000,179.769200,141.870000,170,-1,tree
lt_gallowscourtyard_n,341,362.600000,145.414200,143.414000,146,-1,tree
lt_gallowscourtyard_n,342,601.800000,148.698200,143.870000,141,-1,tree
lt_gallowscourtyard_n,343,1215.000000,371.396400,140.426000,355,-1,tree
lt_gallowscourtyard_n,344,1112.200000,322.556200,141.728000,319,-1,tree
lt_gallowscourtyard_n,345,1227.600000,375.254400,141.941000,363,-1,tree
lt_gallowscourtyard_n,346,1153.800000,341.810600,140.598000,325,-1,tree
lt_gallowscourtyard_n,347,610.600000,153.798800,141.314000,149,-1,tree
lt_gallowscourtyard_n,348,390.000000,155.313600,142.000000,153,-1,tree
lt_gallowscourtyard_n,349,421.000000,159.254400,140.426000,147,-1,tree
lt_gallowscourtyard_n,350,1284.200000,373.639000,144.083000,356,-1,tree
lt_gallowscourtyard_n,351,443.200000,164.727800,144.142000,162,-1,tree
lt_gallowscourtyard_n,352,432.600000,164.455600,144.456000,158,-1,tree
lt_gallowscourtyard_n,353,681.400000,235.426000,147.426000,224,-1,tree
lt_gallowscourtyard_n,354,477.800000,169.426000,146.113000,158,-1,tree
lt_gallowscourtyard_n,355,421.400000,167.899400,147.899000,166,-1,tree
lt_gallowscourtyard_n,356,581.600000,212.698200,147.870000,205,-1,tree
lt_gallowscourtyard_n,357,992.600000,360.698200,147.870000,353,-1,tree
lt_gallowscourtyard_n,358,438.600000,147.810600,147.811000,131,-1,tree
lt_gallowscourtyard_n,359,655.400000,162.727800,147.556000,160,-1,tree
lt_gallowscourtyard_n,360,1064.000000,302.556200,148.899000,299,-1,tree
lt_gallowscourtyard_n,361,981.600000,341.568000,148.841000,326,-1,tree
lt_gallowscourtyard_n,362,713.400000,180.284000,151.799000,173,-1,tree
lt_gallowscourtyard_n,363,854.000000,313.940800,151.941000,305,-1,tree
lt_gallowscourtyard_n,364,904.800000,255.384600,149.385000,251,-1,tree
lt_gallowscourtyard_n,365,440.000000,173.384600,151.385000,169,-1,tree
lt_gallowscourtyard_n,366,771.800000,197.224800,149.184000,180,-1,tree
lt_gallowscourtyard_n,367,395.600000,155.112400,149.113000,147,-1,tree
lt_gallowscourtyard_n,368,741.200000,183.313600,151.314000,181,-1,tree
lt_gallowscourtyard_n,369,412.600000,160.656800,151.828000,160,-1,tree
lt_gallowscourtyard_n,370,596.200000,218.041400,154.527000,212,-1,tree
lt_gallowscourtyard_n,371,1104.800000,322.556200,152.899000,319,-1,tree
lt_gallowscourtyard_n,372,1103.400000,381.568000,152.598000,366,-1,tree
lt_gallowscourtyard_n,373,650.600000,219.396400,153.799000,203,-1,tree
lt_gallowscourtyard_n,374,622.200000,154.668600,154.669000,142,-1,tree
lt_gallowscourtyard_n,375,1093.200000,372.497000,155.669000,359,-1,tree
lt_gallowscourtyard_n,376,471.800000,182.556200,154.556000,179,-1,tree
lt_gallowscourtyard_n,377,1224.600000,364.224800,153.255000,347,-1,tree
lt_gallowscourtyard_n,378,838.000000,237.627200,154.456000,232,-1,tree
lt_gallowscourtyard_n,379,958.000000,326.355000,153.083000,317,-1,tree
lt_gallowscourtyard_n,380,752.400000,200.940800,159.728000,192,-1,tree
lt_gallowscourtyard_n,381,887.200000,227.970400,159.485000,224,-1,tree
lt_gallowscourtyard_n,382,742.000000,205.982200,157.255000,190,-1,tree
lt_gallowscourtyard_n,383,639.000000,235.313600,159.314000,233,-1,tree
lt_gallowscourtyard_n,384,814.600000,295.869800,157.728000,289,-1,tree
lt_gallowscourtyard_n,385,899.400000,331.698200,159.698000,324,-1,tree
lt_gallowscourtyard_n,386,930.400000,251.911200,158.012000,238,-1,tree
lt_gallowscourtyard_n,387,586.800000,225.627200,158.799000,220,-1,tree
lt_gallowscourtyard_n,388,1235.000000,376.538400,157.284000,356,-1,tree
lt_gallowscourtyard_n,389,633.000000,223.041400,156.456000,217,-1,tree
lt_gallowscourtyard_n,390,554.000000,198.668600,161.213000,186,-1,tree
lt_gallowscourtyard_n,391,794.600000,209.840200,162.971000,198,-1,tree
lt_gallowscourtyard_n,392,420.400000,174.071000,162.414000,173,-1,tree
lt_gallowscourtyard_n,393,1015.200000,382.384600,163.899000,378,-1,tree
lt_gallowscourtyard_n,394,797.600000,194.485200,160.485000,193,-1,tree
lt_gallowscourtyard_n,395,887.200000,240.698200,162.213000,233,-1,tree
lt_gallowscourtyard_n,396,961.200000,260.384600,163.071000,256,-1,tree
lt_gallowscourtyard_n,397,535.200000,190.840200,161.426000,179,-1,tree
lt_gallowscourtyard_n,398,1115.000000,392.284000,161.456000,385,-1,tree
lt_gallowscourtyard_n,399,684.800000,250.041400,160.971000,244,-1,tree
lt_gallowscourtyard_n,400,1057.400000,377.195200,164.326000,355,-1,tree
lt_gallowscourtyard_n,401,971.400000,361.970400,167.142000,358,-1,tree
lt_gallowscourtyard_n,402,779.200000,215.497000,167.456000,202,-1,tree
lt_gallowscourtyard_n,403,763.400000,265.467400,165.326000,247,-1,tree
lt_gallowscourtyard_n,404,774.000000,212.011800,165.971000,201,-1,tree
lt_gallowscourtyard_n,405,1103.200000,400.769200,167.456000,391,-1,tree
lt_gallowscourtyard_n,406,904.400000,329.112400,164.184000,321,-1,tree
lt_gallowscourtyard_n,407,1148.200000,397.426000,167.527000,386,-1,tree
lt_gallowscourtyard_n,408,965.000000,270.970400,164.971000,267,-1,tree
lt_gallowscourtyard_n,409,1329.600000,398.254400,165.870000,386,-1,tree
lt_gallowscourtyard_n,410,1271.800000,368.467400,169.355000,350,-1,tree
lt_gallowscourtyard_n,411,1032.600000,297.627200,169.627000,292,-1,tree
lt_gallowscourtyard_n,412,513.200000,199.840200,170.042000,188,-1,tree
lt_gallowscourtyard_n,413,1202.200000,365.810600,170.012000,349,-1,tree
lt_gallowscourtyard_n,414,808.800000,201.739600,171.355000,187,-1,tree
lt_gallowscourtyard_n,415,452.200000,176.627200,168.627000,171,-1,tree
lt_gallowscourtyard_n,416,448.600000,179.556200,169.556000,176,-1,tree
lt_gallowscourtyard_n,417,902.200000,329.597600,171.255000,319,-1,tree
lt_gallowscourtyard_n,418,794.000000,195.426000,169.426000,184,-1,tree
lt_gallowscourtyard_n,419,1250.400000,358.112400,171.284000,350,-1,tree
lt_gallowscourtyard_n,420,1355.200000,403.497000,172.385000,390,-1,tree
lt_gallowscourtyard_n,421,1269.600000,353.355000,175.640000,344,-1,tree
lt_gallowscourtyard_n,422,1292.400000,377.295800,172.083000,358,-1,tree
lt_gallowscourtyard_n,423,1270.400000,359.497000,175.598000,346,-1,tree
lt_gallowscourtyard_n,424,1008.600000,366.153800,173.669000,351,-1,tree
lt_gallowscourtyard_n,425,704.000000,245.597600,175.255000,235,-1,tree
lt_gallowscourtyard_n,426,1360.800000,400.639000,172.941000,383,-1,tree
lt_gallowscourtyard_n,427,974.600000,264.183400,175.255000,254,-1,tree
lt_gallowscourtyard_n,428,867.000000,317.455600,173.456000,311,-1,tree
lt_gallowscourtyard_n,429,998.000000,269.455600,172.828000,263,-1,tree
lt_gallowscourtyard_n,430,1212.400000,353.426000,177.953000,342,-1,tree
lt_gallowscourtyard_n,431,1170.400000,398.195200,178.598000,376,-1,tree
lt_gallowscourtyard_n,432,629.800000,225.224800,178.355000,208,-1,tree
lt_gallowscourtyard_n,433,1271.000000,362.556200,177.728000,359,-1,tree
lt_gallowscourtyard_n,434,663.800000,240.597600,179.326000,230,-1,tree
lt_gallowscourtyard_n,435,770.000000,199.899400,179.899000,198,-1,tree
lt_gallowscourtyard_n,436,710.200000,177.656800,177.657000,177,-1,tree
lt_gallowscourtyard_n,437,611.800000,240.011800,178.841000,229,-1,tree
lt_gallowscourtyard_n,438,746.400000,186.485200,176.485000,185,-1,tree
lt_gallowscourtyard_n,439,494.600000,197.313600,179.314000,195,-1,tree
lt_gallowscourtyard_n,440,1012.400000,270.112400,181.485000,262,-1,tree
lt_gallowscourtyard_n,441,773.200000,182.869800,180.870000,176,-1,tree
lt_gallowscourtyard_n,442,619.000000,219.355000,181.355000,210,-1,tree
lt_gallowscourtyard_n,443,680.600000,243.710000,181.527000,224,-1,tree
lt_gallowscourtyard_n,444,1045.000000,281.254400,182.527000,269,-1,tree
lt_gallowscourtyard_n,445,1157.000000,401.810600,180.841000,385,-1,tree
lt_gallowscourtyard_n,446,1367.800000,392.911200,180.284000,379,-1,tree
lt_gallowscourtyard_n,447,758.000000,193.727800,180.899000,191,-1,tree
lt_gallowscourtyard_n,448,936.000000,346.153800,182.397000,331,-1,tree
lt_gallowscourtyard_n,449,685.400000,259.142000,180.314000,256,-1,tree
lt_gallowscourtyard_n,450,1081.400000,385.325400,187.326000,371,-1,tree
lt_gallowscourtyard_n,451,578.600000,212.112400,186.113000,204,-1,tree
lt_gallowscourtyard_n,452,993.200000,276.284000,187.657000,269,-1,tree
lt_gallowscourtyard_n,453,510.400000,209.556200,187.556000,206,-1,tree
lt_gallowscourtyard_n,454,721.400000,251.526600,185.326000,243,-1,tree
lt_gallowscourtyard_n,455,1015.200000,261.597600,184.770000,251,-1,tree
lt_gallowscourtyard_n,456,736.200000,279.698200,187.314000,272,-1,tree
lt_gallowscourtyard_n,457,719.800000,263.153800,187.983000,248,-1,tree
lt_gallowscourtyard_n,458,820.000000,215.840200,185.456000,204,-1,tree
lt_gallowscourtyard_n,459,648.400000,232.124200,187.598000,212,-1,tree
lt_gallowscourtyard_n,460,527.800000,206.384600,189.899000,202,-1,tree
lt_gallowscourtyard_n,461,867.000000,221.769200,189.770000,212,-1,tree
lt_gallowscourtyard_n,462,1273.200000,421.396400,188.083000,405,-1,tree
lt_gallowscourtyard_n,463,844.000000,288.153800,188.841000,273,-1,tree
lt_gallowscourtyard_n,464,810.600000,195.798800,191.799000,191,-1,tree
lt_gallowscourtyard_n,465,1087.200000,310.940800,188.941000,302,-1,tree
lt_gallowscourtyard_n,466,785.000000,298.869800,189.698000,292,-1,tree
lt_gallowscourtyard_n,467,1329.000000,368.325400,189.296000,354,-1,tree
lt_gallowscourtyard_n,468,926.600000,234.053200,188.841000,216,-1,tree
lt_gallowscourtyard_n,469,629.600000,251.698200,190.284000,244,-1,tree
lt_gallowscourtyard_n,470,1049.600000,282.810600,194.225000,266,-1,tree
lt_gallowscourtyard_n,471,1137.000000,301.142000,194.314000,298,-1,tree
lt_gallowscourtyard_n,472,1394.600000,386.366800,192.225000,365,-1,tree
lt_gallowscourtyard_n,473,1233.600000,362.940800,193.125000,354,-1,tree
lt_gallowscourtyard_n,474,1189.200000,336.254400,194.255000,324,-1,tree
lt_gallowscourtyard_n,475,652.800000,257.698200,194.870000,250,-1,tree
lt_gallowscourtyard_n,476,828.400000,287.124200,192.397000,267,-1,tree
lt_gallowscourtyard_n,477,1037.600000,366.526600,194.225000,358,-1,tree
lt_gallowscourtyard_n,478,1201.000000,333.556200,192.485000,330,-1,tree
lt_gallowscourtyard_n,479,747.800000,284.769200,194.870000,275,-1,tree
lt_gallowscourtyard_n,480,1046.000000,283.627200,197.627000,278,-1,tree
lt_gallowscourtyard_n,481,957.600000,255.384600,197.385000,251,-1,tree
lt_gallowscourtyard_n,482,678.200000,253.112400,196.485000,245,-1,tree
lt_gallowscourtyard_n,483,810.400000,267.455600,196.811000,261,-1,tree
lt_gallowscourtyard_n,484,801.400000,301.556200,197.899000,298,-1,tree
lt_gallowscourtyard_n,485,526.400000,211.485200,198.657000,210,-1,tree
lt_gallowscourtyard_n,486,796.800000,287.739600,198.912000,273,-1,tree
lt_gallowscourtyard_n,487,1355.000000,390.568000,197.255000,375,-1,tree
lt_gallowscourtyard_n,488,680.400000,267.313600,197.314000,265,-1,tree
lt_gallowscourtyard_n,489,827.200000,275.041400,198.740000,269,-1,tree
lt_gallowscourtyard_n,490,1281.600000,374.526600,201.640000,366,-1,tree
lt_gallowscourtyard_n,491,1080.000000,270.366800,202.284000,249,-1,tree
lt_gallowscourtyard_n,492,1244.400000,342.698200,200.556000,335,-1,tree
lt_gallowscourtyard_n,493,1253.000000,345.526600,201.527000,337,-1,tree
lt_gallowscourtyard_n,494,845.400000,218.556200,200.899000,215,-1,tree
lt_gallowscourtyard_n,495,1200.000000,402.295800,201.326000,383,-1,tree
lt_gallowscourtyard_n,496,1169.400000,421.538400,201.456000,401,-1,tree
lt_gallowscourtyard_n,497,826.200000,295.639000,202.569000,278,-1,tree
lt_gallowscourtyard_n,498,887.000000,333.526600,201.527000,325,-1,tree
lt_gallowscourtyard_n,499,557.600000,223.970400,201.485000,220,-1,tree
lt_gallowscourtyard_n,500,856.600000,209.970400,204.314000,206,-1,tree
lt_gallowscourtyard_n,501,682.000000,274.384600,204.385000,270,-1,tree
lt_gallowscourtyard_n,502,777.200000,278.011800,206.782000,267,-1,tree
lt_gallowscourtyard_n,503,936.200000,232.769200,207.941000,223,-1,tree
lt_gallowscourtyard_n,504,821.200000,312.313600,205.485000,310,-1,tree
lt_gallowscourtyard_n,505,7537.000000,300.881600,204.497000,282,-1,tree
lt_gallowscourtyard_n,506,1075.200000,282.071000,204.071000,281,-1,tree
lt_gallowscourtyard_n,507,822.200000,325.384600,205.243000,321,-1,tree
lt_gallowscourtyard_n,508,1398.400000,379.355000,205.983000,370,-1,tree
lt_gallowscourtyard_n,509,1083.400000,277.254400,206.610000,265,-1,tree
lt_gallowscourtyard_n,510,910.800000,222.213000,209.485000,217,-1,tree
lt_gallowscourtyard_n,511,830.800000,214.556200,209.728000,211,-1,tree
lt_gallowscourtyard_n,512,563.000000,217.142000,211.485000,214,-1,tree
lt_gallowscourtyard_n,513,1070.600000,293.313600,211.314000,291,-1,tree
lt_gallowscourtyard_n,514,707.200000,286.142000,211.314000,283,-1,tree
lt_gallowscourtyard_n,515,613.600000,247.071000,211.071000,246,-1,tree
lt_gallowscourtyard_n,516,832.400000,216.656800,209.828000,216,-1,tree
lt_gallowscourtyard_n,517,955.200000,338.840200,208.841000,327,-1,tree
lt_gallowscourtyard_n,518,1022.600000,276.313600,210.314000,274,-1,tree
lt_gallowscourtyard_n,519,825.800000,305.355000,209.657000,296,-1,tree
lt_gallowscourtyard_n,520,871.000000,222.313600,214.314000,220,-1,tree
lt_gallowscourtyard_n,521,907.400000,241.384600,214.899000,237,-1,tree
lt_gallowscourtyard_n,522,874.000000,331.284000,215.385000,324,-1,tree
lt_gallowscourtyard_n,523,862.000000,221.313600,215.314000,219,-1,tree
lt_gallowscourtyard_n,524,801.000000,284.041400,213.397000,278,-1,tree
lt_gallowscourtyard_n,525,901.200000,233.556200,214.971000,230,-1,tree
lt_gallowscourtyard_n,526,1172.200000,385.153800,215.338000,370,-1,tree
lt_gallowscourtyard_n,527,736.000000,285.970400,215.971000,282,-1,tree
lt_gallowscourtyard_n,528,1475.000000,395.224800,215.267000,378,-1,tree
lt_gallowscourtyard_n,529,1324.800000,384.426000,214.610000,373,-1,tree
lt_gallowscourtyard_n,530,1034.800000,280.798800,218.799000,276,-1,tree
lt_gallowscourtyard_n,531,918.400000,232.041400,218.385000,226,-1,tree
lt_gallowscourtyard_n,532,806.600000,291.597600,218.125000,281,-1,tree
lt_gallowscourtyard_n,533,603.800000,251.627200,217.627000,246,-1,tree
lt_gallowscourtyard_n,534,1076.400000,288.254400,217.610000,276,-1,tree
lt_gallowscourtyard_n,535,1098.800000,293.254400,217.296000,281,-1,tree
lt_gallowscourtyard_n,536,521.200000,221.414200,219.414000,222,-1,tree
lt_gallowscourtyard_n,537,1134.200000,299.213000,219.213000,294,-1,tree
lt_gallowscourtyard_n,538,1343.400000,392.183400,216.569000,382,-1,tree
lt_gallowscourtyard_n,539,533.600000,223.284000,216.456000,216,-1,tree
lt_gallowscourtyard_n,540,845.400000,292.384600,221.740000,288,-1,tree
lt_gallowscourtyard_n,541,1370.000000,390.597600,220.782000,380,-1,tree
lt_gallowscourtyard_n,542,1138.800000,302.627200,223.213000,297,-1,tree
lt_gallowscourtyard_n,543,919.600000,300.254400,220.882000,288,-1,tree
lt_gallowscourtyard_n,544,797.000000,305.041400,221.042000,299,-1,tree
lt_gallowscourtyard_n,545,641.200000,263.798800,223.799000,259,-1,tree
lt_gallowscourtyard_n,546,1162.600000,313.041400,223.385000,307,-1,tree
lt_gallowscourtyard_n,547,1369.000000,393.526600,221.225000,385,-1,tree
lt_gallowscourtyard_n,548,1127.600000,309.869800,220.799000,303,-1,tree
lt_gallowscourtyard_n,549,705.600000,279.727800,223.728000,277,-1,tree
lt_gallowscourtyard_n,550,1150.800000,315.970400,225.971000,312,-1,tree
lt_gallowscourtyard_n,551,998.200000,245.284000,227.870000,238,-1,tree
lt_gallowscourtyard_n,552,958.600000,251.869800,227.243000,245,-1,tree
lt_gallowscourtyard_n,553,896.800000,235.485200,226.314000,234,-1,tree
lt_gallowscourtyard_n,554,871.800000,224.828400,224.828000,225,-1,tree
lt_gallowscourtyard_n,555,1185.800000,397.739600,227.924000,383,-1,tree
lt_gallowscourtyard_n,556,626.000000,241.384600,224.899000,237,-1,tree
lt_gallowscourtyard_n,557,925.000000,341.112400,224.284000,333,-1,tree
lt_gallowscourtyard_n,558,918.400000,239.970400,227.243000,236,-1,tree
lt_gallowscourtyard_n,559,563.000000,227.798800,227.799000,223,-1,tree
lt_gallowscourtyard_n,560,975.200000,258.798800,230.799000,254,-1,tree
lt_gallowscourtyard_n,561,1126.000000,299.970400,228.314000,296,-1,tree
lt_gallowscourtyard_n,562,1107.400000,401.112400,229.640000,393,-1,tree
lt_gallowscourtyard_n,563,983.000000,245.698200,230.770000,238,-1,tree
lt_gallowscourtyard_n,564,846.400000,300.698200,230.054000,293,-1,tree
lt_gallowscourtyard_n,565,967.600000,256.213000,228.414000,251,-1,tree
lt_gallowscourtyard_n,566,1085.200000,290.970400,230.485000,287,-1,tree
lt_gallowscourtyard_n,567,934.800000,236.041400,231.213000,230,-1,tree
lt_gallowscourtyard_n,568,989.400000,268.142000,229.314000,265,-1,tree
lt_gallowscourtyard_n,569,560.200000,241.384600,229.385000,237,-1,tree
lt_gallowscourtyard_n,570,828.600000,320.384600,235.213000,316,-1,tree
lt_gallowscourtyard_n,571,623.600000,254.798800,234.071000,250,-1,tree
lt_gallowscourtyard_n,572,714.600000,283.556200,233.899000,280,-1,tree
lt_gallowscourtyard_n,573,589.600000,248.313600,233.142000,246,-1,tree
lt_gallowscourtyard_n,574,576.400000,243.556200,232.728000,240,-1,tree
lt_gallowscourtyard_n,575,667.800000,253.112400,232.627000,245,-1,tree
lt_gallowscourtyard_n,576,1162.600000,313.970400,235.485000,310,-1,tree
lt_gallowscourtyard_n,577,981.800000,258.455600,232.456000,252,-1,tree
lt_gallowscourtyard_n,578,995.800000,258.284000,235.314000,251,-1,tree
lt_gallowscourtyard_n,579,589.400000,244.970400,233.799000,241,-1,tree
lt_gallowscourtyard_n,580,779.000000,303.526600,239.527000,295,-1,tree
lt_gallowscourtyard_n,581,546.600000,237.899400,237.899000,236,-1,tree
lt_gallowscourtyard_n,582,678.200000,267.284000,239.284000,260,-1,tree
lt_gallowscourtyard_n,583,910.600000,237.656800,237.657000,237,-1,tree
lt_gallowscourtyard_n,584,970.400000,255.556200,237.556000,252,-1,tree
lt_gallowscourtyard_n,585,966.400000,246.828400,236.000000,247,-1,tree
lt_gallowscourtyard_n,586,590.200000,253.556200,237.899000,250,-1,tree
lt_gallowscourtyard_n,587,628.000000,259.656800,239.657000,259,-1,tree
lt_gallowscourtyard_n,588,577.400000,247.384600,236.556000,243,-1,tree
lt_gallowscourtyard_n,589,706.600000,291.970400,239.485000,288,-1,tree
lt_gallowscourtyard_n,590,555.000000,243.071000,240.243000,242,-1,tree
lt_gallowscourtyard_n,591,625.000000,261.627200,242.799000,256,-1,tree
lt_gallowscourtyard_n,592,999.400000,250.869800,242.042000,244,-1,tree
lt_gallowscourtyard_n,593,824.600000,330.627200,242.385000,325,-1,tree
lt_gallowscourtyard_n,594,932.600000,244.384600,242.385000,240,-1,tree
lt_gallowscourtyard_n,595,978.000000,256.313600,240.314000,254,-1,tree
lt_gallowscourtyard_n,596,580.800000,245.414200,241.414000,246,-1,tree
lt_gallowscourtyard_n,597,697.000000,263.455600,242.385000,257,-1,tree
lt_gallowscourtyard_n,598,1245.000000,314.627200,240.627000,309,-1,tree
lt_gallowscourtyard_n,599,937.000000,243.313600,243.314000,241,-1,tree
lt_gallowscourtyard_n,600,1162.000000,290.284000,246.284000,283,-1,tree
lt_gallowscourtyard_n,601,617.000000,254.556200,246.899000,251,-1,tree
lt_gallowscourtyard_n,602,986.800000,260.970400,244.142000,257,-1,tree
lt_gallowscourtyard_n,603,1051.400000,271.769200,245.770000,262,-1,tree
lt_gallowscourtyard_n,604,1059.400000,272.698200,246.698000,265,-1,tree
lt_gallowscourtyard_n,605,1025.200000,256.698200,247.870000,249,-1,tree
lt_gallowscourtyard_n,606,1088.000000,281.627200,247.828000,276,-1,tree
lt_gallowscourtyard_n,607,952.800000,246.899400,246.899000,245,-1,tree
lt_gallowscourtyard_n,608,610.000000,261.556200,245.556000,258,-1,tree
lt_gallowscourtyard_n,609,1025.800000,266.041400,246.042000,260,-1,tree
lt_gallowscourtyard_n,610,982.600000,258.899400,250.899000,257,-1,tree
lt_gallowscourtyard_n,611,604.000000,257.556200,251.556000,254,-1,tree
lt_gallowscourtyard_n,612,652.200000,266.355000,248.355000,257,-1,tree
lt_gallowscourtyard_n,613,839.400000,323.426000,249.426000,312,-1,tree
lt_gallowscourtyard_n,614,990.200000,266.627200,249.799000,261,-1,tree
lt_gallowscourtyard_n,615,819.400000,323.597600,251.598000,313,-1,tree
lt_gallowscourtyard_n,616,1070.200000,280.899400,248.899000,279,-1,tree
lt_gallowscourtyard_n,617,585.400000,255.213000,249.213000,250,-1,tree
lt_gallowscourtyard_n,618,993.200000,264.041400,248.042000,258,-1,tree
lt_gallowscourtyard_n,619,814.600000,317.526600,249.527000,309,-1,tree
lt_gallowscourtyard_n,620,1012.400000,270.698200,254.698000,263,-1,tree
lt_gallowscourtyard_n,621,963.800000,253.242600,253.243000,253,-1,tree
lt_gallowscourtyard_n,622,1054.600000,274.142000,252.485000,271,-1,tree
lt_gallowscourtyard_n,623,1084.200000,274.627200,254.627000,269,-1,tree
lt_gallowscourtyard_n,624,824.400000,324.355000,254.355000,315,-1,tree
lt_gallowscourtyard_n,625,1028.600000,255.627200,254.213000,250,-1,tree
lt_gallowscourtyard_n,626,1026.000000,264.384600,255.899000,260,-1,tree
lt_gallowscourtyard_n,627,614.600000,264.041400,254.042000,258,-1,tree
lt_gallowscourtyard_n,628,1017.400000,264.242600,254.243000,264,-1,tree
lt_gallowscourtyard_n,629,703.000000,297.142000,252.314000,294,-1,tree
lt_gallowscourtyard_n,630,670.000000,270.869800,258.870000,264,-1,tree
lt_gallowscourtyard_n,631,1111.600000,283.485200,259.485000,282,-1,tree
lt_gallowscourtyard_n,632,1131.000000,293.970400,257.485000,290,-1,tree
lt_gallowscourtyard_n,633,991.800000,258.313600,256.899000,256,-1,tree
lt_gallowscourtyard_n,634,630.600000,272.313600,258.314000,270,-1,tree
lt_gallowscourtyard_n,635,1057.000000,268.798800,258.799000,264,-1,tree
lt_gallowscourtyard_n,636,664.200000,264.455600,256.456000,258,-1,tree
lt_gallowscourtyard_n,637,619.400000,267.899400,259.899000,266,-1,tree
lt_gallowscourtyard_n,638,617.800000,261.869800,257.870000,255,-1,tree
lt_gallowscourtyard_n,639,588.600000,260.656800,256.657000,260,-1,tree
lt_gallowscourtyard_n,640,632.200000,272.355000,260.355000,263,-1,tree
lt_gallowscourtyard_n,641,1049.800000,268.485200,261.657000,267,-1,tree
lt_gallowscourtyard_n,642,630.000000,275.384600,260.899000,271,-1,tree
lt_gallowscourtyard_n,643,1032.800000,261.556200,261.556000,258,-1,tree
lt_gallowscourtyard_n,644,634.400000,275.485200,263.485000,274,-1,tree
lt_gallowscourtyard_n,645,1099.000000,277.698200,263.698000,270,-1,tree
lt_gallowscourtyard_n,646,1157.000000,298.112400,260.113000,290,-1,tree
lt_gallowscourtyard_n,647,638.000000,276.142000,263.314000,273,-1,tree
lt_gallowscourtyard_n,648,816.600000,317.112400,261.113000,309,-1,tree
lt_gallowscourtyard_n,649,1051.400000,270.142000,261.314000,267,-1,tree
lt_gallowscourtyard_n,650,679.200000,288.627200,266.828000,283,-1,tree
lt_gallowscourtyard_n,651,620.200000,272.727800,266.728000,270,-1,tree
lt_gallowscourtyard_n,652,1052.600000,273.656800,265.657000,273,-1,tree
lt_gallowscourtyard_n,653,1105.400000,280.213000,264.657000,275,-1,tree
lt_gallowscourtyard_n,654,646.800000,280.112400,266.113000,272,-1,tree
lt_gallowscourtyard_n,655,617.600000,271.899400,265.899000,270,-1,tree
lt_gallowscourtyard_n,656,1103.000000,285.970400,266.314000,282,-1,tree
lt_gallowscourtyard_n,657,671.000000,281.556200,265.071000,278,-1,tree
lt_gallowscourtyard_n,658,629.800000,274.313600,265.485000,272,-1,tree
lt_gallowscourtyard_n,659,1090.000000,285.384600,266.071000,281,-1,tree
lt_gallowscourtyard_n,660,1108.800000,284.869800,268.870000,278,-1,tree
lt_gallowscourtyard_n,661,1109.400000,286.798800,269.828000,282,-1,tree
lt_gallowscourtyard_n,662,634.800000,279.727800,271.728000,277,-1,tree
lt_gallowscourtyard_n,663,686.000000,289.313600,271.314000,287,-1,tree
lt_gallowscourtyard_n,664,644.800000,271.869800,269.870000,265,-1,tree
lt_gallowscourtyard_n,665,1046.200000,271.727800,268.899000,269,-1,tree
lt_gallowscourtyard_n,666,653.000000,285.142000,269.142000,282,-1,tree
lt_gallowscourtyard_n,667,1200.200000,304.355000,268.355000,295,-1,tree
lt_gallowscourtyard_n,668,1105.200000,284.041400,270.042000,278,-1,tree
lt_gallowscourtyard_n,669,1089.200000,278.727800,269.899000,276,-1,tree
lt_gallowscourtyard_n,670,699.400000,293.526600,274.698000,285,-1,tree
lt_gallowscourtyard_n,671,1113.200000,282.041400,275.113000,276,-1,tree
lt_gallowscourtyard_n,672,1149.400000,285.112400,275.113000,277,-1,tree
lt_gallowscourtyard_n,673,1074.200000,278.485200,274.485000,277,-1,tree
lt_gallowscourtyard_n,674,1188.200000,297.698200,274.870000,290,-1,tree
lt_gallowscourtyard_n,675,1069.400000,274.242600,274.243000,274,-1,tree
lt_gallowscourtyard_n,676,1060.000000,278.899400,272.071000,277,-1,tree
lt_gallowscourtyard_n,677,692.000000,284.798800,274.899000,280,-1,tree
lt_gallowscourtyard_n,678,728.600000,285.112400,275.113000,277,-1,tree
lt_gallowscourtyard_n,679,694.400000,287.455600,275.456000,281,-1,tree
lt_gallowscourtyard_n,680,1105.000000,289.727800,279.728000,287,-1,tree
lt_gallowscourtyard_n,681,1106.800000,287.313600,279.314000,285,-1,tree
lt_gallowscourtyard_n,682,1111.800000,291.142000,276.314000,288,-1,tree
lt_gallowscourtyard_n,683,690.600000,290.455600,277.627000,284,-1,tree
lt_gallowscourtyard_n,684,692.200000,287.213000,279.213000,282,-1,tree
lt_gallowscourtyard_n,685,677.200000,295.142000,278.314000,292,-1,tree
lt_gallowscourtyard_n,686,1123.000000,292.313600,276.314000,290,-1,tree
lt_gallowscourtyard_n,687,684.400000,286.698200,278.698000,279,-1,tree
lt_gallowscourtyard_n,688,680.200000,280.970400,278.971000,277,-1,tree
lt_gallowscourtyard_n,689,1127.000000,283.213000,276.284000,278,-1,tree
lt_gallowscourtyard_n,690,1151.600000,301.142000,280.314000,298,-1,tree
lt_gallowscourtyard_n,691,1129.400000,282.041400,282.042000,276,-1,tree
lt_gallowscourtyard_n,692,1078.200000,282.656800,282.657000,282,-1,tree
lt_gallowscourtyard_n,693,1164.600000,297.112400,281.113000,289,-1,tree
lt_gallowscourtyard_n,694,1118.000000,288.656800,280.657000,288,-1,tree
lt_gallowscourtyard_n,695,698.000000,298.213000,282.071000,293,-1,tree
lt_gallowscourtyard_n,696,690.000000,287.698200,280.527000,280,-1,tree
lt_gallowscourtyard_n,697,1183.000000,303.355000,281.355000,294,-1,tree
lt_gallowscourtyard_n,698,1203.400000,301.041400,283.042000,295,-1,tree
lt_gallowscourtyard_n,699,1189.800000,297.041400,280.213000,291,-1,tree
lt_gallowscourtyard_n,700,642.200000,291.071000,284.243000,290,-1,tree
lt_gallowscourtyard_n,701,696.000000,289.384600,287.385000,285,-1,tree
lt_gallowscourtyard_n,702,722.600000,306.384600,287.071000,302,-1,tree
lt_gallowscourtyard_n,703,654.800000,286.313600,284.314000,284,-1,tree
lt_gallowscourtyard_n,704,1196.000000,312.455600,287.828000,306,-1,tree
lt_gallowscourtyard_n,705,1231.800000,310.183400,287.355000,300,-1,tree
lt_gallowscourtyard_n,706,1154.600000,296.798800,287.042000,292,-1,tree
lt_gallowscourtyard_n,707,1163.400000,299.041400,287.042000,293,-1,tree
lt_gallowscourtyard_n,708,688.200000,293.112400,287.355000,285,-1,tree
lt_gallowscourtyard_n,709,1148.800000,294.698200,286.698000,287,-1,tree
lt_gallowscourtyard_n,710,728.600000,310.526600,291.698000,302,-1,tree
lt_gallowscourtyard_n,711,730.800000,300.526600,290.527000,292,-1,tree
lt_gallowscourtyard_n,712,706.800000,296.455600,288.456000,290,-1,tree
lt_gallowscourtyard_n,713,751.200000,311.112400,291.113000,303,-1,tree
lt_gallowscourtyard_n,714,1167.200000,304.384600,289.899000,300,-1,tree
lt_gallowscourtyard_n,715,756.400000,311.597600,290.770000,301,-1,tree
lt_gallowscourtyard_n,716,738.800000,312.627200,288.828000,307,-1,tree
lt_gallowscourtyard_n,717,724.400000,299.213000,289.213000,294,-1,tree
lt_gallowscourtyard_n,718,1163.000000,306.384600,289.899000,302,-1,tree
lt_gallowscourtyard_n,719,669.000000,299.899400,291.071000,298,-1,tree
lt_gallowscourtyard_n,720,1217.000000,303.698200,294.870000,296,-1,tree
lt_gallowscourtyard_n,721,1154.600000,299.656800,295.314000,299,-1,tree
lt_gallowscourtyard_n,722,1166.200000,302.556200,292.899000,299,-1,tree
lt_gallowscourtyard_n,723,732.000000,311.526600,294.698000,303,-1,tree
lt_gallowscourtyard_n,724,1127.400000,294.242600,292.243000,294,-1,tree
lt_gallowscourtyard_n,725,1224.600000,310.869800,294.870000,304,-1,tree
lt_gallowscourtyard_n,726,724.600000,309.970400,295.828000,306,-1,tree
lt_gallowscourtyard_n,727,1139.000000,298.071000,292.314000,297,-1,tree
lt_gallowscourtyard_n,728,1162.800000,305.142000,295.243000,302,-1,tree
lt_gallowscourtyard_n,729,1215.000000,309.526600,294.698000,301,-1,tree
lt_gallowscourtyard_n,730,692.400000,307.727800,298.899000,305,-1,tree
lt_gallowscourtyard_n,731,1180.200000,307.556200,296.243000,304,-1,tree
lt_gallowscourtyard_n,732,1203.400000,306.698200,298.113000,299,-1,tree
lt_gallowscourtyard_n,733,1210.400000,308.526600,298.770000,300,-1,tree
lt_gallowscourtyard_n,734,724.200000,305.869800,297.527000,299,-1,tree
lt_gallowscourtyard_n,735,1209.200000,302.384600,298.971000,298,-1,tree
lt_gallowscourtyard_n,736,1192.200000,297.455600,297.456000,291,-1,tree
lt_gallowscourtyard_n,737,1164.600000,303.727800,298.899000,301,-1,tree
lt_gallowscourtyard_n,738,1247.000000,309.526600,296.698000,301,-1,tree
lt_gallowscourtyard_n,739,700.600000,300.041400,297.456000,294,-1,tree
