map,scenid,total,20move,total-src,20move-src,distance,path_size,hLevel
brc100d,0,395,221,279,170,1.41421,2,0
brc100d,1,241,208,141,117,1.41421,2,0
brc100d,2,165,162,347,374,3,4,0
brc100d,3,416,355,328,433,3.41421,4,0
brc100d,4,424,310,482,622,3.41421,4,0
brc100d,5,414,240,210,397,2.41421,3,0
brc100d,6,153,129,355,297,3,4,0
brc100d,7,383,272,222,443,2.41421,3,0
brc100d,8,263,248,281,389,2.82843,3,0
brc100d,9,232,181,138,201,1,2,0
brc100d,10,222,188,407,571,4.24264,4,0
brc100d,11,376,303,581,478,7.24264,7,0
brc100d,12,413,360,393,522,5.82843,6,0
brc100d,13,281,232,465,368,7.41421,8,0
brc100d,14,521,455,442,675,5.24264,5,0
brc100d,15,346,295,435,592,4.41421,5,0
brc100d,16,460,400,817,799,7.82843,8,0
brc100d,17,346,309,352,376,4.41421,5,0
brc100d,18,414,282,765,912,7.82843,8,0
brc100d,19,182,162,459,530,6,7,0
brc100d,20,360,284,924,1131,8.82843,9,0
brc100d,21,306,280,1210,1586,11.2426,11,0
brc100d,22,299,283,804,748,10.0711,9,0
brc100d,23,507,435,1341,1329,11.8995,10,0
brc100d,24,766,616,824,1330,9.24264,9,0
brc100d,25,363,338,768,689,8.48528,7,0
brc100d,26,468,402,959,934,11.6569,11,0
brc100d,27,883,763,698,1023,8.07107,7,0
brc100d,28,384,332,996,936,9.07107,8,0
brc100d,29,386,296,1304,1546,10.8284,11,0
brc100d,30,212,169,1553,1789,13,14,0
brc100d,31,1168,944,1386,1742,14.8995,13,0
brc100d,32,260,240,842,793,12.3137,10,0
brc100d,33,313,303,1475,1831,13.4853,12,0
brc100d,34,1017,745,857,1367,12.3137,10,0
brc100d,35,401,337,1549,1715,14.4142,15,0
brc100d,36,384,309,1479,1401,13.8284,14,0
brc100d,37,607,426,1196,1569,13.4142,14,0
brc100d,38,623,540,865,1027,12.2426,12,0
brc100d,39,603,579,937,1024,12.6569,12,0
brc100d,40,582,467,1757,1406,17.2426,17,0
brc100d,41,550,478,1740,2283,19.6569,19,0
brc100d,42,684,575,1818,2006,16.7279,14,0
brc100d,43,464,321,1931,2166,17.8284,18,0
brc100d,44,752,677,1646,1688,18.3137,16,0
brc100d,45,655,476,1859,2306,17.5563,14,0
brc100d,46,702,623,1199,1281,19.3137,17,0
brc100d,47,730,560,1232,1476,17.1421,14,0
brc100d,48,542,454,2208,2877,17.6569,17,0
brc100d,49,615,504,2052,2366,19.9706,16,0
brc100d,50,1041,859,2333,2788,23.6274,18,0
brc100d,51,397,401,1752,1439,23.7279,21,0
brc100d,52,856,662,1892,2301,20.0711,19,0
brc100d,53,602,575,2133,2294,22.6569,22,0
brc100d,54,762,645,1101,1102,20.8995,19,0
brc100d,55,552,441,1962,2030,21.3137,19,0
brc100d,56,728,686,1508,1629,22.9706,19,0
brc100d,57,591,588,1774,2661,21.3137,19,0
brc100d,58,614,532,2063,2144,22.2132,17,0
brc100d,59,393,307,2112,1942,21.8995,20,0
brc100d,60,526,504,2461,2543,27.799,23,0
brc100d,61,763,683,2697,2125,25.2132,20,0
brc100d,62,707,629,2778,2239,25.3848,21,0
brc100d,63,1081,860,2151,2447,24.6274,19,0
brc100d,64,940,802,1903,2482,25.6274,20,0
brc100d,65,928,764,2549,2646,26.9706,23,0
brc100d,66,361,336,2954,2363,26.8284,27,0
brc100d,67,594,526,2331,2260,24.6569,24,0
brc100d,68,342,313,1790,2086,27.2426,27,0
brc100d,69,601,433,3004,2494,27.6569,27,0
brc100d,70,1284,1194,1888,1443,31.1421,28,0
brc100d,71,1108,635,2017,2191,29.0416,23,0
brc100d,72,665,474,2006,1607,30.0711,29,0
brc100d,73,1435,1169,2598,2121,31.3848,27,0
brc100d,74,812,357,2413,2032,31.3137,29,0
brc100d,75,512,309,3335,1741,31.6569,31,0
brc100d,76,323,314,2703,1258,31.2426,31,0
brc100d,77,1255,1078,2760,2808,28.6274,23,0
brc100d,78,771,695,2319,1970,29.2132,24,0
brc100d,79,703,411,2811,2247,31.2426,31,0
brc100d,80,768,167,2740,1670,35.4853,34,0
brc100d,81,477,311,1641,1299,35.1421,32,0
brc100d,82,1755,1178,2958,2596,34.1127,26,0
brc100d,83,1041,729,3388,2836,35.1421,32,0
brc100d,84,325,239,1440,741,34.4142,35,0
brc100d,85,333,314,2592,1813,33.8284,34,0
brc100d,86,834,460,3204,2156,33.5563,30,0
brc100d,87,1052,832,3107,2744,32.5563,29,0
brc100d,88,683,631,2643,1605,32.2426,32,0
brc100d,89,369,351,3449,3672,33.4558,27,0
brc100d,90,921,352,3491,1611,38.7279,36,0
brc100d,91,570,280,3403,1344,39.3137,37,0
brc100d,92,822,551,3379,2351,36.7696,27,0
brc100d,93,1131,749,2951,2611,36.8701,30,0
brc100d,94,339,351,2425,1225,37.4142,38,0
brc100d,95,1204,799,2880,2654,37.9411,29,0
brc100d,96,825,468,2133,1625,36.1421,33,0
brc100d,97,430,431,3407,1566,37.6569,37,0
brc100d,98,985,531,4685,2796,39.8995,38,0
brc100d,99,743,617,3826,2128,38.6274,33,0
brc100d,100,821,362,3039,1999,40.799,36,0
brc100d,101,988,501,3484,2470,42.6274,37,0
brc100d,102,1238,1175,3169,2439,40.6274,35,0
brc100d,103,885,734,3411,1707,40.2843,33,0
brc100d,104,770,647,3597,1319,42.3137,40,0
brc100d,105,1018,629,4094,2720,42.1838,32,0
brc100d,106,550,418,4064,2526,40.8995,39,0
brc100d,107,2653,1503,2695,2223,41.799,37,0
brc100d,108,1144,722,2872,1552,40.9706,37,0
brc100d,109,598,509,2847,1679,41.799,37,0
brc100d,110,1074,751,1817,1249,47.1127,39,0
brc100d,111,844,484,3425,1971,44.9706,41,0
brc100d,112,1283,1044,3864,3243,45.0416,39,0
brc100d,113,1633,909,3289,2600,44.9706,41,0
brc100d,114,703,651,4471,1745,47.0711,46,0
brc100d,115,773,462,3126,1887,46.3137,44,0
brc100d,116,1481,845,4102,2398,44.2843,37,0
brc100d,117,1353,788,3338,2224,45.0416,39,0
brc100d,118,970,547,4023,2569,46.4558,40,0
brc100d,119,1728,1004,4395,3071,46.6274,41,0
brc100d,120,1112,674,3545,2774,48.7696,39,0
brc100d,121,943,365,3708,2466,49.8701,43,0
brc100d,122,1116,670,4031,2138,49.6274,44,0
brc100d,123,1345,777,3585,1809,51.5269,43,0
brc100d,124,745,549,4592,1702,49.6274,44,0
brc100d,125,1428,347,4045,2028,50.6985,43,0
brc100d,126,847,585,3693,2319,48.9411,40,0
brc100d,127,929,678,2925,1477,48.1127,40,0
brc100d,128,402,129,4081,2216,50.3137,48,0
brc100d,129,849,177,4713,1942,49.4853,48,0
brc100d,130,1152,557,3576,1366,55.2843,48,0
brc100d,131,842,633,3574,2630,52.6985,45,0
brc100d,132,1378,1004,4143,2808,53.8995,52,0
brc100d,133,653,283,4628,2093,55.2426,55,0
brc100d,134,730,450,2952,847,53.5563,50,0
brc100d,135,1096,464,3523,1504,53.3137,51,0
brc100d,136,1781,952,3338,1431,53.0122,42,0
brc100d,137,1362,472,2653,1779,52.1838,42,0
brc100d,138,956,378,4164,1216,54.8406,43,0
brc100d,139,1127,718,3584,2678,52.669,40,0
brc100d,140,1154,761,4394,1938,59.3553,50,0
brc100d,141,933,466,4677,2241,58.5269,50,0
brc100d,142,654,118,3085,1033,59.7279,57,0
brc100d,143,564,521,6240,2844,56.7279,54,0
brc100d,144,621,443,4650,1884,57.2132,52,0
brc100d,145,1796,836,4773,1965,59.3553,50,0
brc100d,146,2014,1150,4493,2750,58.5269,50,0
brc100d,147,463,374,5974,2085,58.8284,59,0
brc100d,148,1566,751,4615,2589,57.1127,49,0
brc100d,149,862,543,3881,1876,57.6985,50,0
brc100d,150,696,437,5046,2604,62.8701,56,0
brc100d,151,1223,350,3543,1301,60.669,48,0
brc100d,152,1171,516,5793,1456,62.2132,57,0
brc100d,153,1001,360,4702,2281,61.6985,54,0
brc100d,154,731,651,3763,1238,63.6569,63,0
brc100d,155,1781,679,3962,1408,61.0122,50,0
brc100d,156,1612,395,4817,1961,60.598,50,0
brc100d,157,1562,901,3875,1202,62.8406,51,0
brc100d,158,680,557,4668,2186,60.2426,60,0
brc100d,159,1515,786,3772,2407,62.669,50,0
brc100d,160,1169,486,4767,1922,65.3553,56,0
brc100d,161,1093,525,5094,2234,67.3553,58,0
brc100d,162,1293,371,5357,1904,64.598,54,0
brc100d,163,1330,560,5338,2465,64.9828,49,0
brc100d,164,1319,348,3108,2479,65.6985,58,0
brc100d,165,1341,526,4868,1659,64.799,60,0
brc100d,166,1017,355,3485,1472,66.1421,63,0
brc100d,167,1566,723,3931,2239,65.7696,56,0
brc100d,168,540,407,5923,1822,64.8284,65,0
brc100d,169,726,250,4532,1075,65.6274,60,0
brc100d,170,1155,437,4964,1985,70.3848,66,0
brc100d,171,1358,696,4040,1807,68.0416,62,0
brc100d,172,900,292,5099,2140,69.4558,63,0
brc100d,173,1628,439,4837,1128,69.2548,57,0
brc100d,174,1577,621,5667,1826,68.669,56,0
brc100d,175,1385,724,6768,2086,69.0833,56,0
brc100d,176,930,284,3717,2123,70.5269,62,0
brc100d,177,1189,293,6380,1883,69.3259,55,0
brc100d,178,1395,597,3389,678,68.2548,56,0
brc100d,179,1585,560,3999,2102,71.7696,62,0
brc100d,180,1041,332,3068,1291,74.2843,67,0
brc100d,181,1126,513,3857,1415,75.2548,63,0
brc100d,182,1338,524,3672,1440,74.2843,67,0
brc100d,183,1107,290,3383,1452,74.0833,61,0
brc100d,184,961,423,2838,1427,73.2132,68,0
brc100d,185,1484,549,4642,1143,73.6274,68,0
brc100d,186,1236,363,3886,1291,72.7279,70,0
brc100d,187,2047,919,6092,2736,72.7107,53,0
brc100d,188,2125,640,4701,1512,74.0416,68,0
brc100d,189,1099,362,2727,2015,75.598,65,0
brc100d,190,1165,459,3723,744,78.2548,66,0
brc100d,191,1553,436,3309,1767,77.7696,68,0
brc100d,192,900,551,4754,2962,76.9706,73,0
brc100d,193,1267,683,3772,1287,77.5685,62,0
brc100d,194,1254,508,6235,1830,76.4558,70,0
brc100d,195,2966,748,5865,1925,79.5685,64,0
brc100d,196,1425,399,3755,1018,77.5269,69,0
brc100d,197,1460,197,5546,2097,77.669,65,0
brc100d,198,2253,523,6152,2263,76.2548,64,0
brc100d,199,1116,305,5366,1523,78.2548,66,0
brc100d,200,812,724,5537,1405,83.799,79,0
brc100d,201,1948,911,6057,1768,82.9828,67,0
brc100d,202,1767,365,4650,2012,80.8112,64,0
brc100d,203,1182,202,4505,1650,81.0833,68,0
brc100d,204,1676,430,5129,1703,80.1127,72,0
brc100d,205,2425,528,6050,1830,80.8822,62,0
brc100d,206,801,308,6396,2381,81.9706,78,0
brc100d,207,1282,365,4996,1779,82.0833,69,0
brc100d,208,1106,468,4234,743,80.7401,66,0
brc100d,209,1233,229,4150,1552,82.669,70,0
brc100d,210,1035,427,6613,1647,85.799,81,0
brc100d,211,1984,1564,6013,2188,84.5269,76,0
brc100d,212,1565,394,5886,1080,87.2132,82,0
brc100d,213,2438,701,6116,2314,86.468,68,0
brc100d,214,726,250,4450,1199,87.5563,84,0
brc100d,215,1531,358,3998,1977,86.3259,72,0
brc100d,216,1511,420,5391,2382,85.9828,70,0
brc100d,217,2690,645,6549,1871,86.8528,63,0
brc100d,218,795,279,5160,2221,87.5685,72,0
brc100d,219,1940,601,5762,1970,85.468,67,0
brc100d,220,1123,347,3888,1102,90.1127,82,0
brc100d,221,971,469,3072,1836,89.7696,80,0
brc100d,222,2178,222,5896,1490,89.2548,77,0
brc100d,223,1465,516,4314,1794,88.4264,77,0
brc100d,224,1112,332,3949,806,91.8701,85,0
brc100d,225,1084,408,3268,1937,91.9828,76,0
brc100d,226,484,447,4750,2125,90.4558,84,0
brc100d,227,1613,743,6248,1575,89.5685,74,0
brc100d,228,1019,615,4219,1558,91.799,87,0
brc100d,229,1837,727,4673,1478,90.3259,76,0
brc100d,230,3042,993,8330,2529,92.9533,72,0
brc100d,231,1584,340,5562,1339,95.2132,90,0
brc100d,232,2954,256,4747,1805,94.4264,83,0
brc100d,233,2519,925,5513,1202,93.5391,73,0
brc100d,234,848,222,5306,1660,92.397,76,0
brc100d,235,2535,636,5700,2040,95.9239,70,0
brc100d,236,1527,272,4524,1062,95.1249,75,0
brc100d,237,1244,554,6358,1749,94.1543,79,0
brc100d,238,1193,372,6483,1116,95.4558,89,0
brc100d,239,634,386,7320,1514,93.6274,88,0
brc100d,240,718,220,5415,961,98.5269,90,0
brc100d,241,1477,645,5489,1445,97.0122,86,0
brc100d,242,1736,377,5344,1806,99.6985,92,0
brc100d,243,1115,404,7902,1884,96.7696,87,0
brc100d,244,1035,273,5749,1236,96.9828,81,0
brc100d,245,2158,959,7805,1436,99.4386,76,0
brc100d,246,2038,560,7218,1960,99.0416,93,0
brc100d,247,2378,544,4928,1278,96.3259,82,0
brc100d,248,1382,318,4968,1361,96.2548,84,0
brc100d,249,935,118,5867,1255,97.799,93,0
brc100d,250,1396,386,7508,1033,102.627,97,0
brc100d,251,1216,481,4729,967,102.497,89,0
brc100d,252,1444,623,6076,1642,100.841,89,0
brc100d,253,1715,764,6368,2449,102.426,91,0
brc100d,254,1253,483,5785,1575,101.385,97,0
brc100d,255,2241,842,5970,1373,102.184,92,0
brc100d,256,1112,145,4074,873,103.556,100,0
brc100d,257,1433,459,4985,1967,101.426,90,0
brc100d,258,1793,471,5454,1097,103.326,89,0
brc100d,259,1428,320,3816,1345,102.397,86,0
brc100d,260,1250,419,4093,1533,106.054,88,0
brc100d,261,1241,391,4969,957,106.184,96,0
brc100d,262,2901,465,4973,684,106.74,92,0
brc100d,263,1954,403,7510,1288,104.569,89,0
brc100d,264,1072,518,5208,2145,104.711,85,0
brc100d,265,3003,347,6733,2582,104.841,93,0
brc100d,266,2712,842,7447,2061,104.125,84,0
brc100d,267,2186,723,5572,2164,104.782,83,0
brc100d,268,1618,551,3789,1442,105.953,85,0
brc100d,269,2141,796,6916,2491,104.953,84,0
brc100d,270,3363,494,9005,2157,111.439,88,0
brc100d,271,1949,631,6163,1877,108.669,96,0
brc100d,272,1084,166,6134,1718,108.439,85,0
brc100d,273,1489,671,6658,2229,108.083,95,0
brc100d,274,2049,538,5984,1821,108.782,87,0
brc100d,275,1414,183,4874,931,109.255,97,0
brc100d,276,1378,315,3600,771,109.113,101,0
brc100d,277,1031,213,2198,524,111.77,102,0
brc100d,278,1867,573,6750,1760,111.225,94,0
brc100d,279,3017,479,8088,2678,111.397,95,0
brc100d,280,1926,928,6515,2311,115.912,102,0
brc100d,281,2127,622,4909,1463,115.225,98,0
brc100d,282,1641,451,3901,1003,114.953,94,0
brc100d,283,1498,475,5564,489,112.64,95,0
brc100d,284,1094,510,5372,1884,115.426,104,0
brc100d,285,1018,385,6777,1167,113.669,101,0
brc100d,286,1795,728,4933,996,113.64,96,0
brc100d,287,1481,493,5657,1203,115.012,104,0
brc100d,288,2476,378,5151,1043,113.326,99,0
brc100d,289,1124,304,6201,1193,113.225,96,0
brc100d,290,1997,382,7405,1598,117.539,97,0
brc100d,291,1768,401,4628,884,118.841,107,0
brc100d,292,1736,600,5868,1860,118.882,100,0
brc100d,293,2125,714,8158,2150,116.823,88,0
brc100d,294,1342,628,7417,776,117.184,107,0
brc100d,295,1290,468,5144,2356,118.752,92,0
brc100d,296,1373,565,5286,821,117.456,111,0
brc100d,297,1275,236,5619,1613,118.184,108,0
brc100d,298,1123,237,6635,1265,119.841,108,0
brc100d,299,845,520,6530,1521,117.899,116,0
brc100d,300,1659,142,4940,2381,123.024,100,0
brc100d,301,1195,284,7834,1424,122.368,101,0
brc100d,302,1766,475,3653,619,122.012,111,0
brc100d,303,1272,248,5610,1252,121.782,100,0
brc100d,304,1772,511,5099,2290,121.51,96,0
brc100d,305,1133,332,5267,930,120.255,108,0
brc100d,306,1785,288,4427,1184,121.095,96,0
brc100d,307,1609,293,5598,941,121.054,103,0
brc100d,308,2240,584,4746,762,122.368,101,0
brc100d,309,1299,360,4086,645,123.054,105,0
brc100d,310,1337,515,8254,2284,127.912,114,0
brc100d,311,1530,519,3319,1239,127.924,102,0
brc100d,312,1329,310,6309,1504,127.326,113,0
brc100d,313,2149,1006,7237,2534,127.669,115,0
brc100d,314,1986,491,7457,1599,127.113,119,0
brc100d,315,1427,516,5856,1435,127.669,115,0
brc100d,316,3704,1412,6431,1288,125.811,109,0
brc100d,317,1775,599,6840,1144,127.61,105,0
brc100d,318,2232,805,6659,1531,124.74,110,0
brc100d,319,1459,350,5323,922,125.74,111,0
brc100d,320,2014,712,6108,1322,131.711,112,0
brc100d,321,4217,998,10335,2726,129.924,104,0
brc100d,322,1446,211,6234,923,130.024,107,0
brc100d,323,1221,299,5807,1800,131.167,104,0
brc100d,324,1781,421,5751,1059,130.953,110,0
brc100d,325,1460,365,4858,1323,130.782,109,0
brc100d,326,1504,231,5076,1307,129.64,112,0
brc100d,327,1623,405,6940,1223,129.397,113,0
brc100d,328,2247,695,5214,1339,130.51,105,0
brc100d,329,1341,413,4938,1460,129.167,102,0
brc100d,330,1189,204,6641,1649,135.799,131,0
brc100d,331,3958,960,9623,2925,135.38,102,0
brc100d,332,1637,510,6186,1678,134.539,114,0
brc100d,333,1641,796,5631,868,135.054,117,0
brc100d,334,3284,343,5571,1110,134.326,120,0
brc100d,335,3695,686,8818,2422,133.368,112,0
brc100d,336,2559,518,6686,1080,133.782,112,0
brc100d,337,2423,402,5845,1845,135.569,120,0
brc100d,338,1179,261,6101,980,133.468,115,0
brc100d,339,1641,520,8408,1787,132.296,113,0
brc100d,340,2234,809,7744,1762,138.823,110,0
brc100d,341,1293,398,8113,1525,136.752,110,0
brc100d,342,2319,476,6292,1139,138.368,117,0
brc100d,343,2009,499,7418,1348,137.569,122,0
brc100d,344,1447,318,4803,992,137.125,117,0
brc100d,345,2508,485,5420,2072,137.208,103,0
brc100d,346,1930,700,6745,2118,136.095,111,0
brc100d,347,1247,170,5818,1762,136.51,111,0
brc100d,348,1342,328,6092,1366,137.409,109,0
brc100d,349,1973,478,6639,1561,138.368,117,0
brc100d,350,1074,386,5581,1610,140.125,120,0
brc100d,351,2660,913,7496,1889,143.468,125,0
brc100d,352,3521,784,8981,1183,142.794,109,0
brc100d,353,2639,765,10826,2042,143.551,111,0
brc100d,354,2017,916,10900,2395,140.355,131,0
brc100d,355,2332,594,5627,1402,141.51,116,0
brc100d,356,2280,472,5357,1629,141.468,123,0
brc100d,357,1612,466,6426,1644,140.752,114,0
brc100d,358,2612,251,6697,2234,140.012,129,0
brc100d,359,2076,694,6848,1649,141.426,130,0
brc100d,360,1667,563,6108,677,145.184,135,0
brc100d,361,1309,162,8160,1914,145.137,113,0
brc100d,362,2418,1032,8797,1982,144.497,131,0
brc100d,363,1649,189,4555,918,144.095,119,0
brc100d,364,1658,391,3627,792,144.953,124,0
brc100d,365,1684,762,6255,1046,145.267,121,0
brc100d,366,1482,328,4441,1237,147.995,120,0
brc100d,367,2084,296,7215,2551,145.782,124,0
brc100d,368,2814,898,7032,2244,144.995,117,0
brc100d,369,1532,342,4134,841,144.853,121,0
brc100d,370,1763,560,6334,1264,150.167,123,0
brc100d,371,2306,310,4944,755,149.853,126,0
brc100d,372,2867,244,7833,1527,149.012,138,0
brc100d,373,3662,495,6165,734,150.154,135,0
brc100d,374,1895,351,5541,772,150.61,128,0
brc100d,375,2096,385,8603,2630,151.953,131,0
brc100d,376,1450,283,6491,1434,151.439,128,0
brc100d,377,2286,632,6574,1368,149.409,121,0
brc100d,378,2117,208,8241,1521,150.912,137,0
brc100d,379,2101,546,6761,929,151.823,123,0
brc100d,380,2569,416,6473,918,153.61,131,0
brc100d,381,3634,759,12750,2717,155.693,119,0
brc100d,382,1269,191,6725,1231,155.598,145,0
brc100d,383,1841,822,7342,1632,153.296,134,0
brc100d,384,1883,845,4848,1407,153.752,127,0
brc100d,385,2332,254,7059,745,154.167,127,0
brc100d,386,2556,450,7291,811,152.681,128,0
brc100d,387,3410,685,9381,1339,153.309,122,0
brc100d,388,1371,132,4823,654,152.811,136,0
brc100d,389,1503,480,6902,1194,155.066,125,0
brc100d,390,1813,685,6766,2009,158.309,127,0
brc100d,391,2002,321,5848,504,156.439,133,0
brc100d,392,1638,399,5877,1015,157.894,127,0
brc100d,393,2741,602,5755,1366,156.551,124,0
brc100d,394,2336,791,6595,1447,156.409,128,0
brc100d,395,2425,635,7142,1804,157.309,126,0
brc100d,396,1450,433,4610,1016,158.024,135,0
brc100d,397,1876,482,8323,2034,159.225,142,0
brc100d,398,2205,514,6453,2183,157.108,120,0
brc100d,399,1728,481,6205,1812,158.167,131,0
brc100d,400,3101,476,8224,711,163.966,131,0
brc100d,401,1955,472,6666,1290,163.711,144,0
brc100d,402,2817,717,5769,1495,162.995,135,0
brc100d,403,2112,230,5732,782,160.409,132,0
brc100d,404,1607,398,6211,1581,161.652,132,0
brc100d,405,1451,455,5065,2354,160.48,130,0
brc100d,406,2196,469,5881,1474,161.61,139,0
brc100d,407,1102,347,11291,1022,162.61,140,0
brc100d,408,2829,345,6564,1552,163.267,139,0
brc100d,409,1790,968,5100,1196,161.61,139,0
brc100d,410,1420,327,6761,2218,164.409,136,0
brc100d,411,1966,609,7286,745,165.095,140,0
brc100d,412,2881,231,7413,1147,165.936,128,0
brc100d,413,1473,509,6838,1192,167.652,138,0
brc100d,414,3039,592,6728,1586,165.811,149,0
brc100d,415,2236,483,7897,910,167.752,141,0
brc100d,416,1874,352,6569,767,165.752,139,0
brc100d,417,2389,575,6288,1584,165.421,125,0
brc100d,418,2165,558,6155,1905,165.865,130,0
brc100d,419,1359,255,5118,911,164.338,138,0
brc100d,420,1915,280,5618,751,169.681,145,0
brc100d,421,1779,512,8052,1085,170.167,143,0
brc100d,422,1665,443,4854,1191,169.782,148,0
brc100d,423,2335,347,6758,1257,169.338,143,0
brc100d,424,2176,229,6523,1995,168.693,132,0
brc100d,425,2160,594,5648,1321,170.48,140,0
brc100d,426,2027,226,6574,1139,169.711,150,0
brc100d,427,1640,217,7127,1485,169.066,139,0
brc100d,428,5222,742,12259,1620,171.522,134,0
brc100d,429,1677,341,7669,1369,170.51,145,0
brc100d,430,1088,346,6884,1214,175.095,150,0
brc100d,431,1482,744,6527,1455,172.551,140,0
brc100d,432,2177,344,6876,1576,173.421,133,0
brc100d,433,1605,535,7217,822,172.338,146,0
brc100d,434,1660,488,4788,1054,175.309,144,0
brc100d,435,2199,703,7531,1089,172.924,147,0
brc100d,436,1756,147,6203,2010,172.794,139,0
brc100d,437,3519,335,10814,1160,174.622,140,0
brc100d,438,1941,213,3982,649,173.652,144,0
brc100d,439,3806,735,7618,1967,174.007,134,0
brc100d,440,3558,678,10813,2300,176.882,158,0
brc100d,441,1900,276,8259,1671,179.066,149,0
brc100d,442,2827,427,6066,1369,179.551,147,0
brc100d,443,2239,171,9142,1923,176.823,148,0
brc100d,444,1934,724,7444,2569,178.794,145,0
brc100d,445,2175,361,7358,1456,179.497,166,0
brc100d,446,2800,593,6708,1746,179.451,144,0
brc100d,447,3506,895,9529,1747,178.64,161,0
brc100d,448,2120,316,9964,1649,176.823,148,0
brc100d,449,2507,329,6943,925,178.966,146,0
brc100d,450,2671,525,6113,1490,182.309,151,0
brc100d,451,2084,397,6278,2617,183.208,149,0
brc100d,452,2316,919,8385,1727,180.51,155,0
brc100d,453,2305,681,6233,1048,181.752,155,0
brc100d,454,2346,611,6198,1540,182.522,145,0
brc100d,455,1971,788,7595,1847,181.966,149,0
brc100d,456,1705,309,7575,1082,181.752,155,0
brc100d,457,2145,444,4593,863,182.066,152,0
brc100d,458,3196,550,5518,1511,180.179,141,0
brc100d,459,1252,255,8789,1673,182.77,173,0
brc100d,460,2245,387,8820,936,187.924,162,0
brc100d,461,1521,573,8178,1523,185.095,160,0
brc100d,462,1825,443,7168,1607,187.267,163,0
brc100d,463,3586,451,8449,1319,184.711,165,0
brc100d,464,2486,430,6802,1157,185.439,162,0
brc100d,465,3526,1097,6846,1397,184.125,164,0
brc100d,466,1489,331,7857,1289,187.652,158,0
brc100d,467,2276,710,7097,1909,187.581,160,0
brc100d,468,1092,248,6383,1045,187.095,162,0
brc100d,469,2954,391,7770,1203,186.551,154,0
brc100d,470,2498,428,8338,2566,189.48,159,0
brc100d,471,1635,270,9763,968,191.924,166,0
brc100d,472,2165,319,11135,1579,189.426,178,0
brc100d,473,2418,698,6836,1793,189.167,162,0
brc100d,474,1562,189,7395,641,191.782,170,0
brc100d,475,2853,212,8409,1140,191.995,164,0
brc100d,476,2246,561,7079,1177,189.764,151,0
brc100d,477,1918,238,6317,1024,189.338,163,0
brc100d,478,1836,235,8288,1126,191.368,170,0
brc100d,479,2188,598,7455,877,188.51,163,0
brc100d,480,1940,225,6659,833,195.208,161,0
brc100d,481,1993,202,6227,1039,194.238,165,0
brc100d,482,1375,475,8259,1229,192.196,170,0
brc100d,483,2299,384,5576,1382,194.551,162,0
brc100d,484,2414,436,8654,2606,194.066,164,0
brc100d,485,1871,687,4869,1535,195.894,165,0
brc100d,486,2540,527,6500,1219,195.581,168,0
brc100d,487,2391,207,7206,813,195.267,171,0
brc100d,488,1977,640,4543,1040,194.137,162,0
brc100d,489,1576,175,4631,489,195.167,168,0
brc100d,490,2408,508,7106,1375,197.35,159,0
brc100d,491,2578,449,5134,820,199.451,164,0
brc100d,492,2632,812,6773,1571,196.907,154,0
brc100d,493,2928,600,6178,769,198.492,156,0
brc100d,494,1625,370,6986,1029,196.451,161,0
brc100d,495,2654,401,5316,1261,197.664,156,0
brc100d,496,1972,462,6616,1404,198.38,165,0
brc100d,497,2285,448,8104,2134,199.693,163,0
brc100d,498,1200,347,8645,1652,197.924,172,0
brc100d,499,3484,674,8844,1882,197.593,158,0
brc100d,500,1877,548,7499,1272,203.782,182,0
brc100d,501,1529,364,6202,996,203.208,169,0
brc100d,502,1705,212,5473,648,203.61,181,0
brc100d,503,2344,477,6547,1169,200.167,173,0
brc100d,504,2275,449,10389,2481,200.539,180,0
brc100d,505,2690,1089,8079,1440,201.149,157,0
brc100d,506,1893,450,9489,2393,203.522,166,0
brc100d,507,2312,417,6252,1438,200.279,164,0
brc100d,508,1605,187,5565,701,203.61,181,0
brc100d,509,2134,248,6391,1562,202.48,172,0
brc100d,510,2458,473,8061,1178,207.167,180,0
brc100d,511,2135,495,8776,2127,206.622,172,0
brc100d,512,2406,544,8263,1425,207.179,168,0
brc100d,513,1940,661,9182,925,205.581,178,0
brc100d,514,1923,315,5262,1186,207.137,175,0
brc100d,515,2418,911,7996,1579,205.066,175,0
brc100d,516,2502,440,6654,929,204.723,173,0
brc100d,517,2585,301,7525,1337,204.208,170,0
brc100d,518,2287,408,7880,1712,206.894,176,0
brc100d,519,1746,625,7681,1388,205.421,165,0
brc100d,520,2510,437,7384,1334,211.853,188,0
brc100d,521,2313,192,7589,730,210.137,178,0
brc100d,522,4728,350,11291,979,209.392,164,0
brc100d,523,3498,711,8477,1832,211.291,163,0
brc100d,524,1983,519,5991,969,211.392,166,0
brc100d,525,1419,414,7822,1943,211.066,181,0
brc100d,526,3629,554,6358,745,210.995,183,0
brc100d,527,2243,483,9398,1598,209.179,170,0
brc100d,528,3016,746,8567,2165,209.167,182,0
brc100d,529,1523,162,7766,1044,211.723,180,0
brc100d,530,1598,358,7168,1763,214.421,174,0
brc100d,531,1469,232,6737,1832,212.823,184,0
brc100d,532,1365,253,6527,1465,212.321,169,0
brc100d,533,2558,519,7954,1383,214.451,179,0
brc100d,534,2121,136,6031,1223,212.966,180,0
brc100d,535,1535,324,6293,1424,213.108,176,0
brc100d,536,1746,441,5746,1842,213.208,179,0
brc100d,537,2429,327,5404,1225,213.764,175,0
brc100d,538,2791,1000,5377,876,212.794,179,0
brc100d,539,1612,263,8260,1949,215.321,172,0
brc100d,540,2103,186,7898,1676,219.309,188,0
brc100d,541,2117,431,5549,767,216.238,187,0
brc100d,542,4724,227,9662,1349,216.539,196,0
brc100d,543,1469,329,7724,1064,216.179,177,0
brc100d,544,1928,334,8595,1581,218.497,205,0
brc100d,545,2258,466,6579,1275,217.693,181,0
brc100d,546,2260,568,7862,1285,216.208,182,0
brc100d,547,2158,378,7100,1446,218.622,184,0
brc100d,548,2306,644,7681,901,216.049,169,0
brc100d,549,2557,542,6790,741,219.238,190,0
brc100d,550,2119,434,5963,1924,222.208,188,0
brc100d,551,2903,470,6248,720,223.238,194,0
brc100d,552,2556,351,6863,493,223.037,188,0
brc100d,553,3789,129,7933,1153,221.25,180,0
brc100d,554,2234,326,6778,503,221.681,197,0
brc100d,555,2191,364,8348,1149,220.907,178,0
brc100d,556,4140,588,12336,1897,222.581,195,0
brc100d,557,2531,484,8944,1307,221.179,182,0
brc100d,558,1717,175,8443,988,221.581,194,0
brc100d,559,2479,511,9282,1726,220.894,190,0
brc100d,560,3711,443,6918,1022,226.108,189,0
brc100d,561,2769,582,6497,500,226.179,187,0
brc100d,562,2402,517,8056,1352,224.421,184,0
brc100d,563,2595,187,6381,797,225.007,185,0
brc100d,564,2577,302,7735,1194,224.066,194,0
brc100d,565,1598,230,4243,406,227.581,200,0
brc100d,566,2831,1095,8748,1093,225.894,195,0
brc100d,567,3515,439,6810,1255,224.563,180,0
brc100d,568,1486,151,6771,1783,227.037,192,0
brc100d,569,1965,561,9218,1762,227.551,195,0
brc100d,570,2816,310,6740,1073,230.38,197,0
brc100d,571,2143,229,6212,912,229.823,201,0
brc100d,572,4512,416,11673,1204,230.22,184,0
brc100d,573,2335,484,9699,2186,231.22,185,0
brc100d,574,3364,510,6521,1136,231.948,182,0
brc100d,575,2584,629,8519,2256,231.38,198,0
brc100d,576,2327,780,8125,2189,229.095,204,0
brc100d,577,2652,280,5687,632,229.635,183,0
brc100d,578,2143,395,7728,1323,230.752,204,0
brc100d,579,2126,376,8117,2225,228.279,192,0
brc100d,580,2179,332,8418,1125,232.693,196,0
brc100d,581,3865,290,11663,854,235.09,181,0
brc100d,582,2865,327,7606,1324,235.794,202,0
brc100d,583,2687,483,7698,1187,232.664,191,0
brc100d,584,2228,739,10488,1843,234.037,199,0
brc100d,585,2262,431,7323,1826,232.451,197,0
brc100d,586,2269,579,7556,913,234.35,196,0
brc100d,587,2393,225,8419,1066,233.167,206,0
brc100d,588,1922,725,11979,2435,234.865,199,0
brc100d,589,2425,400,7615,1361,232.179,193,0
brc100d,590,2926,752,10735,1234,239.35,201,0
brc100d,591,2137,268,7982,1393,236.279,200,0
brc100d,592,2743,270,8381,897,239.167,212,0
brc100d,593,2542,324,6145,867,239.321,196,0
brc100d,594,2450,487,9998,1862,238.706,190,0
brc100d,595,2347,478,9331,1405,236.764,198,0
brc100d,596,2261,327,5916,922,237.25,196,0
brc100d,597,3393,283,9755,2050,237.693,201,0
brc100d,598,2090,452,7689,1205,236.279,200,0
brc100d,599,2900,399,7621,643,239.836,199,0
brc100d,600,3584,282,8582,1639,242.149,198,0
brc100d,601,1858,579,10200,1371,241.279,205,0
brc100d,602,2524,265,9242,1435,243.652,214,0
brc100d,603,2021,363,10294,989,243.936,206,0
brc100d,604,3556,722,11883,2185,242.463,195,0
brc100d,605,2917,362,7359,879,240.836,200,0
brc100d,606,2732,455,10754,1234,243.823,215,0
brc100d,607,2028,562,7910,580,241.409,213,0
brc100d,608,1965,447,8666,1814,242.362,192,0
brc100d,609,2427,420,7296,1210,240.48,210,0
brc100d,610,3382,947,9300,1516,244.522,207,0
brc100d,611,3735,727,8743,1136,244.534,195,0
brc100d,612,2416,602,12846,1349,244.823,216,0
brc100d,613,2360,387,7693,897,245.167,218,0
brc100d,614,2987,370,10089,1751,245.35,207,0
brc100d,615,1439,186,8860,818,247.451,212,0
brc100d,616,2352,188,6948,1159,246.492,204,0
brc100d,617,2897,431,5746,1456,247.179,208,0
brc100d,618,2066,352,7076,1439,246.966,214,0
brc100d,619,2039,166,6068,585,244.451,209,0
brc100d,620,2214,397,8995,1839,249.492,207,0
brc100d,621,2826,523,8188,1103,250.066,220,0
brc100d,622,2238,194,7682,718,249.451,214,0
brc100d,623,2226,343,9010,1553,248.853,225,0
brc100d,624,2333,558,8636,2053,250.35,212,0
brc100d,625,2005,320,8112,560,249.51,224,0
brc100d,626,2395,678,10498,1481,250.451,215,0
brc100d,627,2655,256,9987,1422,250.693,214,0
brc100d,628,2509,436,8238,890,248.622,214,0
brc100d,629,2438,659,10138,2183,248.362,198,0
brc100d,630,2383,287,8322,453,254.179,215,0
brc100d,631,2347,423,8121,1676,254.936,217,0
brc100d,632,3325,485,10916,1701,252.049,205,0
brc100d,633,2691,487,10085,1312,255.078,213,0
brc100d,634,2930,934,10180,1620,255.605,204,0
brc100d,635,2675,233,8463,874,253.238,224,0
brc100d,636,1911,175,7270,1527,253.593,214,0
brc100d,637,2948,514,9701,1361,255.735,212,0
brc100d,638,3093,681,7351,1212,255.362,205,0
brc100d,639,2647,403,7396,770,252.693,216,0
brc100d,640,2542,565,9661,2449,256.321,213,0
brc100d,641,3029,435,8187,1192,257.22,211,0
brc100d,642,2404,328,10436,1392,256.794,223,0
brc100d,643,2551,354,11424,1210,259.409,231,0
brc100d,644,1639,275,7779,832,257.652,228,0
brc100d,645,2287,439,11598,1945,259.167,232,0
brc100d,646,3613,483,8871,1202,259.664,218,0
brc100d,647,2402,444,7048,777,256.421,216,0
brc100d,648,1879,443,11127,1428,257.451,222,0
brc100d,649,2166,423,8609,1078,257.764,219,0
brc100d,650,2732,225,9926,1438,261.836,221,0
brc100d,651,1883,503,10120,1261,263.551,231,0
brc100d,652,2412,407,9641,1380,263.409,235,0
brc100d,653,2791,509,9036,1318,261.764,223,0
brc100d,654,3221,312,8662,1030,263.693,227,0
brc100d,655,2515,364,9856,1321,262.208,228,0
brc100d,656,2242,418,11659,1329,261.267,237,0
brc100d,657,2774,447,10285,1339,263.463,216,0
brc100d,658,2424,349,8344,1513,261.865,226,0
brc100d,659,2048,516,8423,1672,260.338,234,0
brc100d,660,3924,356,9333,1599,266.647,208,0
brc100d,661,2895,280,9320,1216,264.505,210,0
brc100d,662,1865,121,8846,637,264.966,232,0
brc100d,663,2298,305,7716,929,266.505,212,0
brc100d,664,2147,195,8701,763,266.551,234,0
brc100d,665,3046,329,7889,1496,264.505,210,0
brc100d,666,2209,232,8010,900,267.078,225,0
brc100d,667,2203,492,7383,1747,265.522,228,0
brc100d,668,2428,560,10031,1686,265.848,213,0
brc100d,669,1664,625,8774,1461,264.492,222,0
brc100d,670,3169,286,7385,839,270.321,227,0
brc100d,671,2745,412,8776,1008,268.522,231,0
brc100d,672,1643,158,8393,782,268.137,236,0
brc100d,673,2617,609,13748,2095,271.794,238,0
brc100d,674,2877,743,10935,1704,268.693,232,0
brc100d,675,1686,336,11800,1368,268.38,235,0
brc100d,676,2689,433,9260,783,269.279,233,0
brc100d,677,2634,205,10120,1121,270.563,226,0
brc100d,678,2536,638,11821,2254,269.037,234,0
brc100d,679,2122,396,10768,1501,270.894,240,0
brc100d,680,2394,306,8336,1265,273.066,243,0
brc100d,681,3051,547,6842,811,275.049,228,0
brc100d,682,1426,254,11295,1239,273.51,248,0
brc100d,683,2367,225,7465,1228,274.978,230,0
brc100d,684,2318,542,7806,702,274.35,236,0
brc100d,685,1992,326,9222,823,272.238,243,0
brc100d,686,3679,391,8819,1259,274.25,233,0
brc100d,687,2829,341,7940,1333,275.22,229,0
brc100d,688,2627,255,10503,763,274.179,235,0
brc100d,689,2110,280,9435,1368,272.492,230,0
brc100d,690,2084,442,9928,1226,276.149,232,0
brc100d,691,3418,523,8808,885,278.22,232,0
brc100d,692,2886,569,8220,869,277.836,237,0
brc100d,693,2063,323,6891,1127,278.279,242,0
brc100d,694,2843,352,6233,610,277.22,231,0
brc100d,695,2519,209,7096,782,279.522,242,0
brc100d,696,2485,376,8778,1359,276.421,236,0
brc100d,697,1816,177,7413,546,278.409,250,0
brc100d,698,2629,469,11164,1734,277.936,240,0
brc100d,699,2460,324,7854,739,277.037,242,0
brc100d,700,2953,498,10238,2143,280.877,233,0
brc100d,701,2205,409,9113,1662,281.108,244,0
brc100d,702,3086,341,11045,1607,283.907,241,0
brc100d,703,2809,277,9939,1222,282.291,234,0
brc100d,704,1618,396,10654,1049,282.652,253,0
brc100d,705,2037,402,9290,1563,282.451,247,0
brc100d,706,2484,190,7397,753,280.764,242,0
brc100d,707,2869,498,12658,2158,280.534,231,0
brc100d,708,2177,363,9423,1440,280.321,237,0
brc100d,709,1678,247,9489,770,282.095,257,0
brc100d,710,2291,249,9577,1079,287.12,238,0
brc100d,711,1901,438,8544,1385,284.049,237,0
brc100d,712,2760,933,8637,1537,286.049,239,0
brc100d,713,3840,291,10456,1761,286.161,230,0
brc100d,714,2651,436,7894,1343,287.907,245,0
brc100d,715,3695,361,7521,865,286.262,233,0
brc100d,716,3376,321,10322,1320,286.132,225,0
brc100d,717,2092,179,6923,688,287.35,249,0
brc100d,718,2493,794,11250,1473,285.605,234,0
brc100d,719,2230,368,8422,1475,286.806,241,0
brc100d,720,1960,116,11742,868,290.007,250,0
brc100d,721,2169,205,5969,643,291.049,244,0
brc100d,722,2270,435,10673,989,290.137,258,0
brc100d,723,2570,360,8291,1279,291.664,250,0
brc100d,724,1969,247,8142,881,290.794,257,0
brc100d,725,3157,848,13164,1152,291.12,242,0
brc100d,726,2531,387,10296,1597,288.522,251,0
brc100d,727,2238,727,10165,1504,288.161,232,0
brc100d,728,3434,190,9265,745,288.22,242,0
brc100d,729,2724,637,6706,939,290.362,240,0
brc100d,730,2941,482,8722,1471,292.948,243,0
brc100d,731,2605,516,11458,1752,294.492,252,0
brc100d,732,2844,326,9551,1078,294.978,250,0
brc100d,733,3111,572,9947,970,293.208,259,0
brc100d,734,3382,294,9251,766,295.576,239,0
brc100d,735,3451,588,9637,1113,293.576,237,0
brc100d,736,3254,638,9700,1312,294.362,244,0
brc100d,737,2640,379,8017,829,295.463,248,0
brc100d,738,2300,603,11781,925,292.505,238,0
brc100d,739,3297,432,9828,884,292.948,243,0
brc100d,740,2748,245,7208,687,296.836,256,0
brc100d,741,2366,556,10584,1884,299.676,246,0
brc100d,742,2818,495,9166,1384,299.777,249,0
brc100d,743,2614,247,6847,717,298.605,247,0
brc100d,744,2692,282,9705,1366,299.948,250,0
brc100d,745,2979,693,8553,1237,297.09,243,0
brc100d,746,2053,462,9002,1167,298.723,267,0
brc100d,747,2708,623,8961,1800,297.22,251,0
brc100d,748,3563,621,10784,2062,299.948,250,0
brc100d,749,2836,219,9242,1279,298.664,257,0
brc100d,750,3150,284,7438,632,303.948,254,0
brc100d,751,2687,474,12974,1584,302.777,252,0
brc100d,752,2537,543,7954,897,303.877,256,0
brc100d,753,2674,456,9311,1314,302.948,253,0
brc100d,754,2483,466,9583,2237,300.321,257,0
brc100d,755,3038,357,9228,1352,302.836,262,0
brc100d,756,2577,191,11064,799,301.593,262,0
brc100d,757,1909,123,10467,640,300.752,274,0
brc100d,758,2264,556,10387,1218,303.777,253,0
brc100d,759,2896,252,8187,1061,303.191,252,0
brc100d,760,2966,655,12295,2125,307.848,255,0
brc100d,761,3043,454,10826,921,307.203,244,0
brc100d,762,2760,328,7221,1691,304.505,250,0
brc100d,763,2686,639,10292,1706,304.161,248,0
brc100d,764,2618,253,7837,930,306.321,263,0
brc100d,765,2461,538,6158,573,306.978,262,0
brc100d,766,2524,416,7009,752,306.806,261,0
brc100d,767,2441,662,11946,791,306.233,248,0
brc100d,768,2573,281,9114,661,306.291,258,0
brc100d,769,2685,475,11128,1515,304.321,261,0
brc100d,770,2228,359,9520,1902,311.877,264,0
brc100d,771,2232,320,6564,757,309.534,260,0
brc100d,772,3373,758,12417,2135,310.546,249,0
brc100d,773,2998,848,12830,1284,309.505,255,0
brc100d,774,2258,269,10551,1460,310.764,272,0
brc100d,775,2033,257,11869,1186,310.309,279,0
brc100d,776,2381,554,9208,1086,310.99,254,0
brc100d,777,2099,508,10592,1353,310.865,275,0
brc100d,778,3334,291,8818,1019,309.404,252,0
brc100d,779,3004,528,9967,1869,311.676,258,0
brc100d,780,3005,482,11159,1295,314.161,258,0
brc100d,781,2686,228,9945,1445,314.605,263,0
brc100d,782,4215,559,12418,1448,312.836,272,0
brc100d,783,3122,521,10210,1080,312.635,266,0
brc100d,784,2515,576,8994,700,314.593,275,0
brc100d,785,2490,247,10196,1004,312.635,266,0
brc100d,786,3972,451,9301,1211,312.676,259,0
brc100d,787,3424,399,7814,961,312.777,262,0
brc100d,788,2790,868,13965,1259,315.434,263,0
brc100d,789,2894,396,11139,999,313.563,269,0
brc100d,790,2931,439,12067,1771,318.563,274,0
brc100d,791,2635,244,7821,992,319.534,270,0
brc100d,792,2068,232,8974,974,319.563,275,0
brc100d,793,4447,474,10732,1210,316.676,263,0
brc100d,794,2664,235,8710,678,316.22,270,0
brc100d,795,3346,583,8250,1012,319.99,263,0
brc100d,796,3610,274,9349,951,318.978,274,0
brc100d,797,3130,468,8464,928,317.889,258,0
brc100d,798,2667,287,9751,1235,318.291,270,0
brc100d,799,3577,714,12083,1524,317.948,268,0
brc100d,800,2657,262,10814,1311,322.321,279,0
brc100d,801,2796,343,9379,1791,321.635,275,0
brc100d,802,4161,342,10075,823,321.304,261,0
brc100d,803,2519,241,10945,1508,320.948,271,0
brc100d,804,2796,740,9457,1108,320.848,268,0
brc100d,805,3281,486,9349,1028,321.818,264,0
brc100d,806,2872,611,12253,1916,322.108,285,0
brc100d,807,3207,821,10340,1428,322.333,267,0
brc100d,808,2155,164,10710,1683,320.576,264,0
brc100d,809,2319,354,9691,1115,320.078,278,0
brc100d,810,2271,338,9923,1823,324.747,269,0
brc100d,811,3124,383,13769,1059,324.96,263,0
brc100d,812,2607,335,8217,840,325.706,277,0
brc100d,813,3317,632,7938,678,327.037,292,0
brc100d,814,3207,609,10057,802,324.434,272,0
brc100d,815,2794,525,7415,537,327.404,270,0
brc100d,816,2672,601,12793,2408,326.463,279,0
brc100d,817,3279,326,13285,725,327.434,275,0
brc100d,818,2086,335,9280,1279,324.007,284,0
brc100d,819,3886,147,11364,1797,327.345,260,0
brc100d,820,3473,244,9493,942,331.605,280,0
brc100d,821,3362,389,8901,1248,328.019,276,0
brc100d,822,2560,455,11377,1275,328.747,273,0
brc100d,823,2207,398,10890,913,331.693,295,0
brc100d,824,3160,605,9561,2005,328.688,263,0
brc100d,825,3088,250,8260,1364,330.546,269,0
brc100d,826,2450,468,13175,2046,328.635,282,0
brc100d,827,3506,486,9823,646,329.451,294,0
brc100d,828,2266,261,8743,1083,329.362,279,0
brc100d,829,2395,266,11495,2038,330.747,275,0
brc100d,830,1974,347,9194,1253,334.161,278,0
brc100d,831,2614,287,10010,563,335.191,284,0
brc100d,832,2886,547,10865,2399,334.647,276,0
brc100d,833,3011,400,8575,809,335.948,286,0
brc100d,834,2885,386,9846,1461,334.191,283,0
brc100d,835,3316,602,10656,1020,333.333,278,0
brc100d,836,2898,529,10298,2045,332.434,280,0
brc100d,837,2575,316,10622,1632,334.635,288,0
brc100d,838,2372,207,8784,1080,335.605,284,0
brc100d,839,2423,291,9353,1241,332.919,278,0
brc100d,840,2893,633,8440,1379,336.291,288,0
brc100d,841,2888,228,8047,803,339.818,282,0
brc100d,842,2967,505,6897,1024,338.032,274,0
brc100d,843,2627,211,9335,673,338.735,295,0
brc100d,844,3169,692,9932,1450,339.588,271,0
brc100d,845,3258,358,9181,883,337.848,285,0
brc100d,846,2673,233,10296,1023,337.321,294,0
brc100d,847,2679,463,11288,1456,336.978,292,0
brc100d,848,2987,709,9252,1398,339.274,274,0
brc100d,849,2567,198,6521,449,338.161,282,0
brc100d,850,2318,383,11852,1625,341.676,288,0
brc100d,851,3415,471,10631,971,343.12,294,0
brc100d,852,2169,357,9216,1222,342.019,290,0
brc100d,853,2885,496,8418,1593,342.818,285,0
brc100d,854,3205,324,10208,1243,341.676,288,0
brc100d,855,2158,232,10123,1046,341.09,287,0
brc100d,856,4280,524,8767,1455,341.688,276,0
brc100d,857,2701,327,10989,1169,340.291,292,0
brc100d,858,2733,191,12097,810,340.706,292,0
brc100d,859,2638,302,6865,644,343.09,289,0
brc100d,860,2877,447,8869,1425,344.061,285,0
brc100d,861,3104,412,9401,1076,344.818,287,0
brc100d,862,3188,251,11167,1338,347.948,298,0
brc100d,863,3781,590,11149,796,347.019,295,0
brc100d,864,2861,245,9100,1322,345.161,289,0
brc100d,865,3515,404,12504,1573,345.191,294,0
brc100d,866,4602,332,11966,1087,346.588,278,0
brc100d,867,3105,349,9243,1388,344.747,289,0
brc100d,868,2281,261,10480,1258,347.203,284,0
brc100d,869,3079,467,7792,872,344.818,287,0
brc100d,870,2858,710,10811,2040,349.333,294,0
brc100d,871,3256,522,8370,1021,349.262,296,0
brc100d,872,4640,309,10407,1353,351.203,288,0
brc100d,873,3641,600,13344,1855,350.191,299,0
brc100d,874,2598,280,11300,497,351.09,297,0
brc100d,875,3571,419,11837,895,349.362,299,0
brc100d,876,3295,288,10658,1372,350.446,286,0
brc100d,877,3541,710,11206,1164,349.99,293,0
brc100d,878,2594,509,12228,1473,351.877,304,0
brc100d,879,2336,372,12064,1001,350.706,302,0
brc100d,880,2902,647,9978,1324,353.132,292,0
brc100d,881,2918,453,12818,1133,352.35,314,0
brc100d,882,2801,810,13016,2030,355.789,293,0
brc100d,883,3675,475,9537,817,352.747,297,0
brc100d,884,3535,191,11002,879,352.333,297,0
brc100d,885,3355,249,11297,1009,354.25,313,0
brc100d,886,2548,229,10356,568,352.848,300,0
brc100d,887,2843,163,8452,602,353.747,298,0
brc100d,888,2667,232,12364,970,354.463,307,0
brc100d,889,2216,373,11745,1313,355.919,301,0
brc100d,890,2809,540,13722,2370,356.049,309,0
brc100d,891,3327,844,10906,2190,358.576,302,0
brc100d,892,2841,265,9374,995,357.96,296,0
brc100d,893,2764,346,11505,2142,358.446,294,0
brc100d,894,3608,673,12713,2146,357.019,305,0
brc100d,895,3494,282,10846,1097,358.191,307,0
brc100d,896,3067,483,14930,1284,357.019,305,0
brc100d,897,3093,412,10515,1300,357.86,293,0
brc100d,898,4074,521,10806,1086,356.848,304,0
brc100d,899,3106,238,8551,1113,358.818,301,0
brc100d,900,2913,507,10417,1293,363.019,311,0
brc100d,901,2755,429,11827,1091,360.836,320,0
brc100d,902,2850,340,11386,1605,360.919,306,0
brc100d,903,3334,389,7116,586,363.274,298,0
brc100d,904,3811,351,11298,1000,363.191,312,0
brc100d,905,3656,694,12200,2069,362.99,306,0
brc100d,906,3577,466,9679,928,362.375,300,0
brc100d,907,2874,755,11829,1885,360.718,300,0
brc100d,908,2927,266,11467,817,361.321,318,0
brc100d,909,2791,714,11564,1893,362.446,298,0
brc100d,910,3442,743,11135,1252,365.446,301,0
brc100d,911,3567,996,10303,1472,364.517,298,0
brc100d,912,2366,231,10718,1123,365.676,312,0
brc100d,913,2516,514,13330,2227,367.09,313,0
brc100d,914,3079,509,11927,1274,367.676,314,0
brc100d,915,2646,540,11042,1348,365.605,314,0
brc100d,916,3655,390,9621,1121,367.747,312,0
brc100d,917,2748,199,8499,1475,365.345,298,0
brc100d,918,2807,282,10009,829,367.706,319,0
brc100d,919,3163,557,13326,2651,367.304,307,0
brc100d,920,3487,522,9843,865,368.203,305,0
brc100d,921,3055,372,8648,775,371.304,311,0
brc100d,922,2765,713,12796,1612,368.032,304,0
brc100d,923,2855,686,9838,1125,369.475,310,0
brc100d,924,2822,592,10447,1137,368.061,309,0
brc100d,925,3409,613,9106,1224,370.132,309,0
brc100d,926,3527,246,8228,550,369.647,311,0
brc100d,927,3223,742,11973,1413,368.818,311,0
brc100d,928,2823,270,10440,1254,368.191,317,0
brc100d,929,2985,416,9180,740,369.12,320,0
brc100d,930,3764,275,11125,938,374.96,313,0
brc100d,931,3132,441,14497,1715,373.22,327,0
brc100d,932,2212,152,13603,1154,374.362,324,0
brc100d,933,4804,198,11149,1507,374.588,306,0
brc100d,934,3117,549,10645,1393,375.86,311,0
brc100d,935,2795,455,8617,728,372.789,310,0
brc100d,936,3351,214,10205,1018,372.647,314,0
brc100d,937,2639,457,9727,1343,374.848,322,0
brc100d,938,2901,214,11843,1323,373.304,313,0
brc100d,939,3671,397,11505,1253,375.161,319,0
brc100d,940,3063,731,13310,2028,378.647,320,0
brc100d,941,3219,571,10851,2063,378.86,314,0
brc100d,942,2975,679,13504,1866,377.978,333,0
brc100d,943,2724,287,11864,1437,376.375,314,0
brc100d,944,2643,452,9383,1163,377.032,313,0
brc100d,945,3332,447,12720,1383,379.019,327,0
brc100d,946,2660,578,14952,1537,379.203,316,0
brc100d,947,4043,268,13344,761,378.931,312,0
brc100d,948,3807,653,9884,697,377.09,323,0
brc100d,949,2805,275,8258,1462,378.96,317,0
brc100d,950,4180,604,9765,762,382.416,313,0
brc100d,951,2874,424,11776,998,380.262,327,0
brc100d,952,3097,242,14094,1141,380.078,338,0
brc100d,953,4320,722,12435,974,383.233,325,0
brc100d,954,2784,320,8698,500,382.061,323,0
brc100d,955,2382,327,11545,1209,380.86,316,0
brc100d,956,3419,282,9659,513,381.889,322,0
brc100d,957,2843,442,11037,1251,380.718,320,0
brc100d,958,2219,250,10504,1193,381.831,312,0
brc100d,959,2764,359,10223,671,382.848,330,0
brc100d,960,2924,180,12055,907,384.492,342,0
brc100d,961,3328,720,12212,1202,387.789,325,0
brc100d,962,2195,251,10418,1289,384.304,324,0
brc100d,963,2154,400,10013,1353,387.404,330,0
brc100d,964,2792,477,13832,1282,387.22,341,0
brc100d,965,4259,783,11216,1052,387.558,314,0
brc100d,966,3871,626,8830,1895,385.044,309,0
brc100d,967,4009,340,13002,1120,386.706,338,0
brc100d,968,3428,427,11574,456,384.108,347,0
brc100d,969,3458,553,13434,1683,387.777,337,0
brc100d,970,2443,230,13072,1050,390.563,346,0
brc100d,971,2938,259,10282,1232,389.333,334,0
brc100d,972,2566,250,14458,1343,389.132,328,0
brc100d,973,4083,316,10285,937,390.647,332,0
brc100d,974,2843,625,11238,1080,388.333,333,0
brc100d,975,2772,228,11426,1102,389.948,340,0
brc100d,976,3786,974,13915,1108,388.416,319,0
brc100d,977,4041,582,12167,697,391.973,318,0
brc100d,978,2555,392,10566,1022,391.546,330,0
brc100d,979,2957,510,10802,672,389.99,333,0
brc100d,980,3364,421,12582,769,395.818,338,0
brc100d,981,2827,351,11635,1048,395.635,349,0
brc100d,982,3600,464,12227,676,395.304,335,0
brc100d,983,3160,583,12718,1576,395.404,338,0
brc100d,984,4059,466,10890,1463,395.144,322,0
brc100d,985,3267,356,12910,1023,392.475,333,0
brc100d,986,3702,496,10105,689,395.617,332,0
brc100d,987,3458,641,12334,1264,394.002,325,0
brc100d,988,3369,644,12278,1295,393.274,328,0
brc100d,989,3601,387,10368,528,394.061,335,0
brc100d,990,4032,386,13254,1160,396.688,331,0
brc100d,991,2727,242,12367,1199,398.061,339,0
brc100d,992,2554,442,12051,1083,397.475,338,0
brc100d,993,2696,323,13425,529,399.836,359,0
brc100d,994,3402,303,13105,1088,399.96,338,0
brc100d,995,3448,646,18861,1895,396.902,325,0
brc100d,996,2996,476,12453,1601,396.375,334,0
brc100d,997,3613,232,10544,979,398.375,336,0
brc100d,998,4360,364,8763,1020,396.789,334,0
brc100d,999,3803,763,13040,1210,398.801,324,0
brc100d,1000,3986,511,11289,965,400.487,329,0
brc100d,1001,3046,286,12896,1286,402.434,350,0
brc100d,1002,2930,670,13435,1693,401.203,338,0
brc100d,1003,2679,678,10909,1093,403.304,343,0
brc100d,1004,3070,603,10893,1513,403.759,336,0
brc100d,1005,2382,565,11240,1647,401.931,335,0
brc100d,1006,2305,280,11623,1357,403.262,350,0
brc100d,1007,2718,446,12426,1576,401.818,344,0
brc100d,1008,3407,742,11503,1266,401.186,321,0
brc100d,1009,4861,449,11162,821,402.487,331,0
brc100d,1010,3801,363,10767,811,406.576,350,0
brc100d,1011,2481,399,14263,1295,404.304,344,0
brc100d,1012,5018,706,11472,898,407.701,330,0
brc100d,1013,3488,267,13532,1233,404.777,354,0
brc100d,1014,4052,167,12424,1238,407.558,334,0
brc100d,1015,3626,511,14306,1229,406.843,325,0
brc100d,1016,3078,751,12552,1399,406.617,343,0
brc100d,1017,3241,511,13158,1388,407.475,348,0
brc100d,1018,3326,559,11418,899,407.86,343,0
brc100d,1019,3831,439,12183,1347,406.943,328,0
brc100d,1020,3914,514,8856,582,411.103,345,0
brc100d,1021,3104,269,8132,641,408.96,347,0
brc100d,1022,2691,632,13608,1185,409.546,348,0
brc100d,1023,3355,722,14229,1920,411.345,344,0
brc100d,1024,3898,307,13366,1163,410.286,333,0
brc100d,1025,3529,412,12861,947,409.345,342,0
brc100d,1026,2685,495,12899,1487,409.759,342,0
brc100d,1027,3544,711,12144,1324,411.286,334,0
brc100d,1028,3493,320,13309,911,410.534,361,0
brc100d,1029,2086,241,13833,1039,410.647,352,0
brc100d,1030,3240,255,14637,1326,415.291,367,0
brc100d,1031,2770,346,13884,1674,412.103,346,0
brc100d,1032,3208,665,14444,2385,413.245,343,0
brc100d,1033,3302,372,12812,1034,414.818,357,0
brc100d,1034,2917,199,11882,1338,413.688,348,0
brc100d,1035,4342,421,12519,900,415.316,343,0
brc100d,1036,3844,338,9335,678,415.73,343,0
brc100d,1037,3773,789,13844,1323,412.801,338,0
brc100d,1038,2977,492,13605,1507,415.801,341,0
brc100d,1039,3077,241,12035,882,414.446,350,0
brc100d,1040,3178,376,15956,1497,418.304,358,0
brc100d,1041,3665,262,11227,717,416.203,353,0
brc100d,1042,2510,226,12909,1052,418.576,362,0
brc100d,1043,2045,359,12397,1544,419.404,362,0
brc100d,1044,2686,421,13095,1405,417.316,345,0
brc100d,1045,2864,243,11773,1088,417.446,353,0
brc100d,1046,3383,489,11608,905,419.132,358,0
brc100d,1047,2851,336,13065,730,419.049,372,0
brc100d,1048,2195,235,13307,931,416.647,358,0
brc100d,1049,4696,672,11339,788,418.529,340,0
brc100d,1050,3283,428,12999,895,421.387,347,0
brc100d,1051,2461,406,12894,1746,420.103,354,0
brc100d,1052,3214,277,9929,630,422.973,349,0
brc100d,1053,3433,455,10348,887,420.274,355,0
brc100d,1054,3288,195,9301,1246,420.718,360,0
brc100d,1055,3689,492,7897,735,423.375,361,0
brc100d,1056,2664,148,10570,561,422.818,365,0
brc100d,1057,3501,613,13406,1517,422.032,358,0
brc100d,1058,4149,342,11471,663,423.759,356,0
brc100d,1059,3404,621,15241,2390,422.931,356,0
brc100d,1060,3132,484,12670,1910,425.801,351,0
brc100d,1061,3401,350,11824,1519,424.588,356,0
brc100d,1062,3045,414,12571,840,424.245,354,0
brc100d,1063,5294,480,11729,1275,424.843,343,0
brc100d,1064,3390,359,12276,741,427.375,365,0
brc100d,1065,3379,710,14112,1109,425.801,351,0
brc100d,1066,4092,171,11144,911,424.671,342,0
brc100d,1067,3998,391,10461,807,425.759,358,0
brc100d,1068,4341,510,9600,856,424.63,349,0
brc100d,1069,3425,247,9606,762,427.375,365,0
brc100d,1070,3419,452,12008,1270,428.345,361,0
brc100d,1071,4260,420,10195,649,428.843,347,0
brc100d,1072,3087,647,15309,1340,430.132,369,0
brc100d,1073,3169,455,9538,593,430.487,359,0
brc100d,1074,3675,737,13549,1252,428.044,352,0
brc100d,1075,4021,627,14338,1601,428.517,362,0
brc100d,1076,2970,359,10978,568,431.233,373,0
brc100d,1077,3146,404,8549,745,431.416,362,0
brc100d,1078,3008,313,12236,498,428.789,366,0
brc100d,1079,3689,302,10524,637,428.659,358,0
brc100d,1080,2848,436,14604,1542,434.345,367,0
brc100d,1081,3466,722,13291,1510,434.174,366,0
brc100d,1082,3542,211,13474,520,433.801,359,0
brc100d,1083,3818,317,10786,353,435.86,371,0
brc100d,1084,3311,600,9987,1105,432.588,364,0
brc100d,1085,3870,820,14283,1164,435.5,352,0
brc100d,1086,3459,540,9843,931,432.931,366,0
brc100d,1087,2814,272,14109,1079,435.517,369,0
brc100d,1088,3528,475,13637,1589,435.174,367,0
brc100d,1089,3062,473,11238,878,434.759,367,0
brc100d,1090,3050,176,15088,847,436.115,358,0
brc100d,1091,2816,267,9843,587,436.132,375,0
brc100d,1092,2761,618,13492,1352,438.96,377,0
brc100d,1093,3125,190,10904,601,438.233,380,0
brc100d,1094,2421,401,13075,1325,439.002,370,0
brc100d,1095,3506,312,12274,1315,439.061,380,0
brc100d,1096,2921,329,14035,1217,438.718,378,0
brc100d,1097,5176,389,13299,948,438.014,357,0
brc100d,1098,3427,620,15268,1869,439.931,373,0
brc100d,1099,3025,200,10256,828,437.103,371,0
brc100d,1100,4172,341,10848,716,440.943,362,0
brc100d,1101,5085,551,11819,759,443.002,374,0
brc100d,1102,3032,352,16315,1715,441.316,369,0
brc100d,1103,3292,273,10952,420,443.759,376,0
brc100d,1104,3061,525,13902,1437,440.416,371,0
brc100d,1105,3789,765,11168,1304,440.759,373,0
brc100d,1106,3412,534,13505,1154,440.085,357,0
brc100d,1107,3867,818,12631,1250,440.274,375,0
brc100d,1108,2896,120,10145,442,441.203,378,0
brc100d,1109,2743,226,11058,838,441.345,374,0
brc100d,1110,4237,271,10957,801,444.458,368,0
brc100d,1111,4889,401,12689,987,446.943,368,0
brc100d,1112,3089,604,14052,1192,447.5,364,0
brc100d,1113,4225,602,14393,1313,445.274,380,0
brc100d,1114,2820,327,12656,1404,446.86,382,0
brc100d,1115,3444,285,12857,722,445.671,363,0
brc100d,1116,3421,412,12912,943,444.789,382,0
brc100d,1117,2964,151,15215,1338,447.789,385,0
brc100d,1118,3854,237,12290,798,445.144,372,0
brc100d,1119,3131,407,10482,567,445.73,373,0
brc100d,1120,3371,335,10722,406,448.588,380,0
brc100d,1121,3647,248,8487,438,448.659,378,0
brc100d,1122,3490,515,14819,1123,448.617,385,0
brc100d,1123,4657,753,15655,904,449.144,376,0
brc100d,1124,3606,610,14003,1172,450.571,365,0
brc100d,1125,3348,268,10402,665,449.044,373,0
brc100d,1126,3316,293,9139,540,448.588,380,0
brc100d,1127,4960,380,13240,1175,448.357,369,0
brc100d,1128,4462,280,9938,881,448.257,366,0
brc100d,1129,3926,926,17008,2171,451.801,377,0
brc100d,1130,3359,251,13991,1768,455.357,376,0
brc100d,1131,4109,283,13488,522,453.103,387,0
brc100d,1132,4248,261,12623,1171,452.257,370,0
brc100d,1133,4538,134,11295,685,455.286,378,0
brc100d,1134,3244,291,11786,828,453.517,387,0
brc100d,1135,3134,257,8593,654,452.517,386,0
brc100d,1136,4361,101,10847,401,455.032,391,0
brc100d,1137,4999,568,12523,1000,452.872,376,0
brc100d,1138,3935,175,10425,814,454.387,380,0
brc100d,1139,3431,436,9933,856,454.759,387,0
brc100d,1140,3777,205,10848,406,459.63,384,0
brc100d,1141,2911,439,17535,1760,458.002,389,0
brc100d,1142,3880,345,16081,854,458.357,379,0
brc100d,1143,4402,400,12860,910,458.399,372,0
brc100d,1144,4407,574,9987,649,457.245,387,0
brc100d,1145,2710,254,9241,444,456.274,391,0
brc100d,1146,4696,238,11511,672,456.914,373,0
brc100d,1147,3805,374,15461,1157,457.186,377,0
brc100d,1148,3485,269,12846,770,456.257,374,0
brc100d,1149,3254,510,11251,1236,457.458,381,0
brc100d,1150,4567,350,11918,897,462.286,385,0
brc100d,1151,3177,233,15689,1274,462.002,393,0
brc100d,1152,3118,278,13632,857,462.186,382,0
brc100d,1153,3024,346,10689,781,463.085,380,0
brc100d,1154,4524,482,13154,1263,461.813,375,0
brc100d,1155,4261,337,9701,651,462.571,377,0
brc100d,1156,4081,213,10656,747,460.044,384,0
brc100d,1157,4206,411,11502,648,460.588,392,0
brc100d,1158,3151,313,9689,475,461.345,394,0
brc100d,1159,3458,376,18248,1475,461.73,389,0
brc100d,1160,4000,493,16596,1121,465.86,401,0
brc100d,1161,3566,423,12472,699,464.203,401,0
brc100d,1162,3331,737,14295,1746,466.186,386,0
brc100d,1163,3273,306,12509,775,467.884,379,0
brc100d,1164,2878,205,11550,311,467.156,382,0
brc100d,1165,4049,537,15040,865,467.701,390,0
brc100d,1166,4597,203,12535,591,467.659,397,0
brc100d,1167,3310,289,13210,856,464.588,396,0
brc100d,1168,2855,445,17392,1245,467.588,399,0
brc100d,1169,4619,269,13520,753,465.215,390,0
brc100d,1170,3602,636,16547,1493,470.245,400,0
brc100d,1171,4962,603,13079,946,471.884,383,0
brc100d,1172,4018,264,11238,700,468.174,400,0
brc100d,1173,3765,217,12592,448,471.617,408,0
brc100d,1174,3314,208,17358,583,470.742,386,0
brc100d,1175,3358,352,9895,661,469.044,393,0
brc100d,1176,3482,446,15351,1307,471.245,401,0
brc100d,1177,4944,578,14282,1398,471.943,393,0
brc100d,1178,3446,523,16023,1571,469.144,396,0
brc100d,1179,3191,264,12378,554,468.517,402,0
brc100d,1180,3469,262,9116,496,472.416,403,0
brc100d,1181,4781,529,12871,1014,474.014,393,0
brc100d,1182,3285,455,16386,1223,474.286,397,0
brc100d,1183,3489,166,13740,409,472.056,384,0
brc100d,1184,3849,586,12388,481,473.688,408,0
brc100d,1185,5115,548,13788,1669,475.612,383,0
brc100d,1186,3202,560,15900,1274,473.588,405,0
brc100d,1187,3200,583,11978,1101,472.446,408,0
brc100d,1188,3610,266,12846,416,473.286,396,0
brc100d,1189,3790,392,17954,1486,474.044,398,0
brc100d,1190,4876,474,13152,1085,478.37,387,0
brc100d,1191,3391,435,15144,1223,479.056,391,0
brc100d,1192,4797,438,13000,939,479.014,398,0
brc100d,1193,4703,415,10484,1071,476.198,384,0
brc100d,1194,3510,335,14651,781,476.914,393,0
brc100d,1195,3573,477,15192,1407,476.902,405,0
brc100d,1196,4340,404,16724,1559,476.688,411,0
brc100d,1197,4095,765,14049,2084,476.044,400,0
brc100d,1198,4688,395,15376,800,478.529,400,0
brc100d,1199,3607,330,11415,595,479.174,411,0
brc100d,1200,4161,220,11711,795,481.156,396,0
brc100d,1201,2828,259,16988,1066,482.103,416,0
brc100d,1202,3488,269,13436,1174,483.86,419,0
brc100d,1203,4517,404,13156,708,480.186,400,0
brc100d,1204,3654,528,17609,1859,481.257,399,0
brc100d,1205,3887,605,11476,469,480.002,411,0
brc100d,1206,3675,510,9550,323,482.931,416,0
brc100d,1207,3520,649,17150,752,483.357,404,0
brc100d,1208,3678,392,13529,505,480.884,392,0
brc100d,1209,3124,285,13503,903,480.955,390,0
brc100d,1210,3869,271,13255,744,487.813,401,0
brc100d,1211,4576,315,13495,758,484.985,399,0
brc100d,1212,4511,259,15397,754,486.487,415,0
brc100d,1213,3516,217,15746,393,487.357,408,0
brc100d,1214,3579,227,12538,946,485.156,400,0
brc100d,1215,4139,277,12990,746,485.914,402,0
brc100d,1216,3294,274,13773,511,486.085,403,0
brc100d,1217,4381,245,12273,559,485.843,404,0
brc100d,1218,4811,653,12275,1459,484.411,386,0
brc100d,1219,4119,615,16523,1316,485.014,404,0
brc100d,1220,4458,387,13738,803,489.227,402,0
brc100d,1221,4415,521,10629,672,488.299,399,0
brc100d,1222,3616,612,15789,1211,488.227,401,0
brc100d,1223,3828,202,14643,882,489.044,413,0
brc100d,1224,3401,344,17250,1567,488.872,412,0
brc100d,1225,4092,298,12509,775,489.085,406,0
brc100d,1226,3198,213,15456,801,489.742,405,0
brc100d,1227,3795,274,13456,459,489.742,405,0
brc100d,1228,3671,684,14878,1983,489.571,404,0
brc100d,1229,5242,689,14536,1086,488.683,394,0
brc100d,1230,3649,554,16211,1049,492.701,415,0
brc100d,1231,4322,213,13717,810,493.642,406,0
brc100d,1232,3281,255,14285,825,494.831,425,0
brc100d,1233,3273,717,17771,1716,494.316,422,0
brc100d,1234,3549,472,14802,1785,492.186,412,0
brc100d,1235,4927,473,13820,843,494.642,407,0
brc100d,1236,4396,364,10828,684,492.428,411,0
brc100d,1237,4207,228,13903,777,493.002,424,0
brc100d,1238,4786,400,16777,1044,495.588,427,0
brc100d,1239,4018,562,14655,1607,492.144,419,0
brc100d,1240,4478,262,13495,669,497.813,411,0
brc100d,1241,3208,422,15695,1481,497.73,425,0
brc100d,1242,4677,123,14332,985,497.227,410,0
brc100d,1243,3351,235,15972,765,496.127,406,0
brc100d,1244,3209,309,13712,1238,496.931,430,0
brc100d,1245,3374,193,12036,464,498.487,427,0
brc100d,1246,3409,212,9256,437,496.144,423,0
brc100d,1247,3170,246,10584,610,499.659,429,0
brc100d,1248,4083,184,13351,639,496.227,409,0
brc100d,1249,3444,566,18047,1391,497.5,414,0
brc100d,1250,4336,389,12395,637,500.299,411,0
brc100d,1251,4422,279,12032,840,500.6,420,0
brc100d,1252,4267,202,11636,535,500.742,416,0
brc100d,1253,4440,322,10345,552,501.612,409,0
brc100d,1254,3361,549,16670,1405,501.772,422,0
brc100d,1255,2686,307,14453,1050,500.688,435,0
brc100d,1256,4392,311,13582,539,501.115,423,0
brc100d,1257,3935,258,15350,714,501.884,413,0
brc100d,1258,3954,231,12675,621,500.257,418,0
brc100d,1259,5168,676,12061,660,501.257,419,0
brc100d,1260,4332,252,11594,498,506.571,421,0
brc100d,1261,4248,214,10677,622,506.227,419,0
brc100d,1262,3655,325,17937,1228,506.002,437,0
brc100d,1263,4266,389,12715,910,504.34,408,0
brc100d,1264,4809,379,13204,888,506.558,433,0
brc100d,1265,3942,481,17860,1495,507.742,423,0
brc100d,1266,4376,216,14169,849,505.299,416,0
brc100d,1267,4277,167,11531,390,504.985,419,0
brc100d,1268,4125,794,16232,1060,505.299,416,0
brc100d,1269,3296,188,11961,565,504.642,417,0
brc100d,1270,4309,168,13140,670,508.914,425,0
brc100d,1271,3980,304,16250,575,511.056,423,0
brc100d,1272,4442,162,13473,795,511.6,431,0
brc100d,1273,4588,413,11657,902,509.713,420,0
brc100d,1274,3476,213,15574,524,510.399,424,0
brc100d,1275,4617,391,13935,1003,509.026,416,0
brc100d,1276,3182,403,17421,1247,508.387,434,0
brc100d,1277,4488,422,13284,669,508.784,417,0
brc100d,1278,3770,491,17684,619,511.286,434,0
brc100d,1279,3338,221,13050,575,508.328,424,0
brc100d,1280,4587,394,13968,736,515.299,426,0
brc100d,1281,4092,350,14507,564,513.973,440,0
brc100d,1282,3333,574,17077,1322,512.056,424,0
brc100d,1283,3529,202,12369,394,512.316,440,0
brc100d,1284,3414,202,9354,440,512.973,439,0
brc100d,1285,3232,194,10918,644,512.044,436,0
brc100d,1286,4636,495,14489,680,512.399,426,0
brc100d,1287,5549,427,13293,706,515.571,430,0
brc100d,1288,3256,265,14847,671,512.144,439,0
brc100d,1289,3642,545,17125,916,512.612,420,0
brc100d,1290,3049,321,15723,1165,517.144,444,0
brc100d,1291,5086,239,14625,673,518.399,432,0
brc100d,1292,4419,174,11946,558,516.299,427,0
brc100d,1293,3918,265,17289,614,516.813,430,0
brc100d,1294,5012,518,13155,695,519.571,434,0
brc100d,1295,4404,277,13647,689,518.227,431,0
brc100d,1296,4810,287,11153,682,519.784,428,0
brc100d,1297,3126,400,18367,1507,517.387,443,0
brc100d,1298,4693,294,14277,924,517.198,425,0
brc100d,1299,4365,673,17898,1460,516.784,425,0
brc100d,1300,3199,248,14605,437,520.316,448,0
brc100d,1301,3761,538,19414,1622,520.47,432,0
brc100d,1302,3653,213,16360,671,521.227,434,0
brc100d,1303,3416,216,14188,493,521.571,436,0
brc100d,1304,4933,357,14281,753,520.642,433,0
brc100d,1305,4450,239,12426,753,521.784,430,0
brc100d,1306,4443,157,10862,530,520.713,431,0
brc100d,1307,4414,630,18539,762,521.571,436,0
brc100d,1308,4594,349,12894,509,521.713,432,0
brc100d,1309,4515,252,12084,654,523.37,432,0
brc100d,1310,3180,659,18538,1363,526.558,453,0
brc100d,1311,3539,597,14255,1068,524.955,434,0
brc100d,1312,4448,267,13671,554,526.37,435,0
brc100d,1313,3249,240,16491,682,525.056,437,0
brc100d,1314,4568,340,13314,395,525.541,435,0
brc100d,1315,4558,134,11171,507,526.441,433,0
brc100d,1316,4612,191,10991,518,524.612,432,0
brc100d,1317,3299,353,15715,952,525.642,438,0
brc100d,1318,4605,200,12462,502,525.127,435,0
brc100d,1319,3331,194,13585,660,527.659,457,0
brc100d,1320,4542,303,12052,447,531.683,437,0
brc100d,1321,5360,272,12346,733,528.127,438,0
brc100d,1322,3772,271,16717,464,531.056,443,0
brc100d,1323,3275,444,16839,1500,531.286,454,0
brc100d,1324,3203,182,13590,571,528.902,457,0
brc100d,1325,5291,498,14820,609,529.884,441,0
brc100d,1326,3350,250,16522,679,529.855,436,0
brc100d,1327,5217,506,14210,688,530.855,437,0
brc100d,1328,3621,232,17452,472,529.056,441,0
brc100d,1329,3155,334,16684,1334,531.014,450,0
brc100d,1330,3154,348,15470,1047,532.701,455,0
brc100d,1331,5294,430,15064,499,532.914,449,0
brc100d,1332,3442,265,16131,723,534.683,440,0
brc100d,1333,3359,240,12621,374,533.127,443,0
brc100d,1334,4362,224,13796,792,535.512,440,0
brc100d,1335,4416,285,11511,426,532.784,441,0
brc100d,1336,4560,246,11293,421,535.026,442,0
brc100d,1337,5280,339,12832,783,534.227,447,0
brc100d,1338,4207,144,11716,672,532.47,444,0
brc100d,1339,3582,547,16085,940,533.269,439,0
brc100d,1340,5098,414,14100,491,536.156,451,0
brc100d,1341,3849,653,16608,1171,536.541,446,0
brc100d,1342,3428,491,13180,624,537.855,444,0
brc100d,1343,4490,277,13400,561,536.37,445,0
brc100d,1344,4275,331,15647,1178,536.583,439,0
brc100d,1345,4451,350,13108,410,537.541,447,0
brc100d,1346,5014,396,12816,828,537.37,446,0
brc100d,1347,4460,219,11684,564,537.512,442,0
brc100d,1348,3393,194,15837,538,536.713,447,0
brc100d,1349,4452,213,13377,550,538.784,447,0
brc100d,1350,4732,241,12425,736,543.583,446,0
brc100d,1351,3321,169,15663,843,540.198,448,0
brc100d,1352,4696,196,14831,436,540.428,459,0
brc100d,1353,4380,232,12530,687,542.227,455,0
brc100d,1354,4647,241,12792,624,541.571,456,0
brc100d,1355,3891,386,15820,705,540.955,450,0
brc100d,1356,4703,226,13914,698,541.642,454,0
brc100d,1357,4086,321,18167,556,540.127,450,0
brc100d,1358,5729,368,14769,555,542.612,450,0
brc100d,1359,4546,197,12626,842,541.926,446,0
