map,scenid,total,20move,distance,path_size,hLevel
brc101d,0,458,305,3.82843,4,1
brc101d,1,320,284,3.82843,4,1
brc101d,2,128,115,2,3,1
brc101d,3,204,172,1.41421,2,1
brc101d,4,132,133,1.41421,2,1
brc101d,5,292,274,2.41421,3,1
brc101d,6,305,264,2.41421,3,1
brc101d,7,308,283,2.41421,3,1
brc101d,8,117,118,3,4,1
brc101d,9,361,319,2.41421,3,1
brc101d,10,303,268,6.82843,7,1
brc101d,11,536,461,7.65685,7,1
brc101d,12,319,281,6.41421,7,1
brc101d,13,336,265,4.41421,5,1
brc101d,14,118,122,4,5,1
brc101d,15,346,280,7.07107,6,1
brc101d,16,233,214,4.41421,5,1
brc101d,17,347,280,6.82843,7,1
brc101d,18,306,301,4.82843,5,1
brc101d,19,341,288,7.41421,8,1
brc101d,20,234,205,9.24264,9,1
brc101d,21,323,279,9.65685,9,1
brc101d,22,397,314,11.0711,10,1
brc101d,23,448,414,10.4853,9,1
brc101d,24,266,282,8.48528,7,1
brc101d,25,505,337,10.0711,9,1
brc101d,26,342,305,9.24264,9,1
brc101d,27,218,200,9.41421,10,1
brc101d,28,254,264,8.24264,8,1
brc101d,29,255,242,10.6569,10,1
brc101d,30,274,241,14.2426,14,1
brc101d,31,310,277,12.0711,11,1
brc101d,32,475,450,14.2426,14,1
brc101d,33,501,447,15.1421,12,1
brc101d,34,360,307,15.3137,13,1
brc101d,35,235,220,15.7279,13,1
brc101d,36,206,172,13,14,1
brc101d,37,432,376,13.3137,11,1
brc101d,38,241,209,14.6569,14,1
brc101d,39,616,558,13.3137,11,1
brc101d,40,290,227,19.6569,19,1
brc101d,41,529,450,17.3137,15,1
brc101d,42,987,743,17.9706,14,1
brc101d,43,484,481,16.8995,15,1
brc101d,44,250,284,16.8995,15,1
brc101d,45,231,250,17.4142,18,1
brc101d,46,370,354,19.8995,18,1
brc101d,47,361,335,17.7279,15,1
brc101d,48,372,286,17.6569,17,1
brc101d,49,285,222,18.3137,16,1
brc101d,50,329,306,22.1421,19,1
brc101d,51,380,337,21.2426,21,1
brc101d,52,110,131,22,23,1
brc101d,53,650,575,21.8995,20,1
brc101d,54,417,401,23.7279,21,1
brc101d,55,376,375,23.799,19,1
brc101d,56,569,514,22.7279,20,1
brc101d,57,326,312,22.6569,22,1
brc101d,58,729,540,23.799,19,1
brc101d,59,522,402,22.4142,23,1
brc101d,60,561,498,25.3137,23,1
brc101d,61,290,265,24.4142,25,1
brc101d,62,623,490,26.4853,25,1
brc101d,63,353,341,26.1421,23,1
brc101d,64,380,385,24.2426,24,1
brc101d,65,446,412,24.3848,20,1
brc101d,66,228,226,26.8995,25,1
brc101d,67,526,423,26.1421,23,1
brc101d,68,1288,1092,26.3137,24,1
brc101d,69,558,511,25.6274,20,1
brc101d,70,449,258,31.6985,24,1
brc101d,71,776,730,30.4558,24,1
brc101d,72,350,329,29.4853,28,1
brc101d,73,1197,895,29.2132,24,1
brc101d,74,676,418,31.2426,31,1
brc101d,75,291,262,31.6274,26,1
brc101d,76,850,580,29.2843,22,1
brc101d,77,584,567,30.5563,27,1
brc101d,78,801,764,28.1421,25,1
brc101d,79,341,316,29.6274,24,1
brc101d,80,1004,947,34.1421,31,1
brc101d,81,946,657,33.8701,27,1
brc101d,82,339,296,35.3137,33,1
brc101d,83,280,257,35.0711,34,1
brc101d,84,400,270,35.4142,36,1
brc101d,85,643,501,33.2843,26,1
brc101d,86,302,254,32.0711,31,1
brc101d,87,1004,763,33.4558,27,1
brc101d,88,439,421,34.3137,32,1
brc101d,89,134,118,35,36,1
brc101d,90,499,420,38.0416,32,1
brc101d,91,1097,711,39.2843,32,1
brc101d,92,831,377,37.1127,29,1
brc101d,93,984,666,36.0711,35,1
brc101d,94,1144,1046,38.2132,33,1
brc101d,95,386,361,38.8995,37,1
brc101d,96,419,303,38.2843,31,1
brc101d,97,481,441,36.3848,32,1
brc101d,98,410,357,39.8284,40,1
brc101d,99,806,576,37.4558,31,1
brc101d,100,840,692,42.8701,36,1
brc101d,101,373,281,41.4853,40,1
brc101d,102,1473,1236,40.9706,37,1
brc101d,103,427,202,41.4853,40,1
brc101d,104,811,481,41.7279,39,1
brc101d,105,610,514,43.799,39,1
brc101d,106,997,622,42.6274,37,1
brc101d,107,1545,847,43.3137,41,1
brc101d,108,338,278,40.8995,39,1
brc101d,109,774,637,41.7696,32,1
brc101d,110,793,345,46.4558,40,1
brc101d,111,1165,900,44.2843,37,1
brc101d,112,1268,469,45.7696,36,1
brc101d,113,495,236,46.2843,39,1
brc101d,114,841,416,44.4264,33,1
brc101d,115,792,548,44.3137,42,1
brc101d,116,1090,234,45.4853,44,1
brc101d,117,566,398,44.0122,33,1
brc101d,118,846,422,47.9706,44,1
brc101d,119,589,398,46.2843,39,1
brc101d,120,1807,879,51.4558,45,1
brc101d,121,1640,563,51.0122,40,1
brc101d,122,743,314,51.1838,41,1
brc101d,123,1152,269,48.1421,45,1
brc101d,124,571,353,49.7696,40,1
brc101d,125,789,582,48.0122,37,1
brc101d,126,566,462,51.2132,46,1
brc101d,127,549,371,49.1421,46,1
brc101d,128,613,275,49.6985,42,1
brc101d,129,951,919,48.8995,47,1
brc101d,130,555,332,54.5269,46,1
brc101d,131,514,266,53.799,49,1
brc101d,132,613,401,53.3137,51,1
brc101d,133,735,238,54.3259,40,1
brc101d,134,1122,436,54.8701,48,1
brc101d,135,332,317,53.4558,47,1
brc101d,136,841,606,53.8701,47,1
brc101d,137,963,694,55.1127,47,1
brc101d,138,595,488,55.9411,47,1
brc101d,139,1607,966,54.9411,46,1
brc101d,140,440,238,59.1127,51,1
brc101d,141,587,610,57.3848,53,1
brc101d,142,781,418,58.2132,53,1
brc101d,143,1174,448,58.9117,45,1
brc101d,144,806,387,56.8701,50,1
brc101d,145,1339,610,56.0833,43,1
brc101d,146,1240,484,59.2548,47,1
brc101d,147,939,554,58.4558,52,1
brc101d,148,1802,267,57.6985,50,1
brc101d,149,708,190,59.1838,49,1
brc101d,150,1273,374,63.2843,56,1
brc101d,151,1084,963,63.2132,58,1
brc101d,152,649,374,62.4264,51,1
brc101d,153,962,334,63.7279,61,1
brc101d,154,682,380,63.2426,63,1
brc101d,155,1662,663,63.8406,52,1
brc101d,156,892,328,60.3137,58,1
brc101d,157,869,284,61.5685,46,1
brc101d,158,811,291,61.1838,51,1
brc101d,159,1360,784,62.598,52,1
brc101d,160,783,263,67.3553,58,1
brc101d,161,1054,417,67.1838,57,1
brc101d,162,691,156,65.9411,57,1
brc101d,163,1137,608,67.9117,54,1
brc101d,164,495,319,65.2843,58,1
brc101d,165,1208,403,65.799,61,1
brc101d,166,662,498,65.1838,55,1
brc101d,167,1220,222,64.7279,62,1
brc101d,168,1097,332,65.0833,52,1
brc101d,169,1101,164,64.9117,51,1
brc101d,170,577,181,69.3553,60,1
brc101d,171,799,319,71.397,55,1
brc101d,172,834,206,68.4853,67,1
brc101d,173,601,221,71.6985,64,1
brc101d,174,1135,773,68.5269,60,1
brc101d,175,2277,1243,69.4558,63,1
brc101d,176,724,307,70.669,58,1
brc101d,177,1070,287,68.5269,60,1
brc101d,178,2836,1374,68.7696,59,1
brc101d,179,1036,334,69.9828,54,1
brc101d,180,852,420,72.6274,67,1
brc101d,181,961,240,72.8701,66,1
brc101d,182,1545,865,75.1838,65,1
brc101d,183,1232,305,75.7401,61,1
brc101d,184,662,188,72.8284,73,1
brc101d,185,479,445,73.1421,70,1
brc101d,186,779,446,74.0833,61,1
brc101d,187,1527,1012,72.0833,59,1
brc101d,188,1411,677,74.3553,65,1
brc101d,189,1641,504,73.8406,62,1
brc101d,190,927,141,77.0122,66,1
brc101d,191,1059,477,76.8406,65,1
brc101d,192,1487,632,76.8406,65,1
brc101d,193,898,284,79.4975,66,1
brc101d,194,1930,413,79.6985,72,1
brc101d,195,708,270,76.0122,65,1
brc101d,196,1029,334,76.9828,61,1
brc101d,197,626,205,79.1421,76,1
brc101d,198,1009,442,78.669,66,1
brc101d,199,1833,241,77.5269,69,1
brc101d,200,1885,453,83.598,73,1
brc101d,201,1442,488,82.0833,69,1
brc101d,202,1647,557,83.669,71,1
brc101d,203,1564,864,81.9828,66,1
brc101d,204,1453,319,80.2254,63,1
brc101d,205,2165,1045,83.7696,74,1
brc101d,206,810,237,81.5269,73,1
brc101d,207,1352,595,81.7401,67,1
brc101d,208,1156,293,81.669,69,1
brc101d,209,655,304,83.2132,78,1
brc101d,210,1255,390,86.9828,71,1
brc101d,211,1152,536,85.9411,77,1
brc101d,212,428,443,86.6569,86,1
brc101d,213,1724,233,85.2548,73,1
brc101d,214,1342,644,85.7696,76,1
brc101d,215,629,314,87.7401,73,1
brc101d,216,1388,221,86.4975,73,1
brc101d,217,1256,486,86.7696,77,1
brc101d,218,1963,597,84.6396,67,1
brc101d,219,911,490,84.0416,78,1
brc101d,220,997,470,90.6985,83,1
brc101d,221,913,385,90.8822,72,1
brc101d,222,1454,414,88.0538,70,1
brc101d,223,1351,223,89.1838,79,1
brc101d,224,810,257,89.9828,74,1
brc101d,225,1902,270,91.1543,76,1
brc101d,226,866,327,89.3848,85,1
brc101d,227,1255,311,90.2548,78,1
brc101d,228,951,259,91.2965,72,1
brc101d,229,1821,395,90.8112,74,1
brc101d,230,1372,493,92.8406,81,1
brc101d,231,1218,432,92.8406,81,1
brc101d,232,1357,521,94.3675,73,1
brc101d,233,1145,397,93.0538,75,1
brc101d,234,890,583,93.4264,82,1
brc101d,235,1196,440,94.0122,83,1
brc101d,236,1209,741,93.0538,75,1
brc101d,237,1313,425,92.7107,73,1
brc101d,238,822,409,93.5563,90,1
brc101d,239,1529,407,93.4975,80,1
brc101d,240,1059,467,97.7107,78,1
brc101d,241,435,377,99.9706,96,1
brc101d,242,1953,826,96.1543,81,1
brc101d,243,674,235,98.0833,85,1
brc101d,244,519,229,99.5685,84,1
brc101d,245,642,239,98.4264,87,1
brc101d,246,1124,321,98.5391,78,1
brc101d,247,480,210,98.3259,84,1
brc101d,248,880,511,96.5685,81,1
brc101d,249,1443,378,98.5685,83,1
brc101d,250,840,468,101.024,78,1
brc101d,251,1419,301,101.355,92,1
brc101d,252,1687,604,102.74,88,1
brc101d,253,1587,252,101.468,83,1
brc101d,254,659,629,102.042,96,1
brc101d,255,842,405,101.355,92,1
brc101d,256,594,317,100.355,91,1
brc101d,257,1188,416,100.782,79,1
brc101d,258,1239,541,102.355,93,1
brc101d,259,1266,397,103.669,91,1
brc101d,260,639,237,105.527,97,1
brc101d,261,580,253,107.912,94,1
brc101d,262,1649,133,106.284,99,1
brc101d,263,2084,556,107.184,97,1
brc101d,264,1207,265,105.853,82,1
brc101d,265,1457,432,106.154,91,1
brc101d,266,2099,521,104.64,87,1
brc101d,267,1656,677,106.054,88,1
brc101d,268,767,473,106.125,86,1
brc101d,269,1457,472,106.912,93,1
brc101d,270,1833,419,108.154,93,1
brc101d,271,1321,517,110.497,97,1
brc101d,272,1001,461,111.439,88,1
brc101d,273,1269,214,110.385,106,1
brc101d,274,2550,416,108.912,95,1
brc101d,275,1432,227,111.74,97,1
brc101d,276,936,397,110.61,88,1
brc101d,277,1929,620,108.569,93,1
brc101d,278,1059,288,108.941,100,1
brc101d,279,2366,576,111.61,89,1
brc101d,280,1671,603,112.912,99,1
brc101d,281,2040,278,112.74,98,1
brc101d,282,1620,370,114.083,101,1
brc101d,283,1547,856,112.326,98,1
brc101d,284,1314,236,112.74,98,1
brc101d,285,1002,172,112.225,95,1
brc101d,286,1047,241,112.167,85,1
brc101d,287,2659,555,113.598,103,1
brc101d,288,1581,322,114.882,96,1
brc101d,289,1519,423,114.154,99,1
brc101d,290,1677,294,119.426,108,1
brc101d,291,863,157,116.426,105,1
brc101d,292,1159,348,116.397,100,1
brc101d,293,2163,233,118.61,96,1
brc101d,294,949,258,119.267,95,1
brc101d,295,1745,355,118.61,96,1
brc101d,296,1073,216,118.799,114,1
brc101d,297,1545,276,116.054,98,1
brc101d,298,984,511,117.154,102,1
brc101d,299,2282,680,116.225,99,1
brc101d,300,1242,174,121.397,105,1
brc101d,301,1567,238,122.711,103,1
brc101d,302,2198,572,123.581,96,1
brc101d,303,1187,348,122.64,105,1
brc101d,304,2889,911,122.296,103,1
brc101d,305,3564,415,122.711,103,1
brc101d,306,1020,417,123.326,109,1
brc101d,307,1636,452,121.882,103,1
brc101d,308,1262,622,121.326,107,1
brc101d,309,1157,332,120.711,101,1
brc101d,310,2534,824,126.51,101,1
brc101d,311,2157,695,126.953,106,1
brc101d,312,1517,316,124.711,105,1
brc101d,313,1134,322,125.841,114,1
brc101d,314,1019,266,124.569,109,1
brc101d,315,1558,350,124.971,121,1
brc101d,316,767,466,124.497,111,1
brc101d,317,1241,393,124.723,93,1
brc101d,318,1577,316,126.338,100,1
brc101d,319,1807,344,127.983,112,1
brc101d,320,2202,551,131.468,113,1
brc101d,321,1023,479,129.397,113,1
brc101d,322,1803,389,129.669,117,1
brc101d,323,1636,317,130.468,112,1
brc101d,324,1854,360,130.066,100,1
brc101d,325,1234,332,130.054,112,1
brc101d,326,1737,491,131.468,113,1
brc101d,327,1006,481,130.51,105,1
brc101d,328,1082,373,131.912,118,1
brc101d,329,2518,818,129.983,114,1
brc101d,330,2411,403,135.953,115,1
brc101d,331,1870,284,135.054,117,1
brc101d,332,1363,200,134.012,123,1
brc101d,333,1502,242,133.225,116,1
brc101d,334,898,193,132.77,123,1
brc101d,335,1285,321,133.953,113,1
brc101d,336,945,242,133.527,125,1
brc101d,337,1552,302,135.368,114,1
brc101d,338,1543,419,133.811,117,1
brc101d,339,1127,316,132.083,119,1
brc101d,340,1482,496,136.652,107,1
brc101d,341,1247,230,139.794,106,1
brc101d,342,1218,89,138.551,106,1
brc101d,343,3301,477,138.338,112,1
brc101d,344,1495,439,136.167,109,1
brc101d,345,1894,209,139.64,122,1
brc101d,346,1850,244,138.811,122,1
brc101d,347,683,184,139.326,125,1
brc101d,348,1687,515,136.225,119,1
brc101d,349,2092,483,139.267,115,1
brc101d,350,2646,736,143.184,133,1
brc101d,351,2129,189,143.368,122,1
brc101d,352,1878,296,142.397,126,1
brc101d,353,2492,473,140.024,117,1
brc101d,354,2522,773,140.368,119,1
brc101d,355,1043,342,142.64,125,1
brc101d,356,2179,337,140.095,115,1
brc101d,357,1501,597,142.225,125,1
brc101d,358,1718,438,140.368,119,1
brc101d,359,1153,671,141.095,116,1
brc101d,360,1554,571,145.652,116,1
brc101d,361,1285,564,147.125,127,1
brc101d,362,2154,226,147.167,120,1
brc101d,363,3433,600,145.983,130,1
brc101d,364,2044,213,147.296,128,1
brc101d,365,769,246,145.267,121,1
brc101d,366,2015,253,144.681,120,1
brc101d,367,1745,200,144.326,130,1
brc101d,368,1442,359,145.865,110,1
brc101d,369,1781,242,146.841,135,1
brc101d,370,2100,614,151.296,132,1
brc101d,371,2174,682,149.095,124,1
brc101d,372,2374,216,150.267,126,1
brc101d,373,3426,240,149.196,127,1
brc101d,374,2025,190,150.196,128,1
brc101d,375,1372,262,150.426,139,1
brc101d,376,2526,561,150.267,126,1
brc101d,377,1314,317,148.368,127,1
brc101d,378,1774,197,150.225,133,1
brc101d,379,1324,248,148.51,123,1
brc101d,380,1874,328,155.823,127,1
brc101d,381,2322,360,153.711,134,1
brc101d,382,2393,602,154.811,138,1
brc101d,383,2551,612,155.012,144,1
brc101d,384,1874,217,153.426,142,1
brc101d,385,2529,393,154.238,125,1
brc101d,386,2429,953,153.581,126,1
brc101d,387,1684,328,154.296,135,1
brc101d,388,2190,195,154.125,134,1
brc101d,389,1572,363,152.752,126,1
brc101d,390,1329,573,159.598,149,1
brc101d,391,1131,480,159.125,139,1
brc101d,392,1720,211,158.894,128,1
brc101d,393,1615,514,159.995,132,1
brc101d,394,2203,169,156.953,136,1
brc101d,395,1965,451,158.267,134,1
brc101d,396,2164,515,158.238,129,1
brc101d,397,1395,199,159.409,131,1
brc101d,398,2364,607,158.782,137,1
brc101d,399,1324,197,159.451,124,1
brc101d,400,2970,210,162.024,139,1
brc101d,401,1647,340,160.468,142,1
brc101d,402,1192,337,160.953,140,1
brc101d,403,1526,189,163.255,151,1
brc101d,404,1354,294,160.882,142,1
brc101d,405,1606,558,161.823,133,1
brc101d,406,2379,519,161.882,143,1
brc101d,407,918,262,162.338,136,1
brc101d,408,815,107,160.953,140,1
brc101d,409,1589,337,161.912,148,1
brc101d,410,1783,356,166.823,138,1
brc101d,411,1557,602,166.61,144,1
brc101d,412,2449,525,167.681,143,1
brc101d,413,2278,209,165.409,137,1
brc101d,414,1981,361,166.581,139,1
brc101d,415,1327,333,167.024,144,1
brc101d,416,1645,541,165.267,141,1
brc101d,417,1461,194,166.083,153,1
brc101d,418,2015,206,164.953,144,1
brc101d,419,1621,329,164.823,136,1
brc101d,420,2315,352,169.024,146,1
brc101d,421,2163,464,171.095,146,1
brc101d,422,1857,196,168.154,153,1
brc101d,423,1068,159,171.225,154,1
brc101d,424,1226,188,170.409,142,1
brc101d,425,1891,396,170.439,147,1
brc101d,426,1807,221,169.338,143,1
brc101d,427,1673,481,171.439,148,1
brc101d,428,1272,275,170.823,142,1
brc101d,429,1939,338,170.439,147,1
brc101d,430,2029,487,175.782,154,1
brc101d,431,2291,385,175.095,150,1
brc101d,432,2131,116,174.439,151,1
brc101d,433,1625,410,174.154,159,1
brc101d,434,1290,360,173.497,160,1
brc101d,435,1764,471,175.912,162,1
brc101d,436,2143,420,172.338,146,1
brc101d,437,1972,239,172.024,149,1
brc101d,438,1466,646,173.238,144,1
brc101d,439,1361,359,175.912,162,1
brc101d,440,1761,592,179.125,159,1
brc101d,441,1939,517,178.409,150,1
brc101d,442,2577,800,176.551,144,1
brc101d,443,1480,239,177.983,162,1
brc101d,444,1718,452,176.296,157,1
brc101d,445,2511,550,177.752,151,1
brc101d,446,1552,173,176.953,156,1
brc101d,447,1949,505,178.054,160,1
brc101d,448,1415,285,177.054,159,1
brc101d,449,3401,481,177.865,142,1
brc101d,450,2036,205,180.953,160,1
brc101d,451,2287,314,182.995,155,1
brc101d,452,2174,306,181.238,152,1
brc101d,453,1648,558,180.125,160,1
brc101d,454,1734,484,181.338,155,1
brc101d,455,2172,317,180.995,153,1
brc101d,456,1433,261,181.681,157,1
brc101d,457,2124,622,182.409,154,1
brc101d,458,2295,237,182.711,163,1
brc101d,459,1596,194,180.309,149,1
brc101d,460,1429,218,184.225,167,1
brc101d,461,1807,488,186.439,163,1
brc101d,462,3304,652,187.51,162,1
brc101d,463,1634,315,186.409,158,1
brc101d,464,1251,317,185.924,160,1
brc101d,465,1204,183,184.581,157,1
brc101d,466,1972,433,185.953,165,1
brc101d,467,2360,309,187.953,167,1
brc101d,468,2385,498,187.137,155,1
brc101d,469,2272,712,187.238,158,1
brc101d,470,2445,209,191.924,166,1
brc101d,471,2111,414,188.539,168,1
brc101d,472,2189,257,191.752,165,1
brc101d,473,1664,562,190.782,169,1
brc101d,474,3421,576,188.296,169,1
brc101d,475,2345,284,191.338,165,1
brc101d,476,2259,530,189.338,163,1
brc101d,477,1363,402,188.439,165,1
brc101d,478,1619,629,191.794,158,1
brc101d,479,1874,608,190.924,165,1
brc101d,480,3013,492,192.693,156,1
brc101d,481,1470,209,194.024,171,1
brc101d,482,1834,245,193.066,163,1
brc101d,483,1586,230,194.924,169,1
brc101d,484,3069,594,195.48,165,1
brc101d,485,2149,274,192.752,166,1
brc101d,486,2330,404,195.836,155,1
brc101d,487,1852,343,195.095,170,1
brc101d,488,3579,617,192.693,156,1
brc101d,489,2217,121,192.225,175,1
brc101d,490,2488,611,197.309,166,1
brc101d,491,2023,379,196.995,169,1
brc101d,492,1818,155,196.267,172,1
brc101d,493,3332,1122,196.267,172,1
brc101d,494,3388,693,197.024,174,1
brc101d,495,1654,520,199.953,179,1
brc101d,496,2272,368,198.865,163,1
brc101d,497,2608,610,199.723,168,1
brc101d,498,2130,261,199.622,165,1
brc101d,499,1314,237,196.338,170,1
brc101d,500,2039,446,203.309,172,1
brc101d,501,1802,200,200.924,175,1
brc101d,502,2338,482,203.309,172,1
brc101d,503,2026,381,201.066,171,1
brc101d,504,1750,234,203.208,169,1
brc101d,505,2719,323,203.439,180,1
brc101d,506,2892,231,202.267,178,1
brc101d,507,1628,679,203.581,176,1
brc101d,508,1939,273,201.095,176,1
brc101d,509,2255,210,201.238,172,1
brc101d,510,1875,299,204.279,168,1
brc101d,511,1935,193,207.882,189,1
brc101d,512,2376,565,204.238,175,1
brc101d,513,1687,429,207.108,170,1
brc101d,514,1964,190,204.966,172,1
brc101d,515,2964,488,205.208,171,1
brc101d,516,3240,442,205.61,183,1
brc101d,517,2373,312,206.681,182,1
brc101d,518,5239,577,207.551,175,1
brc101d,519,2452,729,205.409,177,1
brc101d,520,1430,346,208.409,180,1
brc101d,521,1658,146,209.652,180,1
brc101d,522,2841,188,210.764,172,1
brc101d,523,2387,328,209.823,181,1
brc101d,524,2503,512,210.279,174,1
brc101d,525,1617,481,210.267,186,1
brc101d,526,1809,224,209.35,171,1
brc101d,527,1585,354,208.64,191,1
brc101d,528,2548,383,209.409,181,1
brc101d,529,2154,514,209.581,182,1
brc101d,530,2203,261,213.35,175,1
brc101d,531,1939,221,212.823,184,1
brc101d,532,2574,410,212.522,175,1
brc101d,533,1967,290,213.267,189,1
brc101d,534,2232,536,214.652,185,1
brc101d,535,2635,520,213.723,182,1
brc101d,536,2233,516,215.823,187,1
brc101d,537,3070,363,213.622,179,1
brc101d,538,1853,323,213.823,185,1
brc101d,539,1312,212,212.581,185,1
brc101d,540,2853,803,218.652,189,1
brc101d,541,2085,452,217.995,190,1
brc101d,542,2790,209,216.48,186,1
brc101d,543,1669,212,218.836,178,1
brc101d,544,2576,446,218.551,186,1
brc101d,545,2707,382,219.823,191,1
brc101d,546,2133,331,217.48,187,1
brc101d,547,2221,480,216.066,186,1
brc101d,548,3049,267,216.593,177,1
brc101d,549,1394,166,216.652,187,1
brc101d,550,2525,394,223.794,190,1
brc101d,551,1499,297,222.865,187,1
brc101d,552,2415,486,220.279,184,1
brc101d,553,3844,951,222.309,191,1
brc101d,554,2673,492,223.966,191,1
brc101d,555,2362,497,223.652,194,1
brc101d,556,2489,219,220.35,182,1
brc101d,557,1785,215,223.924,198,1
brc101d,558,2411,738,222.037,187,1
brc101d,559,2226,445,223.179,184,1
brc101d,560,1763,361,224.108,187,1
brc101d,561,2193,871,227.066,197,1
brc101d,562,2368,339,227.936,190,1
brc101d,563,2181,134,227.25,186,1
brc101d,564,1997,315,224.037,189,1
brc101d,565,2680,373,226.936,189,1
brc101d,566,1883,270,225.037,190,1
brc101d,567,2849,852,227.823,199,1
brc101d,568,1882,472,227.752,201,1
brc101d,569,1102,239,224.179,185,1
brc101d,570,3487,879,231.551,199,1
brc101d,571,2054,507,229.622,195,1
brc101d,572,2882,513,229.794,196,1
brc101d,573,1501,333,229.622,195,1
brc101d,574,2345,334,229.451,194,1
brc101d,575,2438,251,229.693,193,1
brc101d,576,2645,251,230.154,215,1
brc101d,577,3988,237,230.007,190,1
brc101d,578,3079,200,229.794,196,1
brc101d,579,2728,215,231.551,199,1
brc101d,580,2674,280,232.752,206,1
brc101d,581,1931,191,232.037,197,1
brc101d,582,1874,551,232.581,205,1
brc101d,583,2520,334,232.279,196,1
brc101d,584,3599,216,232.764,194,1
brc101d,585,1961,281,233.35,195,1
brc101d,586,1552,191,234.078,192,1
brc101d,587,2893,555,235.321,192,1
brc101d,588,2907,648,235.167,208,1
brc101d,589,1812,175,233.936,196,1
brc101d,590,2197,187,238.865,203,1
brc101d,591,3633,671,238.865,203,1
brc101d,592,4542,1090,239.338,213,1
brc101d,593,2003,334,239.007,199,1
brc101d,594,2219,168,236.108,199,1
brc101d,595,2186,207,239.924,214,1
brc101d,596,2315,314,239.664,198,1
brc101d,597,2399,518,238.51,213,1
brc101d,598,2788,292,237.723,206,1
brc101d,599,3299,337,236.995,209,1
brc101d,600,2626,411,241.149,197,1
brc101d,601,3132,853,243.167,216,1
brc101d,602,1802,357,241.421,201,1
brc101d,603,2558,429,242.966,210,1
brc101d,604,1697,220,240.208,206,1
brc101d,605,3201,531,240.149,196,1
brc101d,606,3176,205,240.664,199,1
brc101d,607,2396,195,241.309,210,1
brc101d,608,3893,788,240.238,211,1
brc101d,609,1894,207,242.522,205,1
brc101d,610,1553,402,247.024,224,1
brc101d,611,2670,609,246.652,217,1
brc101d,612,2337,401,245.735,202,1
brc101d,613,2406,242,245.179,206,1
brc101d,614,1798,324,246.066,216,1
brc101d,615,2756,194,244.35,206,1
brc101d,616,2689,207,244.764,206,1
brc101d,617,2285,259,244.279,208,1
brc101d,618,2363,295,246.681,222,1
brc101d,619,2942,447,245.149,201,1
brc101d,620,3584,596,251.492,209,1
brc101d,621,2046,292,249.368,228,1
brc101d,622,2315,416,251.007,211,1
brc101d,623,2526,323,248.037,213,1
brc101d,624,2518,389,251.693,215,1
brc101d,625,1839,176,249.652,220,1
brc101d,626,2336,288,250.208,216,1
brc101d,627,2707,195,250.167,223,1
brc101d,628,2861,217,251.338,225,1
brc101d,629,3581,759,249.664,208,1
brc101d,630,1944,207,254.534,205,1
brc101d,631,2306,300,253.149,209,1
brc101d,632,3111,202,253.25,212,1
brc101d,633,1693,175,254.764,216,1
brc101d,634,1506,242,253.492,211,1
brc101d,635,2694,311,255.551,223,1
brc101d,636,2829,447,252.534,203,1
brc101d,637,1881,219,253.936,216,1
brc101d,638,4365,523,252.108,215,1
brc101d,639,2083,253,253.622,219,1
brc101d,640,1687,350,256.593,217,1
brc101d,641,1802,195,257.409,229,1
brc101d,642,2727,421,257.309,226,1
brc101d,643,3209,287,259.279,223,1
brc101d,644,1082,183,258.936,221,1
brc101d,645,2782,383,258.865,223,1
brc101d,646,1509,173,256.924,231,1
brc101d,647,2092,326,256.492,214,1
brc101d,648,1896,346,258.291,210,1
brc101d,649,2604,418,256.706,208,1
brc101d,650,1837,177,263.179,224,1
brc101d,651,2770,449,260.179,221,1
brc101d,652,3747,258,260.693,224,1
brc101d,653,1731,187,263.664,222,1
brc101d,654,3248,368,263.25,222,1
brc101d,655,2797,267,263.078,221,1
brc101d,656,2655,316,261.149,217,1
brc101d,657,1573,220,260.279,224,1
brc101d,658,2609,322,262.167,235,1
brc101d,659,3319,227,261.108,224,1
brc101d,660,2886,188,266.421,226,1
brc101d,661,3383,601,265.836,225,1
brc101d,662,2285,424,267.693,231,1
brc101d,663,3061,351,267.894,237,1
brc101d,664,2093,289,264.735,221,1
brc101d,665,2403,439,267.279,231,1
brc101d,666,2930,456,266.25,225,1
brc101d,667,2627,373,265.492,223,1
brc101d,668,1700,234,266.764,228,1
brc101d,669,4641,938,266.35,228,1
brc101d,670,4336,385,268.836,228,1
brc101d,671,2137,243,269.735,226,1
brc101d,672,3086,208,268.723,237,1
brc101d,673,2405,304,271.99,215,1
brc101d,674,2305,475,268.605,217,1
brc101d,675,2759,238,270.907,228,1
brc101d,676,1636,220,271.25,230,1
brc101d,677,2903,350,270.066,240,1
brc101d,678,2709,392,271.137,239,1
brc101d,679,3373,317,270.078,228,1
brc101d,680,2274,512,275.392,230,1
brc101d,681,2495,155,273.149,229,1
brc101d,682,1567,578,272.25,231,1
brc101d,683,2906,514,273.078,231,1
brc101d,684,2565,369,273.321,230,1
brc101d,685,2494,416,273.149,229,1
brc101d,686,2209,604,274.593,235,1
brc101d,687,2534,352,273.25,232,1
brc101d,688,3395,397,274.208,240,1
brc101d,689,1812,423,273.049,226,1
brc101d,690,1857,234,279.664,238,1
brc101d,691,2147,287,277.907,235,1
brc101d,692,2543,360,278.179,239,1
brc101d,693,2362,384,279.291,231,1
brc101d,694,2335,217,276.794,243,1
brc101d,695,3130,761,278.137,246,1
brc101d,696,3808,417,276.735,233,1
brc101d,697,2407,225,278.664,237,1
brc101d,698,2875,513,279.019,227,1
brc101d,699,1848,113,276.12,227,1
brc101d,700,2884,324,281.279,245,1
brc101d,701,2451,852,282.149,238,1
brc101d,702,3321,253,280.007,240,1
brc101d,703,2838,555,280.434,228,1
brc101d,704,2709,552,281.823,253,1
brc101d,705,1920,216,282.208,248,1
brc101d,706,2133,264,282.179,243,1
brc101d,707,3208,190,282.978,238,1
brc101d,708,2306,220,281.238,252,1
brc101d,709,2883,325,282.25,241,1
brc101d,710,2490,283,285.593,246,1
brc101d,711,3267,346,286.622,252,1
brc101d,712,2192,235,286.421,246,1
brc101d,713,2017,202,287.191,236,1
brc101d,714,2535,170,287.777,237,1
brc101d,715,2707,478,285.735,242,1
brc101d,716,3184,265,285.936,248,1
brc101d,717,1846,293,284.279,248,1
brc101d,718,3949,463,287.664,246,1
brc101d,719,3102,248,286.676,233,1
brc101d,720,2413,204,290.108,253,1
brc101d,721,2320,684,289.764,251,1
brc101d,722,1918,323,288.25,247,1
brc101d,723,3960,432,291.936,254,1
brc101d,724,2907,233,288.392,243,1
brc101d,725,3066,302,288.149,244,1
brc101d,726,2404,712,291.889,232,1
brc101d,727,3127,596,288.208,254,1
brc101d,728,3338,434,290.635,244,1
brc101d,729,2645,186,289.534,240,1
brc101d,730,2598,394,295.635,249,1
brc101d,731,2040,312,293.563,249,1
brc101d,732,2965,472,293.723,262,1
brc101d,733,1962,317,293.078,251,1
brc101d,734,2965,372,293.836,253,1
brc101d,735,2399,321,293.421,253,1
brc101d,736,2317,243,295.806,250,1
brc101d,737,1755,186,292.421,252,1
brc101d,738,3223,403,292.409,264,1
brc101d,739,5317,592,292.019,240,1
brc101d,740,3518,510,299.978,255,1
brc101d,741,3222,373,298.777,248,1
brc101d,742,2354,264,298.948,249,1
brc101d,743,2472,516,299.492,257,1
brc101d,744,2949,509,299.522,262,1
brc101d,745,3073,506,297.137,265,1
brc101d,746,2523,189,297.948,248,1
brc101d,747,2488,221,299.764,261,1
brc101d,748,3618,441,299.22,253,1
brc101d,749,2666,383,296.149,252,1
brc101d,750,3491,465,302.664,261,1
brc101d,751,2782,343,300.848,248,1
brc101d,752,3361,356,302.99,246,1
brc101d,753,2640,202,300.22,254,1
brc101d,754,3423,249,303.25,262,1
brc101d,755,3130,353,300.22,254,1
brc101d,756,2459,304,303.563,259,1
brc101d,757,2536,399,302.848,250,1
brc101d,758,2176,226,301.475,242,1
brc101d,759,2345,206,300.12,251,1
brc101d,760,2318,461,306.877,259,1
brc101d,761,2323,349,307.421,267,1
brc101d,762,2266,346,306.676,253,1
brc101d,763,2550,201,304.806,259,1
brc101d,764,3301,272,305.622,271,1
brc101d,765,2131,298,307.404,250,1
brc101d,766,3445,331,304.948,255,1
brc101d,767,2788,589,306.865,271,1
brc101d,768,2128,185,305.806,260,1
brc101d,769,2054,365,307.877,260,1
brc101d,770,4230,815,309.434,257,1
brc101d,771,3567,954,311.505,257,1
brc101d,772,2569,195,310.505,256,1
brc101d,773,2810,219,308.806,263,1
brc101d,774,3074,602,309.291,261,1
brc101d,775,3405,220,310.392,265,1
brc101d,776,3167,424,309.262,256,1
brc101d,777,2240,427,310.522,273,1
brc101d,778,2232,206,310.948,261,1
brc101d,779,2868,282,309.995,282,1
brc101d,780,4138,312,315.191,264,1
brc101d,781,3122,708,313.392,268,1
brc101d,782,2585,114,315.137,283,1
brc101d,783,3135,781,315.735,272,1
brc101d,784,2583,218,312.848,260,1
brc101d,785,1726,118,313.007,273,1
brc101d,786,2262,179,313.279,277,1
brc101d,787,3637,296,313.191,262,1
brc101d,788,3198,559,312.161,256,1
brc101d,789,2762,156,315.605,264,1
brc101d,790,3074,465,316.907,274,1
brc101d,791,3171,192,317.605,266,1
brc101d,792,2139,223,317.747,262,1
brc101d,793,1998,287,316.404,259,1
brc101d,794,2888,430,318.09,264,1
brc101d,795,2557,594,317.262,264,1
brc101d,796,3674,346,318.647,260,1
brc101d,797,2291,282,319.664,278,1
brc101d,798,2626,394,316.978,272,1
brc101d,799,3524,213,318.605,267,1
brc101d,800,2242,328,321.752,295,1
brc101d,801,2225,185,322.534,273,1
brc101d,802,3026,362,322.362,272,1
brc101d,803,3041,151,321.019,269,1
brc101d,804,2477,201,320.321,277,1
brc101d,805,3357,185,323.966,291,1
brc101d,806,2197,454,321.321,278,1
brc101d,807,3647,220,323.451,288,1
brc101d,808,3111,317,322.676,269,1
brc101d,809,3360,467,320.38,287,1
brc101d,810,2336,465,325.35,287,1
brc101d,811,2060,258,324.978,280,1
brc101d,812,2973,244,325.86,261,1
brc101d,813,3231,354,325.836,285,1
brc101d,814,3557,280,324.848,272,1
brc101d,815,2130,164,327.735,284,1
brc101d,816,3607,396,327.706,279,1
brc101d,817,3298,422,326.676,273,1
brc101d,818,4027,650,327.09,273,1
brc101d,819,3396,233,325.22,279,1
brc101d,820,3118,372,329.12,280,1
brc101d,821,3429,429,329.889,270,1
brc101d,822,2513,249,328.037,293,1
brc101d,823,2571,175,331.25,290,1
brc101d,824,2845,249,330.605,279,1
brc101d,825,2687,276,329.747,274,1
brc101d,826,2434,373,329.404,272,1
brc101d,827,3113,175,329.563,285,1
brc101d,828,2979,335,329.789,267,1
brc101d,829,1750,215,331.718,271,1
brc101d,830,3506,281,333.22,287,1
brc101d,831,3359,233,333.09,279,1
brc101d,832,1565,172,333.747,278,1
brc101d,833,2690,230,332.333,277,1
brc101d,834,2712,430,334.505,280,1
brc101d,835,3074,299,332.404,275,1
brc101d,836,2125,257,334.019,282,1
brc101d,837,2737,428,333.848,281,1
brc101d,838,2401,121,333.522,296,1
brc101d,839,2260,254,335.806,290,1
brc101d,840,2863,296,337.032,273,1
brc101d,841,2724,164,338.848,286,1
brc101d,842,1952,222,338.463,291,1
brc101d,843,2564,490,338.948,289,1
brc101d,844,2126,303,338.505,284,1
brc101d,845,3053,429,337.818,280,1
brc101d,846,3145,249,336.593,297,1
brc101d,847,3068,338,338.706,290,1
brc101d,848,2243,309,337.421,297,1
brc101d,849,3625,262,339.333,284,1
brc101d,850,2149,346,340.304,280,1
brc101d,851,4607,767,340.99,284,1
brc101d,852,3136,467,342.179,303,1
brc101d,853,2611,423,341.99,285,1
brc101d,854,2025,182,342.505,288,1
brc101d,855,2156,256,340.764,302,1
brc101d,856,4178,400,341.132,280,1
brc101d,857,3278,330,343.877,296,1
brc101d,858,3306,179,342.676,289,1
brc101d,859,2460,111,341.179,302,1
brc101d,860,2308,182,347.161,291,1
brc101d,861,3288,237,346.037,311,1
brc101d,862,3028,544,346.948,297,1
brc101d,863,3453,198,345.049,298,1
brc101d,864,3566,170,347.208,313,1
brc101d,865,2967,313,347.375,285,1
brc101d,866,2793,587,344.593,305,1
brc101d,867,2721,203,345.09,291,1
brc101d,868,2767,254,344.978,300,1
brc101d,869,4585,241,344.777,294,1
brc101d,870,2116,210,349.279,313,1
brc101d,871,2874,216,348.161,292,1
brc101d,872,2331,594,349.333,294,1
brc101d,873,3028,231,349.103,283,1
brc101d,874,3411,218,348.191,297,1
brc101d,875,2696,403,350.546,289,1
brc101d,876,2181,371,349.889,290,1
brc101d,877,3190,158,351.333,296,1
brc101d,878,2917,424,348.019,296,1
brc101d,879,3751,214,348.108,311,1
brc101d,880,2524,317,352.103,286,1
brc101d,881,3842,283,353.806,308,1
brc101d,882,2402,189,354.22,308,1
brc101d,883,2692,266,354.032,290,1
brc101d,884,3253,249,352.321,309,1
brc101d,885,3897,245,353.291,305,1
brc101d,886,2276,359,355.233,297,1
brc101d,887,3294,272,353.848,301,1
brc101d,888,3934,296,355.279,319,1
brc101d,889,3338,208,354.262,301,1
brc101d,890,3315,614,359.421,319,1
brc101d,891,1700,165,358.806,313,1
brc101d,892,2955,440,356.262,303,1
brc101d,893,2803,200,359.563,315,1
brc101d,894,2749,198,358.676,305,1
brc101d,895,3954,198,359.534,310,1
brc101d,896,3356,694,359.635,313,1
brc101d,897,2584,227,358.576,302,1
brc101d,898,3622,741,359.848,307,1
brc101d,899,2685,248,359.345,292,1
brc101d,900,3326,192,360.09,306,1
brc101d,901,3161,221,360.446,296,1
brc101d,902,2642,276,362.078,320,1
brc101d,903,2350,305,362.647,304,1
brc101d,904,2509,256,360.274,295,1
brc101d,905,3441,298,363.09,309,1
brc101d,906,1953,161,361.576,305,1
brc101d,907,2288,141,362.818,305,1
brc101d,908,2894,242,362.404,305,1
brc101d,909,3598,191,360.86,296,1
brc101d,910,3791,282,366.078,324,1
brc101d,911,3476,257,365.848,313,1
brc101d,912,3349,243,366.919,312,1
brc101d,913,3250,483,367.676,314,1
brc101d,914,4313,250,365.019,313,1
brc101d,915,3439,482,366.831,297,1
brc101d,916,4213,352,364.576,308,1
brc101d,917,2983,383,367.446,303,1
brc101d,918,2937,320,366.848,314,1
brc101d,919,3823,400,366.505,312,1
brc101d,920,3031,392,368.061,309,1
brc101d,921,3242,397,368.605,317,1
brc101d,922,3162,314,369.735,326,1
brc101d,923,3527,471,369.806,324,1
brc101d,924,3196,265,368.747,313,1
brc101d,925,2471,366,370.475,311,1
brc101d,926,3712,170,371.132,310,1
brc101d,927,3848,140,370.108,333,1
brc101d,928,2931,320,370.777,320,1
brc101d,929,3085,520,371.333,316,1
brc101d,930,2802,335,372.889,313,1
brc101d,931,4757,300,375.333,320,1
brc101d,932,3228,514,374.99,318,1
brc101d,933,2964,170,373.588,305,1
brc101d,934,2290,193,375.404,318,1
brc101d,935,3282,277,374.563,330,1
brc101d,936,3244,482,375.848,323,1
brc101d,937,2776,238,374.291,326,1
brc101d,938,3424,464,373.848,321,1
brc101d,939,2528,666,374.404,317,1
brc101d,940,3849,422,378.304,318,1
brc101d,941,2931,223,376.588,308,1
brc101d,942,2516,575,379.96,318,1
brc101d,943,2698,358,379.948,330,1
brc101d,944,4303,281,377.889,318,1
brc101d,945,2014,215,378.617,315,1
brc101d,946,2307,265,376.889,317,1
brc101d,947,2567,186,378.546,317,1
brc101d,948,2747,316,377.86,313,1
brc101d,949,2634,168,377.86,313,1
brc101d,950,2419,328,382.647,324,1
brc101d,951,3671,182,381.049,334,1
brc101d,952,2001,123,383.132,322,1
brc101d,953,2976,387,383.404,326,1
brc101d,954,4421,748,383.576,327,1
brc101d,955,3779,363,380.333,325,1
brc101d,956,2547,498,380.848,328,1
brc101d,957,2683,478,381.517,315,1
brc101d,958,3127,248,380.132,319,1
brc101d,959,2342,214,380.978,336,1
brc101d,960,2131,120,385.316,313,1
brc101d,961,3075,283,384.321,341,1
brc101d,962,1966,87,384.576,328,1
brc101d,963,2481,160,387.735,344,1
brc101d,964,2093,234,385.09,331,1
brc101d,965,2933,565,387.108,350,1
brc101d,966,2541,491,384.576,328,1
brc101d,967,2849,219,385.617,322,1
brc101d,968,2616,151,385.605,334,1
brc101d,969,2707,444,387.931,321,1
brc101d,970,3761,418,391.492,349,1
brc101d,971,4751,371,389.818,332,1
brc101d,972,3237,334,389.149,345,1
brc101d,973,3635,342,389.144,316,1
brc101d,974,3230,347,391.948,342,1
brc101d,975,3844,243,388.948,339,1
brc101d,976,3022,134,390.931,324,1
brc101d,977,2861,296,391.735,348,1
brc101d,978,2221,162,389.73,317,1
brc101d,979,3163,283,390.96,329,1
brc101d,980,2270,280,392.446,328,1
brc101d,981,4264,351,395.576,339,1
brc101d,982,2818,190,394.877,347,1
brc101d,983,2458,294,393.434,341,1
brc101d,984,2985,153,393.919,339,1
brc101d,985,2146,248,393.103,327,1
brc101d,986,3422,265,395.321,352,1
brc101d,987,2727,236,392.191,341,1
brc101d,988,3451,350,393.872,317,1
brc101d,989,2685,336,393.617,330,1
brc101d,990,4498,195,397.061,338,1
brc101d,991,3889,452,397.931,331,1
brc101d,992,3335,507,399.061,340,1
brc101d,993,3526,179,399.233,341,1
brc101d,994,2797,225,396.546,335,1
brc101d,995,2347,391,398.96,337,1
brc101d,996,3381,354,399.735,356,1
brc101d,997,4006,170,396.806,351,1
brc101d,998,2911,232,399.517,333,1
brc101d,999,2803,248,398.593,359,1
brc101d,1000,3572,324,402.22,356,1
brc101d,1001,4351,100,402.002,333,1
brc101d,1002,3985,450,402.522,365,1
brc101d,1003,3131,441,401.215,326,1
brc101d,1004,3196,183,400.919,346,1
brc101d,1005,2776,222,402.304,342,1
brc101d,1006,3834,155,401.434,349,1
brc101d,1007,3733,207,402.63,327,1
brc101d,1008,3700,290,401.316,329,1
brc101d,1009,2775,308,403.049,356,1
brc101d,1010,3300,372,404.416,335,1
brc101d,1011,3299,146,405.475,346,1
brc101d,1012,3539,570,406.759,339,1
brc101d,1013,4786,731,405.889,346,1
brc101d,1014,2841,665,407.99,351,1
brc101d,1015,4878,148,406.948,357,1
brc101d,1016,3851,235,406.073,335,1
brc101d,1017,2813,505,405.818,348,1
brc101d,1018,3726,361,404.203,341,1
brc101d,1019,3196,462,406.132,345,1
brc101d,1020,4561,320,408.931,342,1
brc101d,1021,3122,110,408.291,360,1
brc101d,1022,3658,351,410.345,343,1
brc101d,1023,3339,166,409.215,334,1
brc101d,1024,3270,419,408.078,366,1
brc101d,1025,3216,379,411.517,345,1
brc101d,1026,3574,188,408.931,342,1
brc101d,1027,3447,262,410.664,369,1
brc101d,1028,4141,473,408.191,357,1
brc101d,1029,2700,321,408.421,368,1
brc101d,1030,2862,220,412.375,350,1
brc101d,1031,3394,264,413.233,355,1
brc101d,1032,2493,390,414.588,346,1
brc101d,1033,4085,449,414.831,345,1
brc101d,1034,2872,203,413.032,349,1
brc101d,1035,3008,156,413.132,352,1
brc101d,1036,3504,310,414.321,371,1
brc101d,1037,2158,186,412.245,342,1
brc101d,1038,3600,264,413.149,369,1
brc101d,1039,3854,227,413.517,347,1
brc101d,1040,4158,249,417.446,353,1
brc101d,1041,2716,182,419.233,361,1
brc101d,1042,3907,237,419.002,350,1
brc101d,1043,3522,160,418.73,346,1
brc101d,1044,2584,207,419.635,373,1
brc101d,1045,3487,275,418.446,354,1
brc101d,1046,2928,163,419.032,355,1
brc101d,1047,2876,226,417.215,342,1
brc101d,1048,3290,452,417.96,356,1
brc101d,1049,3137,297,417.789,355,1
brc101d,1050,3141,406,420.558,347,1
brc101d,1051,2624,176,422.505,368,1
brc101d,1052,2889,166,423.073,352,1
brc101d,1053,2235,341,423.73,351,1
brc101d,1054,1693,227,421.316,349,1
brc101d,1055,2570,237,422.416,353,1
brc101d,1056,4304,281,422.191,371,1
brc101d,1057,3720,244,421.848,369,1
brc101d,1058,4602,441,421.032,357,1
brc101d,1059,4959,173,423.416,354,1
brc101d,1060,3343,252,427.362,377,1
brc101d,1061,2586,200,427.174,359,1
brc101d,1062,2924,166,425.659,355,1
brc101d,1063,3466,397,427.416,358,1
brc101d,1064,4096,230,424.747,369,1
brc101d,1065,2734,321,425.919,371,1
brc101d,1066,3323,171,424.416,355,1
brc101d,1067,3158,180,424.316,352,1
brc101d,1068,2471,187,425.12,376,1
brc101d,1069,2266,123,425.647,367,1
brc101d,1070,2834,206,431.831,362,1
brc101d,1071,2889,438,429.505,375,1
brc101d,1072,2989,233,431.889,372,1
brc101d,1073,2996,387,430.818,373,1
brc101d,1074,3632,315,428.291,380,1
brc101d,1075,3739,352,428.777,378,1
brc101d,1076,3160,156,429.73,357,1
brc101d,1077,3639,251,428.458,352,1
brc101d,1078,3998,204,431.6,351,1
brc101d,1079,4800,459,430.931,364,1
brc101d,1080,3603,465,435.487,364,1
brc101d,1081,3320,381,433.73,361,1
brc101d,1082,3412,259,434.96,373,1
brc101d,1083,2716,205,432.759,365,1
brc101d,1084,2415,262,435.517,369,1
brc101d,1085,4005,104,433.593,394,1
brc101d,1086,4691,448,432.688,367,1
brc101d,1087,4130,306,432.345,365,1
brc101d,1088,3911,362,435.588,367,1
brc101d,1089,3189,164,435.333,380,1
brc101d,1090,4596,236,436.659,366,1
brc101d,1091,4514,607,438.149,394,1
brc101d,1092,4418,188,438.789,376,1
brc101d,1093,3087,140,438.458,362,1
brc101d,1094,2572,268,436.617,373,1
brc101d,1095,2377,195,437.404,380,1
brc101d,1096,2854,230,438.245,368,1
brc101d,1097,3108,235,437.647,379,1
brc101d,1098,3682,388,439.701,362,1
brc101d,1099,5384,521,438.96,377,1
brc101d,1100,3188,255,443.843,362,1
brc101d,1101,4793,169,442.676,389,1
brc101d,1102,3517,248,443.718,383,1
brc101d,1103,3419,419,440.759,373,1
brc101d,1104,3135,240,442.233,384,1
brc101d,1105,4060,817,443.458,367,1
brc101d,1106,2535,425,442.86,378,1
brc101d,1107,2845,357,440.345,373,1
brc101d,1108,3212,230,443.505,389,1
brc101d,1109,3527,432,442.428,361,1
brc101d,1110,3444,475,446.558,373,1
brc101d,1111,4930,368,444.688,379,1
brc101d,1112,3171,148,444.96,383,1
brc101d,1113,2512,243,447.191,396,1
brc101d,1114,2615,132,446.103,380,1
brc101d,1115,4372,245,445.772,366,1
brc101d,1116,2753,290,447.132,386,1
brc101d,1117,4685,321,447.777,397,1
brc101d,1118,2817,250,447.973,374,1
brc101d,1119,4933,570,445.635,399,1
brc101d,1120,4585,171,449.387,375,1
brc101d,1121,4793,326,448.919,394,1
brc101d,1122,3615,269,451.73,379,1
brc101d,1123,3808,625,449.777,399,1
brc101d,1124,2520,197,451.872,375,1
brc101d,1125,4470,194,450.973,377,1
brc101d,1126,3592,331,448.304,388,1
brc101d,1127,2100,272,448.049,401,1
brc101d,1128,3059,310,448.161,392,1
brc101d,1129,3548,359,451.357,372,1
brc101d,1130,3103,243,453.701,376,1
brc101d,1131,3324,241,454.63,379,1
brc101d,1132,5004,169,454.375,392,1
brc101d,1133,4136,167,452.304,392,1
brc101d,1134,3286,152,455.772,376,1
brc101d,1135,4065,162,452.943,374,1
brc101d,1136,3612,378,453.5,370,1
brc101d,1137,3150,167,453.576,397,1
brc101d,1138,3380,161,455.985,370,1
brc101d,1139,2651,350,452.688,387,1
brc101d,1140,3415,207,459.002,390,1
brc101d,1141,2408,288,458.529,380,1
brc101d,1142,5201,185,459.919,405,1
brc101d,1143,4423,310,459.789,397,1
brc101d,1144,3924,394,457.943,379,1
brc101d,1145,2703,268,459.701,382,1
brc101d,1146,4647,565,459.186,379,1
brc101d,1147,2897,481,457.789,395,1
brc101d,1148,3986,272,457.517,391,1
brc101d,1149,5071,386,459.404,402,1
brc101d,1150,3881,292,460.428,379,1
brc101d,1151,4338,232,460.943,382,1
brc101d,1152,3787,192,463.428,382,1
brc101d,1153,2618,139,463.759,396,1
brc101d,1154,4738,157,461.919,407,1
brc101d,1155,3922,402,461.144,388,1
brc101d,1156,3966,162,460.801,386,1
brc101d,1157,3345,163,462.943,384,1
brc101d,1158,4348,237,461.032,397,1
brc101d,1159,2566,396,462.215,387,1
brc101d,1160,3191,165,466.772,387,1
brc101d,1161,2802,354,465.96,404,1
brc101d,1162,3975,259,464.872,388,1
brc101d,1163,4671,193,464.002,395,1
brc101d,1164,2821,198,465.73,393,1
brc101d,1165,4204,560,466.943,388,1
brc101d,1166,3486,486,464.943,386,1
brc101d,1167,2127,202,465.73,393,1
brc101d,1168,3211,257,467.073,396,1
brc101d,1169,2748,241,466.144,393,1
brc101d,1170,2596,387,471.375,409,1
brc101d,1171,3787,299,471.375,409,1
brc101d,1172,3116,146,469.801,395,1
brc101d,1173,3478,312,471.617,408,1
brc101d,1174,3167,159,471.215,396,1
brc101d,1175,6014,360,471.044,395,1
brc101d,1176,4707,608,470.534,421,1
brc101d,1177,3292,145,471.671,389,1
brc101d,1178,3066,301,468.558,395,1
brc101d,1179,4281,427,469.357,390,1
brc101d,1180,3201,362,474.085,391,1
brc101d,1181,3542,414,472.132,411,1
brc101d,1182,3512,183,475.73,403,1
brc101d,1183,2633,480,473.843,392,1
brc101d,1184,3530,192,472.144,399,1
brc101d,1185,2558,164,474.558,401,1
brc101d,1186,3035,300,475.6,395,1
brc101d,1187,5009,727,475.902,404,1
brc101d,1188,2308,396,472.529,394,1
brc101d,1189,2664,221,473.588,405,1
brc101d,1190,2943,197,478.014,397,1
brc101d,1191,3660,323,478.701,401,1
brc101d,1192,3549,441,478.458,402,1
brc101d,1193,2370,461,478.546,417,1
brc101d,1194,2762,224,478.789,416,1
brc101d,1195,2276,161,479.789,417,1
brc101d,1196,3112,194,479.357,400,1
brc101d,1197,2988,250,478.085,395,1
brc101d,1198,1789,154,478.286,401,1
brc101d,1199,3315,420,478.357,399,1
brc101d,1200,2645,296,481.63,406,1
brc101d,1201,3621,154,482.487,411,1
brc101d,1202,4603,485,480.416,411,1
brc101d,1203,3132,404,480.843,399,1
brc101d,1204,3511,198,480.801,406,1
brc101d,1205,3162,540,480.772,401,1
brc101d,1206,3651,509,483.931,417,1
brc101d,1207,3786,206,481.6,401,1
brc101d,1208,3353,368,483.701,406,1
brc101d,1209,2822,217,483.843,402,1
brc101d,1210,4269,331,486.085,403,1
brc101d,1211,2714,310,486.002,417,1
brc101d,1212,4374,629,485.428,404,1
brc101d,1213,4015,254,487.902,416,1
brc101d,1214,3057,162,484.014,403,1
brc101d,1215,3086,183,486.056,398,1
brc101d,1216,2671,279,486.357,407,1
brc101d,1217,3444,270,487.701,410,1
brc101d,1218,4099,799,484.801,410,1
brc101d,1219,4043,212,486.902,415,1
brc101d,1220,2605,229,490.558,417,1
brc101d,1221,3439,97,491.215,416,1
brc101d,1222,3043,441,488.671,406,1
brc101d,1223,2529,201,489.63,414,1
brc101d,1224,3368,369,489.63,414,1
brc101d,1225,3065,410,489.014,408,1
brc101d,1226,3042,334,490.701,413,1
brc101d,1227,3674,593,489.132,428,1
brc101d,1228,3898,203,490.843,409,1
brc101d,1229,3656,320,491.801,417,1
brc101d,1230,3013,157,492.245,422,1
brc101d,1231,3886,162,492.985,407,1
brc101d,1232,4428,743,492.902,421,1
brc101d,1233,3125,277,493.144,420,1
brc101d,1234,2805,143,494.588,426,1
brc101d,1235,3807,340,492.831,423,1
brc101d,1236,2785,194,494.801,420,1
brc101d,1237,3715,472,494.914,411,1
brc101d,1238,3043,181,495.073,424,1
brc101d,1239,2594,216,492.174,424,1
brc101d,1240,3027,224,498.487,427,1
brc101d,1241,2510,200,498.144,425,1
brc101d,1242,2485,157,497.286,420,1
brc101d,1243,3287,449,499.156,414,1
brc101d,1244,3324,323,497.174,429,1
brc101d,1245,3744,276,497.843,416,1
brc101d,1246,3881,173,499.943,421,1
brc101d,1247,2401,123,499.985,414,1
brc101d,1248,4728,481,497.659,427,1
brc101d,1249,4155,269,496.156,411,1
brc101d,1250,4156,347,503.299,414,1
brc101d,1251,4563,899,503.558,430,1
brc101d,1252,2443,122,503.245,433,1
brc101d,1253,3038,360,503.144,430,1
brc101d,1254,2663,170,503.316,431,1
brc101d,1255,3161,265,501.73,429,1
brc101d,1256,3270,98,501.843,420,1
brc101d,1257,3370,345,500.257,418,1
brc101d,1258,3318,532,500.517,434,1
brc101d,1259,3429,205,503.387,429,1
brc101d,1260,2793,158,504.073,433,1
brc101d,1261,2727,117,504.558,431,1
brc101d,1262,3721,227,506.541,416,1
brc101d,1263,4000,186,506.884,418,1
brc101d,1264,2768,101,506.345,439,1
brc101d,1265,3140,450,504.784,413,1
brc101d,1266,3753,249,507.056,419,1
brc101d,1267,3218,343,506.6,426,1
brc101d,1268,4115,250,504.955,414,1
brc101d,1269,3032,158,506.458,430,1
brc101d,1270,4032,289,509.014,428,1
brc101d,1271,3364,533,508.286,431,1
brc101d,1272,3128,171,508.044,432,1
brc101d,1273,2635,211,511.428,430,1
brc101d,1274,2896,260,509.245,439,1
brc101d,1275,2671,293,508.286,431,1
brc101d,1276,4414,215,509.558,436,1
brc101d,1277,3487,214,508.943,430,1
brc101d,1278,4354,241,509.772,430,1
brc101d,1279,3033,252,511.973,438,1
brc101d,1280,3354,465,514.428,433,1
brc101d,1281,3216,192,515.428,434,1
brc101d,1282,4252,363,514.713,425,1
brc101d,1283,3481,365,512.701,435,1
brc101d,1284,4128,420,513.5,430,1
brc101d,1285,3212,397,513.529,435,1
brc101d,1286,3318,138,515.73,443,1
brc101d,1287,3112,315,515.558,442,1
brc101d,1288,4273,351,513.6,433,1
brc101d,1289,3990,568,512.328,428,1
brc101d,1290,2949,164,517.215,442,1
brc101d,1291,3807,324,517.115,439,1
brc101d,1292,3204,407,516.63,441,1
brc101d,1293,3214,348,516.801,442,1
brc101d,1294,3060,155,518.973,445,1
brc101d,1295,4007,373,518.085,435,1
brc101d,1296,3608,413,517.671,435,1
brc101d,1297,3175,406,516.701,439,1
brc101d,1298,2931,238,516.357,437,1
brc101d,1299,4425,364,518.399,432,1
brc101d,1300,2803,220,520.973,447,1
brc101d,1301,4011,189,523.831,454,1
brc101d,1302,3698,172,523.985,438,1
brc101d,1303,4051,248,520.056,432,1
brc101d,1304,3739,239,523.269,429,1
brc101d,1305,3798,317,523.6,443,1
brc101d,1306,3719,293,520.558,447,1
brc101d,1307,2891,166,523.073,452,1
brc101d,1308,4190,437,520.529,442,1
brc101d,1309,3533,156,522.541,432,1
brc101d,1310,3136,354,526.659,456,1
brc101d,1311,4233,413,527.127,437,1
brc101d,1312,2959,247,526.458,450,1
brc101d,1313,4126,252,526.387,452,1
brc101d,1314,2896,212,525.902,454,1
brc101d,1315,3458,263,524.186,444,1
brc101d,1316,3849,138,526.6,446,1
brc101d,1317,3038,241,524.558,451,1
brc101d,1318,3363,191,524.056,436,1
brc101d,1319,2895,234,524.73,452,1
brc101d,1320,3555,294,531.985,446,1
brc101d,1321,2975,231,531.387,457,1
brc101d,1322,3247,192,529.428,448,1
brc101d,1323,4115,301,529.47,441,1
brc101d,1324,3207,223,528.044,452,1
brc101d,1325,3528,314,530.612,438,1
brc101d,1326,3162,247,528.63,453,1
brc101d,1327,3106,434,529.843,448,1
brc101d,1328,3301,181,528.37,437,1
brc101d,1329,3870,165,528.227,441,1
brc101d,1330,2909,232,534.6,454,1
brc101d,1331,3296,331,533.63,458,1
brc101d,1332,4091,262,533.328,449,1
brc101d,1333,3660,179,534.014,453,1
brc101d,1334,3500,455,532.884,444,1
brc101d,1335,3058,341,533.056,445,1
brc101d,1336,3600,289,533.299,444,1
brc101d,1337,3687,208,535.328,451,1
brc101d,1338,2940,166,534.186,454,1
brc101d,1339,3548,274,535.044,459,1
brc101d,1340,2840,279,538.014,457,1
brc101d,1341,3409,357,538.571,453,1
brc101d,1342,2878,124,537.5,454,1
brc101d,1343,4817,296,538.784,447,1
brc101d,1344,2961,224,536.044,460,1
brc101d,1345,3080,408,538.541,448,1
brc101d,1346,3151,165,536.872,460,1
brc101d,1347,3725,485,537.198,445,1
brc101d,1348,3150,512,538.571,453,1
brc101d,1349,2920,165,536.316,464,1
brc101d,1350,4209,179,542.115,464,1
brc101d,1351,2938,126,543.085,460,1
brc101d,1352,3018,189,543.713,454,1
brc101d,1353,3709,208,543.441,450,1
brc101d,1354,3767,225,541.328,457,1
brc101d,1355,2890,126,543.316,471,1
brc101d,1356,3730,196,541.156,456,1
brc101d,1357,3023,203,540.701,463,1
brc101d,1358,4639,255,541.612,449,1
brc101d,1359,3203,141,541.884,453,1
brc101d,1360,4406,555,545.541,455,1
brc101d,1361,3747,343,545.085,462,1
brc101d,1362,2941,147,544.073,473,1
brc101d,1363,3363,515,546.428,465,1
brc101d,1364,3132,224,545.772,466,1
brc101d,1365,3296,197,544.914,461,1
brc101d,1366,3805,284,544.642,457,1
brc101d,1367,3094,232,544.357,465,1
brc101d,1368,3282,389,544.985,459,1
brc101d,1369,3224,450,544.63,469,1
brc101d,1370,3898,288,548.482,448,1
brc101d,1371,3775,168,550.754,454,1
brc101d,1372,2844,132,548.801,474,1
brc101d,1373,3714,513,548.428,467,1
brc101d,1374,2873,101,548.973,475,1
brc101d,1375,5023,662,550.411,452,1
brc101d,1376,3936,311,548.169,451,1
brc101d,1377,4290,573,551.612,459,1
brc101d,1378,4433,164,549.529,471,1
brc101d,1379,3125,214,550.713,461,1
brc101d,1380,3487,454,555.855,462,1
brc101d,1381,3104,304,555.299,466,1
brc101d,1382,4209,226,554.512,459,1
brc101d,1383,3988,605,552.642,465,1
brc101d,1384,3504,223,554.701,477,1
brc101d,1385,2650,204,552.487,481,1
brc101d,1386,2812,97,552.73,480,1
brc101d,1387,3565,318,554.683,460,1
brc101d,1388,3922,156,552.926,457,1
brc101d,1389,3057,305,554.458,478,1
brc101d,1390,3062,341,559.701,482,1
brc101d,1391,3156,256,557.227,470,1
brc101d,1392,4156,251,559.34,463,1
brc101d,1393,3495,322,556.299,467,1
brc101d,1394,3784,332,557.186,477,1
brc101d,1395,3401,424,558.47,470,1
brc101d,1396,3358,272,558.156,473,1
brc101d,1397,3626,183,558.399,472,1
brc101d,1398,3552,164,557.985,472,1
brc101d,1399,2693,394,557.056,469,1
brc101d,1400,3118,150,563.186,483,1
brc101d,1401,3689,328,562.583,465,1
brc101d,1402,4467,287,561.872,485,1
brc101d,1403,3710,305,561.139,459,1
brc101d,1404,3807,246,561.772,482,1
brc101d,1405,3379,331,560.884,472,1
brc101d,1406,3891,215,562.257,480,1
brc101d,1407,3474,244,563.286,486,1
brc101d,1408,3249,193,563.529,485,1
brc101d,1409,2711,148,561.558,488,1
brc101d,1410,3359,300,565.014,484,1
brc101d,1411,3228,375,564.257,482,1
brc101d,1412,3423,221,565.328,481,1
brc101d,1413,3373,170,566.316,494,1
brc101d,1414,3607,280,567.813,481,1
brc101d,1415,3445,294,565.399,479,1
brc101d,1416,3494,284,565.156,480,1
brc101d,1417,2575,174,566.487,495,1
brc101d,1418,3276,337,565.47,477,1
brc101d,1419,2653,191,566.115,488,1
brc101d,1420,2796,175,569.843,488,1
brc101d,1421,4194,326,569.754,473,1
brc101d,1422,3566,181,568.5,485,1
brc101d,1423,3080,182,568.872,492,1
brc101d,1424,2848,122,570.742,486,1
brc101d,1425,3287,603,570.357,491,1
brc101d,1426,2896,210,570.801,496,1
brc101d,1427,3795,281,571.6,491,1
brc101d,1428,4507,136,569.612,477,1
brc101d,1429,2900,320,568.387,494,1
brc101d,1430,4312,397,575.441,482,1
brc101d,1431,3684,203,575.014,494,1
brc101d,1432,3724,190,574.328,490,1
brc101d,1433,3647,236,575.044,499,1
brc101d,1434,3369,245,572.286,495,1
brc101d,1435,3476,170,572.701,495,1
brc101d,1436,3658,322,573.47,485,1
brc101d,1437,3970,377,574.068,474,1
brc101d,1438,3021,227,572.47,484,1
brc101d,1439,4391,212,575.056,487,1
brc101d,1440,3662,276,578.512,483,1
brc101d,1441,3481,274,578.257,496,1
brc101d,1442,3626,129,578.843,497,1
brc101d,1443,2855,157,577.215,502,1
brc101d,1444,2810,245,578.115,500,1
brc101d,1445,2484,206,577.701,500,1
brc101d,1446,3243,263,576.642,489,1
brc101d,1447,3617,539,576.227,489,1
brc101d,1448,3035,235,577.156,492,1
brc101d,1449,3923,488,577.654,478,1
brc101d,1450,4007,173,580.227,493,1
brc101d,1451,3739,133,581.257,499,1
brc101d,1452,2990,197,581.801,507,1
brc101d,1453,3134,181,582.387,508,1
brc101d,1454,3699,251,582.5,499,1
brc101d,1455,3168,254,582.943,504,1
brc101d,1456,4066,162,581.311,480,1
brc101d,1457,3974,246,580.512,485,1
brc101d,1458,3430,144,580.044,504,1
brc101d,1459,3326,197,583.115,505,1
brc101d,1460,3063,291,585.458,509,1
brc101d,1461,3314,232,584.47,496,1
brc101d,1462,3045,173,584.115,506,1
brc101d,1463,2886,131,585.801,511,1
brc101d,1464,3566,250,584.169,487,1
brc101d,1465,3462,306,584.973,511,1
brc101d,1466,3699,133,584.299,495,1
brc101d,1467,3730,168,585.943,507,1
brc101d,1468,4061,329,584.24,485,1
brc101d,1469,3233,446,584.47,496,1
brc101d,1470,2927,124,591.044,515,1
brc101d,1471,4141,247,590.754,494,1
brc101d,1472,3413,185,588.772,509,1
brc101d,1473,3121,262,588.742,504,1
brc101d,1474,2821,200,588.47,500,1
brc101d,1475,3482,170,589.955,499,1
brc101d,1476,2997,302,588.872,512,1
brc101d,1477,3852,243,589.411,491,1
brc101d,1478,2930,281,588.529,510,1
brc101d,1479,3972,566,588.24,489,1
brc101d,1480,3111,278,592.772,513,1
brc101d,1481,3579,615,592.914,509,1
brc101d,1482,3925,200,592.955,502,1
brc101d,1483,4320,266,592.968,490,1
brc101d,1484,3264,301,592.985,507,1
brc101d,1485,3470,476,594.026,501,1
brc101d,1486,3129,131,592.186,512,1
brc101d,1487,4101,140,595.843,514,1
brc101d,1488,3588,136,593.198,501,1
brc101d,1489,4009,320,594.683,500,1
brc101d,1490,3060,194,599.6,519,1
brc101d,1491,3714,228,598.24,499,1
brc101d,1492,3088,255,596.671,514,1
brc101d,1493,2616,127,599.328,515,1
brc101d,1494,4355,272,596.725,495,1
brc101d,1495,3686,320,598.311,497,1
brc101d,1496,3425,231,598.671,516,1
brc101d,1497,3874,260,597.5,514,1
brc101d,1498,3942,197,597.227,510,1
brc101d,1499,4077,261,597.139,495,1
brc101d,1500,4110,281,603.6,523,1
brc101d,1501,4194,306,602.725,501,1
brc101d,1502,3809,286,600.428,519,1
brc101d,1503,3799,132,600.512,505,1
brc101d,1504,3689,169,601.098,506,1
brc101d,1505,3152,176,602.169,505,1
brc101d,1506,3373,130,600.357,521,1
brc101d,1507,3608,172,603.428,522,1
brc101d,1508,3371,174,600.044,524,1
brc101d,1509,2929,190,600.772,521,1
brc101d,1510,3856,168,605.524,498,1
brc101d,1511,3519,228,607.671,525,1
brc101d,1512,3729,229,604.985,519,1
brc101d,1513,3378,557,604.257,522,1
brc101d,1514,4141,218,605.696,499,1
brc101d,1515,3107,247,606.884,518,1
brc101d,1516,3044,243,606.156,521,1
brc101d,1517,3553,314,605.825,507,1
brc101d,1518,3155,443,605.428,524,1
brc101d,1519,4672,410,606.553,504,1
brc101d,1520,3661,336,611.725,510,1
brc101d,1521,3984,317,610.026,517,1
brc101d,1522,2973,145,608.428,527,1
brc101d,1523,2873,232,608.813,522,1
brc101d,1524,2812,173,608.5,525,1
brc101d,1525,4216,229,609.056,521,1
brc101d,1526,3869,245,608.867,503,1
brc101d,1527,2768,165,608.843,527,1
brc101d,1528,4005,296,608.068,508,1
brc101d,1529,3413,184,608.926,513,1
brc101d,1530,3762,249,614.311,513,1
brc101d,1531,2838,142,612.186,532,1
brc101d,1532,4334,416,614.624,510,1
brc101d,1533,2987,194,612.671,530,1
brc101d,1534,3847,317,612.553,510,1
brc101d,1535,2864,180,612.328,528,1
brc101d,1536,3168,197,613.24,514,1
brc101d,1537,3323,398,613.47,525,1
brc101d,1538,4354,291,613.227,526,1
brc101d,1539,3738,168,613.742,529,1
brc101d,1540,3369,178,616.914,533,1
brc101d,1541,3891,289,616.039,511,1
brc101d,1542,3914,124,616.583,519,1
brc101d,1543,2873,213,619.428,538,1
brc101d,1544,3212,154,618.813,532,1
brc101d,1545,3805,246,616.897,516,1
brc101d,1546,3930,169,618.156,533,1
brc101d,1547,3798,202,617.5,534,1
brc101d,1548,4568,462,616.725,515,1
brc101d,1549,3832,129,617.985,532,1
brc101d,1550,3264,289,622.825,524,1
brc101d,1551,3165,396,620.5,537,1
brc101d,1552,3529,180,620.742,536,1
brc101d,1553,3966,411,622.227,535,1
brc101d,1554,4142,241,620.198,528,1
brc101d,1555,3439,216,620.056,532,1
brc101d,1556,3524,224,623.796,520,1
brc101d,1557,3725,226,620.169,523,1
brc101d,1558,3109,186,620.139,518,1
brc101d,1559,3410,144,620.014,539,1
brc101d,1560,3845,201,625.754,529,1
brc101d,1561,3059,262,624.428,543,1
brc101d,1562,3212,192,624.47,536,1
brc101d,1563,3092,101,624.428,543,1
brc101d,1564,3569,232,626.198,534,1
brc101d,1565,3123,98,624.985,539,1
brc101d,1566,2875,234,626.571,541,1
brc101d,1567,4032,230,624.968,522,1
brc101d,1568,3188,182,624.085,541,1
brc101d,1569,3958,253,624.21,520,1
