map,scenid,total,20move,total-src,20move-src,distance,path_size,hLevel
brc502d,0,278,269,237,241,3.41421,4,1
brc502d,1,150,119,130,109,1,2,1
brc502d,2,188,160,122,109,1,2,1
brc502d,3,361,327,228,232,2.82843,3,1
brc502d,4,142,131,90,93,1,2,1
brc502d,5,171,167,95,109,1.41421,2,1
brc502d,6,311,263,203,185,2.41421,3,1
brc502d,7,252,227,144,130,2.41421,3,1
brc502d,8,211,191,143,129,2.41421,3,1
brc502d,9,243,231,179,189,3.41421,4,1
brc502d,10,315,269,430,462,6.82843,7,1
brc502d,11,338,291,356,329,5.41421,6,1
brc502d,12,130,137,395,341,6,7,1
brc502d,13,214,212,170,190,4.82843,5,1
brc502d,14,265,272,225,221,4.24264,4,1
brc502d,15,205,192,191,206,6.41421,7,1
brc502d,16,421,377,278,299,5.24264,5,1
brc502d,17,212,210,216,236,4.41421,5,1
brc502d,18,281,251,275,267,5.41421,6,1
brc502d,19,366,350,298,298,4.82843,5,1
brc502d,20,261,259,398,397,9.24264,9,1
brc502d,21,204,198,384,377,8.41421,9,1
brc502d,22,337,325,291,265,9.65685,9,1
brc502d,23,398,404,489,469,11.8995,10,1
brc502d,24,130,137,451,417,10,11,1
brc502d,25,461,402,520,548,11.4853,10,1
brc502d,26,198,206,353,344,8.82843,9,1
brc502d,27,346,340,441,478,9.82843,10,1
brc502d,28,244,228,456,472,11.2426,11,1
brc502d,29,395,339,388,358,9.89949,8,1
brc502d,30,293,279,596,638,14.4142,15,1
brc502d,31,657,609,591,512,13.4853,12,1
brc502d,32,256,227,535,559,13.6569,13,1
brc502d,33,401,368,512,525,12.8995,11,1
brc502d,34,311,327,478,459,12.4853,11,1
brc502d,35,350,330,593,637,14.4853,13,1
brc502d,36,280,286,601,583,14.0711,13,1
brc502d,37,536,534,578,599,13.4853,12,1
brc502d,38,354,314,476,412,12.2426,12,1
brc502d,39,325,316,537,618,15.4853,14,1
brc502d,40,242,216,762,725,19.4142,20,1
brc502d,41,214,208,577,584,16,17,1
brc502d,42,399,371,719,761,17.4853,16,1
brc502d,43,356,312,646,717,18.3137,16,1
brc502d,44,319,304,491,528,16.8995,15,1
brc502d,45,125,111,562,594,18,19,1
brc502d,46,259,237,469,470,19.4142,20,1
brc502d,47,507,487,447,456,17.4853,16,1
brc502d,48,335,312,719,760,19.8995,18,1
brc502d,49,451,421,593,570,19.0711,18,1
brc502d,50,568,528,697,685,21.5563,18,1
brc502d,51,123,117,657,685,22,23,1
brc502d,52,629,630,784,762,22.4853,21,1
brc502d,53,373,341,697,740,23.0711,22,1
brc502d,54,574,559,570,561,22.4853,21,1
brc502d,55,272,278,645,643,20.2426,20,1
brc502d,56,375,375,694,542,20.0711,19,1
brc502d,57,306,307,699,711,20.5563,17,1
brc502d,58,441,409,895,937,21.4853,20,1
brc502d,59,292,279,529,573,20.8284,21,1
brc502d,60,295,291,959,825,24.8284,25,1
brc502d,61,831,756,1082,1078,25.799,21,1
brc502d,62,223,215,688,638,25.4853,24,1
brc502d,63,500,492,880,876,26.9706,23,1
brc502d,64,399,364,827,653,27.3137,25,1
brc502d,65,527,433,1222,894,26.8995,25,1
brc502d,66,680,653,927,959,24.5563,21,1
brc502d,67,405,307,792,765,25.3137,23,1
brc502d,68,803,743,932,832,27.3848,23,1
brc502d,69,405,425,753,779,26.0416,20,1
brc502d,70,435,403,987,882,31.7279,29,1
brc502d,71,582,548,1237,923,28.8995,27,1
brc502d,72,531,409,1327,945,30.1421,27,1
brc502d,73,302,279,698,621,28.9706,25,1
brc502d,74,714,443,668,473,29.5563,26,1
brc502d,75,210,204,919,636,30.4142,31,1
brc502d,76,357,347,828,742,28.1421,25,1
brc502d,77,372,363,894,796,29.799,25,1
brc502d,78,837,751,784,720,31.2132,26,1
brc502d,79,334,325,1086,992,28.4853,27,1
brc502d,80,214,191,699,666,32.5269,24,1
brc502d,81,515,514,1137,801,33.2132,28,1
brc502d,82,583,554,1280,902,34.1421,31,1
brc502d,83,577,558,668,525,34.3848,30,1
brc502d,84,489,234,1496,946,35.6569,35,1
brc502d,85,382,395,1229,817,35.4853,34,1
brc502d,86,563,453,984,758,35.6985,28,1
brc502d,87,562,393,1145,580,35.7279,33,1
brc502d,88,357,283,635,529,34.2843,27,1
brc502d,89,311,330,969,719,32.8284,33,1
brc502d,90,764,761,1324,1017,36.799,32,1
brc502d,91,495,409,1167,868,37.2132,32,1
brc502d,92,514,427,1060,711,39.8701,33,1
brc502d,93,439,411,1161,769,39.799,35,1
brc502d,94,562,495,1393,1031,39.7279,37,1
brc502d,95,515,491,1166,731,37.799,33,1
brc502d,96,703,659,957,710,38.6985,31,1
brc502d,97,414,410,967,637,38.5563,35,1
brc502d,98,680,565,1604,984,39.799,35,1
brc502d,99,432,402,1372,852,39.8284,40,1
brc502d,100,292,281,1177,770,43.6274,38,1
brc502d,101,810,555,1468,797,43.2132,38,1
brc502d,102,519,473,1064,787,41.3553,32,1
brc502d,103,369,383,964,667,40.2132,35,1
brc502d,104,346,326,1244,680,41.7279,39,1
brc502d,105,211,193,1051,572,43.0711,42,1
brc502d,106,848,499,1406,799,41.2843,34,1
brc502d,107,658,523,1194,885,40.8701,34,1
brc502d,108,611,386,1322,914,43.2132,38,1
brc502d,109,453,412,1087,670,41.9706,38,1
brc502d,110,846,734,1461,811,44.7279,42,1
brc502d,111,444,472,1253,802,46.5563,43,1
brc502d,112,421,418,1361,792,45.0711,44,1
brc502d,113,462,351,1764,780,45.8995,44,1
brc502d,114,335,310,1504,736,44.8284,45,1
brc502d,115,410,409,1293,835,45.7279,43,1
brc502d,116,304,296,1252,710,44.8284,45,1
brc502d,117,707,362,1613,782,47.4558,41,1
brc502d,118,438,226,1218,793,45.598,35,1
brc502d,119,1099,796,1544,1054,44.3553,35,1
brc502d,120,913,765,1365,859,49.5269,41,1
brc502d,121,726,351,1664,749,51.9706,48,1
brc502d,122,827,622,1942,892,48.9706,45,1
brc502d,123,319,348,1343,667,51.8995,50,1
brc502d,124,767,404,1724,892,50.598,40,1
brc502d,125,224,236,1409,697,51.8284,52,1
brc502d,126,654,138,1837,919,49.2426,49,1
brc502d,127,257,265,1154,602,51.3848,47,1
brc502d,128,368,362,1434,708,48.799,44,1
brc502d,129,959,450,1276,521,51.7696,42,1
brc502d,130,1133,394,1690,543,55.5269,47,1
brc502d,131,906,467,1583,962,54.4264,43,1
brc502d,132,723,729,1842,1047,55.4558,49,1
brc502d,133,1326,595,1158,897,52.4558,46,1
brc502d,134,629,553,1362,913,52.2843,45,1
brc502d,135,663,122,1164,545,52.1421,49,1
brc502d,136,519,402,1807,806,54.799,50,1
brc502d,137,1034,452,1713,962,52.0416,46,1
brc502d,138,1244,503,1888,880,52.8406,41,1
brc502d,139,746,411,2321,1173,53.7279,51,1
brc502d,140,840,596,1259,779,56.598,46,1
brc502d,141,796,375,1281,732,59.5563,56,1
brc502d,142,601,640,1824,818,56.3137,54,1
brc502d,143,700,554,1783,927,56.2843,49,1
brc502d,144,725,628,1603,838,59.0416,53,1
brc502d,145,1132,662,1559,730,57.598,47,1
brc502d,146,771,329,1011,603,57.0416,51,1
brc502d,147,729,661,1563,829,57.1127,49,1
brc502d,148,563,441,1052,539,57.2843,50,1
brc502d,149,526,449,1456,626,57.6985,50,1
brc502d,150,714,303,1435,541,61.2843,54,1
brc502d,151,795,293,1508,861,62.1127,54,1
brc502d,152,1065,635,1995,855,62.4975,49,1
brc502d,153,731,645,1644,740,61.4558,55,1
brc502d,154,813,428,1558,674,61.5685,46,1
brc502d,155,557,537,2076,905,63.5563,60,1
brc502d,156,606,386,1618,802,60.5685,45,1
brc502d,157,768,287,1463,689,60.0833,47,1
brc502d,158,1101,484,1391,652,60.7401,46,1
brc502d,159,340,227,1666,777,60.9706,57,1
brc502d,160,379,216,1918,652,65.2426,65,1
brc502d,161,531,556,1829,700,64.9706,61,1
brc502d,162,273,259,1768,570,65.6569,65,1
brc502d,163,492,256,1434,688,64.3259,50,1
brc502d,164,380,381,1735,585,67.2132,62,1
brc502d,165,932,398,1896,805,66.0833,53,1
brc502d,166,1080,571,1376,602,67.3848,63,1
brc502d,167,373,371,1772,823,67.0711,66,1
brc502d,168,472,464,1734,737,67.799,63,1
brc502d,169,791,495,1594,711,66.8112,50,1
brc502d,170,1105,267,1715,835,69.0122,58,1
brc502d,171,540,400,1920,858,68.8995,67,1
brc502d,172,795,561,1932,960,69.2132,64,1
brc502d,173,632,658,1977,750,69.8995,68,1
brc502d,174,515,487,2195,829,68.8284,69,1
brc502d,175,1249,473,1517,813,70.7696,61,1
brc502d,176,280,196,2304,843,68.8284,69,1
brc502d,177,1148,663,1968,896,70.5685,55,1
brc502d,178,1113,131,1411,629,68.9828,53,1
brc502d,179,1014,299,2166,761,70.4558,64,1
brc502d,180,427,440,2006,852,73.9706,70,1
brc502d,181,424,313,1490,603,74.7696,65,1
brc502d,182,523,379,1079,512,72.3553,63,1
brc502d,183,1277,526,1710,791,73.598,63,1
brc502d,184,930,276,2146,704,73.397,57,1
brc502d,185,796,363,2559,897,73.9706,70,1
brc502d,186,353,341,2024,657,75.1421,72,1
brc502d,187,818,365,1268,467,73.7696,64,1
brc502d,188,1348,363,1677,576,73.9411,65,1
brc502d,189,452,349,1474,499,75.5269,67,1
brc502d,190,1322,147,1925,322,78.9828,63,1
brc502d,191,651,575,3038,851,78.6274,73,1
brc502d,192,923,437,1649,548,76.1127,68,1
brc502d,193,1128,455,2656,750,76.8406,65,1
brc502d,194,1018,592,1714,665,76.7401,62,1
brc502d,195,1089,806,2292,853,79.669,67,1
brc502d,196,710,263,2103,684,78.9117,65,1
brc502d,197,785,423,1702,839,79.2254,62,1
brc502d,198,726,241,1974,563,78.598,68,1
brc502d,199,776,546,2379,592,77.9706,74,1
brc502d,200,932,689,2418,609,81.6985,74,1
brc502d,201,1256,544,2504,609,82.3259,68,1
brc502d,202,1818,610,1781,990,80.598,70,1
brc502d,203,1007,293,2086,449,81.4264,70,1
brc502d,204,1241,920,2506,995,81.5269,73,1
brc502d,205,1008,294,1600,583,81.6985,74,1
brc502d,206,1164,306,1547,479,82.8406,71,1
brc502d,207,186,194,2354,647,83.4142,84,1
brc502d,208,129,133,2068,560,80,81,1
brc502d,209,1328,541,2497,826,81.8112,65,1
brc502d,210,939,612,2195,914,85.3259,71,1
brc502d,211,1013,476,2440,573,87.4975,74,1
brc502d,212,1225,679,1770,864,84.7401,70,1
brc502d,213,510,235,1950,516,84.6985,77,1
brc502d,214,1438,372,1867,723,85.2548,73,1
brc502d,215,1317,541,3078,886,87.6985,80,1
brc502d,216,1168,281,2091,543,87.2965,68,1
brc502d,217,950,662,2868,738,86.1127,78,1
brc502d,218,1059,269,2198,479,86.1838,76,1
brc502d,219,1208,600,1930,874,86.0122,75,1
brc502d,220,1472,509,2141,359,88.3553,79,1
brc502d,221,852,280,1853,760,89.7401,75,1
brc502d,222,1031,401,2781,811,91.0416,85,1
brc502d,223,903,601,1850,782,88.0538,70,1
brc502d,224,739,411,1581,733,90.9828,75,1
brc502d,225,862,268,2812,831,88.4558,82,1
brc502d,226,598,439,1480,536,89.9117,76,1
brc502d,227,1744,760,3434,997,91.7107,72,1
brc502d,228,1739,528,2156,393,89.2965,70,1
brc502d,229,706,483,2479,803,88.2132,83,1
brc502d,230,814,404,1822,766,95.0122,84,1
brc502d,231,1407,498,1783,468,93.7401,79,1
brc502d,232,1138,475,2815,725,93.9706,90,1
brc502d,233,636,317,2171,842,95.1249,75,1
brc502d,234,1142,114,1579,411,93.196,71,1
brc502d,235,1103,807,3237,944,93.9828,78,1
brc502d,236,820,130,2096,286,92.2548,80,1
brc502d,237,1220,627,1803,588,94.397,78,1
brc502d,238,1722,380,2592,810,92.1249,72,1
brc502d,239,1015,330,2779,529,93.799,89,1
brc502d,240,1005,193,2187,684,99.0122,88,1
brc502d,241,818,344,1882,724,99.5269,91,1
brc502d,242,1582,642,3177,848,96.8112,80,1
brc502d,243,894,451,2349,774,97.8822,79,1
brc502d,244,992,459,1705,448,97.8406,86,1
brc502d,245,1208,220,1910,780,99.8112,83,1
brc502d,246,795,308,1934,657,98.4264,87,1
brc502d,247,1106,201,2075,334,98.3259,84,1
brc502d,248,919,321,1535,303,98.2548,86,1
brc502d,249,944,420,2124,837,96.267,72,1
brc502d,250,1424,572,2486,511,101.983,86,1
brc502d,251,1063,227,2483,466,101.355,92,1
brc502d,252,942,248,1987,670,102.426,91,1
brc502d,253,1288,885,2596,1027,103.225,86,1
brc502d,254,1316,335,1636,509,101.882,83,1
brc502d,255,871,769,2365,696,100.698,93,1
brc502d,256,1083,355,2129,691,102.368,81,1
brc502d,257,775,389,1845,332,100.841,89,1
brc502d,258,903,402,1851,602,103.225,86,1
brc502d,259,796,373,2281,616,103.397,87,1
brc502d,260,1994,954,2609,892,104.326,90,1
brc502d,261,1168,266,2472,519,106.953,86,1
brc502d,262,938,560,2446,925,106.113,98,1
brc502d,263,1225,560,3569,838,105.983,90,1
brc502d,264,1316,319,1645,441,104.368,83,1
brc502d,265,1122,578,2922,896,107.569,92,1
brc502d,266,756,279,2025,325,104.184,94,1
brc502d,267,896,190,2971,452,104.941,96,1
brc502d,268,1074,270,1833,532,106.296,87,1
brc502d,269,671,99,1875,417,105.397,89,1
brc502d,270,1208,564,2685,505,108.184,98,1
brc502d,271,1433,637,2257,750,110.054,92,1
brc502d,272,1348,659,2449,1012,109.468,91,1
brc502d,273,1128,447,1672,554,111.468,93,1
brc502d,274,1037,522,1750,355,108.841,97,1
brc502d,275,800,185,2295,460,108.125,88,1
brc502d,276,1204,371,2754,501,111.711,92,1
brc502d,277,964,342,2096,915,109.468,91,1
brc502d,278,1132,363,2135,498,111.841,100,1
brc502d,279,1085,289,1700,390,111.953,91,1
brc502d,280,1315,397,1616,319,115.953,95,1
brc502d,281,1431,708,3360,861,115.882,97,1
brc502d,282,960,276,2353,844,113.154,98,1
brc502d,283,1226,315,2158,404,113.083,100,1
brc502d,284,813,308,2015,553,112.184,102,1
brc502d,285,1500,682,2322,903,112.782,91,1
brc502d,286,1139,281,2599,790,112.125,92,1
brc502d,287,964,539,2565,794,113.882,95,1
brc502d,288,1734,297,3036,605,115.125,95,1
brc502d,289,934,190,2134,596,113.497,100,1
brc502d,290,1163,316,1920,381,117.054,99,1
brc502d,291,1120,505,2203,841,117.125,97,1
brc502d,292,1505,486,2407,452,119.368,98,1
brc502d,293,1425,355,2486,473,118.539,98,1
brc502d,294,946,201,1765,265,119.012,108,1
brc502d,295,1655,472,2708,1075,116.196,94,1
brc502d,296,1138,550,1977,573,118.095,93,1
brc502d,297,1458,210,1850,371,117.267,93,1
brc502d,298,950,357,2989,477,116.841,105,1
brc502d,299,889,186,2308,618,117.598,107,1
brc502d,300,1440,538,2580,525,123.74,109,1
brc502d,301,1314,738,3171,938,123.811,107,1
brc502d,302,1027,185,2236,552,121.497,108,1
brc502d,303,879,371,1775,329,122.912,109,1
brc502d,304,1008,352,1809,481,122.61,100,1
brc502d,305,1156,230,2185,443,120.497,107,1
brc502d,306,1530,419,2437,318,122.225,105,1
brc502d,307,842,119,2115,455,121.184,111,1
brc502d,308,1665,440,2854,409,123.539,103,1
brc502d,309,1461,689,2536,651,121.184,111,1
brc502d,310,1432,759,2854,868,124.711,105,1
brc502d,311,1554,305,1768,413,127.095,102,1
brc502d,312,1859,349,3122,588,126.811,110,1
brc502d,313,1144,195,2336,585,125.497,112,1
brc502d,314,1403,435,3228,486,126.083,113,1
brc502d,315,1184,330,2324,429,127.953,107,1
brc502d,316,1037,304,1945,481,125.095,100,1
brc502d,317,1120,582,2349,846,125.569,110,1
brc502d,318,1164,312,2374,536,125.326,111,1
brc502d,319,1565,418,1824,314,127.953,107,1
brc502d,320,1031,391,1934,530,128.267,104,1
brc502d,321,882,164,2549,573,130.598,120,1
brc502d,322,1364,763,2538,894,130.326,116,1
brc502d,323,1318,119,2256,393,130.924,105,1
brc502d,324,1240,446,2037,415,128.681,104,1
brc502d,325,1241,569,2426,684,128.912,115,1
brc502d,326,1692,730,2638,860,129.61,107,1
brc502d,327,1390,626,2480,804,130.439,107,1
brc502d,328,1237,534,2890,872,128.095,103,1
brc502d,329,919,263,2318,714,128.497,115,1
brc502d,330,1155,528,2867,512,133.255,121,1
brc502d,331,1277,261,2642,609,135.054,117,1
brc502d,332,1113,483,2351,772,132.61,110,1
brc502d,333,1291,454,2505,843,133.953,113,1
brc502d,334,1130,612,2187,677,135.924,110,1
brc502d,335,1264,399,3029,491,135.74,121,1
brc502d,336,1530,408,3366,546,132.811,116,1
brc502d,337,1415,271,3268,525,134.368,113,1
brc502d,338,1004,309,2454,633,132.397,116,1
brc502d,339,1198,386,2675,398,134.154,119,1
brc502d,340,1331,670,2943,1023,139.74,125,1
brc502d,341,1149,367,2480,771,137.468,119,1
brc502d,342,1090,317,3394,509,137.841,126,1
brc502d,343,1067,347,2876,480,138.154,123,1
brc502d,344,1405,527,2510,713,139.853,116,1
brc502d,345,1934,500,3207,616,136.338,110,1
brc502d,346,1580,625,2718,763,137.995,110,1
brc502d,347,954,370,2931,770,137.238,108,1
brc502d,348,1554,709,2772,787,136.267,112,1
brc502d,349,1555,212,2631,445,139.51,114,1
brc502d,350,1905,297,3463,489,141.752,115,1
brc502d,351,1606,738,2917,812,142.267,118,1
brc502d,352,1237,513,2216,757,140.539,120,1
brc502d,353,1483,283,2067,346,142.167,115,1
brc502d,354,973,152,2527,531,142.61,120,1
brc502d,355,936,390,2690,446,141.326,127,1
brc502d,356,1632,290,2613,479,142.752,116,1
brc502d,357,1493,482,2902,900,142.296,123,1
brc502d,358,1717,416,2782,427,140.853,117,1
brc502d,359,1508,323,1885,295,140.681,116,1
brc502d,360,1436,430,3139,471,144.154,129,1
brc502d,361,1726,203,3102,371,146.569,131,1
brc502d,362,1322,554,2864,923,145.154,130,1
brc502d,363,1314,463,2466,598,146.995,119,1
brc502d,364,1050,316,2682,561,147.426,136,1
brc502d,365,1258,120,2734,484,144.924,119,1
brc502d,366,1295,440,2905,744,146.681,122,1
brc502d,367,1501,308,3426,497,145.64,128,1
brc502d,368,946,203,2705,453,144.912,131,1
brc502d,369,1449,397,1993,322,144.51,119,1
brc502d,370,1062,303,3916,468,150.154,135,1
brc502d,371,1797,554,2943,631,151.581,124,1
brc502d,372,1701,111,2915,325,150.953,130,1
brc502d,373,1232,279,2714,425,148.953,128,1
brc502d,374,1149,296,2010,321,151.238,122,1
brc502d,375,1291,158,2783,389,149.853,126,1
brc502d,376,1835,655,3247,927,149.782,128,1
brc502d,377,1019,365,2769,652,148.083,135,1
brc502d,378,1204,290,2840,400,148.912,135,1
brc502d,379,1115,211,2018,341,149.238,120,1
brc502d,380,1099,208,3302,379,155.225,138,1
brc502d,381,1299,243,3226,387,154.811,138,1
brc502d,382,1169,387,2838,743,152.569,137,1
brc502d,383,1220,560,2957,914,154.64,137,1
brc502d,384,1931,587,2538,598,152.196,130,1
brc502d,385,1567,292,2031,385,152.752,126,1
brc502d,386,1108,217,2706,424,153.296,134,1
brc502d,387,1142,223,3261,362,155.326,141,1
brc502d,388,1541,278,2623,433,153.296,134,1
brc502d,389,1328,312,2006,319,152.409,124,1
brc502d,390,2385,275,3431,442,157.368,136,1
brc502d,391,1596,241,2560,432,158.853,135,1
brc502d,392,1442,454,2485,428,158.61,136,1
brc502d,393,1759,277,3016,379,157.167,130,1
brc502d,394,1077,235,3228,414,156.326,142,1
brc502d,395,1388,692,2925,830,157.125,137,1
brc502d,396,1624,400,2196,322,159.924,134,1
brc502d,397,1914,397,2768,284,159.782,138,1
brc502d,398,1020,192,3197,369,156.983,141,1
brc502d,399,1567,241,2230,301,158.338,132,1
brc502d,400,1273,329,1975,315,161.823,133,1
brc502d,401,1644,233,3145,392,161.823,133,1
brc502d,402,1481,680,3415,900,160.024,137,1
brc502d,403,1344,289,2050,302,161.723,130,1
brc502d,404,1720,730,3443,826,162.51,137,1
brc502d,405,2140,663,3377,793,163.48,133,1
brc502d,406,1240,269,3145,441,160.296,141,1
brc502d,407,1679,598,3176,621,161.238,132,1
brc502d,408,1651,250,2731,431,162.853,139,1
brc502d,409,1105,137,2207,369,160.894,130,1
brc502d,410,1204,474,3313,840,165.054,147,1
brc502d,411,1265,548,2506,618,164.409,136,1
brc502d,412,1623,214,2589,393,164.782,143,1
brc502d,413,1433,326,2563,522,166.823,138,1
brc502d,414,1177,113,2135,327,164.551,132,1
brc502d,415,1400,202,2251,295,165.723,134,1
brc502d,416,1541,365,2766,402,164.196,142,1
brc502d,417,1705,220,2645,450,165.409,137,1
brc502d,418,1516,317,2563,376,167.196,145,1
brc502d,419,2115,820,3456,822,164.48,134,1
brc502d,420,2050,220,2916,378,171.61,149,1
brc502d,421,1234,98,2401,290,170.966,138,1
brc502d,422,1268,324,2736,488,168.995,141,1
brc502d,423,1209,164,2666,342,168.752,142,1
brc502d,424,1743,376,2560,403,170.622,136,1
brc502d,425,1439,281,2321,267,170.894,140,1
brc502d,426,1201,207,2132,269,169.309,138,1
brc502d,427,1770,237,2823,443,170.924,145,1
brc502d,428,1678,332,2523,319,170.309,139,1
brc502d,429,1608,339,2272,377,170.238,141,1
brc502d,430,2047,316,2806,336,172.267,148,1
brc502d,431,1316,304,2246,271,173.309,142,1
brc502d,432,1819,242,2553,311,172.681,148,1
brc502d,433,1588,328,2687,346,175.794,142,1
brc502d,434,1450,215,2318,352,173.238,144,1
brc502d,435,1738,204,2722,369,173.137,141,1
brc502d,436,1386,302,2238,322,173.966,141,1
brc502d,437,1536,402,2407,326,173.208,139,1
brc502d,438,1448,370,2393,293,172.137,140,1
brc502d,439,1229,277,2584,342,173.652,144,1
brc502d,440,1259,162,2777,302,178.137,146,1
brc502d,441,2080,346,2613,313,178.853,155,1
brc502d,442,1473,253,2348,333,176.865,141,1
brc502d,443,1494,194,2389,376,179.652,150,1
brc502d,444,1868,232,2588,298,177.782,156,1
brc502d,445,1689,330,2721,318,179.037,144,1
brc502d,446,1617,296,2506,277,176.966,144,1
brc502d,447,1544,273,2645,312,176.208,142,1
brc502d,448,1394,229,2386,281,178.48,148,1
brc502d,449,1174,101,2293,311,179.451,144,1
brc502d,450,1373,269,2696,302,182.723,151,1
brc502d,451,1587,350,2664,268,181.894,151,1
brc502d,452,1337,183,2295,288,180.309,149,1
brc502d,453,1352,246,2308,290,182.551,150,1
brc502d,454,1605,282,2565,287,180.794,147,1
brc502d,455,1799,295,2752,276,180.137,148,1
brc502d,456,1312,184,2323,269,183.309,152,1
brc502d,457,1462,290,2800,279,181.966,149,1
brc502d,458,1370,227,2349,302,183.208,149,1
brc502d,459,1258,113,2313,305,181.551,149,1
