map,scenid,total,20move,total-src,20move-src,distance,path_size,hLevel
den600d,0,328,286,241,188,2.41421,3,1
den600d,1,196,179,112,122,1.41421,2,1
den600d,2,162,153,144,105,1,2,1
den600d,3,187,157,104,104,1.41421,2,1
den600d,4,189,162,173,166,2.82843,3,1
den600d,5,279,253,192,186,2.41421,3,1
den600d,6,265,200,166,180,2.41421,3,1
den600d,7,239,226,187,190,3.41421,4,1
den600d,8,145,123,125,122,2,3,1
den600d,9,133,146,130,111,1,2,1
den600d,10,150,128,238,206,7.07107,6,1
den600d,11,289,264,208,194,5.65685,5,1
den600d,12,247,249,264,258,7.65685,7,1
den600d,13,268,244,307,270,7.24264,7,1
den600d,14,435,393,279,279,7.24264,7,1
den600d,15,174,142,227,231,6,7,1
den600d,16,382,371,384,329,6.82843,7,1
den600d,17,209,211,225,258,5.41421,6,1
den600d,18,219,252,326,277,6.24264,6,1
den600d,19,142,129,133,145,4.24264,4,1
den600d,20,395,377,343,351,10.0711,9,1
den600d,21,313,308,377,405,11.6569,11,1
den600d,22,475,486,440,440,9.07107,8,1
den600d,23,180,160,286,335,8.48528,7,1
den600d,24,238,233,455,446,8.82843,9,1
den600d,25,147,138,272,239,8,9,1
den600d,26,213,216,332,353,10.4142,11,1
den600d,27,223,202,319,310,10.8995,9,1
den600d,28,280,276,363,405,9.24264,9,1
den600d,29,410,398,425,408,9.07107,8,1
den600d,30,276,285,521,536,15.7279,13,1
den600d,31,237,238,603,577,14.4142,15,1
den600d,32,651,630,524,477,12.0711,11,1
den600d,33,329,332,675,616,12,13,1
den600d,34,325,308,473,493,15.5563,12,1
den600d,35,363,355,398,404,15.7279,13,1
den600d,36,403,403,505,494,13.8995,12,1
den600d,37,405,393,654,566,13.3137,11,1
den600d,38,211,216,365,372,14.8284,15,1
den600d,39,245,254,509,528,15.4142,16,1
den600d,40,438,395,592,582,16.9706,13,1
den600d,41,350,332,557,522,19.0711,18,1
den600d,42,353,356,600,615,17.0711,16,1
den600d,43,483,482,587,557,18.6569,18,1
den600d,44,247,261,489,520,18.6569,18,1
den600d,45,545,541,859,811,16.7279,14,1
den600d,46,493,499,637,679,17.3137,15,1
den600d,47,278,252,798,875,18.4142,19,1
den600d,48,607,642,774,824,18.8995,17,1
den600d,49,555,561,460,502,17.4853,16,1
den600d,50,366,365,449,434,21.2426,21,1
den600d,51,566,565,718,712,22.8995,21,1
den600d,52,210,207,868,875,23.5563,20,1
den600d,53,261,248,535,527,21.799,17,1
den600d,54,251,269,751,723,23.6569,23,1
den600d,55,590,563,833,843,20.7279,18,1
den600d,56,233,216,645,628,23.0711,22,1
den600d,57,297,310,688,696,21.7279,19,1
den600d,58,405,445,1025,898,21.8284,22,1
den600d,59,589,622,801,775,22.3137,20,1
den600d,60,404,323,1161,1098,27.5563,24,1
den600d,61,418,441,760,761,26.5563,23,1
den600d,62,311,218,767,566,27.4142,28,1
den600d,63,512,478,935,944,26.8995,25,1
den600d,64,314,326,792,763,25.1421,22,1
den600d,65,350,337,700,587,27.0711,26,1
den600d,66,532,569,901,750,27.3848,23,1
den600d,67,848,826,1004,882,26.4853,25,1
den600d,68,422,431,949,1027,24.3137,22,1
den600d,69,528,528,852,753,26.0711,25,1
den600d,70,495,470,840,643,30.6569,30,1
den600d,71,644,695,911,806,28.7279,26,1
den600d,72,915,817,1207,1099,29.6274,24,1
den600d,73,675,307,1263,924,31.5563,28,1
den600d,74,780,664,919,848,30.4558,24,1
den600d,75,635,659,984,878,31.3848,27,1
den600d,76,634,564,794,633,30.799,26,1
den600d,77,776,687,1031,926,28.799,24,1
den600d,78,419,430,724,607,31.6569,31,1
den600d,79,499,348,877,680,30.799,26,1
den600d,80,394,249,1079,712,33.1421,30,1
den600d,81,714,613,997,863,33.799,29,1
den600d,82,600,544,927,672,32.799,28,1
den600d,83,586,512,1003,757,32.4558,26,1
den600d,84,543,298,1161,754,32.8284,33,1
den600d,85,280,259,931,661,34.4142,35,1
den600d,86,389,374,919,749,32.1421,29,1
den600d,87,466,298,713,586,34.2843,27,1
den600d,88,441,365,764,716,33.8701,27,1
den600d,89,552,488,757,698,35.2132,30,1
den600d,90,637,673,1048,764,38.7279,36,1
den600d,91,617,442,917,595,38.9706,35,1
den600d,92,370,351,1238,853,36.4853,35,1
den600d,93,410,310,1273,779,38.0711,37,1
den600d,94,375,316,837,628,36.3137,34,1
den600d,95,285,285,1102,711,38.0711,37,1
den600d,96,663,478,1345,645,37.1421,34,1
den600d,97,825,501,1207,796,37.8701,31,1
den600d,98,344,205,1082,640,36.8995,35,1
den600d,99,415,392,1077,560,37.0711,36,1
den600d,100,562,242,1010,447,40.6569,40,1
den600d,101,1019,839,1408,1117,40.799,36,1
den600d,102,709,576,1484,974,42.7279,40,1
den600d,103,819,465,1361,711,42.3137,40,1
den600d,104,697,484,1224,583,40.1421,37,1
den600d,105,783,524,1291,846,43.6985,36,1
den600d,106,583,444,945,699,42.8701,36,1
den600d,107,207,222,819,492,41.2426,41,1
den600d,108,619,316,1131,659,40.1421,37,1
den600d,109,571,489,1026,842,41.2843,34,1
den600d,110,568,371,1697,605,47.9706,44,1
den600d,111,363,307,1217,841,45.8284,46,1
den600d,112,810,595,1591,829,47.4558,41,1
den600d,113,524,444,1118,416,46.9706,43,1
den600d,114,510,354,1498,784,44.8995,43,1
den600d,115,931,477,1357,658,44.8701,38,1
den600d,116,483,284,1450,691,44.8995,43,1
den600d,117,760,650,1237,883,45.8701,39,1
den600d,118,637,324,946,416,47.9706,44,1
den600d,119,821,571,1244,764,45.0416,39,1
den600d,120,918,417,1448,722,50.8701,44,1
den600d,121,871,528,1587,821,48.1127,40,1
den600d,122,982,594,1531,969,48.9411,40,1
den600d,123,731,485,965,559,48.6985,41,1
den600d,124,413,237,1238,620,49.799,45,1
den600d,125,682,355,1445,749,49.6569,49,1
den600d,126,764,610,1416,762,50.3553,41,1
den600d,127,808,490,1347,751,50.1127,42,1
den600d,128,478,226,1149,372,48.8995,47,1
den600d,129,609,566,1208,693,48.799,44,1
den600d,130,962,555,1318,735,53.7696,44,1
den600d,131,524,247,1597,816,53.1421,50,1
den600d,132,611,325,1203,635,52.2132,47,1
den600d,133,524,268,1364,649,53.1421,50,1
den600d,134,948,568,1436,723,55.1421,52,1
den600d,135,953,489,1323,638,53.1421,50,1
den600d,136,924,282,1587,639,55.6985,48,1
den600d,137,882,380,1203,509,55.8701,49,1
den600d,138,1001,428,1575,687,55.2843,48,1
den600d,139,910,357,1309,622,52.3553,43,1
den600d,140,676,453,1510,817,57.6985,50,1
den600d,141,785,393,1173,488,58.9706,55,1
den600d,142,784,453,1951,729,58.6274,53,1
den600d,143,638,379,1689,793,57.4558,51,1
den600d,144,767,520,1497,749,56.1421,53,1
den600d,145,472,242,1364,596,59.5269,51,1
den600d,146,1029,386,1766,637,57.8701,51,1
den600d,147,912,560,1542,915,57.9411,49,1
den600d,148,1056,397,1493,604,59.2132,54,1
den600d,149,664,526,1911,960,56.799,52,1
den600d,150,990,357,1003,390,60.0122,49,1
den600d,151,860,277,2160,848,63.8995,62,1
den600d,152,538,356,1557,926,61.9706,58,1
den600d,153,1167,396,2011,659,63.598,53,1
den600d,154,651,378,1458,710,60.1127,52,1
den600d,155,532,349,1129,562,63.3848,59,1
den600d,156,1116,443,1685,809,61.9117,48,1
den600d,157,885,535,1301,523,63.8701,57,1
den600d,158,709,584,1993,747,63.799,59,1
den600d,159,714,372,1475,680,62.799,58,1
den600d,160,574,307,1841,868,65.1421,62,1
den600d,161,565,201,1298,523,66.4264,55,1
den600d,162,405,169,1488,504,67.4558,61,1
den600d,163,1433,651,1484,678,66.3553,57,1
den600d,164,644,379,1310,671,66.5269,58,1
den600d,165,888,465,2165,633,67.4558,61,1
den600d,166,1125,523,1369,524,64.1127,56,1
den600d,167,524,317,1412,617,64.799,60,1
den600d,168,965,563,2032,885,67.3259,53,1
den600d,169,896,283,1201,446,65.9411,57,1
den600d,170,1066,384,1820,874,68.4264,57,1
den600d,171,598,208,1773,720,68.598,58,1
den600d,172,568,265,1958,588,70.0711,69,1
den600d,173,623,279,1264,445,71.8701,65,1
den600d,174,923,246,1692,508,69.1838,59,1
den600d,175,862,111,1826,436,68.1838,58,1
den600d,176,1193,397,1407,528,69.0416,63,1
den600d,177,975,443,1336,749,69.2548,57,1
den600d,178,482,233,1155,454,68.5269,60,1
den600d,179,745,245,2535,991,70.1421,67,1
den600d,180,1064,288,2348,706,75.7696,66,1
den600d,181,1093,337,1659,705,75.598,65,1
den600d,182,555,352,1441,517,75.4853,74,1
den600d,183,671,146,1864,373,75.0416,69,1
den600d,184,711,167,1538,631,73.9117,60,1
den600d,185,1089,526,2334,1017,72.1421,69,1
den600d,186,1004,443,1781,801,72.5685,57,1
den600d,187,836,457,1685,619,74.6274,69,1
den600d,188,1028,393,2082,715,73.0416,67,1
den600d,189,1244,517,1419,598,75.1838,65,1
den600d,190,576,292,1682,537,78.2426,78,1
den600d,191,453,210,1341,344,76.799,72,1
den600d,192,1171,625,1749,680,77.669,65,1
den600d,193,965,372,1323,623,76.2548,64,1
den600d,194,750,280,1925,789,77.3848,73,1
den600d,195,1062,321,1735,517,79.0122,68,1
den600d,196,873,305,2166,753,79.0833,66,1
den600d,197,842,218,1851,642,78.1421,75,1
den600d,198,1248,711,2123,661,79.5685,64,1
den600d,199,612,327,2279,683,78.0416,72,1
den600d,200,748,467,2206,848,83.6985,76,1
den600d,201,1159,440,2207,483,81.8406,70,1
den600d,202,874,325,1536,372,80.0416,74,1
den600d,203,463,230,2173,769,81.1421,78,1
den600d,204,774,274,1685,432,83.1127,75,1
den600d,205,891,218,1944,415,82.8406,71,1
den600d,206,759,152,1696,528,81.0122,70,1
den600d,207,258,139,1513,333,81.4142,82,1
den600d,208,810,325,1845,702,82.4264,71,1
den600d,209,636,212,2052,525,83.1421,80,1
den600d,210,395,136,1568,471,85.2426,85,1
den600d,211,1285,453,1796,568,85.669,73,1
den600d,212,1347,535,2048,614,84.5269,76,1
den600d,213,884,292,1531,457,86.4264,75,1
den600d,214,998,307,1637,505,86.6274,81,1
den600d,215,934,193,1898,673,86.4558,80,1
den600d,216,523,360,2755,835,86.4853,85,1
den600d,217,1003,492,2277,904,84.9411,76,1
den600d,218,923,136,2092,668,86.799,82,1
den600d,219,606,182,1874,648,86.4853,85,1
den600d,220,770,273,2040,605,89.1127,81,1
den600d,221,522,357,1549,452,89.3137,87,1
den600d,222,632,124,1571,322,89.799,85,1
den600d,223,641,268,1266,417,91.4558,85,1
den600d,224,684,153,1486,254,88.8701,82,1
den600d,225,677,442,2692,833,90.6569,90,1
den600d,226,1074,199,2212,582,88.8406,77,1
den600d,227,838,255,1998,482,90.0711,89,1
den600d,228,1139,438,2622,904,90.0833,77,1
den600d,229,947,246,1882,580,89.2965,70,1
den600d,230,980,450,2319,758,94.7279,92,1
den600d,231,1451,517,2058,851,92.2965,73,1
den600d,232,960,635,1801,623,95.2843,88,1
den600d,233,777,244,1750,561,93.9117,80,1
den600d,234,814,416,1782,515,95.7696,86,1
den600d,235,843,324,2346,846,94.0122,83,1
den600d,236,616,276,1427,421,92.6274,87,1
den600d,237,1252,362,2004,484,95.0833,82,1
den600d,238,550,344,2034,692,95.8701,89,1
den600d,239,872,147,2418,504,94.2548,82,1
den600d,240,1303,399,1978,581,99.0538,81,1
den600d,241,859,272,1538,455,96.7401,82,1
den600d,242,923,412,2158,601,98.0416,92,1
den600d,243,765,219,1561,347,96.5269,88,1
den600d,244,809,152,2429,645,98.6985,91,1
den600d,245,1294,541,2233,767,96.3259,82,1
den600d,246,883,236,1913,450,96.598,86,1
den600d,247,912,529,2956,608,98.2132,93,1
den600d,248,1014,299,1983,562,96.8701,90,1
den600d,249,912,272,2983,680,96.9411,88,1
den600d,250,775,177,3252,503,102.799,98,1
den600d,251,1146,373,2461,672,102.882,84,1
den600d,252,1431,737,2222,686,101.77,92,1
den600d,253,1197,493,2034,618,101.983,86,1
den600d,254,1053,201,1985,494,101.811,85,1
den600d,255,1176,445,2639,562,103.497,90,1
den600d,256,961,193,1931,505,100.882,82,1
den600d,257,1219,249,2175,582,103.941,95,1
den600d,258,783,456,2493,772,103.042,97,1
den600d,259,1118,438,2335,503,102.456,96,1
den600d,260,1120,536,1960,488,104.569,89,1
den600d,261,687,241,2096,659,105.426,94,1
den600d,262,1162,497,2130,547,106.225,89,1
den600d,263,1066,261,2275,651,106.74,92,1
den600d,264,982,477,2785,711,107.042,101,1
den600d,265,765,216,2385,601,104.627,99,1
den600d,266,712,346,2390,681,107.456,101,1
den600d,267,967,508,1948,561,105.113,97,1
den600d,268,1029,284,2081,716,104.941,96,1
den600d,269,931,456,2279,683,104.355,95,1
den600d,270,851,255,2603,746,110.012,99,1
den600d,271,959,228,2220,519,109.983,94,1
den600d,272,847,213,1327,477,109.196,87,1
den600d,273,882,528,2856,594,109.385,105,1
den600d,274,1112,460,2801,800,109.255,97,1
den600d,275,1177,374,2490,517,111.841,100,1
den600d,276,784,197,2278,610,108.698,101,1
den600d,277,1123,401,2398,650,109.497,96,1
den600d,278,1489,601,2319,784,109.924,84,1
den600d,279,815,276,1989,436,111.284,104,1
den600d,280,1250,345,2116,516,115.527,107,1
den600d,281,780,398,2742,830,112.698,105,1
den600d,282,999,260,1968,477,114.113,106,1
den600d,283,493,118,2134,457,114.042,108,1
den600d,284,829,165,1763,491,113.61,91,1
den600d,285,745,332,2477,742,114.284,107,1
den600d,286,950,485,2796,689,114.042,108,1
den600d,287,887,549,2624,595,114.385,110,1
den600d,288,942,246,2217,387,113.113,105,1
den600d,289,1086,549,2499,852,114.527,106,1
den600d,290,1167,587,2168,566,118.941,110,1
den600d,291,877,406,2400,623,117.456,111,1
den600d,292,1110,324,2107,617,117.456,111,1
den600d,293,1198,195,3123,513,116.255,104,1
den600d,294,1042,388,3121,742,119.527,111,1
den600d,295,1355,468,2267,662,117.426,106,1
den600d,296,851,315,2762,581,118.698,111,1
den600d,297,1004,246,2808,584,119.74,105,1
den600d,298,1003,287,2276,530,118.012,107,1
den600d,299,1224,319,2542,563,118.598,108,1
den600d,300,660,170,1966,376,123.113,115,1
den600d,301,1321,205,2891,770,123.012,112,1
den600d,302,1109,249,2381,527,122.012,111,1
den600d,303,751,124,2924,481,122.87,116,1
den600d,304,880,363,2682,722,122.355,113,1
den600d,305,775,316,2669,604,121.799,117,1
den600d,306,1118,584,2550,740,120.184,110,1
den600d,307,955,347,2606,476,123.598,113,1
den600d,308,846,237,2465,518,123.598,113,1
den600d,309,1101,235,2544,363,120.569,105,1
den600d,310,1124,436,2717,503,127.912,114,1
den600d,311,1167,292,2597,408,127.74,113,1
den600d,312,1374,538,3100,698,125.539,105,1
den600d,313,1234,349,2470,666,125.397,109,1
den600d,314,1023,190,2858,541,126.841,115,1
den600d,315,676,204,2916,670,124.971,121,1
den600d,316,831,209,2699,479,125.184,115,1
den600d,317,786,203,2695,356,125.012,114,1
den600d,318,1681,288,2726,555,124.924,99,1
den600d,319,885,310,2157,511,125.154,110,1
den600d,320,1143,241,3034,601,128.355,119,1
den600d,321,1029,283,2567,683,128.598,118,1
den600d,322,955,248,3490,512,130.385,126,1
den600d,323,883,278,2913,647,128.912,115,1
den600d,324,676,169,2748,513,131.627,126,1
den600d,325,809,361,3053,806,131.355,122,1
den600d,326,609,135,3087,520,130.385,126,1
den600d,327,955,310,2679,552,131.811,115,1
den600d,328,1319,390,2888,584,130.426,119,1
den600d,329,920,351,2500,668,129.083,116,1
den600d,330,906,555,2506,621,135.012,124,1
den600d,331,1159,284,2700,519,134.598,124,1
den600d,332,1027,290,2247,610,133.225,116,1
den600d,333,809,204,2683,694,132.113,124,1
den600d,334,1115,194,2688,599,135.77,126,1
den600d,335,1121,243,2352,478,134.782,113,1
den600d,336,1479,198,2704,537,134.255,122,1
den600d,337,890,428,2280,599,133.113,125,1
den600d,338,1121,267,3581,603,133.87,127,1
den600d,339,781,176,2643,814,135.284,128,1
den600d,340,869,304,2612,378,136.042,130,1
den600d,341,1219,165,2645,476,137.326,123,1
den600d,342,1683,325,3199,621,137.912,124,1
den600d,343,976,445,3095,745,139.184,129,1
den600d,344,996,224,3045,483,139.912,126,1
den600d,345,1265,402,3352,624,139.355,130,1
den600d,346,1202,270,2819,579,136.752,110,1
den600d,347,712,265,2826,703,137.184,127,1
den600d,348,1030,325,2838,453,136.74,122,1
den600d,349,930,379,3000,724,137.669,125,1
den600d,350,928,165,2756,479,141.64,124,1
den600d,351,1268,195,2786,507,143.598,133,1
den600d,352,986,166,2394,483,141.823,113,1
den600d,353,1108,300,2653,459,142.497,129,1
den600d,354,1096,244,2870,501,143.87,137,1
den600d,355,1142,389,2579,593,142.255,130,1
den600d,356,1127,502,2903,654,143.426,132,1
den600d,357,1543,553,2542,633,141.238,112,1
den600d,358,1162,163,2654,358,141.397,125,1
den600d,359,918,398,3087,633,141.426,130,1
den600d,360,816,173,2578,395,144.225,127,1
den600d,361,1314,384,2732,701,147.024,124,1
den600d,362,1157,305,2618,554,145.74,131,1
den600d,363,840,197,2875,410,146.213,141,1
den600d,364,773,146,2901,433,144.64,127,1
den600d,365,1320,245,3065,393,145.74,131,1
den600d,366,918,173,2917,584,146.426,135,1
den600d,367,678,277,2823,576,145.627,140,1
den600d,368,983,198,3055,483,147.669,135,1
den600d,369,1173,448,2444,602,146.74,132,1
den600d,370,924,129,2263,419,148.669,136,1
den600d,371,891,392,2791,528,148.598,138,1
den600d,372,1303,574,3900,567,151.941,143,1
den600d,373,1092,267,3064,685,151.154,136,1
den600d,374,1345,395,3166,519,149.527,141,1
den600d,375,836,182,2418,331,150.184,140,1
den600d,376,1664,294,3172,574,151.924,126,1
den600d,377,1401,399,2969,751,149.267,125,1
den600d,378,687,274,3939,512,150.799,146,1
den600d,379,1675,483,2852,511,151.338,125,1
den600d,380,923,251,3246,446,155.284,148,1
den600d,381,590,115,2349,478,152.213,147,1
den600d,382,1682,561,2704,636,154.225,137,1
den600d,383,993,402,2503,582,154.983,139,1
den600d,384,1280,283,2975,714,153.255,141,1
den600d,385,819,192,2485,442,155.811,139,1
den600d,386,1569,372,3046,681,155.752,129,1
den600d,387,1115,235,2632,382,152.255,140,1
den600d,388,850,319,2595,480,154.355,145,1
den600d,389,1493,549,2816,644,155.066,125,1
den600d,390,1137,246,2181,650,157.752,131,1
den600d,391,1184,202,2785,416,159.912,146,1
den600d,392,1282,481,2663,571,158.296,139,1
den600d,393,1140,370,4096,805,157.255,145,1
den600d,394,1227,169,2885,646,157.255,145,1
den600d,395,1260,161,3171,336,158.255,146,1
den600d,396,851,211,2441,478,158.012,147,1
den600d,397,860,268,2818,386,157.941,149,1
den600d,398,1027,290,2878,584,156.983,141,1
den600d,399,1016,328,3035,695,156.012,145,1
den600d,400,1297,347,2933,547,160.054,142,1
den600d,401,1004,423,3371,505,160.77,151,1
den600d,402,1182,538,2924,647,163.77,154,1
den600d,403,1059,254,3572,732,160.941,152,1
den600d,404,1821,299,3557,487,163.539,143,1
den600d,405,1358,173,2645,573,161.225,144,1
den600d,406,1179,358,2828,503,161.083,148,1
den600d,407,1002,349,3167,524,163.255,151,1
den600d,408,1319,402,3751,360,162.326,148,1
den600d,409,1575,375,3198,661,162.894,132,1
den600d,410,1308,363,3085,482,164.497,151,1
den600d,411,1190,370,3117,544,165.527,157,1
den600d,412,1207,547,3623,498,167.941,159,1
den600d,413,1086,239,3126,427,166.527,158,1
den600d,414,1224,242,3531,522,165.77,156,1
den600d,415,1015,330,3438,555,167.77,158,1
den600d,416,1214,272,3209,483,165.468,147,1
den600d,417,1278,193,3139,403,165.355,156,1
den600d,418,1173,425,3033,592,164.497,151,1
den600d,419,1357,301,3183,647,167.066,137,1
den600d,420,1431,296,3408,441,170.64,153,1
den600d,421,829,146,4136,608,170.627,165,1
den600d,422,1180,162,3175,507,169.74,155,1
den600d,423,1088,183,3330,422,171.811,155,1
den600d,424,955,158,2679,369,168.184,158,1
den600d,425,804,106,2973,345,168.326,154,1
den600d,426,1062,156,3507,557,168.782,147,1
den600d,427,1303,273,3307,461,171.368,150,1
den600d,428,1205,199,3284,524,170.083,157,1
den600d,429,1224,415,3009,526,169.953,149,1
den600d,430,1308,501,4167,659,173.468,155,1
den600d,431,1364,332,3187,447,173.267,149,1
den600d,432,997,200,4113,737,173.941,165,1
den600d,433,1122,403,3184,649,173.841,162,1
den600d,434,1094,154,3108,493,174.598,164,1
den600d,435,1180,336,3621,721,174.154,159,1
den600d,436,917,200,3920,477,173.113,165,1
den600d,437,1039,358,2521,439,174.255,162,1
den600d,438,983,291,2987,511,173.184,163,1
den600d,439,1132,283,3698,586,175.698,168,1
den600d,440,1250,369,4161,723,178.669,166,1
den600d,441,1373,365,3563,441,177.083,164,1
den600d,442,1052,272,3263,557,178.983,163,1
den600d,443,1237,317,3190,596,177.154,162,1
den600d,444,1138,382,4053,728,178.782,157,1
den600d,445,996,270,3225,410,176.87,170,1
den600d,446,1281,261,3095,332,178.711,159,1
den600d,447,1040,167,3607,414,179.397,163,1
den600d,448,1037,305,3964,724,177.184,167,1
den600d,449,674,274,3114,518,176.113,168,1
den600d,450,1641,443,3956,895,183.51,158,1
den600d,451,1475,302,3815,555,182.569,167,1
den600d,452,1264,285,3713,461,181.397,165,1
den600d,453,1244,255,3791,398,180.468,162,1
den600d,454,1166,130,3307,498,181.468,163,1
den600d,455,1090,280,3549,486,183.267,159,1
den600d,456,808,172,2649,393,180.397,164,1
den600d,457,1207,418,3365,525,183.983,168,1
den600d,458,1096,297,3100,440,182.083,169,1
den600d,459,1208,419,3141,542,181.497,168,1
den600d,460,1183,251,3641,557,186.397,170,1
den600d,461,1352,549,3681,555,185.51,160,1
den600d,462,1504,378,3482,522,187.397,171,1
den600d,463,1360,176,3324,769,184.409,156,1
den600d,464,1558,419,3478,407,187.681,163,1
den600d,465,1625,679,3692,742,187.154,172,1
den600d,466,1391,257,3005,678,187.953,167,1
den600d,467,1121,320,2730,481,184.581,157,1
den600d,468,1223,416,4450,696,187.054,169,1
den600d,469,1243,431,3558,520,184.497,171,1
den600d,470,1133,232,3363,445,190.184,180,1
den600d,471,1617,644,3434,1017,188.551,156,1
den600d,472,1161,165,4063,410,188.74,174,1
den600d,473,1371,233,4198,650,189.711,170,1
den600d,474,1058,246,3887,578,189.841,178,1
den600d,475,1276,224,3632,507,188.912,175,1
den600d,476,1441,332,3251,471,190.439,167,1
den600d,477,1230,306,3960,557,189.74,175,1
den600d,478,1272,327,3650,857,189.652,160,1
den600d,479,1204,232,2599,645,191.48,161,1
den600d,480,1160,287,2538,574,192.095,167,1
den600d,481,999,257,3475,590,195.497,182,1
den600d,482,1359,269,3635,540,195.953,175,1
den600d,483,1111,245,4202,547,194.397,178,1
den600d,484,972,177,3360,493,192.113,184,1
den600d,485,1723,513,3679,628,194.551,162,1
den600d,486,1258,411,3545,729,192.326,178,1
den600d,487,1049,407,4365,615,195.983,180,1
den600d,488,1184,218,3610,551,194.497,181,1
den600d,489,1171,365,4013,597,194.296,175,1
den600d,490,1274,304,3495,748,198.823,170,1
den600d,491,1140,167,3491,436,198.841,187,1
den600d,492,1279,244,3257,431,199.711,180,1
den600d,493,1312,162,3282,323,198.711,179,1
den600d,494,1085,250,3231,591,197.409,169,1
den600d,495,1235,249,4532,753,197.74,183,1
den600d,496,1174,203,3717,414,196.326,182,1
den600d,497,1021,472,4996,846,197.698,190,1
den600d,498,883,292,3817,428,199.527,191,1
den600d,499,1135,101,3730,316,198.74,184,1
den600d,500,997,297,3775,605,203.397,187,1
den600d,501,1017,442,4399,573,201.669,189,1
den600d,502,1221,239,3670,684,201.752,175,1
den600d,503,1576,336,3569,461,203.711,184,1
den600d,504,1073,159,3639,474,201.953,181,1
den600d,505,962,370,3427,480,202.083,189,1
den600d,506,899,373,4443,618,200.326,186,1
den600d,507,1045,274,4095,721,202.426,191,1
den600d,508,1043,261,4369,492,202.426,191,1
den600d,509,1284,351,3952,376,202.154,187,1
den600d,510,1319,410,4429,781,204.752,178,1
den600d,511,1231,534,3641,622,206.054,188,1
den600d,512,1155,379,3769,488,204.782,183,1
den600d,513,1482,166,4399,516,206.74,192,1
den600d,514,1162,321,4090,554,204.669,192,1
den600d,515,1619,167,3590,718,204.711,185,1
den600d,516,1697,404,4864,722,205.154,190,1
den600d,517,997,214,3371,385,207.255,195,1
den600d,518,1122,182,3665,555,206.154,191,1
den600d,519,1408,283,4170,499,206.426,195,1
den600d,520,973,161,3427,326,210.426,199,1
den600d,521,1069,163,3745,582,210.095,185,1
den600d,522,1170,420,4359,574,209.397,193,1
den600d,523,952,301,4524,572,211.468,193,1
den600d,524,1078,320,2825,503,211.368,190,1
den600d,525,1046,417,4000,716,208.083,195,1
den600d,526,1276,154,4129,399,210.154,195,1
den600d,527,1036,255,3624,472,210.983,195,1
den600d,528,1677,631,4018,668,208.723,177,1
den600d,529,1856,368,4236,715,210.569,195,1
den600d,530,1338,227,4575,554,215.882,197,1
den600d,531,1328,259,3598,663,214.823,186,1
den600d,532,1798,541,3952,659,214.652,185,1
den600d,533,1015,149,3619,440,214.368,193,1
den600d,534,991,252,3527,475,214.012,203,1
den600d,535,1087,209,3701,528,214.723,183,1
den600d,536,1275,243,3363,562,214.066,184,1
den600d,537,1001,224,4335,621,215.569,200,1
den600d,538,1245,189,3865,402,214.811,198,1
den600d,539,1560,197,3892,740,214.38,181,1
den600d,540,1152,240,4126,594,218.669,206,1
den600d,541,1421,173,3976,322,219.054,201,1
den600d,542,1348,263,4349,409,216.397,200,1
den600d,543,981,313,3944,807,216.154,201,1
den600d,544,1281,288,3736,566,217.397,201,1
den600d,545,1663,233,3478,421,217.397,201,1
den600d,546,1478,231,4246,363,216.711,197,1
den600d,547,1119,239,4478,449,216.841,205,1
den600d,548,1040,170,3816,308,216.841,205,1
den600d,549,1198,174,3258,295,217.497,204,1
den600d,550,1169,332,3434,472,220.539,200,1
den600d,551,1056,245,4755,525,223.326,209,1
den600d,552,1189,276,3471,393,220.569,205,1
den600d,553,1368,491,4090,507,222.497,209,1
den600d,554,1163,335,4343,634,222.711,203,1
den600d,555,1114,149,3692,307,223.497,210,1
den600d,556,1659,313,4255,695,221.238,192,1
den600d,557,1182,210,3563,641,222.652,193,1
den600d,558,1159,205,3397,483,223.137,191,1
den600d,559,1084,224,4491,580,223.397,207,1
den600d,560,1455,187,4754,619,226.468,208,1
den600d,561,1377,394,4161,462,224.409,196,1
den600d,562,1695,272,4457,591,224.368,203,1
den600d,563,1610,401,4142,492,226.681,202,1
den600d,564,1679,387,4016,718,224.681,200,1
den600d,565,1248,225,4515,593,225.569,210,1
den600d,566,1228,242,4089,610,224.296,205,1
den600d,567,1177,154,3423,401,225.083,212,1
den600d,568,1360,412,4325,827,224.095,199,1
den600d,569,1314,247,3942,527,227.397,211,1
den600d,570,1389,225,3956,590,229.539,209,1
den600d,571,1719,460,4993,694,231.196,209,1
den600d,572,1388,279,4089,441,228.468,210,1
den600d,573,1201,278,4531,667,229.397,213,1
den600d,574,1316,371,3733,382,231.74,217,1
den600d,575,1634,469,4812,554,229.539,209,1
den600d,576,1047,297,4407,542,229.154,214,1
den600d,577,1315,141,3859,339,229.296,210,1
den600d,578,990,188,4479,634,230.983,215,1
den600d,579,1211,105,4052,319,228.983,213,1
den600d,580,1328,435,4050,435,234.125,214,1
den600d,581,1081,272,3932,339,232.054,214,1
den600d,582,1286,236,4225,507,235.48,205,1
den600d,583,1285,199,4747,475,234.64,217,1
den600d,584,1148,223,3903,395,235.368,214,1
den600d,585,925,190,4715,605,235.841,224,1
den600d,586,947,288,5288,564,234.669,222,1
den600d,587,1088,261,4341,505,233.953,213,1
den600d,588,1498,323,4173,603,233.966,201,1
den600d,589,1093,354,5054,532,235.225,218,1
den600d,590,1297,307,4146,411,239.225,222,1
den600d,591,1410,271,4907,566,236.095,211,1
den600d,592,1393,345,4551,559,239.054,221,1
den600d,593,1360,194,4500,550,238.551,206,1
den600d,594,1631,409,4844,491,236.296,217,1
den600d,595,1076,139,3932,384,237.426,226,1
den600d,596,1366,277,4140,562,236.61,214,1
den600d,597,1121,228,4170,381,239.64,222,1
den600d,598,930,375,4108,809,237.397,221,1
den600d,599,1227,209,3851,388,238.296,219,1
den600d,600,1120,394,4850,641,243.326,229,1
den600d,601,1740,355,4966,575,243.924,218,1
den600d,602,1392,281,4146,601,240.995,213,1
den600d,603,1444,342,4485,401,242.64,225,1
den600d,604,1294,297,4499,525,241.024,218,1
den600d,605,1447,252,4248,375,242.782,221,1
den600d,606,1619,221,4724,533,242.225,225,1
den600d,607,1440,247,4419,640,242.137,210,1
den600d,608,1378,169,4871,765,243.983,228,1
den600d,609,1538,423,4071,615,240.681,216,1
den600d,610,1284,308,4063,847,245.681,221,1
den600d,611,1303,199,4252,423,247.64,230,1
den600d,612,1733,539,4197,454,245.681,221,1
den600d,613,1188,207,4166,638,247.723,216,1
den600d,614,1517,476,3849,743,247.953,227,1
den600d,615,1669,278,4816,555,245.397,229,1
den600d,616,1335,389,4895,682,244.368,223,1
den600d,617,1440,170,5120,538,246.326,232,1
den600d,618,1301,233,4691,428,244.468,226,1
den600d,619,1368,296,4452,518,246.397,230,1
den600d,620,1302,381,4185,550,251.054,233,1
den600d,621,1322,445,5276,862,249.64,232,1
den600d,622,1624,293,4250,658,250.48,220,1
den600d,623,1233,171,4103,457,250.137,218,1
den600d,624,1114,158,5019,436,250.598,240,1
den600d,625,1942,204,5058,602,249.882,231,1
den600d,626,1830,363,4373,504,248.539,228,1
den600d,627,1408,313,4224,419,249.882,231,1
den600d,628,1239,259,4585,659,248.912,235,1
den600d,629,1457,261,3970,641,248.48,218,1
den600d,630,1051,367,4644,567,253.468,235,1
den600d,631,1632,330,5030,456,254.995,227,1
den600d,632,1346,387,4648,573,255.309,224,1
den600d,633,1213,184,4048,492,254.108,217,1
den600d,634,1405,360,5569,623,253.196,231,1
den600d,635,1195,308,4864,373,253.782,232,1
den600d,636,1396,398,5184,562,255.125,235,1
den600d,637,1584,286,5118,608,254.669,242,1
den600d,638,1099,238,4713,587,253.154,238,1
den600d,639,1006,222,4019,505,252.296,233,1
den600d,640,1546,330,3917,478,256.338,230,1
den600d,641,954,189,5654,659,257.326,243,1
den600d,642,1571,370,4533,615,258.208,224,1
den600d,643,1193,226,5148,569,257.539,237,1
den600d,644,1178,148,4771,502,258.539,238,1
den600d,645,1448,402,4492,512,256.752,230,1
den600d,646,1373,154,4574,532,258.409,230,1
den600d,647,1468,195,4667,446,257.196,235,1
den600d,648,1626,330,4544,517,256.551,224,1
den600d,649,1312,253,4277,534,257.238,228,1
den600d,650,1595,211,4610,651,263.024,240,1
den600d,651,1854,456,4461,534,263.882,245,1
den600d,652,1416,253,4043,445,263.167,236,1
den600d,653,1489,417,4569,646,260.368,239,1
den600d,654,1741,554,5435,665,262.468,244,1
den600d,655,1001,209,5664,536,260.255,248,1
den600d,656,1572,406,4548,474,261.551,229,1
den600d,657,1608,512,5420,600,261.326,247,1
den600d,658,1241,387,4606,916,262.882,244,1
den600d,659,1111,184,4654,396,261.154,246,1
den600d,660,1223,307,4291,386,265.368,244,1
den600d,661,1100,210,4903,401,267.882,249,1
den600d,662,2294,239,5752,468,266.723,235,1
den600d,663,1116,246,5593,584,264.983,249,1
den600d,664,1556,281,5061,638,265.74,251,1
den600d,665,1081,157,4974,253,267.539,247,1
den600d,666,1345,223,4597,339,265.368,244,1
den600d,667,1154,93,4802,333,266.326,252,1
den600d,668,1257,262,5085,442,267.782,246,1
den600d,669,1141,267,5087,517,266.125,246,1
den600d,670,1554,404,4600,540,269.782,248,1
den600d,671,1725,204,5186,616,270.894,240,1
den600d,672,1005,166,5106,459,269.397,253,1
den600d,673,1314,243,4158,648,268.208,234,1
den600d,674,2027,436,6425,594,269.681,245,1
den600d,675,1603,292,4379,506,271.882,253,1
den600d,676,1703,321,4711,685,269.066,239,1
den600d,677,1483,364,4504,524,271.711,252,1
den600d,678,1343,401,5610,643,271.569,256,1
den600d,679,1117,246,5001,396,271.397,255,1
den600d,680,1524,480,5332,630,273.539,253,1
den600d,681,1560,243,4556,510,275.309,244,1
den600d,682,1314,298,4854,474,273.539,253,1
den600d,683,1247,193,4788,363,274.409,246,1
den600d,684,1675,197,6086,537,275.095,250,1
den600d,685,1375,234,4393,410,273.279,237,1
den600d,686,2116,256,5250,450,275.811,259,1
den600d,687,1334,252,5137,552,272.196,250,1
den600d,688,1597,262,4597,629,274.066,244,1
den600d,689,1241,147,4800,351,272.225,255,1
den600d,690,2018,418,5527,553,279.693,243,1
den600d,691,1859,307,5371,642,279.811,263,1
den600d,692,1566,272,4895,462,278.966,246,1
den600d,693,1560,408,6027,809,277.782,256,1
den600d,694,1637,268,4086,375,276.995,249,1
den600d,695,1390,233,5077,441,277.439,254,1
den600d,696,1020,321,4868,732,276.569,261,1
den600d,697,1066,200,4910,554,278.338,252,1
den600d,698,1014,205,4285,339,276.711,257,1
den600d,699,1289,367,5652,655,278.439,255,1
den600d,700,893,326,4900,554,281.811,265,1
den600d,701,1058,194,4840,368,282.782,261,1
den600d,702,1051,230,5409,518,280.296,261,1
den600d,703,1380,256,5822,679,283.782,262,1
den600d,704,1740,403,4467,578,282.693,246,1
den600d,705,1559,382,4009,419,283.225,266,1
den600d,706,1011,183,4776,445,280.983,265,1
den600d,707,1454,351,5004,795,283.61,261,1
den600d,708,1289,337,4929,790,283.054,265,1
den600d,709,1034,199,5067,495,280.054,262,1
den600d,710,1393,229,5806,486,286.468,268,1
den600d,711,1687,417,4949,550,287.723,256,1
den600d,712,966,225,5414,571,287.539,267,1
den600d,713,2109,407,5389,520,287.522,250,1
den600d,714,1515,223,5147,464,285.681,261,1
den600d,715,1683,282,5777,447,284.882,266,1
den600d,716,1756,409,4994,468,284.522,247,1
den600d,717,1013,197,4861,421,284.882,266,1
den600d,718,1088,198,5331,402,286.368,265,1
den600d,719,1654,128,5164,566,284.225,267,1
den600d,720,1555,323,5049,439,291.782,270,1
den600d,721,1161,386,5162,548,291.811,275,1
den600d,722,1778,281,5024,518,288.196,266,1
den600d,723,1386,323,5054,459,291.882,273,1
den600d,724,1800,449,5403,769,289.865,254,1
den600d,725,1444,215,5392,844,291.539,271,1
den600d,726,1369,416,5564,550,291.539,271,1
den600d,727,1517,313,5741,668,289.752,263,1
den600d,728,1739,332,4631,413,289.238,260,1
den600d,729,1691,310,4288,445,289.865,254,1
den600d,730,1330,251,4696,473,294.024,271,1
den600d,731,1340,413,5351,558,295.225,278,1
den600d,732,1538,362,5914,538,292.054,274,1
den600d,733,1162,325,4805,556,294.024,271,1
den600d,734,1437,211,4811,597,292.61,270,1
den600d,735,1224,328,5614,737,293.397,277,1
den600d,736,1865,209,5334,484,292.539,272,1
den600d,737,1495,230,5432,609,294.794,261,1
den600d,738,1721,198,5185,340,292.024,269,1
den600d,739,1711,355,5171,482,295.924,270,1
den600d,740,1411,299,4538,441,299.296,280,1
den600d,741,1666,263,5497,434,297.752,271,1
den600d,742,1204,370,5263,453,299.196,277,1
den600d,743,1351,230,5379,497,299.095,274,1
den600d,744,1717,337,4972,568,296.179,257,1
den600d,745,1021,230,5343,418,296.539,276,1
den600d,746,1266,336,5605,472,297.125,277,1
den600d,747,1506,267,4740,633,298.037,263,1
den600d,748,1083,239,5509,360,297.125,277,1
den600d,749,2167,432,5633,494,298.451,263,1
den600d,750,1560,301,5150,691,302.995,275,1
den600d,751,1636,219,5099,632,302.652,273,1
den600d,752,2347,524,6074,602,303.095,278,1
den600d,753,1724,363,5311,463,301.995,274,1
den600d,754,1426,214,4797,507,303.066,273,1
den600d,755,1545,304,5114,682,300.238,271,1
den600d,756,1506,114,4605,460,303.38,270,1
den600d,757,1558,282,3990,433,302.451,267,1
den600d,758,1349,150,4602,522,301.066,271,1
den600d,759,1764,257,5542,486,301.108,264,1
den600d,760,1670,403,5176,458,304.279,268,1
den600d,761,1829,478,5360,722,304.681,280,1
den600d,762,1754,364,6123,596,306.095,281,1
den600d,763,1498,309,6074,636,306.681,282,1
den600d,764,1368,158,5635,466,307.368,286,1
den600d,765,1876,302,5753,471,307.468,289,1
den600d,766,1602,296,5292,649,306.095,281,1
den600d,767,1550,146,5442,531,307.125,287,1
den600d,768,1611,216,5266,559,307.693,271,1
den600d,769,1775,189,5456,405,305.882,287,1
den600d,770,1631,527,5425,672,311.853,288,1
den600d,771,1847,191,5469,525,308.267,284,1
den600d,772,1097,238,5679,558,309.811,293,1
den600d,773,1508,150,5452,383,309.569,294,1
den600d,774,1118,256,5156,651,309.711,290,1
den600d,775,2044,352,5541,437,311.196,289,1
den600d,776,1705,180,5469,440,311.882,293,1
den600d,777,1564,95,5408,408,308.125,288,1
den600d,778,1817,327,5502,454,311.652,282,1
den600d,779,1445,212,5461,529,308.681,284,1
den600d,780,1751,279,6410,410,315.439,292,1
den600d,781,1368,294,5939,455,315.64,298,1
den600d,782,1691,491,5459,580,312.782,291,1
den600d,783,1670,302,5729,648,312.593,273,1
den600d,784,1573,316,5694,451,313.581,286,1
den600d,785,1121,200,5658,627,312.054,294,1
den600d,786,1731,323,6293,323,314.51,289,1
den600d,787,1555,224,5382,636,315.167,288,1
den600d,788,1609,363,5282,536,313.238,284,1
den600d,789,1647,464,5087,504,312.439,289,1
den600d,790,1626,330,5339,673,319.095,294,1
den600d,791,1647,372,4528,478,317.936,280,1
den600d,792,1540,203,5307,554,316.108,279,1
den600d,793,1697,228,5079,419,317.61,295,1
den600d,794,1689,241,5544,571,319.995,292,1
den600d,795,1618,404,5331,545,319.309,288,1
den600d,796,1585,193,5228,484,318.522,281,1
den600d,797,1868,365,6248,445,319.711,300,1
den600d,798,1660,309,5447,506,319.823,291,1
den600d,799,1752,356,4649,400,316.35,278,1
den600d,800,1612,319,5571,553,323.539,303,1
den600d,801,1527,204,5832,461,320.953,300,1
den600d,802,1428,195,6779,348,320.711,301,1
den600d,803,1371,201,5711,460,323.125,303,1
den600d,804,1762,346,5845,509,321.924,296,1
den600d,805,1742,387,5631,599,320.196,298,1
den600d,806,1459,198,5680,541,320.995,293,1
den600d,807,1731,168,5898,392,320.397,304,1
den600d,808,1257,190,5376,571,320.125,300,1
den600d,809,1840,437,5409,771,320.25,279,1
den600d,810,1446,118,5446,487,326.693,290,1
den600d,811,1647,191,5331,431,324.007,284,1
den600d,812,1598,362,5625,584,326.368,305,1
den600d,813,1480,251,5959,436,327.054,309,1
den600d,814,1493,358,5912,486,326.782,305,1
den600d,815,1876,307,5475,428,325.995,298,1
den600d,816,1555,201,5386,462,324.752,298,1
den600d,817,1881,275,5896,444,326.681,302,1
den600d,818,1557,195,5887,473,324.368,303,1
den600d,819,1711,206,4880,556,326.836,286,1
den600d,820,1237,276,7044,450,331.225,314,1
den600d,821,1731,561,5766,582,329.853,306,1
den600d,822,1625,272,5100,585,330.593,291,1
den600d,823,1881,343,5815,562,328.894,298,1
den600d,824,1545,185,5337,435,329.823,301,1
den600d,825,1419,456,5816,517,328.61,306,1
den600d,826,1163,189,6604,462,328.539,308,1
den600d,827,1486,156,5325,485,329.007,289,1
den600d,828,1321,269,6252,432,331.024,308,1
den600d,829,1814,202,5665,372,328.066,298,1
den600d,830,1588,128,5378,381,334.037,299,1
den600d,831,1975,392,6135,585,335.752,309,1
den600d,832,1423,193,5651,593,333.61,311,1
den600d,833,1346,160,6375,287,333.024,310,1
den600d,834,1746,238,5182,446,332.451,297,1
den600d,835,1674,262,5919,590,332.267,308,1
den600d,836,1687,266,6021,685,334.823,306,1
den600d,837,1490,231,5955,535,332.48,302,1
den600d,838,1791,367,4866,521,333.681,309,1
den600d,839,1687,376,4953,531,332.593,293,1
den600d,840,1690,185,6126,474,339.681,315,1
den600d,841,1765,220,6014,443,338.681,314,1
den600d,842,1096,210,6467,491,337.296,318,1
den600d,843,1268,220,6070,426,336.681,312,1
den600d,844,1580,184,6495,320,336.024,313,1
den600d,845,1521,333,6161,451,339.024,316,1
den600d,846,1609,170,5802,478,336.024,313,1
den600d,847,1614,166,5698,576,339.823,311,1
den600d,848,1597,413,5911,431,338.51,313,1
den600d,849,1588,198,5450,435,338.037,303,1
den600d,850,1727,418,5615,457,341.551,309,1
den600d,851,1563,314,6357,507,343.711,324,1
den600d,852,1532,216,5434,424,341.037,306,1
den600d,853,1445,167,4844,428,341.421,301,1
den600d,854,1799,298,5955,596,340.953,320,1
den600d,855,1492,169,6073,654,340.853,317,1
den600d,856,2037,449,6275,921,342.167,315,1
den600d,857,1240,325,6135,455,340.054,322,1
den600d,858,1742,211,5800,395,341.894,311,1
den600d,859,1800,264,5962,451,341.095,316,1
den600d,860,1813,386,5313,430,344.51,319,1
den600d,861,1614,296,5856,651,346.35,308,1
den600d,862,1671,169,5877,439,346.782,325,1
den600d,863,1399,108,6133,462,344.054,326,1
den600d,864,1574,264,5828,620,347.622,313,1
den600d,865,1500,271,5760,541,347.179,308,1
den600d,866,1984,397,6443,532,344.924,319,1
den600d,867,1901,325,5303,496,344.51,319,1
den600d,868,1472,139,5845,374,346.782,325,1
den600d,869,1927,272,6152,408,345.439,322,1
den600d,870,1911,212,6253,448,348.865,313,1
den600d,871,1805,142,5468,421,348.037,313,1
den600d,872,1745,253,6194,630,349.551,317,1
den600d,873,1456,284,6694,434,349.539,329,1
den600d,874,1630,363,5976,544,350.196,328,1
den600d,875,1639,446,5926,601,349.51,324,1
den600d,876,1702,141,5956,523,348.522,311,1
den600d,877,1519,190,5771,429,348.693,312,1
den600d,878,1884,341,6045,574,348.693,312,1
den600d,879,1982,313,5613,408,348.451,313,1
den600d,880,1572,400,6742,547,352.024,329,1
den600d,881,1846,242,6191,510,353.267,329,1
den600d,882,1757,333,5850,752,355.078,313,1
den600d,883,1591,270,5968,599,354.764,316,1
den600d,884,1684,481,5846,542,354.764,316,1
den600d,885,2140,483,6424,466,353.924,328,1
den600d,886,1577,315,5750,711,353.095,328,1
den600d,887,1718,137,5567,344,352.966,320,1
den600d,888,1639,204,6500,468,352.368,331,1
den600d,889,1789,344,6115,605,355.936,318,1
den600d,890,1914,291,5370,515,359.066,329,1
den600d,891,1770,335,5672,365,356.037,321,1
den600d,892,1924,568,6115,858,359.551,327,1
den600d,893,1826,237,5509,289,357.451,322,1
den600d,894,1876,362,6503,454,357.439,334,1
den600d,895,1728,236,6039,510,356.179,317,1
den600d,896,1728,246,5902,436,357.593,318,1
den600d,897,1586,195,6192,485,359.066,329,1
den600d,898,1566,207,6170,557,358.681,334,1
den600d,899,1707,255,5392,333,356.794,323,1
den600d,900,1836,377,6467,409,361.267,337,1
den600d,901,1771,262,5391,428,360.723,329,1
den600d,902,1772,223,5684,296,360.865,325,1
den600d,903,1751,198,6523,422,361.439,338,1
den600d,904,1806,200,5879,287,361.865,326,1
den600d,905,1609,125,5564,327,363.551,331,1
den600d,906,1579,159,6959,495,361.64,344,1
den600d,907,1703,170,5796,440,363.179,324,1
den600d,908,1809,167,6371,566,363.836,323,1
den600d,909,1755,319,6554,764,363.894,333,1
den600d,910,2102,390,6646,488,365.681,341,1
den600d,911,2016,354,5731,362,365.451,330,1
den600d,912,1816,236,5958,552,365.179,326,1
den600d,913,1831,320,6326,685,366.179,327,1
den600d,914,1757,237,6216,478,365.936,328,1
den600d,915,1527,233,6617,495,366.267,342,1
den600d,916,1574,202,6078,355,367.924,342,1
den600d,917,1644,291,6290,561,364.037,329,1
den600d,918,2248,560,6914,632,367.238,338,1
den600d,919,1941,120,6173,352,367.108,330,1
den600d,920,1340,180,6422,400,370.61,348,1
den600d,921,1498,117,6185,405,371.125,351,1
den600d,922,1705,173,6332,407,368.924,343,1
den600d,923,1144,173,5890,374,369.368,348,1
den600d,924,1480,167,6041,442,368.439,345,1
den600d,925,1283,134,5893,329,369.61,347,1
den600d,926,1550,163,5949,331,370.125,350,1
den600d,927,1514,172,5820,282,371.51,346,1
den600d,928,1381,209,6785,374,368.368,347,1
den600d,929,1313,289,6321,408,369.681,345,1
den600d,930,1708,357,6079,485,373.681,349,1
den600d,931,1699,244,5807,420,375.723,344,1
den600d,932,1725,230,6080,639,374.894,344,1
den600d,933,1713,161,6220,414,375.421,335,1
den600d,934,2273,641,7410,559,372.995,345,1
den600d,935,2015,435,6456,506,374.137,342,1
den600d,936,1360,268,6126,329,373.024,350,1
den600d,937,1369,393,6138,471,372.167,345,1
den600d,938,1950,314,5700,452,372.321,329,1
den600d,939,1574,174,6569,434,374.782,353,1
den600d,940,1761,153,5947,380,376.421,336,1
den600d,941,1469,361,6215,431,377.095,352,1
den600d,942,1746,351,6246,568,379.966,347,1
den600d,943,2234,395,6642,559,378.551,346,1
den600d,944,1517,144,5926,331,378.752,352,1
den600d,945,1937,118,6195,370,378.108,341,1
den600d,946,1850,231,6900,456,376.095,351,1
den600d,947,2146,389,6646,551,379.238,350,1
den600d,948,1813,293,6905,416,376.066,346,1
den600d,949,1802,289,6801,440,376.095,351,1
den600d,950,1683,152,5846,330,380.836,340,1
den600d,951,1567,146,6054,274,380.451,345,1
den600d,952,1884,265,7164,728,380.593,341,1
den600d,953,1668,205,6694,486,380.978,336,1
den600d,954,1703,228,7072,408,383.853,360,1
den600d,955,1809,229,5949,413,383.735,340,1
den600d,956,1838,332,7227,569,381.51,356,1
den600d,957,1852,358,5800,442,382.48,352,1
den600d,958,1840,199,6063,360,382.936,345,1
den600d,959,2158,356,7079,487,380.823,352,1
den600d,960,1592,301,6656,515,384.024,361,1
den600d,961,1811,159,6939,653,386.865,351,1
den600d,962,1667,167,6728,498,385.078,343,1
den600d,963,1987,154,5833,416,384.563,340,1
den600d,964,1812,330,6812,423,385.439,362,1
den600d,965,1838,114,6002,398,385.492,343,1
den600d,966,1660,234,5953,357,386.693,350,1
den600d,967,2198,319,6121,589,387.635,341,1
den600d,968,1538,99,5710,281,387.894,357,1
den600d,969,1886,313,6468,653,384.735,341,1
den600d,970,1474,156,6810,328,391.752,365,1
den600d,971,1746,278,6614,451,390.853,367,1
den600d,972,1835,286,6629,592,388.706,340,1
den600d,973,1420,404,6661,572,389.338,363,1
den600d,974,1357,144,6420,254,391.681,367,1
den600d,975,2038,565,6895,838,389.522,352,1
den600d,976,1961,255,6684,475,390.167,363,1
den600d,977,1684,136,6843,365,389.439,366,1
den600d,978,1886,326,6054,484,389.978,345,1
den600d,979,1826,224,6451,489,390.534,341,1
den600d,980,1874,325,6650,515,394.978,350,1
den600d,981,1473,157,6600,354,393.095,368,1
den600d,982,1886,251,5911,410,395.907,353,1
den600d,983,1873,323,6417,557,393.037,358,1
den600d,984,1906,276,6141,373,392.149,348,1
den600d,985,2069,368,6995,479,393.652,364,1
den600d,986,2181,643,7011,687,395.966,363,1
den600d,987,2230,323,6915,496,393.108,356,1
den600d,988,1932,240,6579,487,395.907,353,1
den600d,989,1741,155,6747,600,394.451,359,1
den600d,990,1586,177,6424,409,396.978,352,1
den600d,991,2385,281,6675,407,396.037,361,1
den600d,992,1770,385,6349,594,398.421,358,1
den600d,993,1896,248,7046,438,397.995,370,1
den600d,994,2044,236,6638,345,397.836,357,1
den600d,995,2073,380,6219,545,398.806,353,1
den600d,996,1742,190,6803,394,398.823,370,1
den600d,997,1922,311,6460,444,399.806,354,1
den600d,998,1811,264,7215,433,397.681,373,1
den600d,999,1355,263,6378,440,396.024,373,1
den600d,1000,2013,209,7048,432,401.208,367,1
den600d,1001,1903,316,6574,644,401.978,357,1
den600d,1002,2173,309,6169,414,402.907,360,1
den600d,1003,1979,130,7039,427,400.522,363,1
den600d,1004,1820,156,5956,423,402.877,355,1
den600d,1005,1777,237,7072,438,401.924,376,1
den600d,1006,1914,247,6986,565,400.38,367,1
den600d,1007,1991,216,6496,331,400.551,368,1
den600d,1008,1812,283,6510,407,402.037,367,1
den600d,1009,1785,251,6642,425,402.149,358,1
den600d,1010,2000,235,6997,371,404.752,378,1
den600d,1011,1997,295,6053,329,406.877,359,1
den600d,1012,1491,328,7386,478,407.267,383,1
den600d,1013,1561,241,6842,404,407.338,381,1
den600d,1014,1764,139,6632,401,404.492,362,1
den600d,1015,1685,286,7001,641,406.149,362,1
den600d,1016,1774,217,6940,447,404.836,364,1
den600d,1017,1649,214,7101,413,406.196,384,1
den600d,1018,1930,236,6908,454,406.563,362,1
den600d,1019,2363,214,7022,409,404.865,369,1
den600d,1020,2032,481,6775,516,409.581,382,1
den600d,1021,1845,190,6983,596,411.279,375,1
den600d,1022,2255,343,6376,371,410.635,364,1
den600d,1023,1778,284,7215,468,408.581,381,1
den600d,1024,1989,203,6734,376,411.279,375,1
den600d,1025,2047,237,6471,475,408.12,359,1
den600d,1026,1948,258,6808,661,408.522,371,1
den600d,1027,1893,297,6905,609,411.191,360,1
den600d,1028,1894,296,7244,471,408.167,381,1
den600d,1029,1892,316,6827,561,410.108,373,1
den600d,1030,1781,356,6946,606,412.078,370,1
den600d,1031,1639,143,6854,320,414.309,383,1
den600d,1032,1923,288,7288,440,414.995,387,1
den600d,1033,2063,283,7245,476,412.137,380,1
den600d,1034,1610,233,6505,376,415.924,390,1
den600d,1035,1995,334,6843,456,414.48,384,1
den600d,1036,1810,217,7080,574,415.22,369,1
den600d,1037,1971,202,6766,468,412.966,380,1
den600d,1038,1850,129,6455,388,414.019,362,1
den600d,1039,1988,377,7423,568,414.137,382,1
den600d,1040,2070,254,7183,523,418.635,372,1
den600d,1041,1871,180,7227,507,419.693,383,1
den600d,1042,2077,313,7085,495,418.309,387,1
den600d,1043,1947,312,7301,398,417.409,389,1
den600d,1044,1890,211,6901,461,416.664,375,1
den600d,1045,1805,261,6981,489,419.664,378,1
den600d,1046,1919,260,6955,518,417.049,370,1
den600d,1047,2090,358,7098,419,418.238,389,1
den600d,1048,1892,243,6617,368,418.622,384,1
den600d,1049,1917,283,6865,477,417.049,370,1
den600d,1050,2361,316,7077,508,422.978,378,1
den600d,1051,1729,273,6636,482,420.936,383,1
den600d,1052,1751,252,7425,819,423.877,376,1
den600d,1053,1967,266,7093,559,420.877,373,1
den600d,1054,1890,410,7114,453,421.823,393,1
den600d,1055,1787,329,6620,512,421.149,377,1
den600d,1056,2522,407,6495,397,423.948,374,1
den600d,1057,1807,238,7085,616,421.635,375,1
den600d,1058,1770,279,6904,510,420.877,373,1
den600d,1059,1689,190,7139,511,421.208,387,1
den600d,1060,1697,311,7026,484,424.25,383,1
den600d,1061,1679,157,6960,353,427.066,397,1
den600d,1062,2197,151,7115,485,426.593,387,1
den600d,1063,2132,279,7052,603,426.262,373,1
den600d,1064,1757,273,7291,610,427.978,383,1
den600d,1065,1644,191,7023,409,425.078,383,1
den600d,1066,2281,249,7366,498,425.137,393,1
den600d,1067,2508,289,7433,480,427.534,378,1
den600d,1068,1971,194,6973,521,424.806,379,1
den600d,1069,1680,169,7108,585,424.421,384,1
den600d,1070,2560,451,6141,533,428.706,380,1
den600d,1071,2013,205,6453,392,431.777,381,1
den600d,1072,2129,267,7659,554,428.108,391,1
den600d,1073,2390,315,7840,449,431.806,386,1
den600d,1074,1948,316,7250,643,431.049,384,1
den600d,1075,2274,238,6415,325,430.262,377,1
den600d,1076,1981,303,6225,358,428.492,386,1
den600d,1077,2002,195,7020,392,428.593,389,1
den600d,1078,1853,317,7186,558,430.392,385,1
den600d,1079,2249,327,6062,331,429.877,382,1
den600d,1080,1914,316,7116,510,435.735,392,1
den600d,1081,2404,367,7330,404,435.392,390,1
den600d,1082,2022,476,6947,595,433.149,389,1
den600d,1083,1831,255,7127,432,432.907,390,1
den600d,1084,1813,242,7344,530,434.534,385,1
den600d,1085,1887,141,5982,358,433.664,392,1
den600d,1086,1833,362,6912,449,434.664,393,1
den600d,1087,1889,307,5914,419,432.907,390,1
den600d,1088,2013,360,6759,506,432.12,383,1
den600d,1089,1743,240,7486,467,432.622,398,1
den600d,1090,2165,282,7266,582,437.818,380,1
den600d,1091,1858,321,7177,589,437.706,389,1
den600d,1092,2352,342,7609,494,439.35,401,1
den600d,1093,2178,222,7585,401,439.078,397,1
den600d,1094,2215,302,7629,389,439.321,396,1
den600d,1095,1773,211,6999,500,439.978,395,1
den600d,1096,1655,164,7211,480,438.664,397,1
den600d,1097,2127,126,7287,485,438.593,399,1
den600d,1098,1755,361,7785,469,436.167,409,1
den600d,1099,1884,161,7038,355,438.836,398,1
den600d,1100,1994,223,7389,390,443.25,402,1
den600d,1101,2066,339,6492,482,443.22,397,1
den600d,1102,2116,191,7574,364,442.735,399,1
den600d,1103,2125,324,8017,468,443.752,417,1
den600d,1104,1764,167,7142,461,440.836,400,1
den600d,1105,1796,254,7333,473,443.309,412,1
den600d,1106,1717,245,7221,386,443.806,398,1
den600d,1107,2294,336,7260,447,440.978,396,1
den600d,1108,1814,113,6785,292,440.078,398,1
den600d,1109,2521,290,7240,402,443.049,396,1
den600d,1110,2025,320,7767,516,445.551,413,1
den600d,1111,1735,181,7317,490,446.978,402,1
den600d,1112,1654,231,7399,465,447.723,416,1
den600d,1113,1740,204,7109,365,447.279,411,1
den600d,1114,2142,321,7653,551,446.581,419,1
den600d,1115,1766,294,6887,363,447.309,416,1
den600d,1116,1697,305,7157,381,445.137,413,1
den600d,1117,2325,237,7788,494,447.392,402,1
den600d,1118,2160,298,7949,437,444.309,413,1
den600d,1119,2016,250,7196,544,447.735,404,1
den600d,1120,2126,160,7292,418,449.463,402,1
den600d,1121,1971,310,6737,500,449.049,402,1
den600d,1122,2118,131,7795,452,449.836,409,1
den600d,1123,1844,89,6985,289,449.007,409,1
den600d,1124,1922,274,7426,641,448.362,398,1
den600d,1125,1813,379,7467,500,449.137,417,1
den600d,1126,1764,202,7328,318,449.936,412,1
den600d,1127,2102,145,7210,379,450.421,410,1
den600d,1128,2308,264,7710,415,450.877,403,1
den600d,1129,1903,226,7593,541,448.108,411,1
den600d,1130,2172,176,7680,403,453.706,405,1
den600d,1131,2045,168,7617,334,454.22,408,1
den600d,1132,2059,206,6560,366,452.049,405,1
den600d,1133,1988,249,7484,465,452.12,403,1
den600d,1134,2418,354,7242,443,455.706,407,1
den600d,1135,1923,154,7595,400,452.593,413,1
den600d,1136,2020,308,7165,549,453.463,406,1
den600d,1137,2207,119,6992,358,454.978,410,1
den600d,1138,2037,158,7560,412,454.049,407,1
den600d,1139,1818,146,7090,400,452.25,411,1
den600d,1140,2123,164,7359,359,456.12,407,1
den600d,1141,1864,146,6697,365,458.12,409,1
den600d,1142,2040,145,7569,281,457.693,421,1
den600d,1143,2007,236,7823,720,456.191,405,1
den600d,1144,2100,121,7545,430,459.907,417,1
den600d,1145,1957,285,7790,449,459.522,422,1
den600d,1146,2042,353,7776,407,456.522,419,1
den600d,1147,2235,240,7951,495,457.049,410,1
den600d,1148,1887,128,7491,374,458.321,415,1
den600d,1149,2099,116,7369,354,456.421,416,1
den600d,1150,2039,304,7414,546,462.35,424,1
den600d,1151,1863,233,7619,627,460.019,408,1
den600d,1152,1941,207,6414,364,460.321,417,1
den600d,1153,1846,122,7293,305,462.392,417,1
den600d,1154,1789,164,7403,347,461.108,424,1
den600d,1155,2119,211,7233,414,460.321,417,1
den600d,1156,1906,149,7283,364,462.865,427,1
den600d,1157,2002,301,7341,370,461.007,421,1
den600d,1158,2414,366,7693,428,463.392,418,1
den600d,1159,2154,391,7465,641,460.777,410,1
den600d,1160,1924,240,7493,364,466.421,426,1
den600d,1161,2145,124,7556,411,465.593,426,1
den600d,1162,2161,367,7273,478,465.434,413,1
den600d,1163,1811,131,7659,277,466.635,420,1
den600d,1164,2287,345,7227,494,466.605,415,1
den600d,1165,1925,259,7195,350,466.635,420,1
den600d,1166,1854,275,7545,503,464.877,417,1
den600d,1167,2264,217,7330,403,464.635,418,1
den600d,1168,1978,225,7887,412,466.421,426,1
den600d,1169,1795,128,7177,265,465.12,416,1
den600d,1170,1799,184,7554,402,469.463,422,1
den600d,1171,1926,275,7536,388,468.25,427,1
den600d,1172,1743,143,7514,286,469.463,422,1
den600d,1173,2187,203,7439,373,471.706,423,1
den600d,1174,2082,175,7791,390,468.806,423,1
den600d,1175,1900,166,7486,486,469.291,421,1
den600d,1176,1929,249,7633,329,469.421,429,1
den600d,1177,1814,195,7482,281,469.593,430,1
den600d,1178,1793,194,7493,354,469.12,420,1
den600d,1179,2138,207,7610,397,468.806,423,1
den600d,1180,1784,104,7276,270,473.392,428,1
den600d,1181,2296,334,7464,512,472.019,420,1
den600d,1182,2055,205,8007,398,472.108,435,1
den600d,1183,1846,184,7256,275,472.635,426,1
den600d,1184,1789,203,7541,282,473.12,424,1
den600d,1185,2060,398,7736,466,472.262,419,1
den600d,1186,2097,128,7602,410,472.12,423,1
den600d,1187,2081,261,7816,359,473.049,426,1
den600d,1188,1856,136,7300,321,472.291,424,1
den600d,1189,2546,316,7602,396,475.392,430,1
den600d,1190,2287,239,7987,395,479.291,431,1
den600d,1191,2040,238,8104,366,478.764,440,1
den600d,1192,2266,327,7856,346,479.12,430,1
den600d,1193,2157,216,7862,363,477.35,439,1
den600d,1194,2365,286,8068,398,479.12,430,1
den600d,1195,2334,452,7756,542,479.563,435,1
den600d,1196,2048,400,8211,696,476.404,419,1
den600d,1197,2210,497,8036,607,479.333,424,1
den600d,1198,1885,170,7831,306,477.12,428,1
den600d,1199,2261,128,7992,464,476.291,428,1
den600d,1200,2101,366,7768,468,480.291,432,1
den600d,1201,1929,159,7715,292,481.12,432,1
den600d,1202,1789,189,7735,286,481.191,430,1
den600d,1203,1863,227,8077,494,480.35,442,1
den600d,1204,2124,196,7846,381,480.35,442,1
den600d,1205,1998,286,7552,329,481.534,432,1
den600d,1206,1881,247,7852,442,483.735,440,1
den600d,1207,1825,151,7855,476,480.12,431,1
den600d,1208,1930,229,7674,281,480.534,431,1
den600d,1209,2083,129,7742,388,483.563,439,1
den600d,1210,1828,243,7599,328,484.706,436,1
den600d,1211,1821,189,7819,406,484.421,444,1
den600d,1212,2124,222,7785,415,485.848,433,1
den600d,1213,2057,170,7858,295,484.605,433,1
den600d,1214,1798,197,7751,331,484.149,440,1
den600d,1215,2453,283,7673,407,485.191,434,1
den600d,1216,2126,304,8025,349,485.706,437,1
den600d,1217,2068,239,7991,370,486.563,442,1
den600d,1218,1824,135,7376,321,484.421,444,1
den600d,1219,2335,239,7670,343,484.777,434,1
den600d,1220,2010,156,8123,399,491.22,445,1
den600d,1221,2023,157,8058,353,491.463,444,1
den600d,1222,1874,120,8343,397,491.764,453,1
den600d,1223,2054,241,8072,345,491.948,442,1
den600d,1224,2208,170,8147,375,491.12,442,1
den600d,1225,2253,289,8083,424,491.434,439,1
den600d,1226,2050,290,8164,354,490.877,443,1
den600d,1227,1910,103,8465,333,488.865,453,1
den600d,1228,2036,197,7970,301,491.676,438,1
den600d,1229,2448,326,7751,471,490.434,438,1
den600d,1230,1961,156,7556,299,493.948,444,1
den600d,1231,2244,285,7698,376,495.777,445,1
den600d,1232,2082,341,7752,400,493.291,445,1
den600d,1233,2050,178,7715,327,492.806,447,1
den600d,1234,2318,257,7998,363,492.019,440,1
den600d,1235,1716,147,7557,315,494.22,448,1
den600d,1236,2056,201,7603,314,494.049,447,1
den600d,1237,2255,258,8171,360,492.605,441,1
den600d,1238,2097,240,8075,417,492.262,439,1
den600d,1239,1927,204,7981,382,495.191,444,1
den600d,1240,1891,140,7945,262,499.362,449,1
den600d,1241,2307,169,8433,413,498.22,452,1
den600d,1242,2046,168,8173,354,496.848,444,1
den600d,1243,2154,266,8114,362,497.777,447,1
den600d,1244,1993,175,8061,343,498.291,450,1
den600d,1245,2222,162,8271,417,497.291,449,1
den600d,1246,2042,221,8150,382,496.434,444,1
den600d,1247,1986,240,7919,381,498.605,447,1
den600d,1248,2137,256,7625,357,496.262,443,1
den600d,1249,1981,149,8061,356,496.706,448,1
den600d,1250,1973,146,8094,279,502.362,452,1
den600d,1251,2337,534,8228,551,502.362,452,1
den600d,1252,1719,116,8019,364,500.735,457,1
den600d,1253,2324,297,7865,377,501.191,450,1
den600d,1254,1885,206,7663,356,501.706,453,1
den600d,1255,1967,255,8090,355,502.291,454,1
den600d,1256,1838,202,8062,398,502.049,455,1
den600d,1257,2035,207,7836,414,503.049,456,1
den600d,1258,1965,150,8227,356,500.291,452,1
den600d,1259,2210,169,8442,369,501.362,451,1
den600d,1260,2276,208,8377,353,506.362,456,1
den600d,1261,2253,201,8402,318,504.362,454,1
den600d,1262,1889,187,7930,364,506.948,457,1
den600d,1263,2261,139,7813,337,505.262,452,1
den600d,1264,2146,263,8424,312,506.706,458,1
den600d,1265,2122,251,8299,334,504.12,455,1
den600d,1266,1952,211,7721,363,506.019,454,1
den600d,1267,2184,470,8166,502,504.777,454,1
den600d,1268,1791,164,8099,395,504.078,462,1
den600d,1269,1979,385,8055,385,505.605,454,1
den600d,1270,1874,205,8050,308,508.505,454,1
den600d,1271,1872,191,8033,299,508.049,461,1
den600d,1272,1898,239,8170,335,511.291,463,1
den600d,1273,2015,129,8300,315,511.161,455,1
den600d,1274,1966,162,8143,243,509.333,454,1
den600d,1275,2072,234,8277,401,510.049,463,1
den600d,1276,1725,130,7647,326,510.635,464,1
den600d,1277,2440,233,7905,407,509.747,454,1
den600d,1278,2108,190,8760,323,510.877,463,1
den600d,1279,2195,152,8690,389,511.291,463,1
den600d,1280,2066,152,8537,383,512.09,458,1
den600d,1281,2029,192,8357,362,512.463,465,1
den600d,1282,2366,358,8428,384,513.019,461,1
den600d,1283,2101,274,8075,375,513.434,461,1
den600d,1284,1932,179,8306,320,514.291,466,1
den600d,1285,2018,305,8219,386,513.676,460,1
den600d,1286,2055,364,8219,423,513.777,463,1
den600d,1287,1705,165,8263,305,514.463,467,1
den600d,1288,2216,134,8111,467,513.605,462,1
den600d,1289,2102,150,8510,351,512.605,461,1
den600d,1290,1996,206,7936,355,519.747,464,1
den600d,1291,2093,286,8225,439,519.291,471,1
den600d,1292,1999,133,8455,321,519.848,467,1
den600d,1293,2159,208,8873,382,519.777,469,1
den600d,1294,2000,124,8427,318,517.12,468,1
den600d,1295,2075,207,8050,328,517.534,468,1
den600d,1296,1902,237,8430,350,518.706,470,1
den600d,1297,1895,202,8284,282,519.019,467,1
den600d,1298,2337,239,8400,417,519.534,470,1
den600d,1299,1862,151,7986,335,516.019,464,1
den600d,1300,2552,409,8398,404,520.434,468,1
den600d,1301,2144,184,8662,379,522.706,474,1
den600d,1302,2329,377,8613,436,520.019,468,1
den600d,1303,1940,204,8036,399,520.12,471,1
den600d,1304,1967,212,8255,295,520.291,472,1
den600d,1305,2084,249,8518,283,522.191,471,1
den600d,1306,1969,285,8310,391,523.191,472,1
den600d,1307,1881,223,8283,328,521.434,469,1
den600d,1308,2245,286,8585,372,521.12,472,1
den600d,1309,2412,287,8774,386,522.777,472,1
den600d,1310,2083,162,8595,329,524.019,472,1
den600d,1311,2135,128,8522,379,525.161,469,1
den600d,1312,2064,198,8378,360,524.676,471,1
den600d,1313,1952,169,8540,307,525.392,480,1
den600d,1314,1924,111,8397,293,524.362,474,1
den600d,1315,1858,198,8365,341,527.12,478,1
den600d,1316,1881,181,8282,278,525.948,476,1
den600d,1317,2212,211,8388,409,525.12,476,1
den600d,1318,2025,163,8833,341,527.463,480,1
den600d,1319,2305,304,8647,385,524.161,468,1
den600d,1320,1999,137,8141,318,530.404,473,1
den600d,1321,2428,239,8575,364,530.747,475,1
den600d,1322,1961,160,8166,297,528.505,474,1
den600d,1323,1947,193,8487,300,528.676,475,1
den600d,1324,1840,157,8554,353,531.877,484,1
den600d,1325,1812,176,8299,309,528.291,480,1
den600d,1326,2282,278,8366,429,530.191,479,1
den600d,1327,2128,235,8643,326,530.291,482,1
den600d,1328,2237,370,8179,453,529.747,474,1
den600d,1329,1929,196,8532,323,528.806,483,1
den600d,1330,2209,399,8539,434,532.262,479,1
den600d,1331,2371,243,8485,387,534.676,481,1
den600d,1332,2165,265,8890,386,533.534,484,1
den600d,1333,2207,199,8898,343,532.948,483,1
den600d,1334,2032,302,8387,363,533.948,484,1
den600d,1335,2221,382,8592,386,533.919,479,1
den600d,1336,2039,154,8379,369,535.019,483,1
den600d,1337,2011,197,7915,328,532.434,480,1
den600d,1338,1944,181,8611,360,534.475,475,1
den600d,1339,2093,146,8328,316,535.291,487,1
den600d,1340,2322,215,9023,406,538.191,487,1
den600d,1341,1971,130,9038,316,536.362,486,1
den600d,1342,2210,223,8966,339,537.605,486,1
den600d,1343,1933,163,8192,289,538.262,485,1
den600d,1344,2290,126,8543,336,537.191,486,1
den600d,1345,2018,184,8168,289,537.706,489,1
den600d,1346,1956,237,8495,343,537.706,489,1
den600d,1347,2009,273,8725,356,539.434,487,1
den600d,1348,2216,136,8346,303,536.09,482,1
den600d,1349,1997,146,8754,308,538.191,487,1
den600d,1350,2080,240,8099,304,540.333,485,1
den600d,1351,2477,328,8498,384,540.948,491,1
den600d,1352,2145,374,8263,358,541.019,489,1
den600d,1353,2127,242,8752,328,540.534,491,1
den600d,1354,2362,136,8571,304,542.676,489,1
den600d,1355,2143,334,8088,401,540.09,486,1
den600d,1356,2342,337,8495,346,542.291,494,1
den600d,1357,1997,179,8106,295,542.09,488,1
den600d,1358,2182,412,8741,420,541.747,486,1
den600d,1359,1994,170,8540,294,542.919,488,1
den600d,1360,2107,297,8652,342,545.676,492,1
den600d,1361,2850,161,8874,319,544.262,491,1
den600d,1362,2301,198,8902,321,545.919,491,1
den600d,1363,2326,401,8337,421,545.647,487,1
den600d,1364,2139,441,8586,356,545.019,493,1
den600d,1365,1852,134,8718,307,545.463,498,1
den600d,1366,2005,212,8582,326,546.434,494,1
den600d,1367,2181,397,8651,377,546.919,492,1
den600d,1368,2497,192,9270,435,544.09,490,1
den600d,1369,2020,312,8428,361,545.191,494,1
den600d,1370,2000,231,8609,324,549.09,495,1
den600d,1371,2204,257,8559,384,548.948,499,1
den600d,1372,2070,317,8335,358,551.676,498,1
den600d,1373,1952,272,8669,360,549.362,499,1
den600d,1374,1971,208,8899,314,549.09,495,1
den600d,1375,2533,261,8818,387,549.747,494,1
den600d,1376,2248,369,8382,324,548.99,492,1
den600d,1377,2268,162,8701,317,548.362,498,1
den600d,1378,2116,220,8972,324,549.434,497,1
den600d,1379,2272,224,8918,385,548.919,494,1
den600d,1380,2234,414,8414,394,553.404,496,1
den600d,1381,1856,138,8701,263,554.019,502,1
den600d,1382,2202,147,8488,329,553.161,497,1
den600d,1383,2352,202,9156,302,554.233,496,1
den600d,1384,2209,269,8955,332,552.505,498,1
den600d,1385,2573,356,9273,372,552.333,497,1
den600d,1386,2229,202,8627,302,553.505,499,1
den600d,1387,2134,390,8842,450,553.919,499,1
den600d,1388,1917,188,8643,308,552.747,497,1
den600d,1389,2250,156,8845,311,552.09,498,1
