map,scenid,total,20move,total-src,20move-src,distance,path_size,hLevel
hrt201n,0,322,244,242,213,2.82843,3,1
hrt201n,1,302,263,169,130,2.41421,3,1
hrt201n,2,292,256,180,194,2.41421,3,1
hrt201n,3,121,126,196,200,3,4,1
hrt201n,4,178,158,126,112,1,2,1
hrt201n,5,155,137,142,151,2,3,1
hrt201n,6,133,135,160,145,2,3,1
hrt201n,7,258,225,186,190,3.41421,4,1
hrt201n,8,205,175,118,96,1.41421,2,1
hrt201n,9,123,121,77,79,1,2,1
hrt201n,10,258,251,298,285,4,5,1
hrt201n,11,131,122,237,237,4,5,1
hrt201n,12,592,509,379,387,7.65685,7,1
hrt201n,13,228,234,352,329,7.41421,8,1
hrt201n,14,166,160,303,240,5,6,1
hrt201n,15,289,263,170,171,4.24264,4,1
hrt201n,16,241,206,238,197,5.41421,6,1
hrt201n,17,436,413,324,319,4.41421,5,1
hrt201n,18,507,371,387,389,7.24264,7,1
hrt201n,19,280,238,300,259,5.82843,6,1
hrt201n,20,162,150,367,361,9,10,1
hrt201n,21,159,145,504,508,9,10,1
hrt201n,22,392,407,413,339,11.4853,10,1
hrt201n,23,249,245,539,478,11.4142,12,1
hrt201n,24,333,313,472,477,11.8284,12,1
hrt201n,25,445,432,841,791,10.4142,11,1
hrt201n,26,348,350,668,604,11.8995,10,1
hrt201n,27,281,248,507,517,11.2426,11,1
hrt201n,28,309,284,353,335,8.07107,7,1
hrt201n,29,292,238,401,384,11.8284,12,1
hrt201n,30,760,678,828,761,14.7279,12,1
hrt201n,31,407,363,693,652,12.8284,13,1
hrt201n,32,588,547,970,890,15.6569,15,1
hrt201n,33,193,171,535,408,12.7279,10,1
hrt201n,34,315,291,438,447,12.4853,11,1
hrt201n,35,376,354,401,399,13.2426,13,1
hrt201n,36,614,587,679,650,15.8995,14,1
hrt201n,37,528,503,562,527,14.0711,13,1
hrt201n,38,237,219,401,428,13.4142,14,1
hrt201n,39,730,704,742,740,15.5563,12,1
hrt201n,40,235,264,576,480,19.8284,20,1
hrt201n,41,428,378,784,776,17.6569,17,1
hrt201n,42,366,359,951,929,17.8284,18,1
hrt201n,43,636,581,640,584,16.0711,15,1
hrt201n,44,422,390,1026,1019,19.8284,20,1
hrt201n,45,318,319,755,755,16.6569,16,1
hrt201n,46,412,369,709,673,18.6569,18,1
hrt201n,47,542,478,891,825,17.8995,16,1
hrt201n,48,505,464,768,732,18.3137,16,1
hrt201n,49,447,423,805,745,17.8284,18,1
hrt201n,50,344,339,891,797,20.6569,20,1
hrt201n,51,143,150,634,555,22,23,1
hrt201n,52,362,338,936,843,23.8284,24,1
hrt201n,53,709,678,646,654,21.6569,21,1
hrt201n,54,295,274,711,668,22.6569,22,1
hrt201n,55,519,495,769,845,20.0711,19,1
hrt201n,56,573,563,778,820,20.3137,18,1
hrt201n,57,972,782,1313,1200,23.4853,22,1
hrt201n,58,466,488,582,566,20.8995,19,1
hrt201n,59,538,509,1008,943,23.3137,21,1
hrt201n,60,461,447,1011,762,26.4853,25,1
hrt201n,61,566,562,1239,1052,24.7279,22,1
hrt201n,62,1058,1043,1102,1004,27.7279,25,1
hrt201n,63,691,675,847,736,25.5563,22,1
hrt201n,64,1062,1002,1126,1138,27.4558,21,1
hrt201n,65,286,257,1430,1089,27,28,1
hrt201n,66,675,634,779,668,27.4853,26,1
hrt201n,67,923,863,1204,1192,27.0416,21,1
hrt201n,68,592,517,972,723,27.3848,23,1
hrt201n,69,243,244,873,720,24.8284,25,1
hrt201n,70,732,344,1375,999,28.6569,28,1
hrt201n,71,526,529,1064,771,28.2426,28,1
hrt201n,72,567,528,1432,923,30.3137,28,1
hrt201n,73,595,364,1746,1128,29.4853,28,1
hrt201n,74,674,585,1149,903,29.9706,26,1
hrt201n,75,670,610,912,872,28.6274,23,1
hrt201n,76,622,467,1233,827,31.799,27,1
hrt201n,77,998,931,1232,1100,29.799,25,1
hrt201n,78,650,583,1173,947,30.5563,27,1
hrt201n,79,894,691,1483,1165,28.7279,26,1
hrt201n,80,800,359,1243,854,34.5563,31,1
hrt201n,81,771,562,1112,873,32.7279,30,1
hrt201n,82,404,388,1080,697,33.2426,33,1
hrt201n,83,950,811,1601,1112,35.2132,30,1
hrt201n,84,947,705,803,656,34.2132,29,1
hrt201n,85,861,591,1017,751,33.2132,28,1
hrt201n,86,573,528,1068,869,35.6569,35,1
hrt201n,87,905,545,979,770,34.6985,27,1
hrt201n,88,610,566,1443,1061,32.3137,30,1
hrt201n,89,805,463,1422,672,33.7279,31,1
hrt201n,90,1040,710,1127,731,36.4558,30,1
hrt201n,91,572,283,1736,876,37.2426,37,1
hrt201n,92,679,555,1154,788,37.8995,36,1
hrt201n,93,695,263,1485,872,38.7279,36,1
hrt201n,94,548,339,2011,1166,36.6569,36,1
hrt201n,95,1382,973,1673,881,38.799,34,1
hrt201n,96,829,309,1406,798,38.4853,37,1
hrt201n,97,416,243,1490,884,39.4853,38,1
hrt201n,98,628,591,1494,889,37.0711,36,1
hrt201n,99,827,599,1437,768,37.4853,36,1
hrt201n,100,732,433,1265,873,41.799,37,1
hrt201n,101,911,718,1235,705,43.2843,36,1
hrt201n,102,767,479,1850,980,42.6569,42,1
hrt201n,103,653,244,1697,943,43.9706,40,1
hrt201n,104,816,732,1176,717,42.6274,37,1
hrt201n,105,979,457,1421,1000,42.9706,39,1
hrt201n,106,437,248,1157,600,40.4853,39,1
hrt201n,107,614,564,1341,968,40.2132,35,1
hrt201n,108,1479,801,1997,846,41.6274,36,1
hrt201n,109,513,389,1725,1081,40.1421,37,1
hrt201n,110,584,490,1853,898,45.799,41,1
hrt201n,111,491,235,1156,605,47.8284,48,1
hrt201n,112,646,637,2200,1047,44.799,40,1
hrt201n,113,977,689,1702,888,47.9706,44,1
hrt201n,114,996,802,1345,765,46.1421,43,1
hrt201n,115,681,382,1271,626,44.9706,41,1
hrt201n,116,547,420,1009,533,46.4853,45,1
hrt201n,117,792,577,1013,725,44.5269,36,1
hrt201n,118,388,383,1421,730,44.5563,41,1
hrt201n,119,614,594,1951,863,45.4853,44,1
hrt201n,120,673,253,2052,1084,48.8995,47,1
hrt201n,121,922,453,1215,655,49.6274,44,1
hrt201n,122,1360,900,1658,864,50.598,40,1
hrt201n,123,641,236,2031,970,50.3137,48,1
hrt201n,124,765,683,2247,1068,51.4853,50,1
hrt201n,125,796,273,1107,517,50.1421,47,1
hrt201n,126,839,340,1599,605,50.799,46,1
hrt201n,127,766,476,1126,642,51.5563,48,1
hrt201n,128,960,482,1903,979,50.5563,47,1
hrt201n,129,491,261,1368,653,50.7279,48,1
hrt201n,130,1483,661,2358,883,54.8701,48,1
hrt201n,131,355,184,1235,369,52.3137,50,1
hrt201n,132,1472,710,1784,844,53.6985,46,1
hrt201n,133,624,252,1438,606,54.8995,53,1
hrt201n,134,1041,411,1574,819,54.1127,46,1
hrt201n,135,853,466,2050,742,54.9706,51,1
hrt201n,136,501,483,1169,746,55.8995,54,1
hrt201n,137,1098,548,2415,1078,54.0416,48,1
hrt201n,138,790,241,1604,685,52.5563,49,1
hrt201n,139,876,640,1685,1016,55.1127,47,1
hrt201n,140,1618,472,2247,881,58.7696,49,1
hrt201n,141,982,445,1357,687,56.5563,53,1
hrt201n,142,1101,1061,1848,869,59.799,55,1
hrt201n,143,631,329,1320,738,58.6274,53,1
hrt201n,144,862,372,1767,892,56.4853,55,1
hrt201n,145,1254,573,2152,910,58.6274,53,1
hrt201n,146,462,281,1195,604,56.7279,54,1
hrt201n,147,1378,692,2522,794,56.4558,50,1
hrt201n,148,1311,621,1816,1105,58.669,46,1
hrt201n,149,479,203,1445,539,56.4853,55,1
hrt201n,150,579,345,1564,571,62.1421,59,1
hrt201n,151,514,242,2149,834,61.0711,60,1
hrt201n,152,1163,186,1598,554,63.2843,56,1
hrt201n,153,1414,907,1861,969,62.8701,56,1
hrt201n,154,1099,626,1466,608,62.9411,54,1
hrt201n,155,685,311,1591,738,60.3137,58,1
hrt201n,156,1096,543,2034,621,61.5269,53,1
hrt201n,157,804,433,1570,689,62.2132,57,1
hrt201n,158,1052,493,2068,702,62.5563,59,1
hrt201n,159,390,118,1486,545,60.4853,59,1
hrt201n,160,914,335,1336,387,67.5269,59,1
hrt201n,161,1338,786,1791,846,65.0122,54,1
hrt201n,162,955,400,1652,706,66.799,62,1
hrt201n,163,1107,218,2384,554,67.5563,64,1
hrt201n,164,646,349,1688,468,67.4853,66,1
hrt201n,165,830,432,1004,608,67.9411,59,1
hrt201n,166,1039,351,2196,563,65.1421,62,1
hrt201n,167,784,187,1476,387,67.2132,62,1
hrt201n,168,793,262,1969,567,65.6274,60,1
hrt201n,169,1337,639,2459,926,66.1127,58,1
hrt201n,170,841,300,1971,627,71.7279,69,1
hrt201n,171,615,408,2544,853,70.1421,67,1
hrt201n,172,756,435,1941,810,71.0416,65,1
hrt201n,173,927,302,2560,972,70.7279,68,1
hrt201n,174,762,406,1730,565,68.3848,64,1
hrt201n,175,1071,375,1601,599,68.4264,57,1
hrt201n,176,1585,717,2212,781,69.2548,57,1
hrt201n,177,1216,295,1845,562,70.1127,62,1
hrt201n,178,709,372,1740,635,69.6274,64,1
hrt201n,179,1052,591,2076,856,69.799,65,1
hrt201n,180,284,288,2123,563,75.4142,76,1
hrt201n,181,728,844,2142,860,72.2132,67,1
hrt201n,182,1046,296,2053,501,72.7696,63,1
hrt201n,183,966,454,1975,515,73.2843,66,1
hrt201n,184,1092,138,2573,646,75.8701,69,1
hrt201n,185,1464,665,1919,825,74.3553,65,1
hrt201n,186,798,372,2387,790,73.9706,70,1
hrt201n,187,817,801,2475,904,74.3848,70,1
hrt201n,188,1147,468,2041,777,74.598,64,1
hrt201n,189,818,333,1527,389,74.8995,73,1
hrt201n,190,1127,246,2058,469,76.1421,73,1
hrt201n,191,954,276,2198,552,78.799,74,1
hrt201n,192,1535,552,2807,795,76.3848,72,1
hrt201n,193,1236,383,2397,761,76.0416,70,1
hrt201n,194,778,468,2424,964,76.7279,74,1
hrt201n,195,1284,326,2511,723,77.6985,70,1
hrt201n,196,1344,460,1816,567,79.6274,74,1
hrt201n,197,1036,283,1611,653,78.0833,65,1
hrt201n,198,795,367,2116,729,76.6274,71,1
hrt201n,199,1456,632,3006,904,77.6985,70,1
hrt201n,200,1293,507,2333,873,83.0122,72,1
hrt201n,201,747,581,2508,751,80.8995,79,1
hrt201n,202,1191,591,2509,650,82.1127,74,1
hrt201n,203,648,343,2012,560,81.1421,78,1
hrt201n,204,1247,322,4150,881,81.3848,77,1
hrt201n,205,1043,513,2370,720,80.799,76,1
hrt201n,206,608,251,2565,858,83.4853,82,1
hrt201n,207,1005,405,1745,620,80.8701,74,1
hrt201n,208,682,341,1947,612,80.4853,79,1
hrt201n,209,1873,651,3251,924,80.3553,71,1
hrt201n,210,479,395,2360,886,84.8284,85,1
hrt201n,211,727,403,2049,732,85.799,81,1
hrt201n,212,821,311,1610,580,86.6985,79,1
hrt201n,213,1137,161,1888,523,86.0538,68,1
hrt201n,214,1045,441,2232,760,85.6985,78,1
hrt201n,215,979,406,2235,631,86.0122,75,1
hrt201n,216,1050,355,2221,623,84.9411,76,1
hrt201n,217,973,530,3128,977,86.5563,83,1
hrt201n,218,1182,501,2626,994,85.4558,79,1
hrt201n,219,1078,295,2281,598,85.669,73,1
hrt201n,220,1335,325,3089,933,91.8701,85,1
hrt201n,221,1402,564,2359,1001,90.9828,75,1
hrt201n,222,1038,382,2835,727,89.6274,84,1
hrt201n,223,1284,344,2577,470,90.3553,81,1
hrt201n,224,521,326,2140,660,91.7279,89,1
hrt201n,225,1831,855,2321,885,89.4975,76,1
hrt201n,226,969,281,3095,453,91.3259,77,1
hrt201n,227,888,701,2203,798,91.5563,88,1
hrt201n,228,1470,601,3474,1000,88.1127,80,1
hrt201n,229,833,332,2195,578,88.5563,85,1
hrt201n,230,1185,712,2055,583,93.4558,87,1
hrt201n,231,1084,435,2950,768,93.3553,84,1
hrt201n,232,1504,285,2849,646,92.4558,86,1
hrt201n,233,1416,227,2890,997,93.2843,86,1
hrt201n,234,891,378,2612,782,93.2132,88,1
hrt201n,235,1023,254,3050,923,93.9706,90,1
hrt201n,236,1478,233,2446,629,93.1838,83,1
hrt201n,237,718,506,3882,1194,94.2426,94,1
hrt201n,238,819,284,3096,786,94.3137,92,1
hrt201n,239,1313,522,2199,686,93.1838,83,1
hrt201n,240,1436,605,2546,844,97.3553,88,1
hrt201n,241,980,379,2597,570,97.9117,84,1
hrt201n,242,665,379,2537,802,98.6569,98,1
hrt201n,243,700,243,4508,844,96.6569,96,1
hrt201n,244,694,134,2425,617,97.0711,96,1
hrt201n,245,1548,527,3280,949,98.5269,90,1
hrt201n,246,648,323,2030,594,98.1421,95,1
hrt201n,247,951,426,2628,589,98.2132,93,1
hrt201n,248,954,298,1912,415,96.3848,92,1
hrt201n,249,1204,733,2692,661,99.9411,91,1
hrt201n,250,1150,403,3543,872,102.142,99,1
hrt201n,251,976,255,3161,753,102.284,95,1
hrt201n,252,1947,589,2799,600,103.012,92,1
hrt201n,253,696,292,2815,448,102.556,99,1
hrt201n,254,750,322,2647,759,101.314,99,1
hrt201n,255,873,444,2127,555,102.899,101,1
hrt201n,256,985,564,2498,827,101.799,97,1
hrt201n,257,1369,332,3767,959,101.799,97,1
hrt201n,258,581,522,3667,856,101.556,98,1
hrt201n,259,885,396,2489,551,103.142,100,1
hrt201n,260,661,294,2158,446,105.556,102,1
hrt201n,261,1526,621,2790,757,107.456,101,1
hrt201n,262,1986,858,2810,1029,105.255,93,1
hrt201n,263,1336,475,2770,793,105.426,94,1
hrt201n,264,1164,301,3247,999,106.527,98,1
hrt201n,265,1369,432,3561,861,106.841,95,1
hrt201n,266,1342,416,2221,648,106.77,97,1
hrt201n,267,816,365,2723,601,105.456,99,1
hrt201n,268,1649,885,2760,986,105.083,92,1
hrt201n,269,1471,337,2789,651,107.669,95,1
hrt201n,270,1418,446,3311,565,111.77,102,1
hrt201n,271,1167,484,3519,922,110.042,104,1
hrt201n,272,841,206,3073,825,111.142,108,1
hrt201n,273,1025,478,2571,687,108.698,101,1
hrt201n,274,1391,403,3310,821,111.184,101,1
hrt201n,275,1704,233,4183,1031,109.698,102,1
hrt201n,276,2019,912,3468,1169,109.355,100,1
hrt201n,277,1263,351,2225,638,110.598,100,1
hrt201n,278,1264,460,2463,631,110.77,101,1
hrt201n,279,1586,436,2976,741,108.255,96,1
hrt201n,280,1518,614,2896,696,112.012,101,1
hrt201n,281,734,314,3590,998,112.728,110,1
hrt201n,282,1869,744,3418,808,115.841,104,1
hrt201n,283,1673,591,2765,730,115.497,102,1
hrt201n,284,1306,465,1777,357,115.497,102,1
hrt201n,285,1243,200,2649,545,115.184,105,1
hrt201n,286,1335,373,4071,1190,112.284,105,1
hrt201n,287,1657,517,3594,746,115.012,104,1
hrt201n,288,1241,386,2803,752,114.87,108,1
hrt201n,289,1586,237,2446,342,113.77,104,1
hrt201n,290,806,141,2623,656,116.113,108,1
hrt201n,291,701,334,3191,939,118.314,116,1
hrt201n,292,1559,346,3289,773,119.113,111,1
hrt201n,293,1830,754,4431,890,119.012,108,1
hrt201n,294,1075,243,3538,523,118.213,113,1
hrt201n,295,2292,1026,3657,1101,118.569,103,1
hrt201n,296,1075,389,3711,494,119.77,110,1
hrt201n,297,1489,508,3864,701,118.456,112,1
hrt201n,298,1543,486,3294,660,116.598,106,1
hrt201n,299,682,339,4432,827,117.627,112,1
hrt201n,300,893,202,3287,654,120.314,118,1
hrt201n,301,1017,323,2820,490,123.627,118,1
hrt201n,302,596,388,2803,620,123.971,120,1
hrt201n,303,636,249,3622,559,123.142,120,1
hrt201n,304,1353,273,3495,766,122.355,113,1
hrt201n,305,1935,671,3644,841,122.64,105,1
hrt201n,306,1794,617,3123,616,122.255,110,1
hrt201n,307,1963,354,3598,761,122.054,104,1
hrt201n,308,1944,481,3091,697,122.811,106,1
hrt201n,309,1511,372,2261,589,123.296,104,1
hrt201n,310,1537,401,3168,707,124.77,115,1
hrt201n,311,1450,439,3014,600,125.841,114,1
hrt201n,312,1155,318,3409,702,126.912,113,1
hrt201n,313,1019,263,3528,938,127.456,121,1
hrt201n,314,1673,230,3781,497,126.184,116,1
hrt201n,315,1083,168,2903,596,124.497,111,1
hrt201n,316,1640,297,3693,654,127.912,114,1
hrt201n,317,1417,449,3651,688,124.912,111,1
hrt201n,318,1641,508,3356,752,127.983,112,1
hrt201n,319,1080,410,2756,728,124.698,117,1
hrt201n,320,2052,345,3155,638,131.569,116,1
hrt201n,321,1296,516,2836,770,130.154,115,1
hrt201n,322,2020,502,4040,832,128.841,117,1
hrt201n,323,1340,399,3408,834,129.77,120,1
hrt201n,324,1627,715,3461,852,128.983,113,1
hrt201n,325,982,240,2610,481,130.77,121,1
hrt201n,326,1310,373,3160,884,130.012,119,1
hrt201n,327,1458,430,3202,618,131.184,121,1
hrt201n,328,1053,439,3203,547,128.527,120,1
hrt201n,329,867,257,2301,467,128.012,117,1
hrt201n,330,947,398,3409,453,134.113,126,1
hrt201n,331,1389,121,3057,589,135.154,120,1
hrt201n,332,1644,566,3520,722,133.255,121,1
hrt201n,333,2104,846,3472,1203,133.983,118,1
hrt201n,334,1602,624,4415,659,134.083,121,1
hrt201n,335,961,297,3294,497,134.698,127,1
hrt201n,336,1214,368,3635,612,135.284,128,1
hrt201n,337,681,447,3188,882,133.728,131,1
hrt201n,338,892,209,2578,570,134.042,128,1
hrt201n,339,1264,369,3418,885,133.87,127,1
hrt201n,340,1741,533,4054,641,138.841,127,1
hrt201n,341,1423,487,4740,900,138.941,130,1
hrt201n,342,1464,442,4157,761,139.355,130,1
hrt201n,343,1513,255,3319,548,136.64,119,1
hrt201n,344,1558,352,2706,674,138.711,119,1
hrt201n,345,1797,288,4353,730,137.841,126,1
hrt201n,346,1469,372,3631,770,138.912,125,1
hrt201n,347,792,195,2448,434,137.284,130,1
hrt201n,348,1408,418,3083,495,138.426,127,1
hrt201n,349,731,169,3460,449,137.042,131,1
hrt201n,350,2352,534,3320,604,143.61,121,1
hrt201n,351,1476,217,4038,899,141.74,127,1
hrt201n,352,1482,601,4337,805,140.941,132,1
hrt201n,353,923,343,3328,726,142.556,139,1
hrt201n,354,1573,579,3439,1103,140.255,128,1
hrt201n,355,1838,281,3458,712,143.983,128,1
hrt201n,356,1185,377,3939,702,143.64,126,1
hrt201n,357,1404,377,2715,524,142.184,132,1
hrt201n,358,1365,466,3429,663,140.941,132,1
hrt201n,359,1502,420,3432,689,143.397,127,1
hrt201n,360,1838,439,5035,880,147.87,141,1
hrt201n,361,1028,634,3366,923,147.113,139,1
hrt201n,362,1143,305,4128,510,145.284,138,1
hrt201n,363,1435,467,3739,699,145.669,133,1
hrt201n,364,1894,256,3546,538,145.811,129,1
hrt201n,365,1482,580,3547,530,146.569,131,1
hrt201n,366,1699,227,6185,1125,145.971,142,1
hrt201n,367,1458,399,3641,804,147.426,136,1
hrt201n,368,1226,383,3122,773,144.184,134,1
hrt201n,369,1299,361,3990,643,145.184,135,1
hrt201n,370,1162,427,4594,857,151.113,143,1
hrt201n,371,1419,372,3297,714,148.912,135,1
hrt201n,372,1728,513,4444,1026,148.426,137,1
hrt201n,373,1329,354,3089,556,151.113,143,1
hrt201n,374,798,384,3325,639,151.799,147,1
hrt201n,375,1322,289,3771,445,151.669,139,1
hrt201n,376,1591,559,3741,724,150.912,137,1
hrt201n,377,2208,477,3850,509,151.953,131,1
hrt201n,378,1242,259,3456,539,149.255,137,1
hrt201n,379,1201,537,3579,737,150.184,140,1
hrt201n,380,1492,425,3535,573,155.113,147,1
hrt201n,381,1922,346,4411,531,154.841,143,1
hrt201n,382,1904,364,4023,678,154.468,136,1
hrt201n,383,1880,502,4350,791,154.983,139,1
hrt201n,384,1225,145,3832,550,153.698,146,1
hrt201n,385,1275,204,4462,589,154.971,151,1
hrt201n,386,558,192,3648,470,152.314,150,1
hrt201n,387,1940,194,4332,879,155.882,137,1
hrt201n,388,1586,342,3671,618,154.569,139,1
hrt201n,389,1659,520,3451,766,153.882,135,1
hrt201n,390,1441,424,3279,562,158.154,143,1
hrt201n,391,1588,646,4093,977,156.77,147,1
hrt201n,392,817,311,3815,653,159.87,153,1
hrt201n,393,1598,409,4600,743,156.255,144,1
hrt201n,394,859,158,3161,547,157.184,147,1
hrt201n,395,1115,600,3350,706,159.971,156,1
hrt201n,396,926,416,3069,524,156.799,152,1
hrt201n,397,784,211,3249,596,157.385,153,1
hrt201n,398,1328,379,4108,703,157.74,143,1
hrt201n,399,1823,514,3868,685,156.569,141,1
hrt201n,400,965,515,4120,859,162.213,157,1
hrt201n,401,1592,563,4568,898,162.083,149,1
hrt201n,402,1328,535,3869,587,160.042,154,1
hrt201n,403,1760,562,3515,642,160.225,143,1
hrt201n,404,1218,364,3950,697,161.113,153,1
hrt201n,405,1901,311,3719,624,161.468,143,1
hrt201n,406,1646,441,3615,577,161.468,143,1
hrt201n,407,1800,247,4473,482,162.811,146,1
hrt201n,408,1873,239,3954,530,161.497,148,1
hrt201n,409,1698,279,4016,558,163.941,155,1
hrt201n,410,1163,502,4278,580,164.77,155,1
hrt201n,411,1445,255,4076,461,167.397,151,1
hrt201n,412,1742,214,5210,981,167.941,159,1
hrt201n,413,1889,473,4232,612,167.426,156,1
hrt201n,414,1763,279,5188,895,165.326,151,1
hrt201n,415,1506,266,3736,577,167.841,156,1
hrt201n,416,1541,401,4511,910,167.284,160,1
hrt201n,417,1653,311,3766,599,167.255,155,1
hrt201n,418,1962,582,4199,873,166.497,153,1
hrt201n,419,1847,318,3639,544,164.983,149,1
hrt201n,420,1813,252,4858,969,169.426,158,1
hrt201n,421,1759,225,3524,790,171.882,153,1
hrt201n,422,2378,483,4269,765,171.196,149,1
hrt201n,423,1558,247,4205,619,170.468,152,1
hrt201n,424,1877,335,4339,985,169.539,149,1
hrt201n,425,1576,380,4296,655,169.042,163,1
hrt201n,426,1520,817,3874,997,168.527,160,1
hrt201n,427,1567,346,3818,848,171.468,153,1
hrt201n,428,1134,300,4577,857,168.527,160,1
hrt201n,429,1612,406,3484,558,168.326,154,1
hrt201n,430,1673,465,4443,600,172.912,159,1
hrt201n,431,2579,506,4734,747,175.368,154,1
hrt201n,432,2075,413,4091,531,174.054,156,1
hrt201n,433,1690,198,4577,522,175.841,164,1
hrt201n,434,1281,343,3684,861,173.983,158,1
hrt201n,435,1367,360,4967,683,172.012,161,1
hrt201n,436,1723,414,3833,421,173.225,156,1
hrt201n,437,2209,316,4260,713,172.539,152,1
hrt201n,438,1539,209,3965,453,175.74,161,1
hrt201n,439,2557,534,5213,751,172.196,150,1
hrt201n,440,1221,293,3250,563,178.083,165,1
hrt201n,441,943,392,4374,509,177.799,173,1
hrt201n,442,1441,248,4477,750,178.669,166,1
hrt201n,443,1475,372,4314,525,178.74,164,1
hrt201n,444,2401,417,4846,474,179.267,155,1
hrt201n,445,1805,373,4771,536,177.184,167,1
hrt201n,446,880,355,3241,567,178.284,171,1
hrt201n,447,2316,296,3943,569,179.924,154,1
hrt201n,448,1245,263,3557,489,179.698,172,1
hrt201n,449,1823,336,3849,577,178.024,155,1
hrt201n,450,2068,194,4834,619,181.64,164,1
hrt201n,451,1242,386,4628,689,182.841,171,1
hrt201n,452,1766,198,4619,360,181.368,160,1
hrt201n,453,1432,261,5219,568,181.255,169,1
hrt201n,454,1551,446,4391,524,181.882,163,1
hrt201n,455,1906,278,4954,759,183.841,172,1
hrt201n,456,2175,385,4586,622,182.811,166,1
hrt201n,457,1654,612,5888,744,180.74,166,1
hrt201n,458,1990,317,5143,887,180.811,164,1
hrt201n,459,1549,231,4282,484,181.811,165,1
hrt201n,460,1281,440,3684,706,184.296,165,1
hrt201n,461,1730,241,4719,809,186.397,170,1
hrt201n,462,2011,396,4602,532,184.569,169,1
hrt201n,463,1451,563,4019,673,186.497,173,1
hrt201n,464,2050,307,4360,557,187.255,175,1
hrt201n,465,1691,298,4838,773,187.225,170,1
hrt201n,466,2193,245,5697,781,186.64,169,1
hrt201n,467,1537,225,4537,528,186.497,173,1
hrt201n,468,1299,220,3476,337,185.255,173,1
hrt201n,469,1811,411,4508,808,186.681,162,1
hrt201n,470,1175,299,4609,754,188.971,185,1
hrt201n,471,1793,611,4328,837,188.953,168,1
hrt201n,472,2004,104,5019,387,188.811,172,1
hrt201n,473,1594,191,4477,516,189.64,172,1
hrt201n,474,2340,463,5000,650,189.912,176,1
hrt201n,475,999,224,4566,607,190.698,183,1
hrt201n,476,2358,487,4627,596,191.681,167,1
hrt201n,477,1052,240,3933,599,191.87,185,1
hrt201n,478,1810,220,5896,529,190.012,179,1
hrt201n,479,1209,391,4771,549,191.497,178,1
hrt201n,480,990,206,3496,542,192.497,179,1
hrt201n,481,1446,328,4597,957,195.284,188,1
hrt201n,482,1560,404,4394,738,193.154,178,1
hrt201n,483,1348,457,3209,522,195.225,178,1
hrt201n,484,1011,207,4699,398,192.284,185,1
hrt201n,485,1121,226,3685,482,193.284,186,1
hrt201n,486,1838,415,5013,627,195.882,177,1
hrt201n,487,1851,430,4659,577,192.296,173,1
hrt201n,488,1952,530,5188,836,192.983,177,1
hrt201n,489,2269,437,4587,939,195.711,176,1
hrt201n,490,1891,625,5170,685,199.64,182,1
hrt201n,491,2728,695,5106,809,197.095,172,1
hrt201n,492,1498,352,5008,599,197.841,186,1
hrt201n,493,2278,425,4485,585,198.681,174,1
hrt201n,494,1069,235,4973,519,198.698,191,1
hrt201n,495,1925,308,5381,550,199.983,184,1
hrt201n,496,1489,367,3629,494,197.669,185,1
hrt201n,497,1511,433,4235,496,199.255,187,1
hrt201n,498,1485,271,4635,680,197.64,180,1
hrt201n,499,1903,373,4724,505,198.882,180,1
hrt201n,500,1389,316,4493,747,203.941,195,1
hrt201n,501,1862,623,4270,681,203.368,182,1
hrt201n,502,1130,250,4193,654,201.841,190,1
hrt201n,503,2729,590,5356,862,203.882,185,1
hrt201n,504,1540,319,4113,495,201.711,182,1
hrt201n,505,1810,432,4500,503,202.598,192,1
hrt201n,506,1528,331,5176,686,201.569,186,1
hrt201n,507,1528,311,5204,630,203.012,192,1
hrt201n,508,1233,204,4761,507,203.426,192,1
hrt201n,509,1888,359,5077,649,203.497,190,1
hrt201n,510,715,198,3195,555,204.355,195,1
hrt201n,511,1921,320,5008,710,205.125,185,1
hrt201n,512,1701,787,4970,956,205.184,195,1
hrt201n,513,1751,332,4975,562,206.154,191,1
hrt201n,514,1799,434,4270,574,205.64,188,1
hrt201n,515,1962,430,6011,730,204.468,186,1
hrt201n,516,1723,480,4118,530,207.983,192,1
hrt201n,517,994,341,3500,499,204.326,190,1
hrt201n,518,2004,351,3839,473,204.095,179,1
hrt201n,519,2247,552,4929,547,205.539,185,1
hrt201n,520,1350,327,5292,1021,208.426,197,1
hrt201n,521,1596,356,5887,681,211.782,190,1
hrt201n,522,1131,150,5023,489,208.284,201,1
hrt201n,523,1287,270,4731,447,209.912,196,1
hrt201n,524,1751,236,4652,595,209.912,196,1
hrt201n,525,1940,465,6256,672,210.77,201,1
hrt201n,526,1439,280,5430,454,211.426,200,1
hrt201n,527,1647,316,4399,668,209.397,193,1
hrt201n,528,1231,236,7157,1005,210.698,203,1
hrt201n,529,1232,362,5030,607,208.64,191,1
hrt201n,530,1344,214,4265,434,213.054,195,1
hrt201n,531,1793,455,3952,603,213.711,194,1
hrt201n,532,1100,164,3453,463,213.924,188,1
hrt201n,533,1945,315,5068,493,213.368,192,1
hrt201n,534,2055,208,5500,560,212.368,191,1
hrt201n,535,1234,337,3904,645,215.569,200,1
hrt201n,536,1584,288,5408,622,214.154,199,1
hrt201n,537,2002,326,4629,685,213.64,196,1
hrt201n,538,1843,571,4509,685,215.853,192,1
hrt201n,539,1326,315,4531,634,214.054,196,1
hrt201n,540,1540,676,5968,910,217.284,210,1
hrt201n,541,1649,441,5275,480,218.225,201,1
hrt201n,542,2335,387,5779,605,216.296,197,1
hrt201n,543,2044,291,5124,685,219.196,197,1
hrt201n,544,1307,518,5410,483,217.497,204,1
hrt201n,545,2378,329,5724,609,219.48,189,1
hrt201n,546,2023,402,5586,677,218.924,193,1
hrt201n,547,2110,410,5795,761,217.912,204,1
hrt201n,548,1894,243,5041,567,219.439,196,1
hrt201n,549,2452,486,6451,887,216.468,198,1
hrt201n,550,2084,407,4825,663,222.267,198,1
hrt201n,551,1804,258,5724,488,222.711,203,1
hrt201n,552,2014,260,5381,719,223.539,203,1
hrt201n,553,2175,214,5234,431,221.841,210,1
hrt201n,554,2588,570,5905,763,221.711,202,1
hrt201n,555,1750,428,5438,768,220.225,203,1
hrt201n,556,2397,441,6083,542,221.326,207,1
hrt201n,557,2100,473,5493,583,220.841,209,1
hrt201n,558,2173,332,6252,719,222.338,196,1
hrt201n,559,1766,381,5382,742,223.811,207,1
hrt201n,560,1757,446,4673,584,226.782,205,1
hrt201n,561,1508,402,5663,724,227.669,215,1
hrt201n,562,1544,414,6957,842,227.355,218,1
hrt201n,563,1401,267,5259,426,225.468,207,1
hrt201n,564,1296,177,5686,450,224.74,210,1
hrt201n,565,775,292,5039,792,227.87,221,1
hrt201n,566,1648,295,5085,576,225.468,207,1
hrt201n,567,1405,259,4478,524,227.368,206,1
hrt201n,568,2137,397,4817,721,227.924,202,1
hrt201n,569,1312,182,4840,534,227.255,215,1
hrt201n,570,1928,668,5777,648,231.054,213,1
hrt201n,571,1642,490,4986,644,231.569,216,1
hrt201n,572,1081,450,3882,566,230.811,214,1
hrt201n,573,1922,437,4782,677,228.853,205,1
hrt201n,574,1400,321,4773,702,231.782,210,1
hrt201n,575,1116,388,4058,567,231.912,218,1
hrt201n,576,1121,203,5404,841,230.669,218,1
hrt201n,577,1363,283,4522,503,231.77,222,1
hrt201n,578,1519,256,4653,478,231.711,212,1
hrt201n,579,1916,357,5173,841,231.125,211,1
hrt201n,580,1300,113,4437,429,233.154,218,1
hrt201n,581,1732,560,5559,636,234.74,220,1
hrt201n,582,983,189,4718,856,234.012,223,1
hrt201n,583,1073,153,4875,821,233.941,225,1
hrt201n,584,1778,227,4534,453,233.51,208,1
hrt201n,585,1263,195,4116,552,233.468,215,1
hrt201n,586,2123,147,6105,471,234.882,216,1
hrt201n,587,2302,334,4816,449,235.782,214,1
hrt201n,588,1448,496,5903,882,235.698,228,1
hrt201n,589,1950,330,6646,560,235.669,223,1
hrt201n,590,2067,687,5473,983,238.326,224,1
hrt201n,591,1795,283,4964,534,239.61,217,1
hrt201n,592,2231,181,5287,438,239.167,212,1
hrt201n,593,1855,347,4651,686,239.61,217,1
hrt201n,594,1792,318,6290,789,239.397,223,1
hrt201n,595,1763,530,5450,693,237.64,220,1
hrt201n,596,1791,399,5333,651,239.296,220,1
hrt201n,597,2012,198,5258,497,237.539,217,1
hrt201n,598,1945,421,5134,461,237.64,220,1
hrt201n,599,2279,546,4477,573,237.823,209,1
hrt201n,600,1900,416,4114,491,242.752,216,1
hrt201n,601,1754,473,6172,627,240.811,224,1
hrt201n,602,1501,539,4678,603,243.225,226,1
hrt201n,603,1872,322,5044,504,240.752,214,1
hrt201n,604,1707,441,5575,476,243.64,226,1
hrt201n,605,2165,242,7246,541,242.225,225,1
hrt201n,606,2743,251,5970,402,243.267,219,1
hrt201n,607,3053,175,7227,760,243.539,223,1
hrt201n,608,1807,312,5593,490,243.782,222,1
hrt201n,609,1906,634,5643,772,240.61,218,1
hrt201n,610,1644,259,6009,789,245.983,230,1
hrt201n,611,1626,363,5500,729,245.811,229,1
hrt201n,612,2279,620,4399,548,247.125,227,1
hrt201n,613,1329,371,5137,721,245.497,232,1
hrt201n,614,1409,317,4500,586,244.51,219,1
hrt201n,615,1553,247,4337,501,247.225,230,1
hrt201n,616,1760,318,5022,659,247.711,228,1
hrt201n,617,1922,287,5848,504,246.125,226,1
hrt201n,618,1874,257,5792,439,245.125,225,1
hrt201n,619,1524,231,4689,570,244.468,226,1
hrt201n,620,2011,450,6170,449,248.125,228,1
hrt201n,621,946,238,4792,534,250.012,239,1
hrt201n,622,1797,280,5422,737,248.196,226,1
hrt201n,623,1714,445,5505,475,248.882,230,1
hrt201n,624,1183,423,4647,659,248.296,229,1
hrt201n,625,1867,443,5401,521,251.196,229,1
hrt201n,626,1863,259,4943,526,250.054,232,1
hrt201n,627,1335,519,3960,587,249.924,224,1
hrt201n,628,1802,279,5224,535,249.368,228,1
hrt201n,629,1626,437,4513,555,251.853,228,1
hrt201n,630,2243,710,4310,594,252.539,232,1
hrt201n,631,2824,404,6451,476,254.924,229,1
hrt201n,632,1807,479,5052,422,253.125,233,1
hrt201n,633,1639,313,5762,807,253.953,233,1
hrt201n,634,1899,316,5151,470,252.095,227,1
hrt201n,635,1800,342,5395,524,254.953,234,1
hrt201n,636,1843,319,5897,438,253.154,238,1
hrt201n,637,1538,388,5405,534,254.841,243,1
hrt201n,638,2546,581,5516,719,255.338,229,1
hrt201n,639,1736,113,5225,425,253.912,240,1
hrt201n,640,2298,239,5744,421,257.196,235,1
hrt201n,641,1947,521,5332,702,258.024,235,1
hrt201n,642,1363,330,5209,620,258.225,241,1
hrt201n,643,1918,294,5886,569,257.225,240,1
hrt201n,644,1840,377,4922,563,258.61,236,1
hrt201n,645,2426,635,5547,806,256.095,231,1
hrt201n,646,1486,237,5589,655,259.468,241,1
hrt201n,647,1206,350,5478,439,257.255,245,1
hrt201n,648,2149,363,5934,584,259.468,241,1
hrt201n,649,1633,381,5613,554,256.681,232,1
hrt201n,650,1773,194,6006,724,260.61,238,1
hrt201n,651,2812,239,6660,571,263.681,239,1
hrt201n,652,1692,199,5939,488,262.083,249,1
hrt201n,653,1519,396,5253,628,263.296,244,1
hrt201n,654,2015,527,5667,791,260.296,241,1
hrt201n,655,1713,242,4805,550,260.711,241,1
hrt201n,656,1843,506,6685,769,260.397,244,1
hrt201n,657,1917,327,4928,509,262.267,238,1
hrt201n,658,1048,138,4651,332,262.882,244,1
hrt201n,659,1552,139,5957,672,261.569,246,1
hrt201n,660,2688,556,5963,548,266.966,234,1
hrt201n,661,1869,252,6259,561,264.439,241,1
hrt201n,662,2012,386,4786,597,266.309,235,1
hrt201n,663,1346,224,5542,606,264.397,248,1
hrt201n,664,1488,477,6323,879,264.225,247,1
hrt201n,665,2567,483,6800,579,264.539,244,1
hrt201n,666,1639,302,6300,640,267.125,247,1
hrt201n,667,1414,298,5035,508,265.368,244,1
hrt201n,668,1549,247,5538,606,265.681,241,1
hrt201n,669,2269,125,6596,654,264.539,244,1
hrt201n,670,1389,263,5949,785,268.368,247,1
hrt201n,671,1623,327,5702,587,271.539,251,1
hrt201n,672,1161,273,5853,603,268.326,254,1
hrt201n,673,1554,396,4883,600,269.338,243,1
hrt201n,674,984,325,5287,580,270.426,259,1
hrt201n,675,2295,561,5555,716,268.953,248,1
hrt201n,676,1866,318,6045,661,268.681,244,1
hrt201n,677,1877,400,6436,712,269.338,243,1
hrt201n,678,2027,324,5242,571,270.368,249,1
hrt201n,679,2413,435,6081,631,270.853,247,1
hrt201n,680,1599,356,5976,517,274.539,254,1
hrt201n,681,1748,415,5140,512,272.51,247,1
hrt201n,682,1347,281,4818,588,275.61,253,1
hrt201n,683,1804,315,5358,467,274.296,255,1
hrt201n,684,1767,248,5659,522,273.924,248,1
hrt201n,685,2747,226,7087,443,275.338,249,1
hrt201n,686,1866,394,5008,445,272.095,247,1
hrt201n,687,2131,690,5322,599,272.095,247,1
hrt201n,688,2004,583,4621,500,274.066,244,1
hrt201n,689,1556,269,4781,472,273.711,254,1
hrt201n,690,1719,498,6340,545,278.196,256,1
hrt201n,691,1374,156,4829,423,277.782,256,1
hrt201n,692,1351,283,4935,718,276.267,252,1
hrt201n,693,1559,344,6099,442,278.64,261,1
hrt201n,694,2307,477,6070,625,277.539,257,1
hrt201n,695,1434,185,5002,517,279.326,265,1
hrt201n,696,1480,312,4810,523,276.338,250,1
hrt201n,697,1919,209,6183,579,276.196,254,1
hrt201n,698,2530,504,5112,595,278.581,251,1
hrt201n,699,1944,440,5722,519,278.539,258,1
hrt201n,700,1555,399,6221,585,283.083,270,1
hrt201n,701,1699,202,5874,529,283.64,266,1
hrt201n,702,2241,239,6009,601,281.782,260,1
hrt201n,703,2385,440,4839,541,281.752,255,1
hrt201n,704,1670,482,6443,799,283.368,262,1
hrt201n,705,1693,424,5458,492,282.51,257,1
hrt201n,706,1536,174,5226,469,281.782,260,1
hrt201n,707,1853,447,6798,554,282.368,261,1
hrt201n,708,1557,402,5711,561,282.368,261,1
hrt201n,709,1217,283,5130,649,281.882,263,1
hrt201n,710,2377,481,6345,530,286.137,254,1
hrt201n,711,1408,435,6476,996,284.255,272,1
hrt201n,712,2150,394,5937,700,287.439,264,1
hrt201n,713,2383,543,7289,563,286.024,263,1
hrt201n,714,1711,324,4970,561,287.024,264,1
hrt201n,715,1287,239,4822,465,287.024,264,1
hrt201n,716,1006,197,5610,645,286.225,269,1
hrt201n,717,1505,435,6382,567,287.74,273,1
hrt201n,718,2145,576,7257,556,286.569,271,1
hrt201n,719,1504,199,5712,501,287.782,266,1
hrt201n,720,1399,379,6077,565,288.711,269,1
hrt201n,721,1161,309,6403,487,289.77,280,1
hrt201n,722,1545,253,5696,431,289.397,273,1
hrt201n,723,2254,432,6428,497,289.782,268,1
hrt201n,724,1905,441,7073,741,290.782,269,1
hrt201n,725,1485,232,6944,869,288.912,275,1
hrt201n,726,1964,367,7683,596,291.853,268,1
hrt201n,727,1703,337,7199,521,290.125,270,1
hrt201n,728,1607,327,5426,459,288.397,272,1
hrt201n,729,2515,417,6092,542,290.309,259,1
hrt201n,730,1802,176,6809,553,294.61,272,1
hrt201n,731,1884,400,5385,486,294.551,262,1
hrt201n,732,1604,300,4753,411,295.38,262,1
hrt201n,733,1997,336,6300,380,292.711,273,1
hrt201n,734,1335,168,6670,600,293.569,278,1
hrt201n,735,1692,383,6776,718,293.782,272,1
hrt201n,736,1629,395,6477,794,294.711,275,1
hrt201n,737,2237,585,5512,743,294.581,267,1
hrt201n,738,2249,473,7793,729,295.267,271,1
hrt201n,739,2135,580,6047,604,294.439,271,1
hrt201n,740,1094,132,5634,588,298.711,279,1
hrt201n,741,1699,373,4992,602,297.64,280,1
hrt201n,742,1292,494,5077,525,298.196,276,1
hrt201n,743,2038,362,6251,729,296.995,269,1
hrt201n,744,1829,328,5446,504,297.48,267,1
hrt201n,745,2238,458,5858,642,296.711,277,1
hrt201n,746,2403,634,5934,625,296.439,273,1
hrt201n,747,1936,302,7066,636,298.811,282,1
hrt201n,748,2041,356,6452,667,299.823,271,1
hrt201n,749,1039,115,5801,490,298.74,284,1
hrt201n,750,1834,126,5777,576,301.439,278,1
hrt201n,751,2245,463,7185,546,302.711,283,1
hrt201n,752,1423,322,5387,477,301.066,271,1
hrt201n,753,3285,598,7405,534,301.966,269,1
hrt201n,754,2161,202,8666,535,300.782,279,1
hrt201n,755,1741,411,6734,586,300.095,275,1
hrt201n,756,1632,500,5487,491,303.238,274,1
hrt201n,757,1313,424,5330,604,300.539,280,1
hrt201n,758,2056,215,5562,540,301.681,277,1
hrt201n,759,2476,412,6712,523,301.681,277,1
hrt201n,760,2075,451,5505,416,306.066,276,1
hrt201n,761,1433,290,6158,483,305.468,287,1
hrt201n,762,1680,314,6013,462,304.095,279,1
hrt201n,763,1393,423,5534,624,304.782,283,1
hrt201n,764,1907,190,7894,680,307.024,284,1
hrt201n,765,2309,483,7148,733,307.137,275,1
hrt201n,766,2175,559,8217,739,304.267,280,1
hrt201n,767,1832,393,6825,523,306.924,281,1
hrt201n,768,1906,488,6399,668,307.924,282,1
hrt201n,769,1845,296,5738,526,306.995,279,1
hrt201n,770,2122,566,6370,429,310.823,282,1
hrt201n,771,1842,351,5397,392,310.48,280,1
hrt201n,772,2078,251,5788,525,308.439,285,1
hrt201n,773,1739,364,5646,703,310.681,286,1
hrt201n,774,2280,243,5649,449,308.137,276,1
hrt201n,775,1509,162,5424,443,311.368,290,1
hrt201n,776,1045,196,6015,684,309.154,294,1
hrt201n,777,2112,371,7184,563,310.48,280,1
hrt201n,778,1595,440,5585,601,311.125,291,1
hrt201n,779,1509,430,5699,746,311.066,281,1
hrt201n,780,1396,306,7128,632,312.255,300,1
hrt201n,781,1596,362,5086,667,314.125,294,1
hrt201n,782,1473,152,6055,437,314.125,294,1
hrt201n,783,1866,197,7322,511,313.196,291,1
hrt201n,784,2011,439,6802,754,314.167,287,1
hrt201n,785,1867,402,7510,575,313.853,290,1
hrt201n,786,2520,428,7057,652,313.137,281,1
hrt201n,787,1531,168,5881,477,313.539,293,1
hrt201n,788,2309,239,7695,596,312.439,289,1
hrt201n,789,2743,441,7675,634,315.581,288,1
hrt201n,790,1244,262,5649,551,316.368,295,1
hrt201n,791,2047,397,6561,524,319.51,294,1
hrt201n,792,2079,361,5900,447,316.652,287,1
hrt201n,793,1051,238,6493,589,317.468,299,1
hrt201n,794,1887,131,7012,483,319.125,299,1
hrt201n,795,1404,428,6247,648,319.196,297,1
hrt201n,796,1712,275,6296,488,317.024,294,1
hrt201n,797,1342,181,6256,517,316.953,296,1
hrt201n,798,2100,437,6358,760,319.752,293,1
hrt201n,799,2195,326,7861,519,318.894,288,1
hrt201n,800,1752,397,5900,680,323.924,298,1
hrt201n,801,1312,194,5809,561,322.439,299,1
hrt201n,802,1663,367,5870,566,320.61,298,1
hrt201n,803,2146,355,6464,780,320.652,291,1
hrt201n,804,1650,278,6909,571,322.338,296,1
hrt201n,805,1874,185,5702,570,322.024,299,1
hrt201n,806,2164,232,6029,501,321.238,292,1
hrt201n,807,1687,439,7537,677,320.468,302,1
hrt201n,808,1910,231,6905,597,321.823,293,1
hrt201n,809,1342,233,6350,535,320.953,300,1
hrt201n,810,1237,151,6226,411,324.539,304,1
hrt201n,811,1817,417,6243,471,327.338,301,1
hrt201n,812,1782,346,6355,638,325.267,301,1
hrt201n,813,1044,266,5822,581,324.468,306,1
hrt201n,814,1723,202,5480,463,325.267,301,1
hrt201n,815,2208,352,7140,542,325.823,297,1
hrt201n,816,1734,498,5953,523,326.782,305,1
hrt201n,817,1765,360,7475,634,324.853,301,1
hrt201n,818,1196,228,4620,473,324.711,305,1
hrt201n,819,1547,262,6118,606,324.723,293,1
hrt201n,820,2097,384,6286,682,329.865,294,1
hrt201n,821,2817,237,6555,504,329.38,296,1
hrt201n,822,1383,280,7612,632,329.326,315,1
hrt201n,823,2542,359,7443,646,328.38,295,1
hrt201n,824,1358,217,6521,503,330.953,310,1
hrt201n,825,1638,367,6218,583,331.581,304,1
hrt201n,826,1655,109,6281,629,329.238,300,1
hrt201n,827,2129,262,7112,441,328.238,299,1
hrt201n,828,1609,349,5845,612,328.238,299,1
hrt201n,829,1720,323,7164,831,329.882,311,1
hrt201n,830,1136,223,5511,487,332.711,313,1
hrt201n,831,1601,157,6493,479,334.853,311,1
hrt201n,832,1534,321,5812,582,333.752,307,1
hrt201n,833,1735,229,6580,516,333.167,306,1
hrt201n,834,2063,505,6182,931,335.037,300,1
hrt201n,835,2227,334,8958,528,335.338,309,1
hrt201n,836,1152,358,6442,558,332.882,314,1
hrt201n,837,2364,618,6104,638,333.936,296,1
hrt201n,838,2052,587,6222,703,334.794,301,1
hrt201n,839,1882,222,6305,642,332.652,303,1
hrt201n,840,2014,445,7336,664,336.468,318,1
hrt201n,841,1513,261,5890,586,336.024,313,1
hrt201n,842,1888,395,7089,557,338.882,320,1
hrt201n,843,2088,308,7291,600,338.439,315,1
hrt201n,844,2441,404,7759,612,338.823,310,1
hrt201n,845,2217,166,6202,419,338.752,312,1
hrt201n,846,1605,305,6094,530,337.61,315,1
hrt201n,847,2445,292,7287,444,336.066,306,1
hrt201n,848,1117,171,5970,469,337.054,319,1
hrt201n,849,2215,319,6431,502,336.681,312,1
hrt201n,850,2360,523,6217,587,341.924,316,1
hrt201n,851,1942,294,7778,575,342.823,314,1
hrt201n,852,2383,241,6860,432,341.238,312,1
hrt201n,853,1660,268,6373,535,340.681,316,1
hrt201n,854,1934,363,6875,598,342.794,309,1
hrt201n,855,2088,340,6539,577,340.966,308,1
hrt201n,856,1592,396,5774,590,343.652,314,1
hrt201n,857,1847,425,6462,573,343.752,317,1
hrt201n,858,1758,288,5567,485,340.066,310,1
hrt201n,859,1460,320,6836,608,342.853,319,1
hrt201n,860,2258,386,6495,564,346.894,316,1
hrt201n,861,1804,498,6080,559,346.066,316,1
hrt201n,862,1843,379,6287,591,347.167,320,1
hrt201n,863,1725,201,7147,437,346.095,321,1
hrt201n,864,2522,547,6951,634,347.108,310,1
hrt201n,865,1781,358,6718,545,344.581,317,1
hrt201n,866,1946,315,6837,523,344.652,315,1
hrt201n,867,1610,362,6598,665,347.48,317,1
hrt201n,868,1867,566,6838,758,346.539,326,1
hrt201n,869,1766,512,6101,573,346.652,317,1
hrt201n,870,1640,503,6039,645,351.238,322,1
hrt201n,871,2455,605,6744,563,351.48,321,1
hrt201n,872,1489,232,5932,629,351.752,325,1
hrt201n,873,1843,249,6018,437,350.894,320,1
hrt201n,874,1862,189,6526,723,350.622,316,1
hrt201n,875,1846,240,6652,657,348.137,316,1
hrt201n,876,1757,326,6337,651,349.581,322,1
hrt201n,877,1319,333,6598,496,350.953,330,1
hrt201n,878,2034,109,7558,435,351.581,324,1
hrt201n,879,1642,227,6410,483,349.48,319,1
hrt201n,880,2237,419,6403,554,354.894,324,1
hrt201n,881,1595,318,6709,512,354.095,329,1
hrt201n,882,1944,443,6700,554,355.652,326,1
hrt201n,883,1624,158,6206,406,354.309,323,1
hrt201n,884,1476,290,6099,444,353.61,331,1
hrt201n,885,1951,295,6794,472,353.267,329,1
hrt201n,886,1688,256,6351,608,353.196,331,1
hrt201n,887,3114,475,8847,732,352.522,315,1
hrt201n,888,1572,423,6928,499,354.681,330,1
hrt201n,889,1931,436,6574,607,354.966,322,1
hrt201n,890,1284,262,6375,627,358.024,335,1
hrt201n,891,1359,159,6344,511,358.61,336,1
hrt201n,892,1710,269,6408,388,359.409,331,1
hrt201n,893,1220,205,6461,504,358.882,340,1
hrt201n,894,2402,226,6674,518,357.137,325,1
hrt201n,895,1498,361,6430,526,358.61,336,1
hrt201n,896,1159,222,6215,499,356.468,338,1
hrt201n,897,2343,394,6532,500,358.622,324,1
hrt201n,898,2673,439,7566,454,356.551,324,1
hrt201n,899,2360,226,7468,525,357.066,327,1
hrt201n,900,1513,187,6731,479,363.267,339,1
hrt201n,901,2290,387,7014,405,363.208,329,1
hrt201n,902,2143,276,8469,570,362.782,341,1
hrt201n,903,1828,330,6603,421,362.794,329,1
hrt201n,904,1923,418,7036,783,360.38,327,1
hrt201n,905,1316,271,6667,558,363.853,340,1
hrt201n,906,1892,239,6368,522,361.823,333,1
hrt201n,907,1405,308,6030,398,362.61,340,1
hrt201n,908,1116,214,6370,603,360.368,339,1
hrt201n,909,1546,259,6700,456,361.095,336,1
hrt201n,910,1673,301,6929,487,364.409,336,1
hrt201n,911,2305,250,7195,641,365.836,325,1
hrt201n,912,2473,350,7499,553,366.622,332,1
hrt201n,913,1509,297,6978,484,366.125,346,1
hrt201n,914,1899,310,6841,500,366.309,335,1
hrt201n,915,1129,195,6665,494,365.225,348,1
hrt201n,916,2060,387,8130,529,365.782,344,1
hrt201n,917,1687,185,6778,475,366.439,343,1
hrt201n,918,1716,326,6942,440,365.338,339,1
hrt201n,919,1857,317,6857,434,365.296,346,1
hrt201n,920,1905,218,8049,427,371.581,344,1
hrt201n,921,2179,411,7036,821,369.108,332,1
hrt201n,922,2047,496,7547,568,371.439,348,1
hrt201n,923,1496,409,6882,487,371.61,349,1
hrt201n,924,1791,320,7079,400,368.368,347,1
hrt201n,925,1889,275,7215,462,369.451,334,1
hrt201n,926,1349,96,6115,385,368.338,342,1
hrt201n,927,1658,189,6762,468,371.823,343,1
hrt201n,928,2044,392,7160,516,369.208,335,1
hrt201n,929,1699,186,6538,325,368.439,345,1
hrt201n,930,1096,219,6667,513,373.125,353,1
hrt201n,931,2182,282,7084,443,375.066,345,1
hrt201n,932,1723,353,6156,710,372.066,342,1
hrt201n,933,1186,254,6413,461,373.338,347,1
hrt201n,934,1522,351,6399,654,373.853,350,1
hrt201n,935,1617,183,6523,391,372.137,340,1
hrt201n,936,1680,173,7317,721,375.752,349,1
hrt201n,937,1802,331,6754,579,375.723,344,1
hrt201n,938,1651,320,6700,563,374.752,348,1
hrt201n,939,1923,328,7107,519,374.894,344,1
hrt201n,940,2433,339,6816,472,378.409,350,1
hrt201n,941,1783,471,6695,446,377.409,349,1
hrt201n,942,2249,455,7207,708,376.451,341,1
hrt201n,943,1789,359,7111,454,376.894,346,1
hrt201n,944,2679,208,7880,482,376.35,338,1
hrt201n,945,1576,410,6766,484,376.51,351,1
hrt201n,946,1249,247,6878,463,379.882,361,1
hrt201n,947,2066,334,6919,474,379.865,344,1
hrt201n,948,1632,370,6260,433,378.167,351,1
hrt201n,949,1636,244,6391,401,376.894,346,1
hrt201n,950,1684,246,6739,437,383.752,357,1
hrt201n,951,1637,160,6692,376,381.267,357,1
hrt201n,952,2265,134,8370,335,380.338,354,1
hrt201n,953,2167,433,7305,585,383.995,356,1
hrt201n,954,1850,180,7329,397,382.095,357,1
hrt201n,955,1516,266,7044,450,380.752,354,1
hrt201n,956,2411,281,7532,514,382.451,347,1
hrt201n,957,1289,242,6675,556,380.368,359,1
hrt201n,958,1834,201,8143,413,383.48,353,1
hrt201n,959,1501,431,7185,487,380.581,353,1
hrt201n,960,1516,358,7366,437,384.953,364,1
hrt201n,961,2204,246,7541,479,385.581,358,1
hrt201n,962,2059,355,7066,561,385.037,350,1
hrt201n,963,2040,418,7102,435,384.037,349,1
hrt201n,964,1048,203,6761,561,385.711,366,1
hrt201n,965,1464,134,7562,596,384.267,360,1
hrt201n,966,1548,187,7210,567,386.338,360,1
hrt201n,967,1725,461,6688,539,384.953,364,1
hrt201n,968,1517,345,6185,624,386.066,356,1
hrt201n,969,1675,351,7579,577,385.995,358,1
hrt201n,970,2069,168,7360,597,389.894,359,1
hrt201n,971,2291,213,8073,536,390.38,357,1
hrt201n,972,1894,236,7396,495,391.108,354,1
hrt201n,973,2046,503,7692,620,390.037,355,1
hrt201n,974,1731,330,7015,376,389.095,364,1
hrt201n,975,1478,357,7821,667,388.782,367,1
hrt201n,976,1832,404,6922,429,388.51,363,1
hrt201n,977,1824,198,7499,339,390.066,360,1
hrt201n,978,2332,297,7605,525,391.037,356,1
hrt201n,979,1985,201,7643,482,390.267,366,1
hrt201n,980,1781,340,6882,636,393.551,361,1
hrt201n,981,1884,318,6939,510,394.966,362,1
hrt201n,982,1616,259,6665,366,392.681,368,1
hrt201n,983,2217,180,7295,477,394.966,362,1
hrt201n,984,2160,427,7524,597,395.894,365,1
hrt201n,985,1408,126,7107,496,393.681,369,1
hrt201n,986,1691,284,6945,612,392.309,361,1
hrt201n,987,2446,402,7024,560,394.238,365,1
hrt201n,988,2026,281,7470,587,394.007,354,1
hrt201n,989,1485,221,6485,566,395.823,367,1
hrt201n,990,1894,257,7420,646,398.622,364,1
hrt201n,991,1555,235,6654,557,398.823,370,1
hrt201n,992,1064,212,7094,491,398.882,380,1
hrt201n,993,1914,283,6289,523,396.924,371,1
hrt201n,994,1551,348,6496,454,399.51,374,1
hrt201n,995,1800,352,7207,474,396.551,364,1
hrt201n,996,2554,430,8184,487,399.894,369,1
hrt201n,997,1921,377,7269,479,396.966,364,1
hrt201n,998,1930,281,6464,490,398.794,365,1
hrt201n,999,2222,555,7579,589,399.279,363,1
hrt201n,1000,2097,249,8462,461,401.338,375,1
hrt201n,1001,1197,317,7367,549,402.539,382,1
hrt201n,1002,1642,300,7237,510,403.338,377,1
hrt201n,1003,1700,362,6849,582,402.066,372,1
hrt201n,1004,1796,171,7561,548,400.652,371,1
hrt201n,1005,1911,279,8669,431,403.167,376,1
hrt201n,1006,2388,479,7670,526,403.208,369,1
hrt201n,1007,1724,211,6719,440,402.137,370,1
hrt201n,1008,2221,500,7749,590,402.865,367,1
hrt201n,1009,1993,276,7078,459,402.208,368,1
hrt201n,1010,2700,572,6131,384,404.551,372,1
hrt201n,1011,2333,268,8309,478,407.037,372,1
hrt201n,1012,2383,472,7281,601,406.451,371,1
hrt201n,1013,2090,264,7193,480,404.007,364,1
hrt201n,1014,2108,228,8554,436,404.421,364,1
hrt201n,1015,1923,238,8499,398,405.924,380,1
hrt201n,1016,1578,275,7615,514,405.752,379,1
hrt201n,1017,1930,501,7412,488,404.48,374,1
hrt201n,1018,1463,387,7140,580,407.752,381,1
hrt201n,1019,1544,428,7227,560,404.924,379,1
hrt201n,1020,1698,232,6969,459,408.066,378,1
hrt201n,1021,1475,217,7933,408,411.167,384,1
hrt201n,1022,1819,435,7175,511,411.137,379,1
hrt201n,1023,1789,380,6842,470,411.581,384,1
hrt201n,1024,1648,234,7112,420,411.681,387,1
hrt201n,1025,1552,184,7404,437,409.167,382,1
hrt201n,1026,1728,543,7647,649,409.823,381,1
hrt201n,1027,1322,217,6998,476,411.267,387,1
hrt201n,1028,1591,190,7185,415,410.752,384,1
hrt201n,1029,1818,339,7624,567,411.095,386,1
hrt201n,1030,1691,176,6693,443,412.853,389,1
hrt201n,1031,1751,440,7228,540,413.167,386,1
hrt201n,1032,1701,339,7999,645,415.48,385,1
hrt201n,1033,2161,167,7662,506,414.693,378,1
hrt201n,1034,1615,520,7318,605,414.095,389,1
hrt201n,1035,1991,192,7656,511,412.652,383,1
hrt201n,1036,1702,601,7403,584,412.61,390,1
hrt201n,1037,1967,300,7557,461,413.167,386,1
hrt201n,1038,1831,287,9056,426,414.167,387,1
hrt201n,1039,1980,245,7215,572,415.167,388,1
hrt201n,1040,2432,207,7716,349,419.309,388,1
hrt201n,1041,2125,459,7154,440,417.652,388,1
hrt201n,1042,1248,139,7429,448,416.953,396,1
hrt201n,1043,1890,409,7545,445,417.137,385,1
hrt201n,1044,2281,346,7306,461,418.179,379,1
hrt201n,1045,1691,383,7605,583,417.823,389,1
hrt201n,1046,1666,371,7863,514,419.267,395,1
hrt201n,1047,2056,283,7587,494,416.279,380,1
hrt201n,1048,1589,261,7043,486,416.338,390,1
hrt201n,1049,1896,373,6730,542,416.48,386,1
hrt201n,1050,1749,174,7396,444,421.338,395,1
hrt201n,1051,1803,386,7183,511,420.936,383,1
hrt201n,1052,1983,221,7679,473,420.38,387,1
hrt201n,1053,1606,160,7178,488,421.966,389,1
hrt201n,1054,1591,346,6715,395,423.037,388,1
hrt201n,1055,2376,234,8977,379,423.823,395,1
hrt201n,1056,2038,104,7710,334,421.338,395,1
hrt201n,1057,1685,325,8745,404,422.752,396,1
hrt201n,1058,1375,167,8264,441,420.924,395,1
hrt201n,1059,1963,254,7688,412,422.693,386,1
hrt201n,1060,2521,489,7981,500,425.865,390,1
hrt201n,1061,2023,241,8154,473,424.38,391,1
hrt201n,1062,1453,229,7736,353,424.125,404,1
hrt201n,1063,1213,170,7281,314,426.125,406,1
hrt201n,1064,2447,309,8180,475,424.309,393,1
hrt201n,1065,1452,182,8168,412,424.581,397,1
hrt201n,1066,1848,500,8370,429,425.924,400,1
hrt201n,1067,1901,165,7676,339,426.338,400,1
hrt201n,1068,1336,364,7571,503,424.125,404,1
hrt201n,1069,1569,310,7757,513,427.652,398,1
hrt201n,1070,1862,394,8280,746,429.865,394,1
hrt201n,1071,2059,201,7432,338,428.823,400,1
hrt201n,1072,1957,291,8190,547,431.581,404,1
hrt201n,1073,1830,223,7098,415,431.764,393,1
hrt201n,1074,1481,276,7950,394,430.51,405,1
hrt201n,1075,2325,402,7862,559,429.936,392,1
hrt201n,1076,2117,424,6737,478,430.48,400,1
hrt201n,1077,1775,191,8753,486,430.652,401,1
hrt201n,1078,1875,287,8067,434,429.309,398,1
hrt201n,1079,1672,170,7711,711,429.238,400,1
hrt201n,1080,1488,282,7352,408,434.882,416,1
hrt201n,1081,1867,313,7458,482,432.593,393,1
hrt201n,1082,1948,266,8234,454,434.581,407,1
hrt201n,1083,1473,382,7340,403,433.61,411,1
hrt201n,1084,1559,197,6944,322,435.966,403,1
hrt201n,1085,1484,170,7042,311,432.167,405,1
hrt201n,1086,1774,319,7749,479,434.823,406,1
hrt201n,1087,2231,326,7638,562,432.593,393,1
hrt201n,1088,1569,280,7113,415,433.652,404,1
hrt201n,1089,2036,360,7742,547,432.137,400,1
hrt201n,1090,2203,358,7740,448,439.179,400,1
hrt201n,1091,1745,461,7149,530,437.782,416,1
hrt201n,1092,2282,179,8155,336,438.894,408,1
hrt201n,1093,2221,251,8077,510,438.338,412,1
hrt201n,1094,1808,423,8587,524,436.409,408,1
hrt201n,1095,1915,261,6800,419,439.995,412,1
hrt201n,1096,2005,188,6769,433,438.723,407,1
hrt201n,1097,1910,325,7992,503,438.966,406,1
hrt201n,1098,2074,380,7688,445,437.966,405,1
hrt201n,1099,2036,170,8248,388,438.38,405,1
hrt201n,1100,1869,197,7900,486,442.894,412,1
hrt201n,1101,2085,348,7589,447,442.894,412,1
hrt201n,1102,1625,383,7579,531,440.752,414,1
hrt201n,1103,1997,164,7516,497,443.622,409,1
hrt201n,1104,1737,348,7246,400,441.167,414,1
hrt201n,1105,1823,272,6571,505,442.137,410,1
hrt201n,1106,2871,438,9166,437,440.238,411,1
hrt201n,1107,1974,396,8163,422,442.51,417,1
hrt201n,1108,1675,244,7514,423,441.48,411,1
hrt201n,1109,1765,231,7708,408,440.409,412,1
hrt201n,1110,1495,198,7215,425,445.853,422,1
hrt201n,1111,1986,254,7227,374,444.309,413,1
hrt201n,1112,1916,284,6499,422,444.309,413,1
hrt201n,1113,2429,362,8780,471,445.966,413,1
hrt201n,1114,2012,320,8203,434,445.38,412,1
hrt201n,1115,1448,338,7892,556,446.681,422,1
hrt201n,1116,1674,195,6374,303,446.894,416,1
hrt201n,1117,2290,499,7789,516,446.622,412,1
hrt201n,1118,2073,232,8182,450,445.865,410,1
hrt201n,1119,1586,166,8236,337,447.61,425,1
hrt201n,1120,1471,247,7632,355,450.167,423,1
hrt201n,1121,2266,264,7900,441,450.38,417,1
hrt201n,1122,2244,161,7944,401,449.492,407,1
hrt201n,1123,2006,197,8246,381,450.38,417,1
hrt201n,1124,1652,389,7811,482,449.752,423,1
hrt201n,1125,2319,343,7576,567,449.078,407,1
hrt201n,1126,1849,312,7661,547,450.066,420,1
hrt201n,1127,1606,320,8604,440,448.61,426,1
hrt201n,1128,1792,289,7271,488,448.794,415,1
hrt201n,1129,1937,253,7415,393,451.735,408,1
hrt201n,1130,1685,192,7623,398,455.208,421,1
hrt201n,1131,1533,435,7962,609,455.167,428,1
hrt201n,1132,1638,134,7888,403,454.51,429,1
hrt201n,1133,1644,208,7361,355,453.551,421,1
hrt201n,1134,1904,372,7431,459,452.108,415,1
hrt201n,1135,1662,191,7802,429,455.208,421,1
hrt201n,1136,1516,283,7147,409,455.338,429,1
hrt201n,1137,2032,382,7619,389,453.451,418,1
hrt201n,1138,1887,345,7126,396,453.551,421,1
hrt201n,1139,2013,210,8118,431,453.966,421,1
hrt201n,1140,1992,203,7610,414,457.51,432,1
hrt201n,1141,1589,363,7419,466,459.853,436,1
hrt201n,1142,2139,528,8224,484,457.38,424,1
hrt201n,1143,2063,183,7699,478,456.551,424,1
hrt201n,1144,1804,351,7801,380,456.924,431,1
hrt201n,1145,1718,379,6677,434,457.167,430,1
hrt201n,1146,2196,352,7968,420,456.208,422,1
hrt201n,1147,1747,168,7533,476,458.409,430,1
hrt201n,1148,1949,223,7886,413,457.823,429,1
hrt201n,1149,1723,190,8622,372,456.782,435,1
hrt201n,1150,1859,335,7797,414,460.208,426,1
hrt201n,1151,1538,272,7201,373,460.095,435,1
hrt201n,1152,1755,220,7313,431,463.066,433,1
hrt201n,1153,1536,288,8118,354,461.024,438,1
hrt201n,1154,2172,369,7010,456,463.693,427,1
hrt201n,1155,2409,351,8070,500,461.037,426,1
hrt201n,1156,1810,162,7495,337,460.208,426,1
hrt201n,1157,2105,270,8011,332,460.723,429,1
hrt201n,1158,1720,254,6371,320,461.267,437,1
hrt201n,1159,1494,127,7245,352,460.338,434,1
hrt201n,1160,1354,250,8483,431,464.368,443,1
hrt201n,1161,1658,326,7645,366,464.752,438,1
hrt201n,1162,1526,298,6779,370,464.439,441,1
hrt201n,1163,1695,352,8074,385,465.924,440,1
hrt201n,1164,1469,275,6512,381,464.681,440,1
hrt201n,1165,1927,331,6588,383,464.865,429,1
hrt201n,1166,1617,305,7602,387,465.995,438,1
hrt201n,1167,2201,142,8240,412,464.823,436,1
hrt201n,1168,1927,223,7645,378,467.037,432,1
hrt201n,1169,1591,269,7577,311,465.409,437,1
hrt201n,1170,1747,374,6629,319,471.581,444,1
hrt201n,1171,1533,327,7591,373,468.238,439,1
hrt201n,1172,1546,330,7900,401,469.995,442,1
hrt201n,1173,1793,300,6800,385,469.167,442,1
hrt201n,1174,1633,278,8095,389,470.853,447,1
hrt201n,1175,1747,234,8057,349,468.208,434,1
hrt201n,1176,1735,247,7583,303,470.451,435,1
hrt201n,1177,1534,206,7753,420,470.238,441,1
hrt201n,1178,1644,319,7502,383,471.167,444,1
hrt201n,1179,1986,324,8173,397,468.794,435,1
