map,scenid,total,20move,total-src,20move-src,distance,path_size,hLevel
lak100n,0,676,356,352,531,2.41421,3,0
lak100n,1,550,421,185,389,2.41421,3,0
lak100n,2,272,201,546,708,3,4,0
lak100n,3,366,224,119,184,1.41421,2,0
lak100n,4,295,285,163,255,1,2,0
lak100n,5,381,286,189,192,2.82843,3,0
lak100n,6,292,249,202,223,2.41421,3,0
lak100n,7,392,367,212,319,2,3,0
lak100n,8,289,162,238,280,2,3,0
lak100n,9,245,206,133,177,1.41421,2,0
lak100n,10,474,444,411,562,4.41421,5,0
lak100n,11,511,481,520,665,5.24264,5,0
lak100n,12,249,154,553,569,4,5,0
lak100n,13,323,295,502,521,4.82843,5,0
lak100n,14,638,410,783,905,7.24264,7,0
lak100n,15,447,303,517,768,7.41421,8,0
lak100n,16,480,384,569,711,4.41421,5,0
lak100n,17,587,424,654,713,7.65685,7,0
lak100n,18,281,235,368,420,4.24264,4,0
lak100n,19,421,417,819,1000,6.65685,6,0
lak100n,20,439,383,761,610,8.65685,8,0
lak100n,21,831,617,691,840,9.48528,8,0
lak100n,22,512,365,760,1015,8.07107,7,0
lak100n,23,481,466,1530,1252,11.4142,12,0
lak100n,24,339,318,702,515,8.07107,7,0
lak100n,25,492,376,967,1243,10.4142,11,0
lak100n,26,568,375,1209,1240,9.41421,10,0
lak100n,27,370,275,904,1183,9.24264,9,0
lak100n,28,314,263,879,832,10.0711,9,0
lak100n,29,229,170,1102,571,9,10,0
lak100n,30,441,282,1529,1604,12.4853,11,0
lak100n,31,926,624,1300,1566,12.0711,11,0
lak100n,32,315,288,1009,1018,13.2426,13,0
lak100n,33,868,518,1221,1290,12.3137,10,0
lak100n,34,1042,735,1110,1273,14.6569,14,0
lak100n,35,618,456,1163,1519,12.8284,13,0
lak100n,36,537,468,1366,1272,15.7279,13,0
lak100n,37,461,374,950,1129,12.4142,13,0
lak100n,38,392,343,1410,1295,14.4142,15,0
lak100n,39,498,375,1331,1662,13.4142,14,0
lak100n,40,849,623,1030,1255,17.8284,18,0
lak100n,41,467,388,1849,1955,18.8284,19,0
lak100n,42,842,652,1995,2435,19.4853,18,0
lak100n,43,721,493,2478,2243,17.8995,16,0
lak100n,44,493,359,1398,1251,17.0711,16,0
lak100n,45,395,357,1539,931,17.8284,18,0
lak100n,46,516,424,1996,1953,17.3137,15,0
lak100n,47,980,731,1585,1893,16.9706,13,0
lak100n,48,598,489,1962,1598,18.7279,16,0
lak100n,49,517,420,2167,2308,18.4853,17,0
lak100n,50,1073,695,2020,2037,22.6569,22,0
lak100n,51,915,568,2359,2685,23.2426,23,0
lak100n,52,364,317,1796,1849,21.2426,21,0
lak100n,53,632,476,2766,2521,23.0711,22,0
lak100n,54,888,594,2165,2527,22.1421,19,0
lak100n,55,491,366,2069,2243,23.8284,24,0
lak100n,56,1086,868,1800,1765,23.4853,22,0
lak100n,57,473,351,1969,1805,21.2426,21,0
lak100n,58,1277,852,1906,2573,21.3137,19,0
lak100n,59,515,419,2313,1814,23.9706,20,0
lak100n,60,1073,730,2314,2180,25.799,21,0
lak100n,61,717,660,2683,2645,25.3137,23,0
lak100n,62,625,510,2933,2439,25.4853,24,0
lak100n,63,726,677,3053,2824,25.6569,25,0
lak100n,64,318,263,2260,1678,25.2426,25,0
lak100n,65,900,600,3085,2847,27.4853,26,0
lak100n,66,647,435,2313,2444,25.5563,22,0
lak100n,67,863,701,2241,1820,26.5563,23,0
lak100n,68,1110,1056,2946,2329,26.9706,23,0
lak100n,69,318,246,2362,1415,26,27,0
lak100n,70,483,409,4264,3137,28.8284,29,0
lak100n,71,1517,966,3382,3305,31.8701,25,0
lak100n,72,1281,1017,2663,2281,29.8701,23,0
lak100n,73,1079,632,1781,913,29.2426,29,0
lak100n,74,971,648,2674,2293,31.2843,24,0
lak100n,75,603,506,2173,1444,29.1421,26,0
lak100n,76,855,834,3321,2602,31.4558,25,0
lak100n,77,436,356,2626,1170,31.2426,31,0
lak100n,78,438,343,3198,2271,30.4142,31,0
lak100n,79,522,418,2865,2155,29.2426,29,0
lak100n,80,616,449,2402,1715,35.2426,35,0
lak100n,81,1730,1199,2924,3217,33.2843,26,0
lak100n,82,645,571,2638,1412,33.2426,33,0
lak100n,83,562,341,3413,2483,32.0416,26,0
lak100n,84,803,529,3072,3129,32.9706,29,0
lak100n,85,770,277,2449,1328,34.4853,33,0
lak100n,86,1272,923,2852,2227,33.2132,28,0
lak100n,87,722,692,3235,2071,33.1421,30,0
lak100n,88,919,701,3118,2527,33.4853,32,0
lak100n,89,751,664,2942,1958,34.6274,29,0
lak100n,90,608,613,2316,1277,36.8701,30,0
lak100n,91,539,503,2898,1683,38.8284,39,0
lak100n,92,964,692,2942,1316,37.2132,32,0
lak100n,93,464,390,2512,1438,36.3137,34,0
lak100n,94,957,612,2647,1282,37.7279,35,0
lak100n,95,903,505,2649,1694,36.799,32,0
lak100n,96,558,375,3833,3211,37.4853,36,0
lak100n,97,591,508,2976,1361,37.6569,37,0
lak100n,98,759,476,3798,2360,38.9411,30,0
lak100n,99,632,474,3730,2839,38.0416,32,0
lak100n,100,1007,873,4491,2429,41.4558,35,0
lak100n,101,884,623,3626,2609,41.3848,37,0
lak100n,102,589,455,2961,1428,41.6569,41,0
lak100n,103,672,453,4741,2927,40.6569,40,0
lak100n,104,1127,717,4474,2844,40.9706,37,0
lak100n,105,794,475,4229,2166,40.2843,33,0
lak100n,106,939,365,3160,1029,41.6274,36,0
lak100n,107,441,331,4616,2645,42.2426,42,0
lak100n,108,746,461,4451,2810,42.2132,37,0
lak100n,109,710,390,4077,2871,43.2843,36,0
lak100n,110,2203,1016,3005,1202,46.7696,37,0
lak100n,111,1215,753,4494,1959,45.3137,43,0
lak100n,112,1195,778,4269,2467,47.2843,40,0
lak100n,113,1408,984,3310,954,45.8701,39,0
lak100n,114,808,413,3229,1921,47.2843,40,0
lak100n,115,1051,866,4406,2946,44.799,40,0
lak100n,116,1044,547,3068,1935,46.598,36,0
lak100n,117,924,282,3664,828,45.6569,45,0
lak100n,118,1538,417,3811,2274,45.8406,34,0
lak100n,119,382,329,2432,1479,46.8284,47,0
lak100n,120,1282,693,4984,2269,48.6274,43,0
lak100n,121,1982,320,4804,2298,50.8995,49,0
lak100n,122,1338,487,2889,1381,50.5269,42,0
lak100n,123,637,512,4638,1994,50.1421,47,0
lak100n,124,1390,822,3519,1294,48.2843,41,0
lak100n,125,1068,603,4453,2701,51.1838,41,0
lak100n,126,2016,854,3847,2357,49.1838,39,0
lak100n,127,747,380,4748,2238,48.7696,39,0
lak100n,128,1162,312,3905,2673,51.4264,40,0
lak100n,129,927,485,3148,1782,51.1127,43,0
lak100n,130,1428,849,4590,2145,53.6985,46,0
lak100n,131,939,820,4974,2484,52.7279,50,0
lak100n,132,408,320,5678,2326,55.2426,55,0
lak100n,133,1013,175,2028,1029,53.0416,47,0
lak100n,134,1421,405,2993,795,53.1421,50,0
lak100n,135,457,286,3856,792,53.2426,53,0
lak100n,136,1717,808,3647,1762,53.4264,42,0
lak100n,137,1448,483,3947,1188,55.2843,48,0
lak100n,138,668,357,2984,1371,53.4853,52,0
lak100n,139,1205,735,5932,3416,52.3259,38,0
lak100n,140,1387,831,4350,3429,57.4558,51,0
lak100n,141,1830,984,5051,2880,59.1543,44,0
lak100n,142,720,492,2896,1529,57.2132,52,0
lak100n,143,914,165,3006,1252,56.6569,56,0
lak100n,144,706,301,4730,2528,56.9411,48,0
lak100n,145,469,313,5615,2456,57.6274,52,0
lak100n,146,725,405,3558,1367,56.7401,42,0
lak100n,147,804,340,6119,3210,58.0833,45,0
lak100n,148,225,176,5290,2499,59,60,0
lak100n,149,855,677,4758,2094,58.9706,55,0
lak100n,150,518,482,2318,835,63.2426,63,0
lak100n,151,600,155,4489,954,61.3137,59,0
lak100n,152,1563,996,4207,1513,62.0833,49,0
lak100n,153,1433,628,3068,1605,63.3553,54,0
lak100n,154,1309,489,4501,2322,62.7696,53,0
lak100n,155,1455,1202,5192,2542,62.4558,56,0
lak100n,156,1088,322,2374,1055,61.4853,60,0
lak100n,157,1566,365,3519,1527,61.0416,55,0
lak100n,158,890,186,4492,948,60.2426,60,0
lak100n,159,769,602,5195,2004,62.4853,61,0
lak100n,160,2824,939,6023,2929,66.9117,53,0
lak100n,161,4222,1519,5475,2693,66.0122,55,0
lak100n,162,2879,521,3977,1623,66.5269,58,0
lak100n,163,1098,779,6007,1962,65.799,61,0
lak100n,164,1114,336,5915,2644,64.4264,53,0
lak100n,165,1569,519,6753,3123,64.9828,49,0
lak100n,166,562,418,7078,3309,67.4142,68,0
lak100n,167,960,868,4233,1767,65.0416,59,0
lak100n,168,2022,983,4497,2255,65.4975,52,0
lak100n,169,2436,1050,4921,2890,64.0833,51,0
lak100n,170,2257,785,4575,1328,71.5269,63,0
lak100n,171,1236,172,5088,1602,68.5563,65,0
lak100n,172,1009,601,4761,2436,69.8701,63,0
lak100n,173,1435,724,5040,1129,70.799,66,0
lak100n,174,1207,364,5557,2044,69.0833,56,0
lak100n,175,5048,1933,5501,2181,69.3259,55,0
lak100n,176,1164,616,3093,959,70.7696,61,0
lak100n,177,1360,624,4798,2492,70.1421,67,0
lak100n,178,798,607,5167,1758,69.2132,64,0
lak100n,179,1717,306,6502,1870,70.669,58,0
lak100n,180,1011,336,6121,1282,74.0416,68,0
lak100n,181,1442,546,4608,1245,72.4264,61,0
lak100n,182,1781,637,4270,1633,74.1543,59,0
lak100n,183,820,318,6203,1064,75.2843,68,0
lak100n,184,1264,342,3596,1244,74.0538,56,0
lak100n,185,496,366,6956,2442,72.0711,71,0
lak100n,186,705,402,5241,951,74.8701,68,0
lak100n,187,1015,801,4408,922,72.8995,71,0
lak100n,188,1320,524,5487,1338,74.7401,60,0
lak100n,189,1771,779,4420,1283,74.3553,65,0
lak100n,190,1593,757,3760,2087,76.468,58,0
lak100n,191,587,470,6741,2611,79.3137,77,0
lak100n,192,1425,815,6992,2709,76.0416,70,0
lak100n,193,877,441,5904,1612,79.7279,77,0
lak100n,194,2364,1085,4453,1962,77.1838,67,0
lak100n,195,813,243,4147,734,78.3553,69,0
lak100n,196,798,475,2701,646,79.0416,73,0
lak100n,197,1049,466,4865,1593,77.7279,75,0
lak100n,198,1608,584,5655,2938,78.669,66,0
lak100n,199,1327,378,5724,1598,79.7401,65,0
lak100n,200,1037,468,3488,1296,80.3259,66,0
lak100n,201,1564,457,4692,1363,81.397,65,0
lak100n,202,842,269,4674,1500,82.1543,67,0
lak100n,203,2079,395,5541,1357,80.0416,74,0
lak100n,204,2377,445,4077,906,83.3553,74,0
lak100n,205,2019,975,6671,2687,81.4975,68,0
lak100n,206,1996,621,3747,1571,82.9117,69,0
lak100n,207,2288,886,5936,1382,81.9828,66,0
lak100n,208,1581,434,5540,1168,81.1127,73,0
lak100n,209,2359,891,5827,1718,80.3553,71,0
lak100n,210,1027,328,5956,1469,86.5269,78,0
lak100n,211,858,383,6007,1785,86.4853,85,0
lak100n,212,1964,666,4279,2111,85.4975,72,0
lak100n,213,1655,285,6131,2404,84.2548,72,0
lak100n,214,2294,900,5757,1291,87.8701,81,0
lak100n,215,594,370,6013,2290,85.2426,85,0
lak100n,216,1484,568,4728,1472,87.2132,82,0
lak100n,217,1637,492,3322,1014,86.2843,79,0
lak100n,218,1383,403,4973,712,86.598,76,0
lak100n,219,1247,720,6570,1734,87.2254,70,0
lak100n,220,1180,325,5546,2570,88.0416,82,0
lak100n,221,2030,510,5994,1686,91.7696,82,0
lak100n,222,1522,437,3669,824,88.7401,74,0
lak100n,223,1137,385,5014,1521,90.3553,81,0
lak100n,224,3696,811,4593,1075,89.598,79,0
lak100n,225,1286,549,4731,1524,90.1543,75,0
lak100n,226,1519,527,5683,1446,88.3848,84,0
lak100n,227,1512,367,5566,1713,88.397,72,0
lak100n,228,777,431,6856,1376,91.7279,89,0
lak100n,229,1791,511,4539,1490,88.3259,74,0
lak100n,230,1023,241,4505,1848,92.2254,75,0
lak100n,231,2504,289,8501,1812,95.6274,90,0
lak100n,232,803,516,4631,1423,94.8995,93,0
lak100n,233,1525,848,7490,2993,92.5269,84,0
lak100n,234,1297,548,6987,1297,93.9411,85,0
lak100n,235,2214,336,6579,1723,92.5685,77,0
lak100n,236,700,250,4828,2624,95.0122,84,0
lak100n,237,1853,743,4592,2902,93.0244,70,0
lak100n,238,3052,687,4454,2308,95.2254,78,0
lak100n,239,2176,555,5456,973,95.3553,86,0
lak100n,240,1251,487,4396,602,99.6274,94,0
lak100n,241,1333,469,6362,2373,97.1543,82,0
lak100n,242,928,475,6729,1867,96.1838,86,0
lak100n,243,2424,343,6783,1604,98.6812,74,0
lak100n,244,1479,370,7032,714,98.2843,91,0
lak100n,245,1114,649,6608,2366,99.0711,98,0
lak100n,246,1629,236,6114,1206,99.9706,96,0
lak100n,247,1720,416,3711,523,96.6396,79,0
lak100n,248,1519,428,4560,1109,97.1543,82,0
lak100n,249,2406,804,5807,2309,97.9533,77,0
lak100n,250,2915,724,6092,1342,100.912,87,0
lak100n,251,1637,351,5451,1081,102.711,83,0
lak100n,252,1062,813,6766,1842,102.627,97,0
lak100n,253,1711,313,5604,928,102.953,82,0
lak100n,254,688,360,4589,951,103.698,96,0
lak100n,255,1556,340,4835,976,100.054,82,0
lak100n,256,1191,382,6224,1083,100.728,98,0
lak100n,257,1651,443,5126,991,100.154,85,0
lak100n,258,1750,917,9337,2633,100.497,87,0
lak100n,259,1285,499,4802,1825,100.113,92,0
lak100n,260,1128,273,6763,2830,105.841,94,0
lak100n,261,2366,423,4304,1766,104.154,89,0
lak100n,262,1922,294,6459,1857,107.196,85,0
lak100n,263,1775,284,4831,1447,107.196,85,0
lak100n,264,1324,420,5935,1971,106.296,87,0
lak100n,265,1136,706,8138,2655,104.113,96,0
lak100n,266,3757,997,6009,1787,105.61,83,0
lak100n,267,1921,600,5971,1204,105.456,99,0
lak100n,268,2642,949,9168,2310,106.64,89,0
lak100n,269,2601,420,5983,2158,105.983,90,0
lak100n,270,1309,438,5936,1725,111.456,105,0
lak100n,271,2131,588,5376,1418,111.213,106,0
lak100n,272,1761,391,6735,1413,109.669,97,0
lak100n,273,1002,724,10925,2959,110.556,107,0
lak100n,274,1335,318,4223,1477,109.912,96,0
lak100n,275,2741,772,5170,1882,110.782,89,0
lak100n,276,2211,591,5215,756,110.598,100,0
lak100n,277,982,658,6275,1259,108.87,102,0
lak100n,278,3364,824,6191,2199,110.255,98,0
lak100n,279,1893,801,6814,1278,108.811,92,0
lak100n,280,1816,401,8575,2063,113.267,89,0
lak100n,281,1012,150,6706,2289,115.61,93,0
lak100n,282,2801,629,6097,1050,115.196,93,0
lak100n,283,2709,659,5507,1739,115.681,91,0
lak100n,284,2077,393,10310,1806,113.941,105,0
lak100n,285,1480,521,5815,1738,114.64,97,0
lak100n,286,2296,502,3804,596,114.326,100,0
lak100n,287,2187,695,4451,905,115.569,100,0
lak100n,288,2574,674,5772,1402,112.095,87,0
lak100n,289,2471,607,4641,1908,112.255,100,0
lak100n,290,2038,741,6429,2148,117.255,105,0
lak100n,291,1351,654,9368,1619,118.841,107,0
lak100n,292,1737,579,7264,1384,119.841,108,0
lak100n,293,1270,302,5872,1045,118.213,113,0
lak100n,294,3163,515,5805,2413,119.083,106,0
lak100n,295,1834,283,5084,1037,116.326,102,0
lak100n,296,1662,662,9835,1873,119.728,117,0
lak100n,297,1703,329,3955,717,118.042,112,0
lak100n,298,1522,236,4124,1485,117.853,94,0
lak100n,299,1926,461,9182,1518,118.941,110,0
lak100n,300,2131,529,6754,1347,122.983,107,0
lak100n,301,2801,271,7400,1038,123.368,102,0
lak100n,302,1645,748,5411,1470,123.912,110,0
lak100n,303,732,570,11320,2314,123.243,123,0
lak100n,304,1976,699,5955,2636,123.51,98,0
lak100n,305,2210,591,6185,1602,120.497,107,0
lak100n,306,1622,419,6332,1323,121.782,100,0
lak100n,307,2711,835,8999,2182,123.941,115,0
lak100n,308,2003,385,8188,1808,120.539,100,0
lak100n,309,2027,713,6122,995,121.326,107,0
lak100n,310,2030,502,6768,1776,126.255,114,0
lak100n,311,2408,572,10268,2283,126.355,117,0
lak100n,312,2433,809,6970,2311,124.681,100,0
lak100n,313,1469,507,5669,877,125.397,109,0
lak100n,314,1108,372,9075,1712,124.799,120,0
lak100n,315,2758,1050,7254,1325,124.196,102,0
lak100n,316,1648,215,7885,2923,124.167,97,0
lak100n,317,2105,360,7787,1046,124.083,111,0
lak100n,318,3181,862,6865,1021,125.983,110,0
lak100n,319,1091,440,7147,2736,127.154,112,0
lak100n,320,3007,472,6157,2163,128.125,108,0
lak100n,321,1699,413,5719,1478,129.225,112,0
lak100n,322,3236,1169,9025,2280,128.184,118,0
lak100n,323,2300,329,6259,740,130.669,118,0
lak100n,324,2274,917,4569,1347,131.64,114,0
lak100n,325,1805,192,6053,930,129.095,104,0
lak100n,326,2304,434,6130,1209,128.912,115,0
lak100n,327,3146,436,4805,1215,128.882,110,0
lak100n,328,1948,399,5887,1278,131.681,107,0
lak100n,329,1787,286,7908,2528,129.054,111,0
lak100n,330,1314,257,8861,1617,135.87,129,0
lak100n,331,2247,358,7348,1218,134.296,115,0
lak100n,332,1995,303,5611,880,133.539,113,0
lak100n,333,2002,158,4889,661,134.77,125,0
lak100n,334,1885,553,5324,1008,132.64,115,0
lak100n,335,1705,529,5889,889,134.054,116,0
lak100n,336,4360,660,8228,2399,134.338,108,0
lak100n,337,1586,818,7257,1415,133.971,130,0
lak100n,338,3230,637,7646,1482,132.196,110,0
lak100n,339,2269,812,8258,3147,134.811,118,0
lak100n,340,3798,619,6543,1348,137.267,113,0
lak100n,341,1615,362,7130,1600,136.355,127,0
lak100n,342,2980,774,5728,2165,136.054,118,0
lak100n,343,1630,285,4699,871,139.113,131,0
lak100n,344,2444,725,7837,1026,138.154,123,0
lak100n,345,2823,748,7316,1576,137.468,119,0
lak100n,346,2003,257,6206,810,136.468,118,0
lak100n,347,3254,882,6580,1362,137.782,116,0
lak100n,348,2327,317,6824,1878,138.468,120,0
lak100n,349,1452,380,6552,1678,136.468,118,0
lak100n,350,2378,586,5330,1604,143.841,132,0
lak100n,351,1130,239,7307,943,141.912,128,0
lak100n,352,1555,480,7514,2260,141.941,133,0
lak100n,353,1843,572,6674,1669,143.284,136,0
lak100n,354,3601,1234,5930,1381,143.309,112,0
lak100n,355,1921,280,6525,830,143.924,118,0
lak100n,356,2442,501,8444,1209,142.752,116,0
lak100n,357,2933,715,6347,1242,143.368,122,0
lak100n,358,1282,378,6632,1757,142.355,133,0
lak100n,359,1848,385,4847,912,141.284,134,0
lak100n,360,4336,571,9186,989,144.083,131,0
lak100n,361,2179,656,4843,1209,145.995,118,0
lak100n,362,1044,238,6184,911,146.154,131,0
lak100n,363,2041,671,10448,2630,146.64,129,0
lak100n,364,2263,847,11852,1011,145.154,130,0
lak100n,365,3210,849,6452,851,144.024,121,0
lak100n,366,3958,605,7576,1710,145.468,127,0
lak100n,367,2047,476,4729,917,145.267,121,0
lak100n,368,1558,185,5606,628,147.468,129,0
lak100n,369,1941,519,5818,1430,146.527,138,0
lak100n,370,3132,771,6220,1819,149.882,131,0
lak100n,371,2136,208,8262,1103,148.397,132,0
lak100n,372,2653,1172,9363,2319,149.154,134,0
lak100n,373,2974,543,6994,1157,151.64,134,0
lak100n,374,1141,317,6335,1117,148.468,130,0
lak100n,375,1765,371,6520,1554,149.811,133,0
lak100n,376,2146,477,6862,2063,148.841,137,0
lak100n,377,3773,967,6864,1465,150.64,133,0
lak100n,378,2630,346,5011,1029,151.539,131,0
lak100n,379,2885,1275,7085,1512,148.397,132,0
lak100n,380,2553,414,7690,1108,155.811,139,0
lak100n,381,1491,602,7137,1365,153.569,138,0
lak100n,382,2512,820,6693,1644,154.74,140,0
lak100n,383,1712,645,4846,2052,153.279,117,0
lak100n,384,1923,576,7620,1231,154.782,133,0
lak100n,385,2526,437,5878,1203,154.782,133,0
lak100n,386,2768,142,5875,952,155.024,132,0
lak100n,387,2205,203,8295,2202,153.409,125,0
lak100n,388,1726,419,5677,1101,154.811,138,0
lak100n,389,3513,655,10328,2720,153.439,130,0
lak100n,390,2425,227,6849,961,158.669,146,0
lak100n,391,2079,423,8135,1435,159.87,153,0
lak100n,392,1830,650,7000,2184,157.154,142,0
lak100n,393,2365,728,9220,1537,158.598,148,0
lak100n,394,2228,720,6580,1573,159.882,141,0
lak100n,395,2415,397,9922,1718,159.87,153,0
lak100n,396,1620,315,6130,1490,157.426,146,0
lak100n,397,2592,893,5669,1430,156.48,126,0
lak100n,398,3944,713,8350,1509,158.409,130,0
lak100n,399,3407,606,5972,1048,158.752,132,0
lak100n,400,1920,672,5400,1398,162.995,135,0
lak100n,401,2475,401,7362,1750,160.853,137,0
lak100n,402,2699,503,6158,1369,162.539,142,0
lak100n,403,1735,329,9621,2479,162.882,144,0
lak100n,404,2557,915,6908,1772,160.924,135,0
lak100n,405,2886,514,9236,2217,161.693,125,0
lak100n,406,2125,552,8558,2069,160.77,151,0
lak100n,407,2880,679,7787,1665,161.368,140,0
lak100n,408,1927,449,6411,1305,162.225,145,0
lak100n,409,3455,654,7386,1107,162.853,139,0
lak100n,410,2888,677,7130,1877,167.811,151,0
lak100n,411,1926,701,8214,845,167.841,156,0
lak100n,412,2919,575,7488,1357,164.51,139,0
lak100n,413,1371,331,9718,1396,167.64,150,0
lak100n,414,1629,366,8653,1608,166.368,145,0
lak100n,415,1758,362,5935,765,166.125,146,0
lak100n,416,1863,308,9047,1282,164.468,146,0
lak100n,417,1624,473,6072,1284,164.468,146,0
lak100n,418,2341,809,9311,3374,166.167,139,0
lak100n,419,1098,327,5437,1348,164.296,145,0
lak100n,420,2193,575,9201,864,171.527,163,0
lak100n,421,2684,491,7542,1163,170.368,149,0
lak100n,422,1768,697,10052,2750,168.74,154,0
lak100n,423,3081,750,8176,1263,170.409,142,0
lak100n,424,3409,613,7106,719,168.409,140,0
lak100n,425,1285,281,6204,1336,170.255,158,0
lak100n,426,2560,560,7103,1053,168.083,155,0
lak100n,427,3853,339,8913,1521,169.51,144,0
lak100n,428,3451,453,5101,850,171.267,147,0
lak100n,429,2757,830,8646,2312,171.527,163,0
lak100n,430,2909,595,7574,1714,172.652,143,0
lak100n,431,2509,632,5986,1437,175.64,158,0
lak100n,432,3814,997,6635,1176,173.823,145,0
lak100n,433,1645,655,10225,2692,174.255,162,0
lak100n,434,1846,334,7074,881,175.74,161,0
lak100n,435,1859,637,7507,1811,173.652,144,0
lak100n,436,1453,263,6717,725,175.882,157,0
lak100n,437,4915,350,8505,1309,172.368,151,0
lak100n,438,3142,591,8193,1799,175.024,152,0
lak100n,439,1840,604,10118,2727,172.681,148,0
lak100n,440,1626,359,8337,1166,177.598,167,0
lak100n,441,1385,165,7744,2260,179.267,155,0
lak100n,442,3499,656,7581,1536,178.551,146,0
lak100n,443,1896,199,9742,1333,179.426,168,0
lak100n,444,2486,634,10867,3122,179.853,156,0
lak100n,445,1419,492,7543,1918,179.326,165,0
lak100n,446,3280,720,6533,2156,177.225,160,0
lak100n,447,4898,550,8851,1351,179.066,149,0
lak100n,448,2407,258,9611,905,179.841,168,0
lak100n,449,3640,1152,7781,1791,177.167,150,0
lak100n,450,3833,543,8383,841,181.894,151,0
lak100n,451,1160,302,10876,1498,181.113,173,0
lak100n,452,2170,845,9028,1671,180.782,159,0
lak100n,453,2016,457,8455,1729,182.782,161,0
lak100n,454,3149,559,9231,2473,180.267,156,0
lak100n,455,2591,290,8821,834,181.296,162,0
lak100n,456,1703,247,6264,493,183.296,164,0
lak100n,457,1372,352,9602,1579,182.054,164,0
lak100n,458,3701,352,8241,1925,181.693,145,0
lak100n,459,2388,428,5727,1046,183.368,162,0
lak100n,460,2541,591,10271,1480,187.61,165,0
lak100n,461,3095,257,9162,1483,187.711,168,0
lak100n,462,2193,715,8420,2450,186.024,163,0
lak100n,463,2662,977,9859,3223,184.752,158,0
lak100n,464,1521,416,7017,1282,187.083,174,0
lak100n,465,4181,269,7937,1128,186.782,165,0
lak100n,466,2444,375,9265,2951,185.782,164,0
lak100n,467,1684,391,9496,1868,187.882,169,0
lak100n,468,2157,240,8631,1412,186.652,157,0
lak100n,469,2447,606,10123,2638,187.64,170,0
lak100n,470,3161,392,8821,1800,191.693,155,0
lak100n,471,1373,443,9996,1729,191.497,178,0
lak100n,472,2001,610,9892,2082,190.51,165,0
lak100n,473,2365,413,7846,1647,190.924,165,0
lak100n,474,1173,290,6811,1267,190.569,175,0
lak100n,475,2450,239,6981,967,190.61,168,0
lak100n,476,1605,952,6813,2503,190.669,178,0
lak100n,477,4751,1574,8927,1743,188.179,149,0
lak100n,478,2329,152,9500,2247,188.953,168,0
lak100n,479,2983,939,7261,2317,190.368,169,0
lak100n,480,2039,694,9231,2211,192.225,175,0
lak100n,481,2084,602,5722,1040,193.421,153,0
lak100n,482,2170,158,8909,948,193.468,175,0
lak100n,483,1253,560,9942,2081,194.468,176,0
lak100n,484,2164,346,6407,960,193.48,163,0
lak100n,485,1482,567,8758,1529,195.397,179,0
lak100n,486,1369,150,8885,1482,193.581,166,0
lak100n,487,2408,197,7729,622,194.882,176,0
lak100n,488,2492,255,9911,1542,194.865,159,0
lak100n,489,1571,283,5298,752,192.137,160,0
lak100n,490,2555,477,10268,2313,198.522,161,0
lak100n,491,2855,466,7260,1675,198.137,166,0
lak100n,492,1969,636,10126,2328,196.296,177,0
lak100n,493,1066,309,7050,1375,196.225,179,0
lak100n,494,4246,615,8704,2779,198.309,167,0
lak100n,495,1765,438,9117,2007,196.74,182,0
lak100n,496,1927,685,8849,1650,197.924,172,0
lak100n,497,2118,561,7907,2495,199.095,174,0
lak100n,498,2407,424,8796,2804,198.983,183,0
lak100n,499,1410,583,6661,1123,196.711,177,0
lak100n,500,4723,1158,9896,1483,201.409,173,0
lak100n,501,4809,776,10315,2197,200.723,169,0
lak100n,502,2160,858,7045,1376,202.451,167,0
lak100n,503,2018,486,4936,552,200.037,165,0
lak100n,504,2125,300,10099,1103,200.054,182,0
lak100n,505,2520,355,10010,1418,202.421,162,0
lak100n,506,2192,463,9424,1770,201.267,177,0
lak100n,507,2684,355,8462,998,203.439,180,0
lak100n,508,4400,441,8381,1179,200.167,173,0
lak100n,509,1869,655,11410,2497,202.539,182,0
lak100n,510,2285,493,8537,1372,206.167,179,0
lak100n,511,3201,476,8151,1424,206.439,183,0
lak100n,512,3281,641,8016,825,204.007,164,0
lak100n,513,1436,138,11619,1232,206.77,197,0
lak100n,514,3059,416,10876,1809,206.38,173,0
lak100n,515,3877,198,8151,829,206.083,193,0
lak100n,516,3035,538,7101,1253,204.238,175,0
lak100n,517,2647,543,7321,1295,204.711,185,0
lak100n,518,1470,338,7728,710,207.326,193,0
lak100n,519,4011,481,9599,1523,204.368,183,0
lak100n,520,3600,464,9544,1585,208.279,172,0
lak100n,521,2574,720,9221,1743,211.167,184,0
lak100n,522,1733,504,9462,1803,208.326,194,0
lak100n,523,3120,863,10679,2125,209.309,178,0
lak100n,524,2393,317,8627,1261,209.196,187,0
lak100n,525,1837,272,10331,1413,209.225,192,0
lak100n,526,2078,532,10032,2569,211.51,186,0
lak100n,527,2235,601,7714,633,209.137,177,0
lak100n,528,3168,470,6416,662,209.853,186,0
lak100n,529,2504,481,9173,1562,209.711,190,0
lak100n,530,1640,288,8729,895,214.853,191,0
lak100n,531,3082,454,6132,2024,215.267,191,0
lak100n,532,3432,425,11088,1387,215.037,180,0
lak100n,533,1907,240,6869,1087,213.468,195,0
lak100n,534,4512,1163,7376,1326,213.907,171,0
lak100n,535,1673,440,8129,1708,213.752,187,0
lak100n,536,3930,322,7953,1608,214.551,182,0
lak100n,537,1233,292,7340,449,213.083,200,0
lak100n,538,2650,461,10323,1402,212.409,184,0
lak100n,539,2144,293,7861,1117,215.966,183,0
lak100n,540,2697,813,11490,3843,219.581,192,0
lak100n,541,2935,478,10139,1528,217.095,192,0
lak100n,542,3459,701,8151,1591,217.421,177,0
lak100n,543,2340,497,11838,1837,217.397,201,0
lak100n,544,2268,605,9345,1348,219.823,191,0
lak100n,545,4891,838,11221,2248,219.936,182,0
lak100n,546,5676,244,10182,1459,217.338,191,0
lak100n,547,1959,442,15207,1247,218.539,198,0
lak100n,548,2526,683,10544,2317,218.368,197,0
lak100n,549,3340,326,8696,1471,218.024,195,0
lak100n,550,3442,285,9500,1137,222.095,197,0
lak100n,551,2135,482,7084,1797,222.024,199,0
lak100n,552,1606,201,9631,1355,220.426,209,0
lak100n,553,2635,320,7944,1796,221.108,184,0
lak100n,554,1319,198,7695,1024,220.154,205,0
lak100n,555,2564,420,6936,1607,223.296,204,0
lak100n,556,1896,555,9761,2585,220.267,196,0
lak100n,557,2081,602,8166,1089,221.024,198,0
lak100n,558,2689,500,9082,1849,220.593,181,0
lak100n,559,5064,262,9866,1587,222.551,190,0
lak100n,560,1838,654,9580,1320,224.711,205,0
lak100n,561,2992,242,10280,980,226.61,204,0
lak100n,562,4657,542,9923,1542,226.108,189,0
lak100n,563,2208,449,8765,1520,226.539,206,0
lak100n,564,1532,162,11967,2588,227.167,200,0
lak100n,565,4033,710,6953,1333,225.995,198,0
lak100n,566,2005,411,6510,1259,225.167,198,0
lak100n,567,1896,497,10088,2735,226.368,205,0
lak100n,568,2247,340,10163,1165,227.539,207,0
lak100n,569,2250,343,10237,767,225.208,191,0
lak100n,570,1428,375,8076,1464,228.296,209,0
lak100n,571,1978,171,10402,877,231.468,213,0
lak100n,572,1641,562,9595,1250,231.154,216,0
lak100n,573,3520,307,10564,1302,229.421,189,0
lak100n,574,2248,488,7237,897,230.61,208,0
lak100n,575,4529,903,11469,2775,228.664,187,0
lak100n,576,5230,868,11265,1886,228.279,192,0
lak100n,577,1881,439,8528,1882,231.154,216,0
lak100n,578,2342,256,7414,872,230.51,205,0
lak100n,579,2661,345,11618,2215,229.108,192,0
lak100n,580,3806,1022,9988,2107,234.208,200,0
lak100n,581,3652,427,10532,1109,234.066,204,0
lak100n,582,1364,213,8925,955,234.539,214,0
lak100n,583,1982,746,6423,790,235.782,214,0
lak100n,584,2317,276,11717,2149,232.208,198,0
lak100n,585,2628,432,7299,1273,234.652,205,0
lak100n,586,3226,635,10663,2872,235.439,212,0
lak100n,587,1932,383,6453,756,234.882,216,0
lak100n,588,1824,169,11372,2867,232.924,207,0
lak100n,589,4939,477,9596,1777,235.35,197,0
lak100n,590,5405,312,11429,2083,237.279,201,0
lak100n,591,2420,367,10346,1590,237.137,205,0
lak100n,592,1951,367,10446,686,238.439,215,0
lak100n,593,2917,801,11940,2084,236.024,213,0
lak100n,594,3248,1043,8987,1564,239.48,209,0
lak100n,595,2283,263,10661,1549,239.752,213,0
lak100n,596,1648,367,9975,1869,236.711,217,0
lak100n,597,1637,449,8370,1577,237.48,207,0
lak100n,598,3959,250,10897,1197,239.995,212,0
lak100n,599,1573,527,7853,854,236.681,212,0
lak100n,600,3722,712,7693,1215,240.551,208,0
lak100n,601,3048,404,10332,2086,242.794,209,0
lak100n,602,2270,438,15146,1770,243.125,223,0
lak100n,603,2118,280,6474,1434,243.309,212,0
lak100n,604,2250,211,5600,779,241.995,214,0
lak100n,605,3608,524,9621,897,240.51,215,0
lak100n,606,3317,126,7367,1142,242.179,203,0
lak100n,607,2363,244,11651,2020,241.853,218,0
lak100n,608,3112,219,10398,1153,241.066,211,0
lak100n,609,1660,255,10438,1018,243.782,222,0
lak100n,610,3005,386,12309,1264,244.108,207,0
lak100n,611,4887,265,10323,2134,246.108,209,0
lak100n,612,2643,403,11296,1736,246.066,216,0
lak100n,613,5135,344,10759,2201,244.12,195,0
lak100n,614,2699,477,13465,3084,244.995,217,0
lak100n,615,2875,979,10263,977,245.681,221,0
lak100n,616,2127,438,11307,2060,247.255,235,0
lak100n,617,1992,716,11212,2646,246.439,223,0
lak100n,618,3854,489,11003,2041,246.593,207,0
lak100n,619,3326,479,11966,1768,244.208,210,0
lak100n,620,1421,364,12361,1328,249.095,224,0
lak100n,621,3935,330,9238,1174,251.894,221,0
lak100n,622,2778,368,7462,1010,249.421,209,0
lak100n,623,2106,709,9025,948,250.51,225,0
lak100n,624,2141,461,10972,1835,248.853,225,0
lak100n,625,4571,619,10672,1036,251.037,216,0
lak100n,626,2220,618,9101,807,248.752,222,0
lak100n,627,1937,401,8761,1693,249.154,234,0
lak100n,628,1900,302,8534,1477,249.326,235,0
lak100n,629,1593,464,8603,1951,249.551,217,0
lak100n,630,3051,596,12014,3283,253.794,220,0
lak100n,631,2876,819,8958,1119,255.61,233,0
lak100n,632,1883,185,8445,882,253.024,230,0
lak100n,633,1729,250,9433,1057,255.539,235,0
lak100n,634,1962,433,8761,2331,254.551,222,0
lak100n,635,2187,254,6496,1184,255.267,231,0
lak100n,636,2900,279,8266,1248,253.238,224,0
lak100n,637,2401,494,10031,1274,254.995,227,0
lak100n,638,4824,1403,11149,1691,254.137,222,0
lak100n,639,1670,220,8857,1887,253.338,227,0
lak100n,640,2980,326,14347,784,259.924,234,0
lak100n,641,2444,392,5849,859,259.208,225,0
lak100n,642,2408,157,7351,607,257.681,233,0
lak100n,643,2854,707,6895,1256,257.48,227,0
lak100n,644,3974,155,9593,783,257.894,227,0
lak100n,645,2774,402,6244,740,259.095,234,0
lak100n,646,2298,470,11673,1480,257.581,230,0
lak100n,647,3247,571,8987,1605,257.693,221,0
lak100n,648,1230,239,9085,1767,256.196,234,0
lak100n,649,3024,687,10949,1179,259.681,235,0
lak100n,650,2132,187,11867,1846,260.426,249,0
lak100n,651,1257,249,11228,748,262.953,242,0
lak100n,652,1841,283,9406,1130,263.782,242,0
lak100n,653,1607,263,5395,602,260.238,231,0
lak100n,654,2544,426,6772,1092,261.894,231,0
lak100n,655,2853,333,11175,1497,261.279,225,0
lak100n,656,1456,248,9020,812,262.953,242,0
lak100n,657,3610,345,14166,1321,262.362,212,0
lak100n,658,1359,183,8559,776,263.51,238,0
lak100n,659,4202,806,11043,1927,262.25,221,0
lak100n,660,2027,313,7559,869,265.338,239,0
lak100n,661,1677,490,10904,1359,264.497,251,0
lak100n,662,1499,232,9084,1933,266.38,233,0
lak100n,663,2471,345,9046,1602,267.309,236,0
lak100n,664,2460,322,11513,1168,265.51,240,0
lak100n,665,2830,351,11384,1764,267.066,237,0
lak100n,666,2744,439,6508,1193,266.279,230,0
lak100n,667,1652,606,9165,1574,266.439,243,0
lak100n,668,4720,649,11547,1756,264.593,225,0
lak100n,669,2600,445,8459,1508,264.338,238,0
lak100n,670,2571,367,11918,1516,268.966,236,0
lak100n,671,2260,340,13554,1776,268.208,234,0
lak100n,672,2202,462,9646,1263,270.066,240,0
lak100n,673,1929,344,9534,1180,269.823,241,0
lak100n,674,2047,502,8003,836,269.238,240,0
lak100n,675,2493,263,9288,1122,269.409,241,0
lak100n,676,2294,231,6318,711,271.581,244,0
lak100n,677,2187,390,9684,633,269.368,248,0
lak100n,678,6122,807,15142,1488,268.38,235,0
lak100n,679,6090,1249,11472,1725,268.191,217,0
lak100n,680,2486,457,9098,631,273.752,247,0
lak100n,681,3476,154,8145,716,272.309,241,0
lak100n,682,2290,336,9060,1910,272.48,242,0
lak100n,683,2647,621,12457,892,272.267,248,0
lak100n,684,1894,249,13697,2925,274.309,243,0
lak100n,685,4819,398,9178,942,274.635,228,0
lak100n,686,1806,130,11577,2817,275.179,236,0
lak100n,687,1976,238,9782,1135,272.622,238,0
lak100n,688,2360,410,10061,1886,272.669,260,0
lak100n,689,3000,158,9038,2043,272.35,234,0
lak100n,690,3246,413,9842,879,278.024,255,0
lak100n,691,4161,440,9773,1153,277.38,244,0
lak100n,692,2845,729,11773,2264,278.38,245,0
lak100n,693,4863,318,13278,2217,277.137,245,0
lak100n,694,2292,634,10856,1198,277.995,250,0
lak100n,695,1680,179,11717,2581,279.421,239,0
lak100n,696,2400,770,9238,1716,279.723,248,0
lak100n,697,1604,362,8895,836,279.309,248,0
lak100n,698,4140,377,11595,1489,279.794,246,0
lak100n,699,2529,807,9286,1877,276.723,245,0
lak100n,700,1790,426,9241,1896,282.711,263,0
lak100n,701,5095,871,12270,949,280.037,245,0
lak100n,702,2845,190,9632,1322,280.551,248,0
lak100n,703,1536,231,8135,790,282.208,248,0
lak100n,704,1701,266,12837,2673,281.137,249,0
lak100n,705,1534,438,7979,833,282.681,258,0
lak100n,706,3604,344,13675,1445,282.635,236,0
lak100n,707,1842,496,12510,1662,280.368,259,0
lak100n,708,1929,236,9299,882,281.853,258,0
lak100n,709,5270,346,11667,1287,281.179,242,0
lak100n,710,3019,400,9450,1037,286.137,254,0
lak100n,711,2235,354,9476,1426,287.966,255,0
lak100n,712,2513,269,9945,1843,287.095,262,0
lak100n,713,1920,544,9623,621,285.539,265,0
lak100n,714,2242,424,8179,1442,285.409,257,0
lak100n,715,1581,115,8697,589,285.409,257,0
lak100n,716,1920,201,9159,1703,287.823,259,0
lak100n,717,2234,417,6933,1120,287.924,262,0
lak100n,718,1907,475,8383,871,285.995,258,0
lak100n,719,1624,402,9780,3196,287.066,257,0
lak100n,720,4508,403,11891,1518,291.622,257,0
lak100n,721,2188,254,10017,1233,291.853,268,0
lak100n,722,2767,797,8947,1523,288.936,251,0
lak100n,723,6944,435,14030,1523,291.936,254,0
lak100n,724,4759,479,10110,1352,288.693,252,0
lak100n,725,5383,734,13234,948,290.907,248,0
lak100n,726,1785,597,11729,2173,291.309,260,0
lak100n,727,2287,281,8663,864,290.723,259,0
lak100n,728,2445,360,6966,1041,290.865,255,0
lak100n,729,2166,398,8438,1284,289.238,260,0
lak100n,730,2006,237,6924,1625,293.451,258,0
lak100n,731,3137,300,8667,840,294.208,260,0
lak100n,732,1966,356,7505,1043,293.966,261,0
lak100n,733,3074,592,10358,877,295.823,267,0
lak100n,734,3344,306,14940,2505,292.522,255,0
lak100n,735,4884,422,12624,1598,295.492,253,0
lak100n,736,2363,555,10467,1673,293.48,263,0
lak100n,737,2244,844,11023,1702,293.853,270,0
lak100n,738,5852,607,12380,1899,292.836,252,0
lak100n,739,5667,484,14233,1789,293.451,258,0
lak100n,740,2044,237,12645,1447,299.723,268,0
lak100n,741,4090,517,13255,1560,298.747,243,0
lak100n,742,3202,222,10300,1267,297.338,271,0
lak100n,743,4170,443,11604,1406,298.534,249,0
lak100n,744,2331,219,10350,1059,296.61,274,0
lak100n,745,5209,486,12478,1780,298.664,257,0
lak100n,746,3513,470,8330,843,299.321,256,0
lak100n,747,2247,304,5413,552,297.179,258,0
lak100n,748,2434,618,15235,2177,297.167,270,0
lak100n,749,3374,552,8518,1895,296.421,256,0
lak100n,750,3170,752,11812,1279,300.208,266,0
lak100n,751,5292,360,14284,1359,302.936,265,0
lak100n,752,5699,318,13342,2197,302.392,257,0
lak100n,753,1993,278,13536,1890,300.522,263,0
lak100n,754,4382,747,11713,1523,302.605,251,0
lak100n,755,2499,299,9384,1049,302.421,262,0
lak100n,756,3415,482,7964,835,301.894,271,0
lak100n,757,2896,629,13157,1546,301.066,271,0
lak100n,758,2497,391,10383,856,300.936,263,0
lak100n,759,1703,325,6932,562,301.764,263,0
lak100n,760,2758,347,9488,915,305.693,269,0
lak100n,761,2043,218,5867,523,307.865,272,0
lak100n,762,3226,501,11829,1369,307.723,276,0
lak100n,763,1930,232,7011,635,305.037,270,0
lak100n,764,4468,1198,13060,1320,306.593,267,0
lak100n,765,2793,684,12760,2917,306.522,269,0
lak100n,766,4828,337,14669,1847,305.865,270,0
lak100n,767,3139,1206,13061,1340,306.593,267,0
lak100n,768,2588,464,9745,973,304.752,278,0
lak100n,769,1647,195,11189,1364,305.681,281,0
lak100n,770,2034,224,8907,873,309.309,278,0
lak100n,771,4364,121,13109,696,308.936,271,0
lak100n,772,4251,564,9361,1332,311.321,268,0
lak100n,773,5704,538,10962,658,308.735,265,0
lak100n,774,4884,818,10912,903,309.794,276,0
lak100n,775,2609,210,10743,997,309.823,281,0
lak100n,776,2611,329,8621,603,310.936,273,0
lak100n,777,2206,799,11143,1321,308.267,284,0
lak100n,778,2391,462,9632,1698,309.593,270,0
lak100n,779,2577,359,10710,1742,311.409,283,0
lak100n,780,2168,372,9841,1504,314.693,278,0
lak100n,781,2091,209,9497,872,314.066,284,0
lak100n,782,2908,431,10616,1816,313.894,283,0
lak100n,783,3364,279,11053,1299,314.882,296,0
lak100n,784,2281,416,11942,1203,314.179,275,0
lak100n,785,2990,435,9946,748,314.551,282,0
lak100n,786,2675,267,8942,680,313.723,282,0
lak100n,787,2225,120,11303,568,313.309,282,0
lak100n,788,3058,284,9070,1086,315.451,280,0
lak100n,789,2594,177,7463,635,313.966,281,0
lak100n,790,5293,440,13997,1107,319.978,275,0
lak100n,791,4406,437,10755,1176,319.877,272,0
lak100n,792,2772,395,9735,1408,316.522,279,0
lak100n,793,2373,275,6645,844,318.037,283,0
lak100n,794,2665,325,12404,1533,317.137,285,0
lak100n,795,1808,259,8241,1077,319.38,286,0
lak100n,796,3366,604,8730,859,319.35,281,0
lak100n,797,2771,277,8349,1075,318.752,292,0
lak100n,798,2303,239,12259,1644,319.652,290,0
lak100n,799,2927,372,11300,1302,316.569,301,0
lak100n,800,2136,477,8300,758,323.853,300,0
lak100n,801,2872,269,9071,1017,323.865,288,0
lak100n,802,2120,210,11641,1837,321.208,287,0
lak100n,803,2243,331,9881,1543,322.551,290,0
lak100n,804,2411,549,9598,651,323.782,302,0
lak100n,805,2241,129,8399,522,323.865,288,0
lak100n,806,2747,202,11350,1025,321.823,293,0
lak100n,807,3193,748,11895,1081,320.966,288,0
lak100n,808,2365,135,13663,2733,322.764,284,0
lak100n,809,4736,419,12830,1767,320.421,280,0
lak100n,810,6640,384,15264,1433,326.764,288,0
lak100n,811,2448,376,14320,1422,324.936,287,0
lak100n,812,3806,484,10902,1642,327.836,287,0
lak100n,813,2413,484,12742,2439,326.037,291,0
lak100n,814,3884,394,11272,939,327.007,287,0
lak100n,815,5894,490,13821,1122,326.421,286,0
lak100n,816,2598,112,7007,1003,327.095,302,0
lak100n,817,2021,269,12382,1327,326.208,292,0
lak100n,818,4377,683,10153,1329,324.25,283,0
lak100n,819,3659,280,14148,1117,327.735,284,0
lak100n,820,2771,567,11705,1225,329.551,297,0
lak100n,821,2280,446,12844,1691,330.137,298,0
lak100n,822,4975,397,13998,1807,329.191,278,0
lak100n,823,2075,151,11892,1007,328.894,298,0
lak100n,824,2172,250,10387,1057,328.38,295,0
lak100n,825,4445,602,11528,880,330.735,287,0
lak100n,826,2184,944,8826,1382,329.22,283,0
lak100n,827,2816,246,8978,1033,328.338,302,0
lak100n,828,3130,756,11546,2298,331.35,293,0
lak100n,829,3808,188,9147,666,329.563,285,0
lak100n,830,2218,413,11067,1641,332.108,295,0
lak100n,831,2972,712,11189,2130,335.35,297,0
lak100n,832,5020,316,14512,1868,335.919,281,0
lak100n,833,3127,380,10557,1008,334.853,311,0
lak100n,834,2660,324,11772,1160,333.037,298,0
lak100n,835,3796,732,9580,993,335.392,290,0
lak100n,836,3324,399,10228,844,332.894,302,0
lak100n,837,2408,294,10904,1086,334.865,299,0
lak100n,838,5022,256,11362,1307,334.877,287,0
lak100n,839,3461,327,10026,1437,335.179,296,0
lak100n,840,3712,348,15426,1008,337.635,291,0
lak100n,841,2759,266,12990,1080,336.782,315,0
lak100n,842,2497,339,10735,921,337.48,307,0
lak100n,843,2597,349,10120,1089,336.551,304,0
lak100n,844,2417,475,15140,2639,338.451,303,0
lak100n,845,2258,332,10718,729,336.397,320,0
lak100n,846,3615,660,11269,2051,338.853,315,0
lak100n,847,2404,680,8647,1465,337.693,301,0
lak100n,848,2339,257,11925,984,338.723,307,0
lak100n,849,2357,563,13230,2029,336.179,297,0
lak100n,850,2894,695,12265,1781,341.078,299,0
lak100n,851,1565,254,10609,953,341.551,309,0
lak100n,852,2215,315,9234,960,341.208,307,0
lak100n,853,3621,771,9579,906,341.907,299,0
lak100n,854,2904,247,8192,1047,342.664,301,0
lak100n,855,3088,609,13667,1780,340.865,305,0
lak100n,856,4291,429,12129,2482,343.764,305,0
lak100n,857,1937,247,10691,963,340.652,311,0
lak100n,858,2292,427,8374,1124,340.865,305,0
lak100n,859,2088,398,12526,1305,342.865,307,0
lak100n,860,6120,523,15448,1072,344.676,291,0
lak100n,861,3079,477,12784,1410,344.321,301,0
lak100n,862,2435,543,9379,1128,345.208,311,0
lak100n,863,2342,431,11804,1378,345.309,314,0
lak100n,864,3200,231,15349,923,344.794,311,0
lak100n,865,2016,365,13056,1082,346.208,312,0
lak100n,866,3890,381,12838,586,347.279,311,0
lak100n,867,1881,243,13387,860,347.995,320,0
lak100n,868,3844,332,14406,1743,344.936,307,0
lak100n,869,3727,250,10741,1323,347.321,304,0
lak100n,870,2718,257,16601,702,350.764,312,0
lak100n,871,2743,315,15312,2070,348.078,306,0
lak100n,872,1766,215,9356,668,351.693,315,0
lak100n,873,2661,643,12852,1870,349.551,317,0
lak100n,874,5196,278,16305,1242,351.978,307,0
lak100n,875,2603,278,13752,1557,350.836,310,0
lak100n,876,6073,526,13719,2291,348.09,294,0
lak100n,877,2787,281,15957,2149,349.836,309,0
lak100n,878,2396,327,13706,991,350.48,320,0
lak100n,879,4292,613,12207,774,348.35,310,0
lak100n,880,2238,484,11033,1852,354.078,312,0
lak100n,881,2483,408,12237,1549,354.593,315,0
lak100n,882,1636,196,10128,1323,353.764,315,0
lak100n,883,2868,490,10582,715,355.664,314,0
lak100n,884,2484,241,9736,1266,352.752,326,0
lak100n,885,2810,330,12599,919,355.735,312,0
lak100n,886,3492,418,11362,1344,355.208,321,0
lak100n,887,2086,416,12276,1893,355.593,316,0
lak100n,888,3893,405,11623,1547,352.421,312,0
lak100n,889,5187,243,12981,841,355.706,307,0
lak100n,890,1991,658,16371,1198,357.723,326,0
lak100n,891,3587,324,14641,1489,357.593,318,0
lak100n,892,2177,260,11209,1156,358.907,316,0
lak100n,893,2973,318,10949,897,357.522,320,0
lak100n,894,3041,329,13580,1075,359.534,310,0
lak100n,895,1931,247,11648,802,358.995,331,0
lak100n,896,2668,132,14628,1606,357.995,330,0
lak100n,897,1756,182,11942,886,358.279,322,0
lak100n,898,2455,484,9701,1448,357.664,316,0
lak100n,899,2625,281,7218,774,359.522,322,0
lak100n,900,2943,196,9659,880,361.865,326,0
lak100n,901,2965,587,12559,670,361.652,332,0
lak100n,902,3654,180,9403,973,361.392,316,0
lak100n,903,4010,543,7723,1633,360.747,305,0
lak100n,904,2086,662,14729,1343,363.907,321,0
lak100n,905,3236,633,10476,1335,360.108,323,0
lak100n,906,3286,132,9203,656,363.622,329,0
lak100n,907,2366,342,10867,1249,360.463,313,0
lak100n,908,3464,368,10097,1287,361.108,324,0
lak100n,909,3554,174,10108,1039,361.978,317,0
lak100n,910,4296,340,16278,1397,364.078,322,0
lak100n,911,3392,835,12260,844,366.877,319,0
lak100n,912,2048,484,13561,1053,364.907,322,0
lak100n,913,5471,310,15484,1409,365.179,326,0
lak100n,914,4290,522,14261,2000,365.48,335,0
lak100n,915,2597,446,12159,1315,365.078,323,0
lak100n,916,2927,362,17244,1098,364.279,328,0
lak100n,917,2163,224,11272,1926,364.492,322,0
lak100n,918,6275,513,14045,821,366.09,312,0
lak100n,919,2970,399,13180,1365,366.806,321,0
lak100n,920,4789,1127,13673,1138,370.019,318,0
lak100n,921,3392,614,10632,1318,368.777,318,0
lak100n,922,3272,313,9328,859,370.451,335,0
lak100n,923,2413,336,10186,854,369.108,332,0
lak100n,924,2200,575,13422,1441,370.593,331,0
lak100n,925,5502,330,17671,1831,369.919,315,0
lak100n,926,3432,354,9891,901,369.35,331,0
lak100n,927,5975,160,14781,875,370.706,322,0
lak100n,928,3313,329,10341,950,369.593,330,0
lak100n,929,3291,244,12722,942,368.924,343,0
lak100n,930,2869,310,11553,773,372.635,326,0
lak100n,931,5072,270,12129,1081,375.818,318,0
lak100n,932,3454,1264,12065,1241,372.522,335,0
lak100n,933,2404,402,15206,1239,374.451,339,0
lak100n,934,3102,558,13441,1993,373.149,329,0
lak100n,935,3730,299,12264,1888,373.12,324,0
lak100n,936,3764,697,13470,1159,372.806,327,0
lak100n,937,2714,568,11369,1041,372.652,343,0
lak100n,938,4626,696,11974,1033,375.463,328,0
lak100n,939,4962,353,11636,1039,372.434,320,0
lak100n,940,3149,243,13656,794,378.007,338,0
lak100n,941,2283,418,13185,2561,379.279,343,0
lak100n,942,2881,269,11489,797,379.35,341,0
lak100n,943,2905,584,10959,1425,378.38,345,0
lak100n,944,3297,257,11365,1195,376.622,342,0
lak100n,945,2553,203,8211,1019,376.279,340,0
lak100n,946,2930,545,14447,2081,377.38,344,0
lak100n,947,2178,235,9933,815,379.35,341,0
lak100n,948,3407,336,11436,1214,379.108,342,0
lak100n,949,2659,363,15273,1165,376.392,331,0
lak100n,950,2306,252,12428,1723,381.007,341,0
lak100n,951,2629,514,8947,761,383.108,346,0
lak100n,952,4013,533,11701,2087,380.978,336,0
lak100n,953,1835,221,10758,648,380.894,350,0
lak100n,954,1923,283,9454,1045,380.25,339,0
lak100n,955,4108,795,13900,1197,383.132,322,0
lak100n,956,3578,900,14247,3146,383.22,337,0
lak100n,957,4457,710,12462,832,383.291,335,0
lak100n,958,1902,222,12349,928,381.894,351,0
lak100n,959,2686,203,10684,1203,383.279,347,0
lak100n,960,2375,455,10868,1817,385.735,342,0
lak100n,961,2166,265,11960,719,386.137,354,0
lak100n,962,2809,190,12219,1480,385.836,345,0
lak100n,963,2537,281,12640,1607,384.735,341,0
lak100n,964,7761,535,15659,716,384.161,328,0
lak100n,965,3254,203,11527,1825,387.706,339,0
lak100n,966,3808,441,11516,1422,386.22,340,0
lak100n,967,3033,467,15171,1272,384.279,348,0
lak100n,968,3389,696,12236,809,387.723,356,0
lak100n,969,2612,449,9913,919,385.735,342,0
lak100n,970,2446,554,14144,978,388.279,352,0
lak100n,971,3376,341,12318,1935,391.291,343,0
lak100n,972,5495,356,12875,1622,389.576,333,0
lak100n,973,3003,397,14950,1672,390.392,345,0
lak100n,974,3312,190,14750,1732,388.38,355,0
lak100n,975,4172,279,10821,778,390.362,340,0
lak100n,976,3024,331,12315,948,389.321,346,0
lak100n,977,4276,1037,16810,1201,389.362,339,0
lak100n,978,2326,327,11824,1262,389.434,337,0
lak100n,979,3911,339,10154,735,388.919,334,0
lak100n,980,3031,417,13512,2527,393.877,346,0
lak100n,981,2201,310,12951,1017,395.179,356,0
lak100n,982,3279,897,13650,2524,393.664,352,0
lak100n,983,1924,210,12258,492,394.108,357,0
lak100n,984,5753,411,14033,1859,394.546,333,0
lak100n,985,4721,481,11260,1192,394.161,338,0
lak100n,986,2658,237,11476,810,395.149,351,0
lak100n,987,2513,796,12812,1400,393.848,341,0
lak100n,988,4474,752,9558,1095,395.534,346,0
lak100n,989,3013,360,13470,1740,394.706,346,0
lak100n,990,1630,716,16812,1435,399.078,357,0
lak100n,991,3849,334,11216,689,398.12,349,0
lak100n,992,5110,153,14461,1167,399.049,352,0
lak100n,993,2199,711,12462,1071,399.078,357,0
lak100n,994,2966,206,11840,487,396.321,353,0
lak100n,995,2343,463,14230,2163,396.522,359,0
lak100n,996,1889,166,13783,935,399.894,369,0
lak100n,997,2770,190,8939,682,399.664,358,0
lak100n,998,2493,268,15262,937,396.622,362,0
lak100n,999,3224,667,14560,1063,399.794,366,0
lak100n,1000,4413,372,12782,1159,400.936,363,0
lak100n,1001,2702,643,14644,2656,403.22,357,0
lak100n,1002,4500,871,15448,1319,401.818,344,0
lak100n,1003,2401,347,12438,975,402.078,360,0
lak100n,1004,3396,330,12965,1101,402.723,371,0
lak100n,1005,4689,620,12342,1804,401.12,352,0
lak100n,1006,3453,364,16648,2286,400.836,360,0
lak100n,1007,2451,557,16829,1697,402.764,364,0
lak100n,1008,4123,479,13093,871,403.262,350,0
lak100n,1009,5455,361,12241,989,400.333,345,0
lak100n,1010,3166,223,12918,1884,407.522,370,0
lak100n,1011,2941,676,13831,1743,407.99,351,0
lak100n,1012,3502,967,11017,1037,405.806,360,0
lak100n,1013,2264,244,11470,1424,405.706,357,0
lak100n,1014,2619,486,8429,862,404.777,354,0
lak100n,1015,3006,684,15404,2695,407.078,365,0
lak100n,1016,2825,598,15114,1011,404.279,368,0
lak100n,1017,2482,329,12132,2280,406.019,354,0
lak100n,1018,2257,287,12923,1723,404.208,370,0
lak100n,1019,2813,473,13682,1404,407.262,354,0
lak100n,1020,3166,381,13108,2438,409.706,361,0
lak100n,1021,2319,492,12764,1393,408.078,366,0
lak100n,1022,2408,290,12356,1875,408.635,362,0
lak100n,1023,3655,292,11252,1607,410.563,366,0
lak100n,1024,3306,363,13924,1602,410.735,367,0
lak100n,1025,5223,439,16146,784,411.948,362,0
lak100n,1026,3708,483,11431,766,410.948,361,0
lak100n,1027,2999,340,15691,1851,409.764,371,0
lak100n,1028,2926,442,9244,1490,410.007,370,0
lak100n,1029,2938,195,12860,877,409.978,365,0
lak100n,1030,2678,507,15422,1731,412.149,368,0
lak100n,1031,2129,441,12567,2034,412.877,365,0
lak100n,1032,2763,219,11357,976,413.078,371,0
lak100n,1033,2172,261,11912,1869,413.179,374,0
lak100n,1034,3242,151,12409,1563,412.605,361,0
lak100n,1035,5478,401,16327,1855,413.848,361,0
lak100n,1036,2175,433,13456,1236,415.907,373,0
lak100n,1037,2007,243,12096,1420,413.279,377,0
lak100n,1038,2780,213,14028,1000,413.25,372,0
lak100n,1039,2591,412,12999,1141,413.421,373,0
lak100n,1040,3088,143,10886,1877,417.818,360,0
lak100n,1041,2363,536,14069,2720,417.764,379,0
lak100n,1042,3920,267,11390,678,416.919,362,0
lak100n,1043,2412,274,13643,1444,416.551,384,0
lak100n,1044,4275,209,10793,1054,419.848,367,0
lak100n,1045,3277,131,9865,1475,417.404,360,0
lak100n,1046,3196,320,16515,1300,417.25,376,0
lak100n,1047,4688,494,10902,654,416.161,360,0
lak100n,1048,3481,996,17406,2773,418.948,369,0
lak100n,1049,2769,505,11894,1546,417.735,374,0
lak100n,1050,3492,1463,16521,1125,423.421,383,0
lak100n,1051,5172,345,14066,971,420.605,369,0
lak100n,1052,3719,1314,13912,1191,420.534,371,0
lak100n,1053,3817,442,13685,948,422.877,375,0
lak100n,1054,3567,558,14835,1855,421.576,365,0
lak100n,1055,2594,269,11344,1035,422.706,374,0
lak100n,1056,5190,409,15962,1401,422.747,367,0
lak100n,1057,3640,923,16517,3034,421.706,373,0
lak100n,1058,3014,440,14358,1345,422.333,367,0
lak100n,1059,2865,689,11256,862,421.948,372,0
lak100n,1060,2571,285,14793,1283,426.451,391,0
lak100n,1061,3704,194,13405,628,427.262,374,0
lak100n,1062,2480,294,13890,1086,425.492,383,0
lak100n,1063,3358,278,13035,1084,426.806,381,0
lak100n,1064,2584,206,14100,1144,426.877,379,0
lak100n,1065,3076,681,14731,2960,424.806,379,0
lak100n,1066,5194,288,16357,659,427.019,375,0
lak100n,1067,3502,193,11254,1579,425.978,381,0
lak100n,1068,3244,320,11108,614,424.706,376,0
lak100n,1069,2814,485,9520,1516,425.333,370,0
lak100n,1070,2352,261,14670,1306,430.291,382,0
lak100n,1071,2089,279,11980,1409,428.049,381,0
lak100n,1072,3365,444,11224,1244,430.392,385,0
lak100n,1073,2070,266,13064,1204,428.279,392,0
lak100n,1074,2672,698,11593,2264,428.434,376,0
lak100n,1075,1732,322,10747,1851,431.049,384,0
lak100n,1076,1937,395,11485,1233,428.635,382,0
lak100n,1077,2785,750,15468,1238,430.392,385,0
lak100n,1078,2748,544,11812,987,430.333,375,0
lak100n,1079,2652,788,12089,1456,429.434,377,0
lak100n,1080,2186,605,11298,1283,432.108,395,0
lak100n,1081,2302,247,10622,867,435.907,393,0
lak100n,1082,3847,203,13362,1013,432.936,395,0
lak100n,1083,3994,451,12851,1401,432.25,391,0
lak100n,1084,2765,414,15762,1080,432.108,395,0
lak100n,1085,2761,269,14948,1369,434.321,391,0
lak100n,1086,3039,403,15718,1430,434.007,394,0
lak100n,1087,2413,241,12029,757,435.392,390,0
lak100n,1088,2150,316,12755,960,433.764,395,0
lak100n,1089,2440,306,12119,1189,434.291,386,0
lak100n,1090,3091,157,13035,629,437.392,392,0
lak100n,1091,5098,667,13302,731,438.233,380,0
lak100n,1092,3233,441,13659,1606,438.948,389,0
lak100n,1093,2697,281,8497,862,439.706,391,0
lak100n,1094,3140,574,15417,1084,437.22,391,0
lak100n,1095,5290,318,13691,1184,439.505,385,0
lak100n,1096,3063,271,15191,1093,436.161,380,0
lak100n,1097,3203,905,14186,1736,437.505,383,0
lak100n,1098,2201,249,10916,1032,439.735,396,0
lak100n,1099,3113,255,12389,1752,437.321,394,0
lak100n,1100,3031,127,11357,701,440.362,390,0
lak100n,1101,2574,513,14309,2454,442.505,388,0
lak100n,1102,3613,639,14610,1022,443.706,395,0
lak100n,1103,2641,601,17922,1480,443.321,400,0
lak100n,1104,2943,400,11876,1060,443.534,394,0
lak100n,1105,2194,322,17247,1409,443.179,404,0
lak100n,1106,1987,312,13957,1138,442.978,398,0
lak100n,1107,2553,219,11104,1484,441.392,396,0
lak100n,1108,4792,854,15446,960,442.475,383,0
lak100n,1109,3278,361,16138,1276,441.191,390,0
lak100n,1110,2781,559,13845,778,445.321,402,0
lak100n,1111,2669,522,12162,1200,446.877,399,0
lak100n,1112,2991,409,13389,1107,447.049,400,0
lak100n,1113,2766,203,11434,1029,444.848,392,0
lak100n,1114,3360,414,13841,1165,445.877,398,0
lak100n,1115,2474,306,15035,869,444.362,394,0
lak100n,1116,1996,437,16413,1551,446.563,402,0
lak100n,1117,3732,312,12938,670,446.777,396,0
lak100n,1118,2236,204,13004,659,445.321,402,0
lak100n,1119,5413,367,17475,1207,446.99,390,0
lak100n,1120,2386,428,12822,1304,451.563,407,0
lak100n,1121,2255,481,13377,2427,448.777,398,0
lak100n,1122,2709,544,13373,551,448.392,403,0
lak100n,1123,3820,126,14752,2026,450.321,407,0
lak100n,1124,3039,315,13615,1289,449.161,393,0
lak100n,1125,2992,407,15225,986,449.404,392,0
lak100n,1126,5454,429,12634,958,449.032,385,0
lak100n,1127,2709,295,15158,2279,450.948,401,0
lak100n,1128,2801,236,14432,1039,450.676,397,0
lak100n,1129,4003,848,12519,1069,450.789,388,0
lak100n,1130,2358,120,12706,852,453.421,413,0
lak100n,1131,3038,611,16046,1402,455.735,412,0
lak100n,1132,3309,350,11010,887,452.605,401,0
lak100n,1133,2322,230,12924,1233,452.463,405,0
lak100n,1134,1970,182,9847,1065,452.321,409,0
lak100n,1135,3861,663,15114,922,453.132,392,0
lak100n,1136,2933,264,11974,795,452.019,400,0
lak100n,1137,5535,164,13704,701,452.818,395,0
lak100n,1138,2537,487,16635,1077,455.291,407,0
lak100n,1139,7053,270,16581,987,454.96,393,0
lak100n,1140,3073,128,12189,1204,457.019,405,0
lak100n,1141,2468,116,9459,554,458.392,413,0
lak100n,1142,3723,276,18042,958,459.191,408,0
lak100n,1143,2097,206,15713,1758,459.078,417,0
lak100n,1144,4376,465,14468,1440,456.617,393,0
lak100n,1145,5663,555,14198,1003,456.404,399,0
lak100n,1146,3445,530,12208,927,456.375,394,0
lak100n,1147,4067,613,12286,526,459.09,405,0
lak100n,1148,3729,461,11684,841,458.777,408,0
lak100n,1149,3136,511,13454,770,456.617,393,0
lak100n,1150,3059,309,15681,1080,460.777,410,0
lak100n,1151,2350,483,11853,1247,460.291,412,0
lak100n,1152,3012,108,11187,718,460.463,413,0
lak100n,1153,2849,354,14530,1528,461.362,411,0
lak100n,1154,2212,118,10266,406,463.492,421,0
lak100n,1155,2683,305,17105,1157,462.362,412,0
lak100n,1156,4614,700,13954,1794,463.818,406,0
lak100n,1157,2577,319,15751,766,463.978,419,0
lak100n,1158,3712,436,15164,1051,462.078,420,0
lak100n,1159,3927,484,13750,1460,462.505,408,0
lak100n,1160,3031,222,12131,1084,467.434,415,0
lak100n,1161,3009,250,8938,839,467.505,413,0
lak100n,1162,2947,273,16004,913,464.848,412,0
lak100n,1163,5896,432,15253,1600,464.333,409,0
lak100n,1164,2649,275,16682,1329,465.434,413,0
lak100n,1165,3053,169,11939,1318,466.12,417,0
lak100n,1166,2799,202,11188,865,465.948,416,0
lak100n,1167,2162,226,14926,946,466.392,421,0
lak100n,1168,4350,753,14551,1181,465.647,407,0
lak100n,1169,2316,248,11314,1099,466.291,418,0
lak100n,1170,3957,433,14895,1423,469.321,426,0
lak100n,1171,4230,697,14637,1173,470.073,399,0
lak100n,1172,3166,838,13073,1397,471.019,419,0
lak100n,1173,3939,722,12412,1040,469.659,399,0
lak100n,1174,2807,206,13033,943,469.392,424,0
lak100n,1175,2990,381,14758,831,471.049,424,0
lak100n,1176,2355,378,14343,1222,468.291,420,0
lak100n,1177,2927,413,15356,1296,471.362,421,0
lak100n,1178,2455,490,12153,1635,470.362,420,0
lak100n,1179,2310,575,12715,1379,470.492,428,0
lak100n,1180,4286,149,14854,1708,473.558,400,0
lak100n,1181,2284,367,13723,1307,472.09,418,0
lak100n,1182,2172,255,12269,1167,473.505,419,0
lak100n,1183,3260,116,12139,758,472.747,417,0
lak100n,1184,3549,169,12600,875,475.676,422,0
lak100n,1185,2672,349,15881,967,474.451,439,0
lak100n,1186,3039,265,12457,931,473.262,420,0
lak100n,1187,2753,348,18007,1276,472.605,421,0
lak100n,1188,3140,223,11569,1288,472.019,420,0
lak100n,1189,6053,438,15988,1307,473.517,407,0
lak100n,1190,2241,306,15475,1020,476.877,429,0
lak100n,1191,2687,415,16062,1257,477.434,425,0
lak100n,1192,5567,401,15467,1040,478.919,424,0
lak100n,1193,2852,298,14430,1155,476.161,420,0
lak100n,1194,3123,235,16478,983,479.404,422,0
lak100n,1195,3768,268,13038,1261,476.818,419,0
lak100n,1196,5665,325,18052,1454,479.747,424,0
lak100n,1197,2140,268,14272,1100,478.22,432,0
lak100n,1198,4020,787,15628,1999,476.86,412,0
lak100n,1199,3570,667,15429,1568,476.706,428,0
lak100n,1200,4088,338,14388,744,481.517,415,0
lak100n,1201,3069,365,13621,838,480.877,433,0
lak100n,1202,2894,315,10976,1082,481.676,428,0
lak100n,1203,3072,728,15210,1526,481.948,432,0
lak100n,1204,2529,238,15803,1680,483.534,434,0
lak100n,1205,3278,440,11822,1769,481.576,425,0
lak100n,1206,2698,342,15239,560,482.865,447,0
lak100n,1207,4115,204,11470,1001,483.161,427,0
lak100n,1208,3399,495,13659,741,483.12,434,0
lak100n,1209,3039,330,16037,1323,483.333,428,0
lak100n,1210,4731,121,15790,2003,485.345,418,0
lak100n,1211,3104,845,14604,1608,484.919,430,0
lak100n,1212,2734,842,12710,2458,486.475,427,0
lak100n,1213,3510,233,13616,1164,487.818,430,0
lak100n,1214,2540,252,13824,1006,484.262,431,0
lak100n,1215,4159,450,15849,1207,486.563,442,0
lak100n,1216,4998,475,18331,916,487.061,428,0
lak100n,1217,6049,304,15940,877,484.09,430,0
lak100n,1218,3104,604,16094,1088,485.333,430,0
lak100n,1219,3110,236,13334,1232,485.818,428,0
lak100n,1220,3542,217,13545,575,489.333,434,0
lak100n,1221,4912,425,18996,2347,489.617,426,0
lak100n,1222,3954,278,13408,1333,488.161,432,0
lak100n,1223,2735,345,16641,1701,491.061,432,0
lak100n,1224,2669,693,14439,1835,491.617,428,0
lak100n,1225,2667,281,14130,1783,488.919,434,0
lak100n,1226,3438,242,12822,834,489.061,430,0
lak100n,1227,2736,530,15620,1121,489.747,434,0
lak100n,1228,4568,659,20647,1423,489.505,435,0
lak100n,1229,2968,289,14042,1411,490.375,428,0
lak100n,1230,3422,154,17916,1913,495.576,439,0
lak100n,1231,2614,682,13646,987,494.375,432,0
lak100n,1232,4002,268,13922,633,493.132,432,0
lak100n,1233,3253,506,15020,1883,495.019,443,0
lak100n,1234,2347,413,13987,1410,492.848,440,0
lak100n,1235,1970,256,11408,600,492.019,440,0
lak100n,1236,2317,615,15513,1879,494.848,442,0
lak100n,1237,3410,251,18430,1153,494.546,433,0
lak100n,1238,2441,164,13123,1475,495.777,445,0
lak100n,1239,2840,469,11710,961,492.061,433,0
lak100n,1240,3612,271,13099,619,499.676,446,0
lak100n,1241,5454,336,16841,1721,497.546,436,0
lak100n,1242,2648,688,18651,1222,499.161,443,0
lak100n,1243,4198,122,14518,1807,496.316,424,0
lak100n,1244,3557,384,12937,846,497.919,443,0
lak100n,1245,2987,206,11917,902,496.233,438,0
lak100n,1246,3400,444,22481,890,498.12,449,0
lak100n,1247,3084,768,15824,1244,498.22,452,0
lak100n,1248,3222,319,12981,1075,497.132,436,0
lak100n,1249,3593,242,11683,1029,496.576,440,0
lak100n,1250,3093,374,19300,902,500.505,446,0
lak100n,1251,3424,203,12292,1068,503.404,446,0
lak100n,1252,3562,595,13007,1527,502.161,446,0
lak100n,1253,3626,251,14252,436,500.818,443,0
lak100n,1254,3177,388,16598,1999,503.647,445,0
lak100n,1255,3418,458,14725,1233,501.434,449,0
lak100n,1256,3842,656,15483,948,503.517,437,0
lak100n,1257,4573,285,14543,1517,502.546,441,0
lak100n,1258,3976,750,17500,911,503.463,456,0
lak100n,1259,2572,359,14615,880,503.706,455,0
lak100n,1260,5770,225,16779,762,506.517,440,0
lak100n,1261,3038,313,16717,1106,506.647,448,0
lak100n,1262,2885,404,12148,1003,506.404,449,0
lak100n,1263,3733,203,13572,1130,504.96,443,0
lak100n,1264,4849,438,18101,1562,506.617,443,0
lak100n,1265,3706,228,15957,1022,507.907,465,0
lak100n,1266,3267,280,18156,877,505.605,454,0
lak100n,1267,2853,438,13110,1500,505.576,449,0
lak100n,1268,6580,352,19167,1259,505.061,446,0
lak100n,1269,3084,269,16055,1430,507.09,453,0
lak100n,1270,3874,263,14212,950,509.061,450,0
lak100n,1271,3098,774,14210,1208,508.132,447,0
lak100n,1272,2756,725,13498,1286,510.789,448,0
lak100n,1273,5295,128,17451,1859,511.144,438,0
lak100n,1274,2998,550,16198,1218,509.434,457,0
lak100n,1275,4685,201,16961,785,509.132,448,0
lak100n,1276,4307,115,15627,1498,509.931,443,0
lak100n,1277,5595,195,17123,834,508.161,452,0
lak100n,1278,4296,241,12337,726,510.818,453,0
lak100n,1279,4050,396,18892,1341,511.617,448,0
lak100n,1280,4525,315,16142,1236,512.588,444,0
lak100n,1281,4203,257,15279,1097,514.605,463,0
lak100n,1282,3494,175,12591,749,515.434,463,0
lak100n,1283,4074,717,18183,841,515.09,461,0
lak100n,1284,3408,260,18549,1555,514.747,459,0
lak100n,1285,3728,375,14685,1678,512.475,453,0
lak100n,1286,5695,219,12574,556,514.245,444,0
lak100n,1287,4494,1203,18267,1671,515.061,456,0
lak100n,1288,4752,418,17080,1671,513.73,441,0
lak100n,1289,2914,484,14467,1006,512.676,459,0
lak100n,1290,3738,374,16170,1367,518.546,457,0
lak100n,1291,3452,217,14832,1007,519.576,463,0
lak100n,1292,3453,500,17523,1235,517.889,458,0
lak100n,1293,3524,280,15419,1378,519.777,469,0
lak100n,1294,3384,313,12755,1138,516.534,467,0
lak100n,1295,3632,769,16870,992,516.274,451,0
lak100n,1296,3414,389,17280,1337,517.061,458,0
lak100n,1297,4235,231,19091,1011,516.132,455,0
lak100n,1298,3854,501,16362,1847,518.931,452,0
lak100n,1299,3686,418,12891,1299,516.889,457,0
lak100n,1300,4361,253,18105,1146,523.174,455,0
lak100n,1301,3765,400,14377,1357,520.233,462,0
lak100n,1302,2816,499,18497,981,521.99,465,0
lak100n,1303,3398,475,15181,763,520.132,459,0
lak100n,1304,3106,563,19051,1758,521.362,471,0
lak100n,1305,4069,547,14791,1329,523.061,464,0
lak100n,1306,3625,247,11056,949,523.434,471,0
lak100n,1307,3233,758,18584,747,522.593,483,0
lak100n,1308,3954,369,16576,1241,523.831,454,0
lak100n,1309,4566,355,15334,760,521.517,455,0
lak100n,1310,3404,328,11693,1438,525.446,461,0
lak100n,1311,4022,284,15762,535,526.889,467,0
lak100n,1312,3157,134,12185,1431,527.274,462,0
lak100n,1313,3636,236,18517,2179,527.375,465,0
lak100n,1314,2819,445,15474,846,525.647,467,0
lak100n,1315,3136,307,12175,818,527.333,472,0
lak100n,1316,3596,150,16327,1211,525.032,461,0
lak100n,1317,3263,187,13082,794,524.706,476,0
lak100n,1318,2706,192,20069,832,524.605,473,0
lak100n,1319,3856,254,20293,1045,526.96,465,0
lak100n,1320,3959,316,13746,1859,531.588,463,0
lak100n,1321,2820,210,11621,644,530.392,485,0
lak100n,1322,4002,334,12525,949,530.747,475,0
lak100n,1323,3322,191,9509,463,528.676,475,0
lak100n,1324,3111,667,19700,2154,528.475,469,0
lak100n,1325,3176,337,16082,1338,530.132,469,0
lak100n,1326,4266,885,16630,1108,529.831,460,0
lak100n,1327,3516,284,18081,1353,531.659,461,0
lak100n,1328,4542,259,14957,1070,530.517,464,0
lak100n,1329,4106,231,15544,938,528.492,486,0
lak100n,1330,7018,298,18357,879,534.345,467,0
lak100n,1331,3860,322,16795,876,532.96,471,0
lak100n,1332,3182,242,19286,1274,532.032,468,0
lak100n,1333,5375,430,15716,924,534.345,467,0
lak100n,1334,4713,322,10953,526,534.002,465,0
lak100n,1335,3663,184,15969,845,534.735,491,0
lak100n,1336,2970,281,17803,714,532.191,481,0
lak100n,1337,3574,658,16212,1666,534.416,465,0
lak100n,1338,3650,233,14030,557,535.676,482,0
lak100n,1339,3962,169,11601,596,534.86,470,0
lak100n,1340,3174,501,16738,1099,536.96,475,0
lak100n,1341,3885,190,14416,552,539.505,485,0
lak100n,1342,2791,234,11208,895,538.09,484,0
lak100n,1343,3455,707,17829,1461,537.517,471,0
lak100n,1344,2495,251,19564,882,537.061,478,0
lak100n,1345,3369,241,11561,1019,538.505,484,0
lak100n,1346,2732,164,16759,585,539.262,486,0
lak100n,1347,3188,237,12585,610,539.203,476,0
lak100n,1348,3882,294,13369,1074,538.161,482,0
lak100n,1349,2981,441,16443,1084,539.718,479,0
lak100n,1350,2599,246,15084,692,542.161,486,0
lak100n,1351,3110,181,13996,421,541.777,491,0
lak100n,1352,2504,369,15701,924,540.132,479,0
lak100n,1353,3554,167,14050,754,541.233,483,0
lak100n,1354,3489,132,11550,677,541.333,486,0
lak100n,1355,4250,381,10522,661,541.103,475,0
lak100n,1356,5679,650,13394,1012,542.345,475,0
lak100n,1357,3429,310,17564,1399,541.304,481,0
lak100n,1358,3854,530,17893,988,542.688,477,0
lak100n,1359,3501,336,12429,928,543.747,488,0
lak100n,1360,2863,423,17614,1130,547.362,497,0
lak100n,1361,3047,305,11945,842,546.032,482,0
lak100n,1362,4478,769,17660,1141,544.002,475,0
lak100n,1363,4370,298,15788,660,545.605,494,0
lak100n,1364,3823,431,15256,1244,544.546,483,0
lak100n,1365,4133,386,16657,583,547.789,485,0
lak100n,1366,4206,235,15098,1204,547.688,482,0
lak100n,1367,4081,481,11056,848,544.588,476,0
lak100n,1368,4213,342,15880,1454,547.948,498,0
lak100n,1369,3102,259,18558,1608,546.434,494,0
lak100n,1370,3579,146,14352,2007,549.174,481,0
lak100n,1371,5994,212,18181,1205,550.487,479,0
lak100n,1372,2972,396,18456,869,549.576,493,0
lak100n,1373,3887,187,14834,1119,551.09,497,0
lak100n,1374,4103,292,14203,1169,548.718,488,0
lak100n,1375,4090,519,17366,978,550.777,500,0
lak100n,1376,4252,213,17673,1424,548.375,486,0
lak100n,1377,3089,221,14996,1757,548.103,482,0
lak100n,1378,4352,306,13652,705,549.759,482,0
lak100n,1379,2960,315,18317,1246,548.304,488,0
lak100n,1380,5874,281,17257,1125,554.588,486,0
lak100n,1381,3760,368,15425,847,554.818,497,0
lak100n,1382,3299,293,11049,598,552.103,486,0
lak100n,1383,3059,264,13043,972,555.032,491,0
lak100n,1384,3574,288,12667,888,552.99,496,0
lak100n,1385,3607,153,13300,719,555.676,502,0
lak100n,1386,5548,243,15129,961,552.558,479,0
lak100n,1387,3301,248,12462,1179,553.203,490,0
lak100n,1388,3950,421,13365,785,554.546,493,0
lak100n,1389,3130,274,19212,700,553.09,499,0
lak100n,1390,3645,505,16219,1613,557.902,486,0
lak100n,1391,3412,190,15399,659,556.718,496,0
lak100n,1392,3077,283,15968,569,557.676,504,0
lak100n,1393,3129,369,12155,689,558.688,493,0
lak100n,1394,3001,337,18282,1085,556.647,498,0
lak100n,1395,3420,291,11531,978,557.718,497,0
lak100n,1396,3778,226,13387,608,559.889,500,0
lak100n,1397,3472,188,11456,1006,557.304,497,0
lak100n,1398,3649,162,12628,696,557.931,491,0
lak100n,1399,4125,407,18067,1648,557.463,510,0
lak100n,1400,3349,439,13050,683,562.848,510,0
lak100n,1401,3665,390,14594,1420,562.889,503,0
lak100n,1402,4428,832,20978,2173,560.973,487,0
lak100n,1403,5400,190,15176,772,562.387,488,0
lak100n,1404,4268,625,18173,1157,560.245,490,0
lak100n,1405,4627,244,13105,617,560.558,487,0
lak100n,1406,5033,319,11550,716,563.529,485,0
lak100n,1407,3950,612,18155,929,560.877,513,0
lak100n,1408,3157,196,14017,618,560.718,500,0
lak100n,1409,3077,555,19009,1608,562.475,503,0
lak100n,1410,3324,119,13501,1736,565.387,491,0
lak100n,1411,3851,265,14948,882,564.747,509,0
lak100n,1412,5154,947,19806,1234,566.63,491,0
lak100n,1413,3213,172,12351,908,567.233,509,0
lak100n,1414,5045,622,12967,913,564.375,502,0
lak100n,1415,3729,297,13024,564,567.718,507,0
lak100n,1416,3710,404,15868,652,567.304,507,0
lak100n,1417,3748,578,18860,1267,566.659,496,0
lak100n,1418,4831,409,20198,1299,564.931,498,0
lak100n,1419,3608,104,14869,1486,566.446,502,0
lak100n,1420,4910,182,15265,631,571.902,500,0
lak100n,1421,3310,267,10849,790,571.274,506,0
lak100n,1422,3927,598,19057,1197,568.174,500,0
lak100n,1423,4508,185,15927,455,570.002,501,0
lak100n,1424,3394,191,13049,451,568.96,507,0
lak100n,1425,4055,272,21877,1346,571.588,503,0
lak100n,1426,3934,677,17050,800,569.002,500,0
lak100n,1427,3812,218,15782,712,568.233,510,0
lak100n,1428,3380,273,11535,1040,569.789,507,0
lak100n,1429,2934,202,13855,759,571.161,515,0
lak100n,1430,3085,623,20009,2472,572.174,504,0
lak100n,1431,3747,247,15951,972,572.061,513,0
lak100n,1432,3265,507,12560,1041,574.304,514,0
lak100n,1433,3527,223,14381,538,575.576,519,0
lak100n,1434,4004,845,19732,1445,572.387,498,0
lak100n,1435,5844,322,16882,533,575.973,502,0
lak100n,1436,3411,454,17095,1034,572.505,518,0
lak100n,1437,5811,263,19699,1323,575.316,503,0
lak100n,1438,3844,192,15724,916,575.789,513,0
lak100n,1439,5841,410,15771,773,574.174,506,0
lak100n,1440,3397,471,21014,2085,576.103,510,0
lak100n,1441,4219,362,14861,810,577.759,510,0
lak100n,1442,4248,356,21811,1069,578.316,506,0
lak100n,1443,5104,486,17241,1019,578.63,503,0
lak100n,1444,4878,772,17677,1710,576.701,499,0
lak100n,1445,3853,647,18826,2983,577.801,503,0
lak100n,1446,3363,220,14600,1411,579.718,519,0
lak100n,1447,3528,152,15587,504,577.818,520,0
lak100n,1448,4047,638,19067,994,578.73,506,0
lak100n,1449,3123,283,16561,970,577.404,520,0
lak100n,1450,3224,117,15849,1954,580.416,511,0
lak100n,1451,4321,504,16365,1355,583.132,522,0
lak100n,1452,4324,459,14643,911,581.931,515,0
lak100n,1453,4152,333,16588,1430,581.316,509,0
lak100n,1454,3199,210,20830,1584,582.475,523,0
lak100n,1455,3946,289,15069,1002,580.63,505,0
lak100n,1456,3534,178,13383,1134,580.446,516,0
lak100n,1457,6031,878,20312,1153,583.115,505,0
lak100n,1458,3448,1002,17146,1132,580.617,517,0
lak100n,1459,4406,224,17112,925,581.032,517,0
lak100n,1460,5410,274,20822,1674,586.701,509,0
lak100n,1461,3920,436,15731,967,587.801,513,0
lak100n,1462,4054,328,18959,847,586.387,512,0
lak100n,1463,3778,136,18024,636,584.446,520,0
lak100n,1464,3084,322,20493,898,584.304,524,0
lak100n,1465,3075,393,18159,2051,587.902,516,0
lak100n,1466,3306,479,17575,1478,585.931,519,0
lak100n,1467,3400,436,15437,1241,585.161,529,0
lak100n,1468,4094,497,19667,1195,587.203,524,0
lak100n,1469,5726,320,16679,809,585.487,514,0
lak100n,1470,4292,180,14455,666,591.203,528,0
lak100n,1471,5536,490,12914,605,589.428,508,0
lak100n,1472,4503,996,20532,1196,590.889,531,0
lak100n,1473,4272,411,17168,1720,588.073,517,0
lak100n,1474,4217,792,20767,1027,590.174,522,0
lak100n,1475,3424,167,13530,405,589.546,528,0
lak100n,1476,3087,190,10946,530,590.99,534,0
lak100n,1477,2902,390,20671,958,591.061,532,0
lak100n,1478,3650,603,17357,1314,590.316,518,0
lak100n,1479,4076,232,17509,697,588.505,534,0
lak100n,1480,3413,513,20241,1401,593.375,531,0
lak100n,1481,3403,702,16660,1262,595.345,528,0
lak100n,1482,4358,203,15549,1021,595.073,524,0
lak100n,1483,3400,338,18662,1447,592.902,521,0
lak100n,1484,3972,719,18094,1951,594.688,529,0
lak100n,1485,6783,558,20618,1151,594.416,525,0
lak100n,1486,3918,259,15610,1227,595.375,533,0
lak100n,1487,3607,322,13266,731,595.759,528,0
lak100n,1488,4300,111,13172,611,593.245,523,0
lak100n,1489,5733,268,15224,1319,593.914,510,0
lak100n,1490,4937,303,13670,1033,596.529,518,0
lak100n,1491,4027,689,22564,1080,597.647,539,0
lak100n,1492,5007,238,16716,1231,596.772,517,0
lak100n,1493,3783,780,20088,1647,596.688,531,0
lak100n,1494,3257,379,18889,1306,596.345,529,0
lak100n,1495,5034,307,20233,1211,599.973,526,0
lak100n,1496,3218,428,19284,1358,596.387,522,0
lak100n,1497,3683,483,20929,925,598.889,539,0
lak100n,1498,4759,203,19799,1229,596.759,529,0
lak100n,1499,4050,361,16530,759,597.375,535,0
lak100n,1500,3721,475,19888,1243,600.002,531,0
lak100n,1501,3838,356,18033,1217,600.63,525,0
lak100n,1502,3059,303,18548,772,603.304,543,0
lak100n,1503,2717,282,17358,588,602.818,545,0
lak100n,1504,4296,280,16790,845,601.617,538,0
lak100n,1505,2607,183,18793,489,601.475,542,0
lak100n,1506,3188,440,17311,1320,602.103,536,0
lak100n,1507,4705,604,16634,753,601.943,523,0
lak100n,1508,6066,360,17958,1356,603.257,521,0
lak100n,1509,3270,429,17323,1025,602.375,540,0
lak100n,1510,4053,174,16974,978,605.032,541,0
lak100n,1511,3914,263,18162,1862,605.558,532,0
lak100n,1512,4015,260,18079,1121,607.801,533,0
lak100n,1513,3906,622,16965,848,605.404,548,0
lak100n,1514,3891,241,14837,628,604.203,541,0
lak100n,1515,4707,276,15963,855,606.529,528,0
lak100n,1516,5075,420,15525,1080,604.529,526,0
lak100n,1517,4393,187,16524,720,604.446,540,0
lak100n,1518,5983,338,16470,1142,605.044,529,0
lak100n,1519,3764,211,16226,1049,604.304,544,0
lak100n,1520,3449,166,15097,1738,609.617,546,0
lak100n,1521,4306,514,20911,1007,610.215,535,0
lak100n,1522,5633,277,21242,1674,611.144,538,0
lak100n,1523,3887,451,19998,905,609.103,543,0
lak100n,1524,4893,410,17921,1425,610.872,534,0
lak100n,1525,4239,176,13541,735,608.63,533,0
lak100n,1526,3700,154,21144,569,608.96,547,0
lak100n,1527,5534,471,15039,674,608.156,523,0
lak100n,1528,4490,220,16381,752,610.546,549,0
lak100n,1529,3600,481,20289,1420,608.546,547,0
lak100n,1530,6392,131,19245,1475,615.156,530,0
lak100n,1531,4155,291,24079,1259,614.215,539,0
lak100n,1532,5457,338,18689,876,615.014,534,0
lak100n,1533,6302,542,16721,1359,615.6,535,0
lak100n,1534,5657,350,13494,648,613.328,529,0
lak100n,1535,5566,214,13522,439,613.487,542,0
lak100n,1536,5238,267,13449,499,613.801,539,0
lak100n,1537,3782,405,22041,884,612.546,551,0
lak100n,1538,3049,172,21669,695,615.576,559,0
lak100n,1539,3940,422,18895,722,613.99,557,0
lak100n,1540,3562,566,20884,1549,619.588,551,0
lak100n,1541,2791,299,16826,733,618.688,553,0
lak100n,1542,4719,117,17744,522,618.262,565,0
lak100n,1543,4186,251,16066,1176,618.316,546,0
lak100n,1544,3418,290,22075,1173,617.789,555,0
lak100n,1545,5700,261,21124,1585,616.387,542,0
lak100n,1546,4432,298,17005,551,616.002,547,0
lak100n,1547,4638,373,16996,893,618.902,547,0
lak100n,1548,3617,342,22547,1435,616.588,548,0
lak100n,1549,3247,323,17378,993,616.931,550,0
lak100n,1550,4993,193,16397,894,621.286,544,0
lak100n,1551,3284,254,19370,1127,623.517,557,0
lak100n,1552,4682,259,18533,688,622.789,560,0
lak100n,1553,4193,336,14158,684,623.345,556,0
lak100n,1554,5357,364,20639,662,620.5,537,0
lak100n,1555,4587,725,17279,1014,620.558,547,0
lak100n,1556,3234,245,18610,536,621.576,565,0
lak100n,1557,4414,218,17535,811,623.701,546,0
lak100n,1558,5197,433,22212,1075,621.943,543,0
lak100n,1559,5771,146,18970,1789,622.198,530,0
lak100n,1560,3586,192,23124,1520,625.759,558,0
lak100n,1561,3839,295,19782,1078,627.044,551,0
lak100n,1562,4655,332,19645,1893,625.245,555,0
lak100n,1563,3440,564,21177,1061,626.345,559,0
lak100n,1564,3237,156,20374,981,624.931,558,0
lak100n,1565,5097,1566,17798,1559,625.002,556,0
lak100n,1566,4147,947,18069,1651,626.014,545,0
lak100n,1567,3162,433,18898,1713,624.931,558,0
lak100n,1568,3874,258,16000,647,627.203,564,0
lak100n,1569,3504,354,11443,791,624.345,557,0
lak100n,1570,3803,494,21894,974,630.529,552,0
lak100n,1571,4052,684,17876,696,629.132,568,0
lak100n,1572,5699,407,20748,1555,628.843,547,0
lak100n,1573,4387,184,17729,1182,631.286,554,0
lak100n,1574,4699,841,20203,1257,630.073,559,0
lak100n,1575,3581,355,15131,738,629.446,565,0
lak100n,1576,4800,550,19579,1371,629.186,549,0
lak100n,1577,5509,356,18094,1024,629.73,557,0
lak100n,1578,4763,964,18320,1056,629.144,556,0
lak100n,1579,4225,237,18543,1639,629.186,549,0
lak100n,1580,4091,607,14621,663,635.144,562,0
lak100n,1581,4636,179,17158,560,635.801,561,0
lak100n,1582,5685,277,17343,1184,633.843,552,0
lak100n,1583,6176,389,15424,553,634.784,543,0
lak100n,1584,3886,263,22946,1062,633.517,567,0
lak100n,1585,3877,397,18977,597,634.446,570,0
lak100n,1586,5506,259,19272,725,634.529,556,0
lak100n,1587,4887,194,14321,529,635.831,566,0
lak100n,1588,5647,636,18497,1373,635.144,562,0
lak100n,1589,3675,293,14009,1382,633.558,560,0
lak100n,1590,5242,680,21805,1301,637.286,560,0
lak100n,1591,5231,259,18188,879,639.357,560,0
lak100n,1592,5021,323,17777,724,636.186,556,0
lak100n,1593,6221,243,17538,1032,637.541,547,0
lak100n,1594,3915,300,24730,1625,638.588,570,0
lak100n,1595,4116,569,15349,882,637.831,568,0
lak100n,1596,5175,235,15828,571,638.571,553,0
lak100n,1597,3399,231,12952,787,639.73,567,0
lak100n,1598,3386,280,14328,1637,636.446,572,0
lak100n,1599,3638,278,23047,989,636.203,573,0
lak100n,1600,4863,266,21927,1359,642.357,563,0
lak100n,1601,3334,322,21513,2111,640.73,568,0
lak100n,1602,3574,403,19326,1134,641.86,577,0
lak100n,1603,5445,189,19666,793,643.458,567,0
lak100n,1604,5326,529,14927,1636,642.357,563,0
lak100n,1605,3490,271,14055,705,643.931,577,0
lak100n,1606,4759,151,15501,580,642.914,559,0
lak100n,1607,5291,680,22284,962,641.156,556,0
lak100n,1608,3896,385,22766,1554,643.245,573,0
lak100n,1609,5096,404,18623,1120,642.316,570,0
lak100n,1610,4600,506,21152,569,645.127,555,0
lak100n,1611,4746,474,20431,879,644.973,571,0
lak100n,1612,5320,208,17292,461,646.813,560,0
lak100n,1613,4369,402,23066,895,647.902,576,0
lak100n,1614,3927,413,18965,991,646.843,565,0
lak100n,1615,4231,371,18456,587,646.831,577,0
lak100n,1616,3608,277,22972,1171,646.63,571,0
lak100n,1617,3953,228,13852,484,647.63,572,0
lak100n,1618,5869,483,17597,1560,646.328,562,0
lak100n,1619,3552,315,23540,1009,644.073,573,0
lak100n,1620,3853,393,15208,1203,650.186,570,0
lak100n,1621,4093,233,13701,1054,648.558,575,0
lak100n,1622,4101,197,16627,1251,648.902,577,0
lak100n,1623,4769,321,25918,1457,650.357,571,0
lak100n,1624,5427,350,18564,1065,650.257,568,0
lak100n,1625,4699,344,24138,1533,649.6,569,0
lak100n,1626,4500,468,16947,932,650.843,569,0
lak100n,1627,3968,348,20917,2784,649.458,573,0
lak100n,1628,3837,194,15780,959,648.446,584,0
lak100n,1629,3690,127,12128,400,649.63,574,0
lak100n,1630,3303,340,19676,1096,652.487,581,0
lak100n,1631,5741,291,19884,970,653.286,576,0
lak100n,1632,4596,335,14589,650,652.571,567,0
lak100n,1633,3601,312,22296,929,652.245,582,0
lak100n,1634,5156,219,17508,628,652.073,581,0
lak100n,1635,4107,360,14760,790,653.86,589,0
lak100n,1636,3585,353,13689,658,655.973,582,0
lak100n,1637,4117,446,23320,961,655.428,574,0
lak100n,1638,5212,142,17928,517,655.056,567,0
lak100n,1639,3706,247,24613,1099,653.345,586,0
lak100n,1640,5554,207,19071,987,658.428,577,0
lak100n,1641,3909,384,22907,1099,656.215,581,0
lak100n,1642,3454,341,22883,1091,656.416,587,0
lak100n,1643,3425,282,17219,1556,656.316,584,0
lak100n,1644,3805,253,23308,1318,656.47,568,0
lak100n,1645,4414,271,18234,951,656.973,583,0
lak100n,1646,4937,252,17225,624,658.529,580,0
lak100n,1647,4553,1070,22797,1404,656.286,579,0
lak100n,1648,5780,218,17710,420,658.056,570,0
lak100n,1649,4620,391,14901,567,657.316,585,0
lak100n,1650,3381,327,24058,1541,661.558,588,0
lak100n,1651,3655,348,17080,1082,663.357,584,0
lak100n,1652,3816,379,20985,1766,660.286,583,0
lak100n,1653,5089,332,18093,917,663.671,581,0
lak100n,1654,5255,1123,22098,1104,661.056,573,0
lak100n,1655,5103,326,19363,900,661.186,581,0
lak100n,1656,5039,776,16580,740,660.428,579,0
lak100n,1657,3529,291,20526,1772,660.245,590,0
lak100n,1658,3484,346,18895,1059,661.701,584,0
lak100n,1659,4805,533,19407,840,662.872,586,0
lak100n,1660,5166,508,16968,465,665.943,587,0
lak100n,1661,5692,228,19256,572,665.884,577,0
lak100n,1662,5448,176,17316,697,667.914,584,0
lak100n,1663,3900,144,20618,589,665.245,595,0
lak100n,1664,4212,629,15484,1262,664.174,596,0
lak100n,1665,4942,334,17190,574,665.5,582,0
lak100n,1666,6193,483,23351,1271,665.742,581,0
lak100n,1667,5029,538,19071,561,665.286,588,0
lak100n,1668,5587,336,18484,808,667.742,583,0
lak100n,1669,4909,232,14564,538,667.357,588,0
lak100n,1670,3928,360,13898,498,670.772,591,0
lak100n,1671,4936,586,21867,573,669.943,591,0
lak100n,1672,4422,251,18259,1288,670.428,589,0
lak100n,1673,4852,388,20864,716,669.399,583,0
lak100n,1674,4486,200,18780,792,669.387,595,0
lak100n,1675,4852,459,21397,562,669.772,590,0
lak100n,1676,4905,588,17326,449,669.5,586,0
lak100n,1677,4210,230,18853,1567,668.186,588,0
lak100n,1678,4248,393,16211,680,669.357,590,0
lak100n,1679,4415,399,16997,1130,669.257,587,0
lak100n,1680,5074,190,20031,1242,675.6,595,0
lak100n,1681,4400,246,19407,655,673.085,590,0
lak100n,1682,3857,461,20914,955,672.63,597,0
lak100n,1683,4068,267,22028,988,674.286,597,0
lak100n,1684,4326,218,17325,462,674.357,595,0
lak100n,1685,4870,633,21586,1025,674.399,588,0
lak100n,1686,5566,151,20700,654,672.458,596,0
lak100n,1687,3992,162,19454,609,674.073,603,0
lak100n,1688,4515,243,16336,602,673.044,597,0
lak100n,1689,3805,346,28741,1408,672.428,591,0
lak100n,1690,4551,219,19436,832,677.014,596,0
lak100n,1691,5811,1117,23541,1868,676.583,579,0
lak100n,1692,5102,225,20811,1414,676.985,591,0
lak100n,1693,3849,233,24098,1625,677.571,592,0
lak100n,1694,5756,481,19822,1397,676.014,595,0
lak100n,1695,5052,343,15135,1353,677.328,593,0
lak100n,1696,3956,334,22865,1237,677.257,595,0
lak100n,1697,5306,892,21511,1353,679.926,584,0
lak100n,1698,6454,197,18871,826,676.026,583,0
lak100n,1699,3568,360,22717,1097,677.701,600,0
lak100n,1700,3366,206,17965,1060,682.801,608,0
lak100n,1701,5724,210,20928,816,680.085,597,0
lak100n,1702,4513,559,15697,643,683.529,605,0
lak100n,1703,5190,228,22934,1170,680.156,595,0
lak100n,1704,3651,250,20334,1212,680.115,602,0
lak100n,1705,3920,245,17026,1587,680.286,603,0
lak100n,1706,5144,187,19002,1081,681.428,600,0
lak100n,1707,4594,190,17625,556,680.115,602,0
lak100n,1708,4872,255,23027,1019,680.357,601,0
lak100n,1709,3962,441,16891,908,682.529,604,0
lak100n,1710,3889,304,23401,961,686.056,598,0
lak100n,1711,4857,181,21013,419,685.428,604,0
lak100n,1712,5082,1101,23455,1494,685.156,600,0
lak100n,1713,4851,231,21819,1527,685.257,603,0
lak100n,1714,4836,192,20298,564,685.742,601,0
lak100n,1715,5577,183,17395,850,685.299,596,0
lak100n,1716,3769,297,25227,1189,687.357,608,0
lak100n,1717,4337,238,19452,1188,686.428,605,0
lak100n,1718,3454,295,23776,965,684.63,609,0
lak100n,1719,5871,277,19275,554,685.085,602,0
lak100n,1720,4089,245,23391,1330,690.642,603,0
lak100n,1721,5269,593,18669,830,690.47,602,0
lak100n,1722,4932,339,21170,979,688.357,609,0
lak100n,1723,5587,267,19972,602,690.772,611,0
lak100n,1724,4873,290,23937,1249,691.742,607,0
lak100n,1725,3664,309,20246,1231,690.843,609,0
lak100n,1726,4427,218,26977,918,691.772,612,0
lak100n,1727,6972,160,20064,646,689.37,598,0
lak100n,1728,4643,197,16932,981,688.943,610,0
lak100n,1729,5844,188,18619,585,691.914,608,0
lak100n,1730,4597,747,23409,870,694.056,606,0
lak100n,1731,4136,307,25359,1363,693.156,608,0
lak100n,1732,4036,280,19372,562,693.541,603,0
lak100n,1733,3486,404,19824,1075,693.215,618,0
lak100n,1734,3453,267,19244,975,692.671,610,0
lak100n,1735,5706,347,21265,1304,693.713,604,0
lak100n,1736,3472,257,19808,683,692.6,612,0
lak100n,1737,5257,234,21909,702,694.985,609,0
lak100n,1738,4258,264,16687,1592,693.742,609,0
lak100n,1739,4341,510,22797,788,695.642,608,0
lak100n,1740,4469,160,16084,496,696.63,621,0
lak100n,1741,5901,145,19263,408,698.813,612,0
lak100n,1742,5853,318,20259,1130,698.428,617,0
lak100n,1743,3750,419,25774,1484,696.6,616,0
lak100n,1744,5953,210,21995,946,698.186,618,0
lak100n,1745,4241,534,24181,762,699.713,610,0
lak100n,1746,5486,300,19884,691,696.571,611,0
lak100n,1747,4259,295,15016,501,696.701,619,0
lak100n,1748,3826,116,12875,406,698.943,620,0
lak100n,1749,4853,198,15842,704,698.37,607,0
lak100n,1750,3894,344,26462,1830,703.085,620,0
lak100n,1751,5258,426,21455,1043,701.642,614,0
lak100n,1752,4804,518,17130,669,703.127,613,0
lak100n,1753,3813,537,21256,871,701.742,617,0
lak100n,1754,5137,254,21595,780,700.5,617,0
lak100n,1755,3995,165,15014,488,703.943,625,0
lak100n,1756,4003,242,24654,1184,700.671,618,0
lak100n,1757,3462,340,19636,705,703.914,620,0
lak100n,1758,4092,339,16859,769,702.014,621,0
lak100n,1759,5864,230,19161,989,700.056,612,0
lak100n,1760,5383,419,24390,1630,704.227,617,0
lak100n,1761,3376,335,26418,1007,706.428,625,0
lak100n,1762,4224,93,18348,417,706.144,633,0
lak100n,1763,3465,326,22084,966,705.156,620,0
lak100n,1764,5042,317,22500,1230,705.742,621,0
lak100n,1765,6101,395,22148,840,707.014,626,0
lak100n,1766,5063,233,22175,1108,706.813,620,0
lak100n,1767,3699,259,24280,1199,706.642,619,0
lak100n,1768,5413,326,21275,982,704.441,611,0
lak100n,1769,4834,488,21512,677,705.056,617,0
lak100n,1770,5641,313,21599,1319,709.985,624,0
lak100n,1771,3399,238,28745,938,710.357,631,0
lak100n,1772,3263,123,20120,561,709.642,622,0
lak100n,1773,4817,239,22081,1707,708.571,623,0
lak100n,1774,3316,319,21439,1123,708.914,625,0
lak100n,1775,4020,259,19872,947,708.742,624,0
lak100n,1776,5354,281,21004,1194,711.5,628,0
lak100n,1777,4785,240,24715,852,710.085,627,0
lak100n,1778,3529,362,22386,923,710.227,623,0
lak100n,1779,4353,456,17297,698,711.985,626,0
lak100n,1780,5161,315,18201,1323,713.198,621,0
lak100n,1781,4223,211,16321,562,713.257,631,0
lak100n,1782,3860,241,13703,687,714.529,636,0
lak100n,1783,3585,208,23977,1040,712.328,628,0
lak100n,1784,6281,98,21298,413,713.47,625,0
lak100n,1785,5384,204,23984,740,715.328,631,0
lak100n,1786,6055,361,23278,742,713.056,625,0
lak100n,1787,4748,321,25118,1580,712.671,630,0
lak100n,1788,5016,189,20432,748,715.47,627,0
lak100n,1789,4260,288,23689,928,714.387,640,0
lak100n,1790,4265,847,20888,1558,717.299,628,0
lak100n,1791,6921,440,23954,840,719.5,636,0
lak100n,1792,4128,193,24759,917,719.186,639,0
lak100n,1793,4945,419,20002,743,718.955,628,0
lak100n,1794,3614,229,20714,1329,719.399,633,0
lak100n,1795,5615,200,23491,591,716.257,634,0
lak100n,1796,4453,233,16888,943,716.671,634,0
lak100n,1797,5119,342,24797,640,717.642,630,0
lak100n,1798,4809,475,19048,899,716.642,629,0
lak100n,1799,5476,280,20629,1656,717.399,631,0
lak100n,1800,4789,329,24372,923,721.541,631,0
lak100n,1801,5142,234,22078,781,721.642,634,0
lak100n,1802,4672,597,19861,1042,723.47,635,0
lak100n,1803,3700,268,21292,1414,720.985,635,0
lak100n,1804,6389,392,23940,735,720.571,635,0
lak100n,1805,5359,430,22862,1264,722.47,634,0
lak100n,1806,6285,290,20386,1123,723.269,629,0
lak100n,1807,5694,397,17154,498,721.085,638,0
lak100n,1808,5359,243,20761,904,720.914,637,0
lak100n,1809,4090,326,25618,1062,721.085,638,0
lak100n,1810,6049,143,20400,568,727.026,634,0
lak100n,1811,5500,146,15086,591,726.884,638,0
lak100n,1812,5102,194,24768,824,725.813,639,0
lak100n,1813,3851,210,25495,1010,726.428,645,0
lak100n,1814,4949,255,21189,724,724.683,630,0
lak100n,1815,3704,267,21745,864,726.299,637,0
lak100n,1816,3350,238,20405,769,726.742,642,0
lak100n,1817,4731,387,17314,814,724.884,636,0
lak100n,1818,5466,497,19549,1233,725.512,630,0
lak100n,1819,4078,375,24097,1663,726.299,637,0
lak100n,1820,6554,280,21471,795,730.269,636,0
lak100n,1821,4542,159,16302,482,730.357,651,0
lak100n,1822,5058,604,23842,947,730.37,639,0
lak100n,1823,3929,416,23095,1372,728.198,636,0
lak100n,1824,4205,186,17483,362,730.571,645,0
lak100n,1825,3290,184,23977,771,729.571,644,0
lak100n,1826,3742,284,19694,1019,731.056,643,0
lak100n,1827,4546,518,20693,531,729.612,637,0
lak100n,1828,4125,271,17523,618,728.884,640,0
lak100n,1829,5134,271,20417,1684,728.299,639,0
lak100n,1830,4142,205,16247,755,734.299,645,0
lak100n,1831,4582,339,24199,580,733.754,637,0
lak100n,1832,4262,190,24724,966,733.784,642,0
lak100n,1833,7031,552,24273,1005,733.026,640,0
lak100n,1834,4630,206,26203,959,732.026,639,0
lak100n,1835,4987,229,18403,487,733.227,646,0
lak100n,1836,3954,159,14245,323,732.642,645,0
lak100n,1837,4533,875,25175,882,733.085,650,0
lak100n,1838,5318,392,21291,654,732.37,641,0
lak100n,1839,3918,307,23617,955,732.843,651,0
lak100n,1840,3734,309,19599,846,736.299,647,0
lak100n,1841,4323,208,22096,1168,737.683,643,0
lak100n,1842,4298,232,18209,606,736.571,651,0
lak100n,1843,3907,215,14735,504,736.227,649,0
lak100n,1844,4165,183,13910,959,736.512,641,0
lak100n,1845,6543,303,21345,1117,738.269,644,0
lak100n,1846,5488,245,24963,1184,737.056,649,0
lak100n,1847,5979,208,20379,437,736.098,641,0
lak100n,1848,3824,319,26050,1121,736.855,643,0
lak100n,1849,5053,296,22272,772,738.571,653,0
lak100n,1850,3991,283,21415,995,740.541,650,0
lak100n,1851,3385,295,20340,886,741.855,648,0
lak100n,1852,5926,676,21851,951,741.299,652,0
lak100n,1853,3562,265,23845,1051,742.884,654,0
lak100n,1854,3768,237,19285,783,740.127,650,0
lak100n,1855,6366,402,22870,673,743.654,644,0
lak100n,1856,3817,205,25401,1040,742.884,654,0
lak100n,1857,3533,221,19887,967,742.642,655,0
lak100n,1858,3275,334,21844,1004,743.227,656,0
lak100n,1859,4576,483,21492,950,740.642,653,0
lak100n,1860,5879,329,22919,846,746.897,646,0
lak100n,1861,3811,271,25536,782,747.754,651,0
lak100n,1862,5188,606,20352,803,746.583,649,0
lak100n,1863,3786,268,21540,1288,747.098,652,0
lak100n,1864,3256,220,19958,835,746.198,654,0
lak100n,1865,6593,459,22469,527,746.512,651,0
lak100n,1866,5493,393,18563,990,744.098,649,0
lak100n,1867,3648,248,26275,1371,745.713,656,0
lak100n,1868,3204,271,20525,826,744.328,660,0
lak100n,1869,4682,218,17222,469,744.056,656,0
lak100n,1870,6104,365,21712,995,748.37,657,0
lak100n,1871,4660,230,15365,443,748.955,658,0
lak100n,1872,5068,283,26368,1331,751.24,652,0
lak100n,1873,4599,238,20021,1216,748.269,654,0
lak100n,1874,3810,284,21707,945,749.754,653,0
lak100n,1875,4743,550,19153,760,750.612,658,0
lak100n,1876,4540,281,25151,905,750.24,651,0
lak100n,1877,6522,160,21544,678,749.784,658,0
lak100n,1878,4243,152,16052,335,748.085,665,0
lak100n,1879,4684,433,23932,585,749.269,655,0
lak100n,1880,4626,305,20490,942,754.784,663,0
lak100n,1881,5573,190,22692,962,752.482,652,0
lak100n,1882,5723,207,17860,1098,755.24,656,0
lak100n,1883,6224,531,21468,699,752.127,662,0
lak100n,1884,4131,230,26632,1018,752.884,664,0
lak100n,1885,3892,254,21163,690,753.169,656,0
lak100n,1886,6125,240,21832,805,753.311,652,0
lak100n,1887,5697,151,22415,681,753.512,658,0
lak100n,1888,5287,585,24176,705,752.34,656,0
lak100n,1889,3982,208,24876,976,754.884,666,0
lak100n,1890,4572,298,17978,758,759.654,660,0
lak100n,1891,4613,188,25335,842,756.997,659,0
lak100n,1892,5819,331,21565,595,756.926,661,0
lak100n,1893,3726,174,26737,696,757.269,663,0
lak100n,1894,4671,200,21779,1115,758.34,662,0
lak100n,1895,5277,359,22216,458,756.34,660,0
lak100n,1896,4303,159,17472,694,757.056,669,0
lak100n,1897,5822,137,18512,962,756.855,663,0
lak100n,1898,4373,111,14613,476,757.026,664,0
lak100n,1899,5877,410,19916,846,756.583,659,0
lak100n,1900,4057,300,27057,922,762.085,679,0
lak100n,1901,6537,166,21983,473,762.34,666,0
lak100n,1902,4767,360,25580,878,761.512,666,0
lak100n,1903,5663,232,22149,982,760.169,663,0
lak100n,1904,4587,274,25673,1176,762.411,664,0
lak100n,1905,5716,435,20739,763,762.411,664,0
lak100n,1906,3815,249,25380,868,760.813,674,0
lak100n,1907,4656,225,24475,1251,763.926,668,0
lak100n,1908,4727,162,18167,638,760.541,670,0
lak100n,1909,4244,135,14677,404,760.056,672,0
