map,scenid,total,20move,total-src,20move-src,distance,path_size,hLevel
lak300d,0,311,270,270,266,3.41421,4,1
lak300d,1,182,169,103,113,1.41421,2,1
lak300d,2,243,215,136,154,2.41421,3,1
lak300d,3,306,247,204,205,2.41421,3,1
lak300d,4,285,257,190,179,2.41421,3,1
lak300d,5,234,244,177,222,3.82843,4,1
lak300d,6,282,282,240,207,3.41421,4,1
lak300d,7,229,222,165,156,2.41421,3,1
lak300d,8,198,202,154,170,3.82843,4,1
lak300d,9,194,171,129,105,1.41421,2,1
lak300d,10,226,230,217,219,4.41421,5,1
lak300d,11,413,412,307,315,5.24264,5,1
lak300d,12,203,208,309,350,7.65685,7,1
lak300d,13,208,213,248,275,6.65685,6,1
lak300d,14,187,181,222,220,4.24264,4,1
lak300d,15,181,176,219,205,4.41421,5,1
lak300d,16,171,195,320,302,7.41421,8,1
lak300d,17,206,236,197,201,4.82843,5,1
lak300d,18,204,169,271,283,5.41421,6,1
lak300d,19,218,202,198,195,4.41421,5,1
lak300d,20,255,267,519,485,11.8995,10,1
lak300d,21,228,234,477,426,8.07107,7,1
lak300d,22,199,200,435,397,9.82843,10,1
lak300d,23,253,263,344,356,11.8284,12,1
lak300d,24,283,270,635,539,10.8284,11,1
lak300d,25,257,235,629,594,11.4142,12,1
lak300d,26,232,217,638,607,11.4142,12,1
lak300d,27,443,399,633,676,10.8284,11,1
lak300d,28,411,416,446,441,8.65685,8,1
lak300d,29,261,225,388,389,8.82843,9,1
lak300d,30,180,192,605,583,15.4142,16,1
lak300d,31,447,440,529,539,13.3137,11,1
lak300d,32,263,262,545,543,15.4142,16,1
lak300d,33,248,259,634,568,12.4142,13,1
lak300d,34,351,284,488,460,15.6569,15,1
lak300d,35,400,374,614,648,13.2426,13,1
lak300d,36,529,517,569,583,13.3137,11,1
lak300d,37,659,632,575,559,14.8995,13,1
lak300d,38,490,474,1018,996,15.6569,15,1
lak300d,39,185,182,578,499,14.4142,15,1
lak300d,40,411,406,722,777,17.7279,15,1
lak300d,41,363,315,609,617,19.5563,16,1
lak300d,42,546,581,666,642,17.9706,14,1
lak300d,43,357,343,529,571,16.0711,15,1
lak300d,44,205,216,436,412,17.4142,18,1
lak300d,45,357,356,573,549,17.8995,16,1
lak300d,46,643,603,578,522,17.9706,14,1
lak300d,47,504,483,883,893,16.8995,15,1
lak300d,48,307,299,550,615,17.0711,16,1
lak300d,49,338,300,629,593,19.6569,19,1
lak300d,50,432,424,635,659,21.3137,19,1
lak300d,51,228,233,605,551,21.4142,22,1
lak300d,52,241,256,742,781,20.8284,21,1
lak300d,53,220,217,618,681,20.4853,19,1
lak300d,54,372,374,776,841,23.1421,20,1
lak300d,55,797,784,981,928,20.3848,16,1
lak300d,56,237,227,573,521,20.4142,21,1
lak300d,57,307,309,839,844,21.799,17,1
lak300d,58,317,318,1089,1069,22.2426,22,1
lak300d,59,219,183,553,661,21.9706,18,1
lak300d,60,594,592,1227,1088,26.4853,25,1
lak300d,61,543,441,1467,1075,26.4853,25,1
lak300d,62,444,445,968,1042,27.3848,23,1
lak300d,63,361,368,957,858,26.7279,24,1
lak300d,64,757,703,1152,1077,26.799,22,1
lak300d,65,377,372,961,854,25.7279,23,1
lak300d,66,147,162,988,866,25,26,1
lak300d,67,277,242,665,640,25.7279,23,1
lak300d,68,391,364,960,884,26.3137,24,1
lak300d,69,221,218,818,762,26.1421,23,1
lak300d,70,582,413,1185,919,29.3137,27,1
lak300d,71,424,435,1282,941,30.6569,30,1
lak300d,72,228,226,1230,870,28.4142,29,1
lak300d,73,564,592,1216,991,28.6274,23,1
lak300d,74,436,416,1006,861,28.7279,26,1
lak300d,75,254,247,799,606,29.7279,27,1
lak300d,76,763,633,1275,1164,31.5563,28,1
lak300d,77,396,379,742,676,28.3848,24,1
lak300d,78,648,614,1031,810,31.2843,24,1
lak300d,79,496,482,808,704,29.1421,26,1
lak300d,80,226,250,981,676,33.8284,34,1
lak300d,81,303,298,712,649,32.4558,26,1
lak300d,82,384,368,1217,939,33.1421,30,1
lak300d,83,358,361,922,718,33.7279,31,1
lak300d,84,510,504,784,658,32.3848,28,1
lak300d,85,566,568,836,670,32.4558,26,1
lak300d,86,442,452,899,689,34.2132,29,1
lak300d,87,398,185,1506,1026,32.4142,33,1
lak300d,88,146,141,880,597,33,34,1
lak300d,89,287,281,966,718,34.9706,31,1
lak300d,90,357,353,1208,733,36.5563,33,1
lak300d,91,760,582,1451,1065,38.3848,34,1
lak300d,92,208,219,1247,762,39.4853,38,1
lak300d,93,625,622,961,765,38.3848,34,1
lak300d,94,208,200,1118,647,38.8284,39,1
lak300d,95,786,615,1291,1076,36.0416,30,1
lak300d,96,195,192,838,543,36.4142,37,1
lak300d,97,476,301,1237,836,38.9706,35,1
lak300d,98,676,637,826,673,36.0416,30,1
lak300d,99,279,206,805,660,39.1838,29,1
lak300d,100,281,257,1911,1033,40.8284,41,1
lak300d,101,757,756,1139,806,40.4558,34,1
lak300d,102,530,531,1157,652,42.6274,37,1
lak300d,103,159,172,904,532,43.4142,44,1
lak300d,104,201,204,900,575,43.6274,38,1
lak300d,105,490,495,1357,1044,43.2132,38,1
lak300d,106,591,575,1772,1096,41.0711,40,1
lak300d,107,721,674,1156,877,41.598,31,1
lak300d,108,268,270,953,490,43.3137,41,1
lak300d,109,507,508,1020,718,41.3137,39,1
lak300d,110,610,422,1853,1019,46.9706,43,1
lak300d,111,572,324,1323,779,46.2426,46,1
lak300d,112,634,304,2224,1219,45.2843,38,1
lak300d,113,419,405,1002,595,46.799,42,1
lak300d,114,194,210,1006,458,45.8284,46,1
lak300d,115,735,653,1215,734,46.0122,35,1
lak300d,116,436,486,1333,683,47.2132,42,1
lak300d,117,782,431,1312,1018,45.2548,33,1
lak300d,118,661,624,1879,1044,46.2132,41,1
lak300d,119,662,517,1309,912,45.1838,35,1
lak300d,120,643,274,1685,631,50.1421,47,1
lak300d,121,878,826,1818,1050,48.2843,41,1
lak300d,122,971,691,1646,1123,48.3553,39,1
lak300d,123,645,292,1460,829,50.1838,40,1
lak300d,124,734,550,2269,1112,48.4853,47,1
lak300d,125,760,797,1430,1030,48.0416,42,1
lak300d,126,1093,772,1620,999,49.3553,40,1
lak300d,127,916,558,1512,718,51.4975,38,1
lak300d,128,330,267,1220,710,50.4264,39,1
lak300d,129,744,327,1475,758,49.7279,47,1
lak300d,130,819,718,1702,969,52.6274,47,1
lak300d,131,359,380,1930,998,52.2426,52,1
lak300d,132,641,608,1373,614,53.1127,45,1
lak300d,133,375,365,1574,761,55.8284,56,1
lak300d,134,889,545,1300,913,53.9117,40,1
lak300d,135,696,753,1193,762,53.8701,47,1
lak300d,136,341,190,1300,908,53.669,41,1
lak300d,137,585,608,1792,986,53.7279,51,1
lak300d,138,354,359,1395,663,55.3848,51,1
lak300d,139,679,538,1222,703,55.8406,44,1
lak300d,140,763,463,1337,737,57.3259,43,1
lak300d,141,368,382,1680,705,58.8284,59,1
lak300d,142,711,402,1617,779,58.1838,48,1
lak300d,143,627,517,2510,961,59.4558,53,1
lak300d,144,295,289,1390,762,56.0416,50,1
lak300d,145,524,510,1967,1011,56.0711,55,1
lak300d,146,206,201,1383,462,58.2426,58,1
lak300d,147,480,320,2062,945,57.8284,58,1
lak300d,148,327,335,1404,593,58.6569,58,1
lak300d,149,668,506,1546,1023,56.1127,48,1
lak300d,150,594,526,1922,963,60.6569,60,1
lak300d,151,355,360,1493,834,60.3137,58,1
lak300d,152,400,171,1746,541,60.1421,57,1
lak300d,153,301,247,1257,602,60.3259,46,1
lak300d,154,224,205,1400,591,60.6569,60,1
lak300d,155,482,522,2017,809,63.3848,59,1
lak300d,156,567,575,1775,741,60.9706,57,1
lak300d,157,210,204,1419,680,63.6569,63,1
lak300d,158,445,397,1254,776,60.5269,52,1
lak300d,159,437,355,1260,652,60.397,44,1
lak300d,160,801,508,1396,778,66.8112,50,1
lak300d,161,731,351,1496,880,64.397,48,1
lak300d,162,441,238,2352,663,66.6569,66,1
lak300d,163,505,287,1520,763,66.7401,52,1
lak300d,164,496,516,1359,651,64.6274,59,1
lak300d,165,911,615,1833,854,65.397,49,1
lak300d,166,901,315,2002,828,66.3553,57,1
lak300d,167,811,734,1790,967,65.799,61,1
lak300d,168,1171,484,2452,862,65.9828,50,1
lak300d,169,745,624,1686,715,65.9411,57,1
lak300d,170,540,244,1770,664,70.4975,57,1
lak300d,171,560,197,2130,779,71.3848,67,1
lak300d,172,918,451,1904,811,70.1543,55,1
lak300d,173,1118,561,1620,811,71.0538,53,1
lak300d,174,720,382,1421,702,68.0538,50,1
lak300d,175,329,394,1651,635,68.3137,66,1
lak300d,176,696,405,2635,792,69.1421,66,1
lak300d,177,719,396,2039,794,70.799,66,1
lak300d,178,274,270,1597,767,68.0711,67,1
lak300d,179,405,206,2180,705,69.6569,69,1
lak300d,180,560,152,2139,883,73.6274,68,1
lak300d,181,765,502,1554,831,72.397,56,1
lak300d,182,435,349,2229,765,73.6985,66,1
lak300d,183,993,718,2029,1019,75.9117,62,1
lak300d,184,497,457,1758,879,74.4558,68,1
lak300d,185,394,235,2731,830,73.8284,74,1
lak300d,186,812,278,1615,692,72.9411,64,1
lak300d,187,914,894,2510,1156,74.2843,67,1
lak300d,188,591,455,2323,1222,75.8406,64,1
lak300d,189,928,715,1854,748,72.8701,66,1
lak300d,190,684,165,2783,969,76.5563,73,1
lak300d,191,732,215,2187,643,77.9706,74,1
lak300d,192,800,764,2083,832,76.8701,70,1
lak300d,193,607,231,2470,766,76.1421,73,1
lak300d,194,882,551,1905,764,79.598,69,1
lak300d,195,865,329,1767,661,77.2843,70,1
lak300d,196,758,609,1990,691,77.6274,72,1
lak300d,197,517,344,1717,788,76.0833,63,1
lak300d,198,1077,418,1886,701,77.6985,70,1
lak300d,199,722,490,2589,1032,79.0416,73,1
lak300d,200,683,254,2007,902,82.4264,71,1
lak300d,201,1541,436,2901,886,80.3553,71,1
lak300d,202,1578,539,3490,1272,82.8112,66,1
lak300d,203,604,233,2552,899,82.2132,77,1
lak300d,204,864,557,2293,807,81.1421,78,1
lak300d,205,1347,670,2106,715,83.7696,74,1
lak300d,206,307,261,2489,833,83.6569,83,1
lak300d,207,1191,1068,2322,998,80.6985,73,1
lak300d,208,1050,725,2707,1079,83.4264,72,1
lak300d,209,324,356,2854,717,83.4853,82,1
lak300d,210,1443,502,3061,973,87.7107,68,1
lak300d,211,719,217,2238,716,85.3553,76,1
lak300d,212,1283,541,3705,1026,84.4853,83,1
lak300d,213,931,677,2478,1005,87.4386,64,1
lak300d,214,714,455,3361,841,85.0711,84,1
lak300d,215,1185,527,3795,1182,84.2132,79,1
lak300d,216,1418,528,2397,960,84.2965,65,1
lak300d,217,899,424,2667,882,86.7696,77,1
lak300d,218,1631,487,1960,500,85.4264,74,1
lak300d,219,873,764,2956,958,85.8701,79,1
lak300d,220,706,197,2529,958,91.468,73,1
lak300d,221,1168,520,2360,670,91.4264,80,1
lak300d,222,562,137,3306,1031,88.3848,84,1
lak300d,223,1709,558,3123,1004,89.267,65,1
lak300d,224,1087,427,2557,701,90.799,86,1
lak300d,225,1625,614,2934,1221,89.3675,68,1
lak300d,226,463,301,3200,896,91.5563,88,1
lak300d,227,669,527,2971,923,89.0416,83,1
lak300d,228,389,370,2423,685,89.6569,89,1
lak300d,229,452,449,2284,679,88.7279,86,1
lak300d,230,314,290,2354,689,92.2426,92,1
lak300d,231,1032,465,3156,999,94.7401,80,1
lak300d,232,279,367,2366,610,94.8995,93,1
lak300d,233,524,151,3369,868,95.6569,95,1
lak300d,234,842,457,3252,998,94.0416,88,1
lak300d,235,953,439,2381,700,94.9117,81,1
lak300d,236,919,461,2566,841,92.0244,69,1
lak300d,237,1092,637,2368,990,92.8528,69,1
lak300d,238,532,294,2685,750,95.7279,93,1
lak300d,239,874,476,2677,905,93.3259,79,1
lak300d,240,787,201,3537,805,98.7279,96,1
lak300d,241,882,300,3027,858,98.8701,92,1
lak300d,242,1404,647,3592,1092,98.8406,87,1
lak300d,243,1531,544,2951,930,99.1249,79,1
lak300d,244,761,509,3224,983,96.7279,94,1
lak300d,245,1001,510,2749,784,97.2254,80,1
lak300d,246,502,128,3375,754,96.2132,91,1
lak300d,247,197,192,2956,633,99,100,1
lak300d,248,532,280,2756,635,99.5563,96,1
lak300d,249,1313,548,3391,1020,96.8112,80,1
lak300d,250,1396,829,3687,1302,102.941,94,1
lak300d,251,562,364,2436,750,102.941,94,1
lak300d,252,668,509,3077,1042,101.314,99,1
lak300d,253,1536,877,2796,1128,103.953,83,1
lak300d,254,520,299,2603,695,100.314,98,1
lak300d,255,499,281,2396,587,103.556,100,1
lak300d,256,1074,459,2921,879,101.811,85,1
lak300d,257,555,398,2359,704,101.87,95,1
lak300d,258,1818,763,3352,1036,100.853,77,1
lak300d,259,454,303,2946,887,100.485,99,1
lak300d,260,665,685,2915,733,107.627,102,1
lak300d,261,962,453,2685,761,106.752,80,1
lak300d,262,578,431,2709,807,105.971,102,1
lak300d,263,857,496,2890,1019,107.569,92,1
lak300d,264,1098,359,2478,558,105.497,92,1
lak300d,265,335,350,2704,782,104.899,103,1
lak300d,266,803,313,2564,673,107.314,105,1
lak300d,267,1419,490,3841,965,107.87,101,1
lak300d,268,1089,496,4350,1083,105.627,100,1
lak300d,269,576,352,3609,946,104.899,103,1
lak300d,270,853,742,3322,967,110.456,104,1
lak300d,271,1443,371,3133,771,109.095,84,1
lak300d,272,591,364,3148,729,111.142,108,1
lak300d,273,1133,428,2491,785,108.154,93,1
lak300d,274,998,420,3238,832,111.439,88,1
lak300d,275,671,322,2433,798,109.527,101,1
lak300d,276,685,247,3024,840,108.698,101,1
lak300d,277,583,403,3581,979,109.657,109,1
lak300d,278,1208,309,3078,772,110.87,104,1
lak300d,279,821,278,2168,794,108.255,96,1
lak300d,280,2163,552,3776,842,113.581,86,1
lak300d,281,1469,387,3453,914,112.024,89,1
lak300d,282,614,271,3663,838,114.071,113,1
lak300d,283,709,288,2952,846,114.841,103,1
lak300d,284,480,333,3006,953,112.728,110,1
lak300d,285,554,578,3355,806,112.213,107,1
lak300d,286,1284,657,3242,1027,113.953,93,1
lak300d,287,924,371,3569,853,113.971,110,1
lak300d,288,1133,365,3800,714,112.627,107,1
lak300d,289,759,315,2595,824,113.669,101,1
lak300d,290,877,364,2693,753,117.77,108,1
lak300d,291,881,553,2991,934,116.669,104,1
lak300d,292,1279,357,2537,495,118.983,103,1
lak300d,293,1312,621,4095,843,119.569,104,1
lak300d,294,683,350,3600,938,117.142,114,1
lak300d,295,643,541,3301,832,116.485,115,1
lak300d,296,1506,308,3561,930,116.752,90,1
lak300d,297,1232,350,3140,716,118.711,99,1
lak300d,298,1208,444,3619,772,117.64,100,1
lak300d,299,1258,329,3535,479,116.841,105,1
lak300d,300,2035,421,4340,874,123.48,93,1
lak300d,301,676,299,3558,688,121.456,115,1
lak300d,302,851,231,3304,821,120.941,112,1
lak300d,303,1324,249,2699,591,121.296,102,1
lak300d,304,403,235,4478,929,121.485,120,1
lak300d,305,2080,596,4040,1061,122.995,95,1
lak300d,306,1576,617,3614,488,121.912,108,1
lak300d,307,511,331,4357,882,123.899,122,1
lak300d,308,1210,539,2944,880,121.296,102,1
lak300d,309,452,352,3572,725,121.071,120,1
lak300d,310,1322,325,4090,840,124.924,99,1
lak300d,311,632,226,4165,847,127.799,123,1
lak300d,312,1100,301,5219,890,126.799,122,1
lak300d,313,903,635,3537,925,126.184,116,1
lak300d,314,1004,279,3889,714,124.255,112,1
lak300d,315,903,406,3109,826,126.255,114,1
lak300d,316,932,203,3311,810,124.983,109,1
lak300d,317,426,252,3457,867,127.243,127,1
lak300d,318,569,268,3394,682,126.971,123,1
lak300d,319,1017,711,4406,1281,125.213,120,1
lak300d,320,833,388,3373,679,128.426,117,1
lak300d,321,908,311,3805,777,130.556,127,1
lak300d,322,832,205,3152,772,129.012,118,1
lak300d,323,351,312,4598,874,131.657,131,1
lak300d,324,1424,561,3799,907,129.397,113,1
lak300d,325,411,239,3425,767,130.485,129,1
lak300d,326,1198,198,3575,723,129.941,121,1
lak300d,327,713,567,4467,1011,130.87,124,1
lak300d,328,318,333,3404,762,129.243,129,1
lak300d,329,925,211,4937,979,128.142,125,1
lak300d,330,541,455,3523,784,133.355,124,1
lak300d,331,869,169,3348,362,133.154,118,1
lak300d,332,387,193,3912,762,134.243,134,1
lak300d,333,839,236,4424,952,133.698,126,1
lak300d,334,1214,240,3503,720,135.255,123,1
lak300d,335,751,288,4531,795,135.042,129,1
lak300d,336,784,789,4305,1102,135.698,128,1
lak300d,337,933,165,4175,777,135.213,130,1
lak300d,338,761,253,3369,638,134.314,132,1
lak300d,339,1250,313,3038,680,134.225,117,1
lak300d,340,1102,542,3571,574,138.012,127,1
lak300d,341,1087,329,3829,956,136.953,116,1
lak300d,342,1778,509,5083,843,137.368,116,1
lak300d,343,357,224,4605,834,139.314,137,1
lak300d,344,1602,663,4209,1050,138.154,123,1
lak300d,345,832,480,3924,892,137.87,131,1
lak300d,346,1028,332,3613,718,139.255,127,1
lak300d,347,1901,707,5712,889,138.397,122,1
lak300d,348,1200,113,3462,600,136.497,123,1
lak300d,349,1443,883,4113,1117,138.296,119,1
lak300d,350,1281,529,4500,962,141.196,119,1
lak300d,351,837,600,4065,695,143.728,141,1
lak300d,352,477,170,3371,663,141.213,136,1
lak300d,353,344,324,3651,873,142.243,142,1
lak300d,354,1064,374,4192,766,140.083,127,1
lak300d,355,518,251,2811,455,143.213,138,1
lak300d,356,1045,191,3784,584,140.74,126,1
lak300d,357,530,366,3282,708,140.971,137,1
lak300d,358,1219,268,3416,512,143.497,130,1
lak300d,359,1273,642,4750,1143,143.74,129,1
lak300d,360,847,208,2895,468,145.184,135,1
lak300d,361,919,485,4324,997,144.497,131,1
lak300d,362,891,328,3171,872,147.012,136,1
lak300d,363,1291,226,3802,516,146.811,130,1
lak300d,364,1127,365,3245,643,146.912,133,1
lak300d,365,1148,259,5773,878,144.213,139,1
lak300d,366,1671,286,4247,738,145.137,113,1
lak300d,367,1688,273,4655,578,146.48,116,1
lak300d,368,1221,257,3482,586,146.912,133,1
lak300d,369,1005,196,3156,613,147.355,138,1
lak300d,370,857,315,4294,854,149.698,142,1
lak300d,371,1181,239,3923,598,149.527,141,1
lak300d,372,1072,193,3006,446,148.255,136,1
lak300d,373,1130,316,3022,638,148.711,129,1
lak300d,374,1603,202,3553,630,151.024,128,1
lak300d,375,965,389,4257,1026,150.497,137,1
lak300d,376,804,216,3572,738,150.569,135,1
lak300d,377,1339,754,3284,1045,151.024,128,1
lak300d,378,1090,315,3060,638,150.397,134,1
lak300d,379,1371,453,6005,1165,151.284,144,1
lak300d,380,540,195,4324,844,154.385,150,1
lak300d,381,441,417,4246,681,152.657,152,1
lak300d,382,1686,599,5288,1006,154.782,133,1
lak300d,383,219,174,4656,804,155,156,1
lak300d,384,692,638,3744,1023,155.527,147,1
lak300d,385,629,487,3579,1024,152.971,149,1
lak300d,386,1111,226,4259,619,153.912,140,1
lak300d,387,1244,342,4251,572,155.497,142,1
lak300d,388,1453,745,6054,1165,154.941,146,1
lak300d,389,1389,193,4303,607,152.941,144,1
lak300d,390,1636,537,4029,994,158.983,143,1
lak300d,391,659,326,4545,776,159.971,156,1
lak300d,392,1747,514,5254,1026,156.853,133,1
lak300d,393,927,512,3926,949,157.012,146,1
lak300d,394,1032,289,3244,604,157.255,145,1
lak300d,395,1176,616,3610,1001,157.054,139,1
lak300d,396,1006,229,2920,482,156.912,143,1
lak300d,397,1164,560,5074,947,158.083,145,1
lak300d,398,878,377,3240,933,156.154,141,1
lak300d,399,663,275,4811,881,156.728,154,1
lak300d,400,991,337,4285,651,162.669,150,1
lak300d,401,1011,479,4410,1067,161.083,148,1
lak300d,402,1830,885,4772,901,160.924,135,1
lak300d,403,703,227,4675,768,161.627,156,1
lak300d,404,1212,243,3476,550,163.225,146,1
lak300d,405,1370,487,5196,742,163.669,151,1
lak300d,406,1726,788,5253,1131,160.267,136,1
lak300d,407,1394,420,5598,859,163.983,148,1
lak300d,408,1191,693,6174,1183,163.113,155,1
lak300d,409,995,167,4890,603,162.87,156,1
lak300d,410,1197,639,4412,877,166.569,151,1
lak300d,411,1462,364,4880,729,167.539,147,1
lak300d,412,479,313,4182,684,164.243,164,1
lak300d,413,797,264,4170,591,166.456,160,1
lak300d,414,779,253,5172,780,165.385,161,1
lak300d,415,1319,474,5089,828,165.225,148,1
lak300d,416,1271,475,4270,850,166.711,147,1
lak300d,417,577,239,4371,823,166.799,162,1
lak300d,418,593,314,5494,827,167.971,164,1
lak300d,419,932,339,3855,596,167.012,156,1
lak300d,420,1898,414,5616,1035,169.167,142,1
lak300d,421,934,365,3571,373,171.527,163,1
lak300d,422,819,278,5160,855,169.87,163,1
lak300d,423,892,358,5953,663,169.314,167,1
lak300d,424,1496,418,4566,759,169.782,148,1
lak300d,425,889,383,4617,914,170.627,165,1
lak300d,426,2205,719,5137,1001,171.894,141,1
lak300d,427,1381,629,5517,829,168.255,156,1
lak300d,428,578,210,5652,701,170.142,167,1
lak300d,429,581,204,4776,815,169.627,164,1
lak300d,430,1200,761,4053,1046,175.296,156,1
lak300d,431,1207,201,5054,681,173.74,159,1
lak300d,432,1061,219,5202,676,172.012,161,1
lak300d,433,2294,430,4549,633,174.368,153,1
lak300d,434,1687,290,3528,445,173.054,155,1
lak300d,435,1521,180,3998,547,172.439,149,1
lak300d,436,1247,384,5574,837,175.953,155,1
lak300d,437,1251,504,5291,948,174.439,151,1
lak300d,438,1202,450,4606,685,172.61,150,1
lak300d,439,1079,314,4455,719,174.64,157,1
lak300d,440,953,436,3929,450,177.255,165,1
lak300d,441,831,130,3900,578,176.456,170,1
lak300d,442,1081,689,5636,1119,177.426,166,1
lak300d,443,953,271,4860,654,177.77,168,1
lak300d,444,609,281,5476,862,177.728,175,1
lak300d,445,994,734,5014,953,179.941,171,1
lak300d,446,1116,700,4595,1095,179.255,167,1
lak300d,447,1317,226,5077,754,177.681,153,1
lak300d,448,826,473,4602,903,178.426,167,1
lak300d,449,589,332,5187,878,178.284,171,1
lak300d,450,138,137,4204,737,180,181,1
lak300d,451,736,259,3911,943,182.083,169,1
lak300d,452,1271,237,5256,642,180.711,161,1
lak300d,453,1360,589,4888,881,182.397,166,1
lak300d,454,1646,289,4607,401,180.296,161,1
lak300d,455,1054,517,6104,756,180.74,166,1
lak300d,456,1745,471,4425,767,183.468,165,1
lak300d,457,1243,498,5027,1066,182.095,157,1
lak300d,458,515,571,4392,812,181.971,178,1
lak300d,459,817,403,5418,993,180.77,171,1
lak300d,460,970,166,5010,676,186.355,177,1
lak300d,461,1168,575,5126,933,184.983,169,1
lak300d,462,627,125,4218,518,184.054,166,1
lak300d,463,1297,232,5199,539,186.125,166,1
lak300d,464,1075,328,4523,985,184.782,163,1
lak300d,465,1025,596,3848,1028,186.125,166,1
lak300d,466,1521,574,4885,1032,187.439,164,1
lak300d,467,1082,573,6301,776,186.669,174,1
lak300d,468,1215,281,4697,609,187.983,172,1
lak300d,469,1537,242,4876,895,184.752,158,1
lak300d,470,1165,285,4557,590,191.468,173,1
lak300d,471,554,572,4637,825,188.971,185,1
lak300d,472,387,171,4050,556,191.941,183,1
lak300d,473,1523,452,4819,788,189.882,171,1
lak300d,474,1192,280,4308,516,190.468,172,1
lak300d,475,1337,663,3719,763,191.125,171,1
lak300d,476,1125,439,5019,702,189.912,176,1
lak300d,477,918,205,7051,831,191.728,189,1
lak300d,478,1071,522,5415,969,188.912,175,1
lak300d,479,1539,487,4167,676,188.882,170,1
lak300d,480,1657,472,5101,473,192.397,176,1
lak300d,481,1015,473,5199,830,193.497,180,1
lak300d,482,697,125,5266,781,192.213,187,1
lak300d,483,1619,281,5627,598,192.51,167,1
lak300d,484,2075,444,4921,740,192.811,176,1
lak300d,485,1015,201,5084,486,194.782,173,1
lak300d,486,905,180,5897,583,194.627,189,1
lak300d,487,954,472,6673,841,192.083,179,1
lak300d,488,1518,438,4942,642,193.882,175,1
lak300d,489,1347,293,4180,589,194.853,171,1
lak300d,490,1343,334,5206,681,197.569,182,1
lak300d,491,684,231,5226,576,199.456,193,1
lak300d,492,1081,589,5257,891,197.184,187,1
lak300d,493,681,582,6257,804,197.627,192,1
lak300d,494,1533,552,4881,814,197.61,175,1
lak300d,495,723,338,6630,561,198.728,196,1
lak300d,496,771,335,5126,973,198.255,186,1
lak300d,497,962,327,5884,648,196.012,185,1
lak300d,498,947,101,4921,512,196.184,186,1
lak300d,499,1148,482,6330,873,197.539,177,1
lak300d,500,1106,590,4748,880,200.024,177,1
lak300d,501,1021,475,5244,760,201.841,190,1
lak300d,502,883,105,5087,473,200.811,184,1
lak300d,503,1357,629,4490,856,202.468,184,1
lak300d,504,1765,525,6585,550,200.912,187,1
lak300d,505,751,606,5715,1034,200.698,193,1
lak300d,506,616,186,4618,802,202.87,196,1
lak300d,507,1290,201,4179,563,202.095,177,1
lak300d,508,1408,477,4101,879,203.338,177,1
lak300d,509,1015,190,5008,482,203.953,183,1
lak300d,510,944,199,4705,609,205.569,190,1
lak300d,511,821,631,5296,770,204.527,196,1
lak300d,512,1432,279,4368,503,204.024,181,1
lak300d,513,1313,250,4861,421,206.61,184,1
lak300d,514,1097,456,6778,776,206.113,198,1
lak300d,515,2055,327,5218,397,207.539,187,1
lak300d,516,1298,326,4644,623,207.468,189,1
lak300d,517,1690,239,4921,634,205.167,178,1
lak300d,518,758,440,5242,371,207.627,202,1
lak300d,519,849,200,5401,708,206.284,199,1
lak300d,520,920,174,5332,449,209.368,188,1
lak300d,521,1386,354,4922,309,210.782,189,1
lak300d,522,1094,405,4508,902,210.368,189,1
lak300d,523,1635,215,5195,577,209.095,184,1
lak300d,524,1380,461,4072,758,209.066,179,1
lak300d,525,1420,558,3661,619,208.681,184,1
lak300d,526,1333,369,3848,389,208.669,196,1
lak300d,527,952,157,5862,457,208.225,191,1
lak300d,528,1923,651,5111,1032,211.409,183,1
lak300d,529,1504,246,4457,302,209.397,193,1
lak300d,530,1073,409,3846,603,215.61,193,1
lak300d,531,1527,326,4819,377,214.154,199,1
lak300d,532,1431,198,4488,504,212.924,187,1
lak300d,533,1701,306,4765,527,212.853,189,1
lak300d,534,867,341,4907,946,213.983,198,1
lak300d,535,1151,444,6935,793,212.054,194,1
lak300d,536,1161,267,5753,657,215.711,196,1
lak300d,537,1348,296,4792,473,212.995,185,1
lak300d,538,1057,479,6918,837,213.912,200,1
lak300d,539,929,253,4877,509,212.61,190,1
lak300d,540,1147,282,7025,902,217.983,202,1
lak300d,541,884,418,5285,1011,218.74,204,1
lak300d,542,1022,210,6188,619,216.983,201,1
lak300d,543,850,397,5940,890,218.113,210,1
lak300d,544,858,162,4663,606,218.811,202,1
lak300d,545,1577,535,6202,982,219.024,196,1
lak300d,546,938,135,5222,525,216.054,198,1
lak300d,547,1777,499,5256,757,219.711,200,1
lak300d,548,919,212,5447,572,217.355,208,1
lak300d,549,1196,158,6489,473,217.539,197,1
lak300d,550,1227,530,4154,598,222.196,200,1
lak300d,551,1478,299,6204,831,221.953,201,1
lak300d,552,965,219,5180,869,221.539,201,1
lak300d,553,1119,623,4710,1047,223.711,204,1
lak300d,554,1439,275,5341,563,223.338,197,1
lak300d,555,1473,482,7085,1020,222.853,199,1
lak300d,556,1668,281,5468,554,223.309,192,1
lak300d,557,1641,210,4877,424,223.409,195,1
lak300d,558,802,318,4695,774,221.74,207,1
lak300d,559,956,157,5254,452,220.77,211,1
lak300d,560,1241,602,6005,943,227.083,214,1
lak300d,561,1849,198,5372,527,226.167,199,1
lak300d,562,1585,278,5337,549,225.309,194,1
lak300d,563,2039,723,6334,784,225.48,195,1
lak300d,564,1790,355,6135,466,225.882,207,1
lak300d,565,1044,346,5844,358,225.569,210,1
lak300d,566,1334,354,8006,717,224.971,221,1
lak300d,567,805,314,6819,629,225.598,215,1
lak300d,568,849,187,5815,529,226.113,218,1
lak300d,569,1067,157,6405,556,224.125,204,1
lak300d,570,1315,503,6534,825,228.64,211,1
lak300d,571,1598,245,6501,445,231.61,209,1
lak300d,572,1882,617,5538,1039,230.693,194,1
lak300d,573,745,294,4995,880,229.669,217,1
lak300d,574,1734,551,4965,613,229.196,207,1
lak300d,575,912,488,5424,719,228.255,216,1
lak300d,576,1689,584,4430,750,229.309,198,1
lak300d,577,1312,541,3976,624,228.693,192,1
lak300d,578,1279,768,7302,645,228.012,217,1
lak300d,579,1601,283,5989,691,230.794,197,1
lak300d,580,1733,501,5501,822,235.48,205,1
lak300d,581,871,310,6489,708,232.456,226,1
lak300d,582,1650,337,6070,515,235.752,209,1
lak300d,583,672,317,6734,524,235.799,231,1
lak300d,584,1444,546,7825,859,234.782,213,1
lak300d,585,1410,468,5159,680,233.61,211,1
lak300d,586,1559,203,5752,585,232.652,203,1
lak300d,587,597,115,5913,535,233.799,229,1
lak300d,588,1050,312,7526,433,232.728,230,1
lak300d,589,1188,542,6059,853,234.054,216,1
lak300d,590,1448,165,6193,512,238.51,213,1
lak300d,591,1153,178,6497,538,238.853,215,1
lak300d,592,1925,515,5442,928,237.451,202,1
lak300d,593,1164,398,5745,736,239.782,218,1
lak300d,594,1650,155,4735,403,238.652,209,1
lak300d,595,1488,163,5829,517,239.409,211,1
lak300d,596,2406,184,5374,442,238.38,205,1
lak300d,597,947,172,7025,581,239.497,226,1
lak300d,598,1172,154,5807,400,236.711,217,1
lak300d,599,1509,204,7261,451,239.539,219,1
lak300d,600,2027,693,7041,564,240.551,208,1
lak300d,601,1313,477,6519,842,240.439,217,1
lak300d,602,2226,264,5970,399,241.066,211,1
lak300d,603,1089,322,5479,411,243.841,232,1
lak300d,604,1905,441,5294,344,240.966,208,1
lak300d,605,844,491,8715,710,242.355,233,1
lak300d,606,1624,232,5185,342,240.622,206,1
lak300d,607,1363,439,8307,550,240.142,237,1
lak300d,608,1682,177,5888,400,241.095,216,1
lak300d,609,721,320,7640,491,242.142,239,1
lak300d,610,1550,239,5791,364,247.853,224,1
lak300d,611,1589,268,6529,355,244.882,226,1
lak300d,612,930,98,6027,430,246.64,229,1
lak300d,613,1570,432,6511,900,244.48,214,1
lak300d,614,1127,543,5451,857,244.711,225,1
lak300d,615,658,211,5312,756,244.912,231,1
lak300d,616,978,484,5089,695,244.569,229,1
lak300d,617,1054,392,5968,324,245.669,233,1
lak300d,618,1598,561,5402,824,244.48,214,1
lak300d,619,1199,244,6013,493,244.338,218,1
lak300d,620,1142,341,6899,515,251.326,237,1
lak300d,621,1441,121,5770,407,251.208,217,1
lak300d,622,1975,438,5175,353,249.451,214,1
lak300d,623,1801,572,5497,721,249.936,212,1
lak300d,624,980,238,5795,463,251.397,235,1
lak300d,625,1439,174,5006,414,249.35,211,1
lak300d,626,1518,203,5452,348,249.137,217,1
lak300d,627,1125,364,5751,701,248.61,226,1
lak300d,628,638,187,5775,552,248.456,242,1
lak300d,629,963,448,4931,1004,249.296,230,1
lak300d,630,1303,485,5093,644,254.48,224,1
lak300d,631,925,480,4684,655,253.882,235,1
lak300d,632,2092,567,5607,861,255.764,217,1
lak300d,633,1028,537,5029,781,254.196,232,1
lak300d,634,1531,241,5313,388,252.794,219,1
lak300d,635,1606,360,6965,374,254.397,238,1
lak300d,636,1848,421,5209,281,252.451,217,1
lak300d,637,767,249,5733,874,253.397,237,1
lak300d,638,554,266,6335,501,252.728,250,1
lak300d,639,1408,461,5944,684,253.338,227,1
lak300d,640,1884,568,5887,807,256.764,218,1
lak300d,641,1602,386,4969,708,259.551,227,1
lak300d,642,1258,424,5299,682,257.853,234,1
lak300d,643,1079,507,5270,619,259.468,241,1
lak300d,644,810,322,4834,541,259.154,244,1
lak300d,645,1717,297,6151,423,256.811,240,1
lak300d,646,993,296,6459,529,258.74,244,1
lak300d,647,1102,309,6640,835,257.711,238,1
lak300d,648,654,189,4971,524,257.326,243,1
lak300d,649,746,306,6873,680,257.012,246,1
lak300d,650,994,373,5487,375,261.255,249,1
lak300d,651,1082,145,6006,450,263.468,245,1
lak300d,652,1612,220,6867,402,260.593,221,1
lak300d,653,1645,276,5646,448,261.309,230,1
lak300d,654,645,245,5359,424,261.74,247,1
lak300d,655,751,192,5730,313,261.811,245,1
lak300d,656,767,164,5535,328,263.882,245,1
lak300d,657,945,367,6205,706,263.368,242,1
lak300d,658,1812,265,6979,390,262.296,243,1
lak300d,659,651,260,5651,600,260.113,252,1
lak300d,660,883,237,6201,445,266.154,251,1
lak300d,661,1770,235,5919,445,264.238,235,1
lak300d,662,855,188,5826,538,267.912,254,1
lak300d,663,1649,201,5823,323,265.368,244,1
lak300d,664,1956,335,5406,302,265.35,227,1
lak300d,665,793,232,5774,561,265.397,249,1
lak300d,666,1283,218,5697,329,267.841,256,1
lak300d,667,1708,206,5143,388,266.25,225,1
lak300d,668,1421,251,5422,338,266.225,249,1
lak300d,669,1286,161,5473,411,264.421,224,1
lak300d,670,1863,556,6103,844,269.522,232,1
lak300d,671,901,242,6004,483,271.468,253,1
lak300d,672,1174,151,5724,364,269.196,247,1
lak300d,673,780,163,5209,421,269.811,253,1
lak300d,674,1974,561,5923,843,268.936,231,1
lak300d,675,1010,550,5436,816,269.054,251,1
lak300d,676,688,126,6343,403,268.468,250,1
lak300d,677,1401,224,6361,411,270.836,230,1
lak300d,678,751,157,6501,349,271.125,251,1
lak300d,679,1816,572,6480,771,270.279,234,1
lak300d,680,870,324,6219,665,273.64,256,1
lak300d,681,1235,403,5037,510,274.865,239,1
lak300d,682,1026,186,5787,355,273.51,248,1
lak300d,683,1764,249,5647,359,273.409,245,1
lak300d,684,1781,514,6385,701,272.279,236,1
lak300d,685,2009,261,7461,367,275.196,253,1
lak300d,686,769,114,6518,544,272.225,255,1
lak300d,687,994,419,5867,761,275.196,253,1
lak300d,688,822,122,6524,408,272.711,253,1
lak300d,689,662,174,6165,392,272.054,254,1
lak300d,690,1420,735,5614,609,279.296,260,1
lak300d,691,2075,280,6492,397,276.38,243,1
lak300d,692,1327,438,6179,632,276.167,249,1
lak300d,693,1583,232,5949,393,279.853,256,1
lak300d,694,1031,226,6414,551,278.782,257,1
lak300d,695,1087,547,5571,546,279.882,261,1
lak300d,696,1617,268,5727,325,278.953,258,1
lak300d,697,1269,206,6662,298,278.225,261,1
lak300d,698,1067,226,5615,274,277.154,262,1
lak300d,699,1590,255,5889,283,277.995,250,1
lak300d,700,1061,320,5703,317,283.811,267,1
lak300d,701,930,234,6520,381,281.569,266,1
lak300d,702,783,202,5337,341,280.225,263,1
lak300d,703,634,154,5422,433,280.953,260,1
lak300d,704,1640,209,5959,334,281.51,256,1
lak300d,705,1490,226,5457,297,283.125,263,1
lak300d,706,1696,223,5761,293,280.167,253,1
lak300d,707,1458,238,5227,292,282.368,261,1
lak300d,708,1525,274,4992,303,280.539,260,1
lak300d,709,1522,501,6562,662,280.309,249,1
lak300d,710,808,194,6322,342,284.811,268,1
lak300d,711,1092,539,6093,515,284.882,266,1
lak300d,712,1158,311,6030,323,285.811,269,1
lak300d,713,1558,267,5638,321,284.61,262,1
lak300d,714,1314,226,6825,307,286.397,270,1
lak300d,715,963,323,5450,318,286.711,267,1
lak300d,716,796,208,5963,320,284.711,265,1
lak300d,717,2078,214,6394,307,286.794,253,1
lak300d,718,1434,238,5468,276,285.882,267,1
lak300d,719,928,146,5993,370,287.782,266,1
lak300d,720,1428,203,6184,327,290.711,271,1
lak300d,721,1314,228,5906,294,290.397,274,1
lak300d,722,796,171,5941,475,291.468,273,1
lak300d,723,1305,155,7454,467,288.569,273,1
lak300d,724,1073,357,5325,288,288.225,271,1
lak300d,725,1341,234,5410,272,291.397,275,1
lak300d,726,837,211,5363,410,288.054,270,1
lak300d,727,1048,332,5382,423,288.953,268,1
lak300d,728,1439,193,5772,317,289.882,271,1
lak300d,729,1103,153,5328,298,290.882,272,1
