map,scenid,total,20move,total-src,20move-src,distance,path_size,hLevel
lak401d,0,300,202,368,324,3,4,1
lak401d,1,543,309,385,297,3.82843,4,1
lak401d,2,462,338,367,322,3.41421,4,1
lak401d,3,262,168,189,192,2,3,1
lak401d,4,311,204,142,105,1.41421,2,1
lak401d,5,210,159,189,143,2,3,1
lak401d,6,197,154,159,160,2,3,1
lak401d,7,399,305,198,208,2.41421,3,1
lak401d,8,444,292,234,186,2.41421,3,1
lak401d,9,392,260,170,214,2.41421,3,1
lak401d,10,395,269,526,376,5.82843,6,1
lak401d,11,345,266,656,523,7.82843,8,1
lak401d,12,526,314,432,325,6.41421,7,1
lak401d,13,471,249,473,368,7.24264,7,1
lak401d,14,253,206,224,205,5.41421,6,1
lak401d,15,285,237,246,284,5.41421,6,1
lak401d,16,520,321,365,336,5.65685,5,1
lak401d,17,543,437,372,343,6.65685,6,1
lak401d,18,558,361,602,403,6.24264,6,1
lak401d,19,207,155,420,279,7,8,1
lak401d,20,491,436,608,473,11.6569,11,1
lak401d,21,564,390,564,399,10.8284,11,1
lak401d,22,661,449,687,581,10.4853,9,1
lak401d,23,442,332,779,611,11.2426,11,1
lak401d,24,403,380,560,480,9.65685,9,1
lak401d,25,857,623,829,766,10.0711,9,1
lak401d,26,134,122,454,448,11,12,1
lak401d,27,321,268,437,450,11.0711,10,1
lak401d,28,342,264,463,430,9.65685,9,1
lak401d,29,389,312,609,571,10.8284,11,1
lak401d,30,285,259,1076,859,12.8284,13,1
lak401d,31,232,160,617,463,12,13,1
lak401d,32,199,149,399,363,12,13,1
lak401d,33,597,479,567,505,13.4853,12,1
lak401d,34,327,279,932,700,14.8284,15,1
lak401d,35,739,575,887,709,13.4853,12,1
lak401d,36,730,529,852,662,12.8995,11,1
lak401d,37,487,419,1315,1099,15.2426,15,1
lak401d,38,395,282,978,803,14.4142,15,1
lak401d,39,432,386,729,678,12.6569,12,1
lak401d,40,1108,793,1192,994,19.5563,16,1
lak401d,41,776,521,983,762,16.6569,16,1
lak401d,42,1079,906,1035,864,19.9706,16,1
lak401d,43,601,424,882,751,18.8995,17,1
lak401d,44,915,630,838,736,16.5563,13,1
lak401d,45,482,328,632,606,18.4853,17,1
lak401d,46,911,693,1204,1013,19.1421,16,1
lak401d,47,473,348,839,723,16.4853,15,1
lak401d,48,898,621,876,786,16.0711,15,1
lak401d,49,379,264,808,609,16.0711,15,1
lak401d,50,419,313,849,803,21.7279,19,1
lak401d,51,435,263,1007,754,20.8995,19,1
lak401d,52,524,438,883,762,20.2426,20,1
lak401d,53,431,279,960,845,22.0711,21,1
lak401d,54,361,255,725,524,22.4142,23,1
lak401d,55,482,403,935,751,23.4142,24,1
lak401d,56,1019,833,1527,1297,22.9706,19,1
lak401d,57,236,139,797,671,21,22,1
lak401d,58,619,375,935,788,21.4853,20,1
lak401d,59,592,423,912,841,20.8284,21,1
lak401d,60,350,236,1617,963,26.5563,23,1
lak401d,61,526,333,1214,841,27.6569,27,1
lak401d,62,849,501,1102,902,26.5563,23,1
lak401d,63,647,429,1525,1014,26.6569,26,1
lak401d,64,818,556,1045,843,24.3137,22,1
lak401d,65,986,727,1767,1333,27.9706,24,1
lak401d,66,1484,1016,1490,1250,24.0416,18,1
lak401d,67,1040,838,1791,1542,25.3137,23,1
lak401d,68,1046,532,997,919,24.9706,21,1
lak401d,69,490,415,1352,979,25.6569,25,1
lak401d,70,1046,736,1490,1238,31.7279,29,1
lak401d,71,313,250,2336,1286,28.4142,29,1
lak401d,72,574,334,1556,1044,28.1421,25,1
lak401d,73,963,624,1336,1001,31.1421,28,1
lak401d,74,761,422,1408,1081,30.0416,24,1
lak401d,75,401,283,1199,731,30.6569,30,1
lak401d,76,644,230,2141,1011,30.8995,29,1
lak401d,77,703,448,1244,826,30.6985,23,1
lak401d,78,826,601,1328,890,31.5563,28,1
lak401d,79,843,567,1543,1055,29.7279,27,1
lak401d,80,451,256,2146,954,35.2426,35,1
lak401d,81,1467,877,1393,1028,32.6985,25,1
lak401d,82,1162,861,1788,1049,34.3848,30,1
lak401d,83,674,590,1951,1142,34.1421,31,1
lak401d,84,760,559,1485,1020,33.9706,30,1
lak401d,85,595,489,993,601,32.0711,31,1
lak401d,86,831,485,1539,988,35.6274,30,1
lak401d,87,1079,692,2360,1491,34.8995,33,1
lak401d,88,1175,797,2133,1394,35.2132,30,1
lak401d,89,712,359,1604,816,34.6569,34,1
lak401d,90,1078,703,1389,956,37.9706,34,1
lak401d,91,1018,688,1364,846,39.7279,37,1
lak401d,92,1727,1081,1845,1240,36.7696,27,1
lak401d,93,652,391,1448,815,38.7279,36,1
lak401d,94,839,567,1860,1139,38.8995,37,1
lak401d,95,1070,490,1752,994,37.5563,34,1
lak401d,96,804,452,1911,975,37.7279,35,1
lak401d,97,764,489,1155,559,39.2843,32,1
lak401d,98,1288,452,2129,892,39.7279,37,1
lak401d,99,672,426,1431,849,37.8284,38,1
lak401d,100,913,323,1484,634,41.9706,38,1
lak401d,101,2125,658,3026,1554,43.8701,37,1
lak401d,102,1340,688,2015,836,40.3848,36,1
lak401d,103,1178,967,1885,1103,41.0416,35,1
lak401d,104,1261,529,2273,801,42.4853,41,1
lak401d,105,774,483,1616,846,43.7279,41,1
lak401d,106,720,425,1662,822,42.799,38,1
lak401d,107,889,519,1564,909,41.7696,32,1
lak401d,108,855,476,1501,639,42.3137,40,1
lak401d,109,994,460,1212,807,40.6274,35,1
lak401d,110,819,312,2487,890,45.3848,41,1
lak401d,111,736,311,2310,915,47.6569,47,1
lak401d,112,637,476,2922,1112,45.2426,45,1
lak401d,113,651,438,1364,641,45.2132,40,1
lak401d,114,954,722,2755,1179,46.8995,45,1
lak401d,115,1689,811,2078,1229,45.1838,35,1
lak401d,116,1060,540,2505,1106,45.3137,43,1
lak401d,117,872,472,1648,796,47.6985,40,1
lak401d,118,872,559,1777,963,44.8995,43,1
lak401d,119,653,450,1681,727,47.799,43,1
lak401d,120,946,494,2117,943,50.1421,47,1
lak401d,121,816,302,1914,838,49.9706,46,1
lak401d,122,635,278,1249,718,50.4558,44,1
lak401d,123,826,611,2673,1189,48.3137,46,1
lak401d,124,1449,884,2764,1110,50.4264,39,1
lak401d,125,1195,756,2363,1185,48.598,38,1
lak401d,126,930,591,2694,1132,48.8995,47,1
lak401d,127,692,351,1632,671,49.3137,47,1
lak401d,128,534,474,2291,1030,51.6569,51,1
lak401d,129,1356,413,2501,1019,48.9706,45,1
lak401d,130,1600,877,2830,1361,53.4975,40,1
lak401d,131,1448,527,2905,1033,55.3137,53,1
lak401d,132,831,489,3151,1207,54.5563,51,1
lak401d,133,994,263,3716,1039,53.799,49,1
lak401d,134,897,318,2051,717,54.799,50,1
lak401d,135,792,424,1689,741,54.4853,53,1
lak401d,136,1308,702,2179,1209,54.6274,49,1
lak401d,137,1555,823,2030,901,52.4558,46,1
lak401d,138,526,235,1512,818,52.3848,48,1
lak401d,139,1521,665,2610,1043,53.4558,47,1
lak401d,140,821,660,2244,1126,57.5563,54,1
lak401d,141,963,489,1967,868,57.7279,55,1
lak401d,142,1336,858,2482,982,56.7696,47,1
lak401d,143,895,560,2887,1307,57.9706,54,1
lak401d,144,1586,559,2242,938,59.4264,48,1
lak401d,145,667,472,2405,1023,58.4853,57,1
lak401d,146,1107,861,3122,1307,59.799,55,1
lak401d,147,1338,445,3237,736,59.3137,57,1
lak401d,148,1288,559,2035,1159,58.1127,50,1
lak401d,149,1609,710,1866,1014,56.7696,47,1
lak401d,150,824,368,2895,1008,60.6569,60,1
lak401d,151,773,231,4919,874,63.4142,64,1
lak401d,152,1178,555,2448,1054,63.5269,55,1
lak401d,153,1508,870,2404,1121,63.6274,58,1
lak401d,154,1440,639,3448,1161,63.9706,60,1
lak401d,155,860,311,1820,675,62.9706,59,1
lak401d,156,807,395,3493,1057,62.8995,61,1
lak401d,157,2285,975,2545,1091,61.2548,49,1
lak401d,158,1166,365,2501,703,62.0416,56,1
lak401d,159,648,461,1596,749,63.5563,60,1
lak401d,160,1488,710,2092,859,67.5269,59,1
lak401d,161,1651,697,3127,860,65.6274,60,1
lak401d,162,798,561,2301,950,67.4558,61,1
lak401d,163,1214,604,2465,933,66.1127,58,1
lak401d,164,842,315,2173,467,65.2843,58,1
lak401d,165,1255,351,2810,927,65.4558,59,1
lak401d,166,1260,333,3488,1105,66.9411,58,1
lak401d,167,1042,737,3122,1088,66.5563,63,1
lak401d,168,1589,688,2758,1181,66.2843,59,1
lak401d,169,893,452,2814,870,65.6569,65,1
lak401d,170,1230,267,3385,819,69.3137,67,1
lak401d,171,818,482,2049,711,71.4853,70,1
lak401d,172,1258,491,1938,736,71.669,59,1
lak401d,173,970,223,2467,920,68.6985,61,1
lak401d,174,711,392,2196,966,71.5563,68,1
lak401d,175,1438,510,2558,920,70.3553,61,1
lak401d,176,1399,580,3519,853,70.4558,64,1
lak401d,177,1113,487,2488,825,70.4558,64,1
lak401d,178,748,133,2614,517,71.3137,69,1
lak401d,179,1118,917,2556,1118,71.4558,65,1
lak401d,180,976,358,2774,792,75.8701,69,1
lak401d,181,1447,603,2760,953,75.6985,68,1
lak401d,182,1059,215,2165,808,73.3848,69,1
lak401d,183,2202,356,2539,589,74.5269,66,1
lak401d,184,1227,483,2602,1100,73.3848,69,1
lak401d,185,1521,499,2387,608,73.598,63,1
lak401d,186,2039,775,3930,1145,73.5269,65,1
lak401d,187,962,326,1605,526,73.0416,67,1
lak401d,188,1117,581,2439,1003,73.2132,68,1
lak401d,189,1399,684,2783,881,73.4264,62,1
lak401d,190,1263,372,3212,941,76.3137,74,1
lak401d,191,703,236,2547,423,78.7279,76,1
lak401d,192,1373,483,1956,818,78.5269,70,1
lak401d,193,1203,538,2348,964,79.7696,70,1
lak401d,194,717,214,1504,356,77.799,73,1
lak401d,195,1402,508,2722,978,79.4975,66,1
lak401d,196,1081,403,2722,914,78.6274,73,1
lak401d,197,1791,313,2753,653,79.9411,71,1
lak401d,198,1841,686,2669,884,77.8701,71,1
lak401d,199,1946,1056,3566,1122,77.8701,71,1
lak401d,200,1279,690,2427,978,82.6274,77,1
lak401d,201,666,195,2485,461,82.2843,75,1
lak401d,202,957,478,2115,920,82.6274,77,1
lak401d,203,921,349,2067,796,83.3848,79,1
lak401d,204,659,336,4616,955,81.0711,80,1
lak401d,205,1406,374,3111,757,83.2254,66,1
lak401d,206,1119,214,2678,629,83.5269,75,1
lak401d,207,2147,672,3688,1226,81.3553,72,1
lak401d,208,1990,859,3846,1546,82.1127,74,1
lak401d,209,1246,524,2287,924,82.1838,72,1
lak401d,210,1230,338,2753,617,85.0833,72,1
lak401d,211,1154,327,3371,693,87.6274,82,1
lak401d,212,1014,554,5445,1090,85.8995,84,1
lak401d,213,2459,772,4019,1090,86.4975,73,1
lak401d,214,2334,567,3927,750,85.2548,73,1
lak401d,215,2127,1081,3832,1398,85.5269,77,1
lak401d,216,1892,406,3069,853,84.7401,70,1
lak401d,217,1365,320,3405,907,85.6985,78,1
lak401d,218,1869,353,3795,1041,85.4264,74,1
lak401d,219,1653,582,3866,910,86.8701,80,1
lak401d,220,1089,346,3322,755,88.0416,82,1
lak401d,221,1552,320,3222,683,90.799,86,1
lak401d,222,1522,542,2851,1040,88.669,76,1
lak401d,223,1080,624,2995,798,88.2843,81,1
lak401d,224,1343,1123,4413,1562,91.6569,91,1
lak401d,225,1000,323,2614,756,88.0416,82,1
lak401d,226,1205,727,3284,883,91.2843,84,1
lak401d,227,1528,275,2667,561,89.5269,81,1
lak401d,228,2326,785,3883,1170,91.1838,81,1
lak401d,229,2331,1085,2903,972,89.669,77,1
lak401d,230,822,277,2715,519,93.3137,91,1
lak401d,231,850,207,4007,830,95.3137,93,1
lak401d,232,582,206,2725,647,93.1421,90,1
lak401d,233,1858,926,3874,1011,93.1838,83,1
lak401d,234,1525,624,3918,897,95.799,91,1
lak401d,235,603,318,2656,742,94.0711,93,1
lak401d,236,1450,726,2905,847,92.5563,89,1
lak401d,237,1594,495,4209,640,94.8701,88,1
lak401d,238,1212,356,3541,959,94.8995,93,1
lak401d,239,957,262,3203,776,93.2548,81,1
lak401d,240,1040,479,2709,884,99.4558,93,1
lak401d,241,1465,558,2686,685,99.0833,86,1
lak401d,242,884,228,2416,726,99.6274,94,1
lak401d,243,1085,288,3083,722,98.9411,90,1
lak401d,244,1259,484,2843,706,96.3259,82,1
lak401d,245,1264,490,3323,1065,99.3848,95,1
lak401d,246,1774,484,5117,805,99.4558,93,1
lak401d,247,1683,487,3328,728,97.3553,88,1
lak401d,248,1001,382,3687,797,96.2843,89,1
lak401d,249,995,480,4066,965,97.1421,94,1
lak401d,250,1746,364,3350,884,101.598,91,1
lak401d,251,773,462,2713,765,100.314,98,1
lak401d,252,1747,291,2761,574,101.426,90,1
lak401d,253,1065,522,2851,955,103.284,96,1
lak401d,254,1898,321,3055,596,100.77,91,1
lak401d,255,1175,489,2590,918,100.941,92,1
lak401d,256,1835,408,5040,980,103.213,98,1
lak401d,257,2479,1178,4040,1345,102.497,89,1
lak401d,258,1215,245,4633,844,100.556,97,1
lak401d,259,1966,574,3715,846,102.527,94,1
lak401d,260,720,271,2967,767,107.728,105,1
lak401d,261,907,230,3118,673,107.941,99,1
lak401d,262,1476,443,3468,806,106.627,101,1
lak401d,263,1745,332,3606,530,107.184,97,1
lak401d,264,1341,514,4001,1109,104.012,93,1
lak401d,265,1907,262,5597,1015,107.841,96,1
lak401d,266,1724,698,3860,802,105.012,94,1
lak401d,267,2058,542,4812,980,104.113,96,1
lak401d,268,1129,349,2680,732,105.355,96,1
lak401d,269,1877,812,3828,1081,107.012,96,1
lak401d,270,1142,782,4480,1082,111.556,108,1
lak401d,271,1439,477,3803,929,110.698,103,1
lak401d,272,2639,1040,5295,1221,109.154,94,1
lak401d,273,1562,215,3970,891,110.669,98,1
lak401d,274,1046,317,3354,551,109.213,104,1
lak401d,275,2916,1495,3890,1479,110.326,96,1
lak401d,276,2044,521,3885,709,110.255,98,1
lak401d,277,2899,620,4995,926,109.539,89,1
lak401d,278,2156,333,3584,716,110.77,101,1
lak401d,279,759,257,3597,596,111.657,111,1
lak401d,280,1064,326,3337,677,114.598,104,1
lak401d,281,1119,354,3862,989,112.698,105,1
lak401d,282,1305,407,3413,675,115.012,104,1
lak401d,283,2027,537,3513,561,114.326,100,1
lak401d,284,1222,434,3044,925,113.012,102,1
lak401d,285,1333,142,4385,702,112.569,97,1
lak401d,286,880,397,2877,846,113.385,109,1
lak401d,287,998,557,5151,985,114.456,108,1
lak401d,288,1064,405,3023,934,113.355,104,1
lak401d,289,1673,451,4170,761,115.912,102,1
lak401d,290,1799,641,3407,895,119.012,108,1
lak401d,291,1813,213,4606,733,119.426,108,1
lak401d,292,1548,271,3846,771,119.083,106,1
lak401d,293,2082,585,3988,1005,117.154,102,1
lak401d,294,3744,503,5692,816,118.154,103,1
lak401d,295,1250,519,3108,648,118.042,112,1
lak401d,296,928,592,4738,962,118.556,115,1
lak401d,297,1264,322,3244,1018,117.983,102,1
lak401d,298,3335,1190,6601,1289,118.983,103,1
lak401d,299,1942,724,3700,1083,116.255,104,1
lak401d,300,1476,266,3560,563,121.912,108,1
lak401d,301,706,337,2531,604,121.485,120,1
lak401d,302,2131,924,4790,1171,123.953,103,1
lak401d,303,1752,557,3636,919,123.255,111,1
lak401d,304,2318,228,4424,560,123.326,109,1
lak401d,305,1856,680,4308,653,121.284,114,1
lak401d,306,1629,404,3978,866,121.255,109,1
lak401d,307,1309,213,3226,752,123.74,109,1
lak401d,308,706,355,3183,692,123.071,122,1
lak401d,309,2587,604,4971,796,123.912,110,1
lak401d,310,1530,392,5544,691,127.012,116,1
lak401d,311,2004,596,5465,992,124.456,118,1
lak401d,312,1392,356,3822,859,126.426,115,1
lak401d,313,1718,455,3215,737,124.669,112,1
lak401d,314,1427,723,4648,973,125.113,117,1
lak401d,315,824,375,3024,1001,126.728,124,1
lak401d,316,1651,239,6707,902,126.213,121,1
lak401d,317,1481,436,4459,904,125.012,114,1
lak401d,318,2030,522,4739,1369,125.397,109,1
lak401d,319,879,193,3739,606,127.243,127,1
lak401d,320,1265,407,3366,823,131.64,114,1
lak401d,321,1386,402,4807,929,129.569,114,1
lak401d,322,1423,276,4133,671,131.569,116,1
lak401d,323,1408,312,3693,619,129.184,119,1
lak401d,324,2537,323,4111,487,129.368,108,1
lak401d,325,1944,401,4183,686,129.539,109,1
lak401d,326,839,600,3401,519,128.556,125,1
lak401d,327,1201,491,3634,937,129.142,126,1
lak401d,328,1058,258,4382,776,128.355,119,1
lak401d,329,1941,260,4028,712,131.225,114,1
lak401d,330,1690,514,4575,846,132.971,129,1
lak401d,331,1567,690,4456,987,135.527,127,1
lak401d,332,1254,484,4016,919,134.184,124,1
lak401d,333,1625,420,3706,782,132.669,120,1
lak401d,334,1223,259,4660,602,132.971,129,1
lak401d,335,1412,648,4018,993,135.083,122,1
lak401d,336,1061,564,3958,820,134.627,129,1
lak401d,337,1517,394,3290,571,134.113,126,1
lak401d,338,1780,537,4975,910,133.912,120,1
lak401d,339,1589,376,3301,491,135.882,117,1
lak401d,340,1810,320,5020,1060,138.941,130,1
lak401d,341,2149,856,4510,945,139.569,124,1
lak401d,342,2676,372,5508,524,137.326,123,1
lak401d,343,2084,393,4134,640,138.811,122,1
lak401d,344,1366,464,4712,582,137.012,126,1
lak401d,345,1425,598,3840,1148,136.598,126,1
lak401d,346,1260,218,3924,596,138.284,131,1
lak401d,347,2319,461,3843,729,139.711,120,1
lak401d,348,2048,506,3710,921,136.225,119,1
lak401d,349,1786,238,3463,630,139.225,122,1
lak401d,350,1646,394,3426,679,140.326,126,1
lak401d,351,1303,565,3658,635,140.184,130,1
lak401d,352,1535,613,3959,1142,142.841,131,1
lak401d,353,2977,803,4654,1000,142.953,122,1
lak401d,354,1106,300,4785,715,142.456,136,1
lak401d,355,1822,300,3815,647,142.225,125,1
lak401d,356,1451,284,3823,618,141.669,129,1
lak401d,357,2059,244,3570,479,143.64,126,1
lak401d,358,1796,407,3951,823,143.083,130,1
lak401d,359,1777,320,4485,930,141.711,122,1
lak401d,360,886,206,4075,526,146.87,140,1
lak401d,361,1430,304,3785,735,144.355,135,1
lak401d,362,1604,463,3950,1062,146.225,129,1
lak401d,363,1531,552,3224,946,145.74,131,1
lak401d,364,1164,242,5907,1029,145.971,142,1
lak401d,365,1439,145,5042,772,146.77,137,1
lak401d,366,1717,308,4735,852,147.497,134,1
lak401d,367,855,305,3203,693,145.142,142,1
lak401d,368,1102,360,4692,695,145.899,144,1
lak401d,369,1204,429,4298,688,147.669,135,1
lak401d,370,2025,283,6829,561,149.698,142,1
lak401d,371,914,236,4194,689,150.556,147,1
lak401d,372,1436,252,4860,784,151.569,136,1
lak401d,373,1475,249,3890,609,150.397,134,1
lak401d,374,1450,570,3095,639,149.497,136,1
lak401d,375,2377,399,6058,449,149.225,132,1
lak401d,376,1895,360,4804,886,150.841,139,1
lak401d,377,2098,395,4149,643,149.853,126,1
lak401d,378,1148,339,3591,562,149.426,138,1
lak401d,379,1144,417,4344,1003,151.255,139,1
lak401d,380,1245,539,3529,1036,152.77,143,1
lak401d,381,2489,366,4247,669,154.841,143,1
lak401d,382,1043,286,5385,627,154.899,153,1
lak401d,383,1690,413,4191,686,155.397,139,1
lak401d,384,1531,372,4499,818,153.882,135,1
lak401d,385,1424,479,5225,798,154.971,151,1
lak401d,386,1178,430,3709,738,153.142,150,1
lak401d,387,1323,720,3773,829,152.142,149,1
lak401d,388,1178,277,3500,584,153.113,145,1
lak401d,389,1037,525,3647,1004,154.284,147,1
lak401d,390,1039,426,4131,836,159.941,151,1
lak401d,391,1219,328,4288,662,157.77,148,1
lak401d,392,2544,422,5492,750,157.196,135,1
lak401d,393,2309,618,4788,823,159.669,147,1
lak401d,394,2534,1035,5416,1241,156.196,134,1
lak401d,395,845,217,3578,583,159.314,157,1
lak401d,396,1126,401,4557,1004,156.698,149,1
lak401d,397,1148,281,3844,912,156.284,149,1
lak401d,398,2276,255,4437,441,159.64,142,1
lak401d,399,883,214,3514,639,159.728,157,1
lak401d,400,1542,761,3659,808,160.669,148,1
lak401d,401,1480,363,3997,784,160.184,150,1
lak401d,402,950,200,4598,821,163.083,150,1
lak401d,403,919,412,4141,790,162.799,158,1
lak401d,404,1732,452,6208,923,161.042,155,1
lak401d,405,1862,796,4524,986,162.598,152,1
lak401d,406,824,279,3390,587,163.799,159,1
lak401d,407,3016,967,6092,1239,163.782,142,1
lak401d,408,1805,448,4979,716,161.054,143,1
lak401d,409,2469,522,4651,987,163.539,143,1
lak401d,410,2895,253,6404,826,164.652,135,1
lak401d,411,1090,228,3923,970,164.113,156,1
lak401d,412,2092,612,5133,1351,167.74,153,1
lak401d,413,967,395,4661,714,166.385,162,1
lak401d,414,2264,619,3865,600,167.125,147,1
lak401d,415,1476,556,4019,896,165.426,154,1
lak401d,416,3032,1012,6208,1405,164.296,145,1
lak401d,417,1675,243,5919,651,167.669,155,1
lak401d,418,2438,714,4586,853,167.811,151,1
lak401d,419,1379,437,4210,819,165.042,159,1
lak401d,420,599,253,3609,701,171.414,172,1
lak401d,421,2363,282,4972,713,168.983,153,1
lak401d,422,1337,314,4034,631,170.456,164,1
lak401d,423,1540,236,4545,711,169.841,158,1
lak401d,424,1524,520,3885,581,168.841,157,1
lak401d,425,2139,462,5932,738,168.711,149,1
lak401d,426,1732,372,4364,709,171.983,156,1
lak401d,427,1923,203,4473,745,170.083,157,1
lak401d,428,1064,167,4594,587,168.456,162,1
lak401d,429,2335,270,3905,598,170.711,151,1
lak401d,430,1864,447,4796,829,173.569,158,1
lak401d,431,1471,380,4768,834,173.598,163,1
lak401d,432,1960,236,5978,850,174.184,164,1
lak401d,433,933,446,4614,758,172.142,169,1
lak401d,434,2080,451,4870,710,175.669,163,1
lak401d,435,1161,226,5372,729,175.598,165,1
lak401d,436,1044,583,4058,1166,172.284,165,1
lak401d,437,2751,752,7020,1190,174.296,155,1
lak401d,438,1786,415,4415,866,172.184,162,1
lak401d,439,1538,283,3448,584,172.113,164,1
lak401d,440,3531,583,6853,1091,176.51,151,1
lak401d,441,1586,547,4984,884,178.497,165,1
lak401d,442,837,200,4686,687,177.314,175,1
lak401d,443,1306,306,4267,597,177.255,165,1
lak401d,444,2354,324,4579,675,178.125,158,1
lak401d,445,1442,390,4771,618,179.569,164,1
lak401d,446,2091,458,7466,758,177.368,156,1
lak401d,447,1067,542,4668,775,178.456,172,1
lak401d,448,1453,321,4148,715,178.083,165,1
lak401d,449,683,121,3727,389,179.213,174,1
lak401d,450,1054,203,3883,682,182.527,174,1
lak401d,451,1254,186,5101,688,183.912,170,1
lak401d,452,1836,410,6039,762,180.225,163,1
lak401d,453,1621,197,4691,736,181.355,172,1
lak401d,454,2089,396,6423,1221,183.598,173,1
lak401d,455,1808,400,6144,751,183.154,168,1
lak401d,456,1425,322,5244,673,180.941,172,1
lak401d,457,1884,416,5016,788,180.355,171,1
lak401d,458,2105,318,5762,543,183.752,157,1
lak401d,459,1102,496,4502,826,181.799,177,1
lak401d,460,822,109,4829,569,185.142,182,1
lak401d,461,2358,255,5521,573,184.225,167,1
lak401d,462,1781,387,5088,783,185.77,176,1
lak401d,463,3356,723,6525,963,186.225,169,1
lak401d,464,3189,970,6210,1105,187.681,163,1
lak401d,465,1566,298,4415,451,185.355,176,1
lak401d,466,2563,620,6267,670,185.468,167,1
lak401d,467,1024,228,5398,647,185.154,170,1
lak401d,468,1874,335,7198,1013,186.426,175,1
lak401d,469,866,278,4975,556,186.728,184,1
lak401d,470,1599,298,5274,823,189.811,173,1
lak401d,471,1121,245,4495,513,188.426,177,1
lak401d,472,2042,530,5757,832,191.497,178,1
lak401d,473,1809,246,4940,383,188.669,176,1
lak401d,474,1549,389,5137,884,188.225,171,1
lak401d,475,1741,475,5061,881,191.711,172,1
lak401d,476,2332,642,6216,800,188.983,173,1
lak401d,477,2358,605,6667,922,191.64,174,1
lak401d,478,1965,241,6027,637,189.426,178,1
lak401d,479,1583,191,5636,804,190.439,167,1
lak401d,480,2250,366,7120,967,193.711,174,1
lak401d,481,2075,331,5558,547,192.882,174,1
lak401d,482,2749,209,5902,670,194.196,172,1
lak401d,483,1957,163,4989,854,192.569,177,1
lak401d,484,2717,324,6692,743,194.569,179,1
lak401d,485,1725,218,6209,894,192.184,182,1
lak401d,486,1121,587,4905,894,194.012,183,1
lak401d,487,1655,270,5139,836,194.74,180,1
lak401d,488,1847,293,5730,781,193.74,179,1
lak401d,489,1749,683,5561,777,193.426,182,1
lak401d,490,2096,272,5707,603,196.125,176,1
lak401d,491,3142,619,6141,1070,197.953,177,1
lak401d,492,1772,316,5665,670,197.095,172,1
lak401d,493,2220,360,6072,911,199.125,179,1
lak401d,494,1521,464,5151,819,196.083,183,1
lak401d,495,2266,510,5574,902,196.083,183,1
lak401d,496,1686,284,5318,541,199.326,185,1
lak401d,497,1514,182,5978,555,196.397,180,1
lak401d,498,2149,384,5770,760,197.64,180,1
lak401d,499,1605,283,3614,644,197.77,188,1
lak401d,500,1960,470,6808,844,201.497,188,1
lak401d,501,1852,338,6624,556,200.539,180,1
lak401d,502,1726,479,5367,836,201.598,191,1
lak401d,503,2002,384,5779,461,202.368,181,1
lak401d,504,1995,417,6396,908,203.87,197,1
lak401d,505,1092,343,5175,901,201.627,196,1
lak401d,506,1212,197,4623,431,203.598,193,1
lak401d,507,1125,278,4847,840,202.456,196,1
lak401d,508,1822,517,5916,839,203.539,183,1
lak401d,509,2240,817,5896,1245,200.983,185,1
lak401d,510,1889,240,5091,532,204.811,188,1
lak401d,511,2052,626,5042,1036,205.125,185,1
lak401d,512,2549,510,5184,650,206.539,186,1
lak401d,513,1284,180,4284,426,206.669,194,1
lak401d,514,1565,332,7445,765,207.113,199,1
lak401d,515,1435,263,4573,552,204.083,191,1
lak401d,516,1684,303,4814,628,207.225,190,1
lak401d,517,1614,399,5808,698,207.627,202,1
lak401d,518,2577,552,6777,902,204.225,187,1
lak401d,519,1841,162,4833,415,205.74,191,1
lak401d,520,2579,320,5326,557,209.468,191,1
lak401d,521,1789,223,5935,739,208.083,195,1
lak401d,522,1809,316,4778,898,208.983,193,1
lak401d,523,1438,478,3937,818,208.598,198,1
lak401d,524,1485,317,5687,1077,210.711,191,1
lak401d,525,2011,408,6417,590,210.125,190,1
lak401d,526,2023,588,5330,909,209.811,193,1
lak401d,527,2253,308,5625,441,211.64,194,1
lak401d,528,1388,207,6029,802,209.012,198,1
lak401d,529,985,169,4257,421,211.87,205,1
lak401d,530,2173,483,5501,571,215.368,194,1
lak401d,531,2480,653,6281,860,212.64,195,1
lak401d,532,1169,423,4757,826,212.87,206,1
lak401d,533,1507,726,5496,1133,213.284,206,1
lak401d,534,2344,417,7318,840,215.326,201,1
lak401d,535,1958,748,4881,1105,215.255,203,1
lak401d,536,1867,189,4524,438,212.882,194,1
lak401d,537,2373,566,6408,796,212.64,195,1
lak401d,538,1627,369,4248,797,212.669,200,1
lak401d,539,691,221,5043,651,214.485,213,1
lak401d,540,1390,234,5869,897,218.042,212,1
lak401d,541,2087,258,6046,763,216.468,198,1
lak401d,542,974,349,4658,885,216.213,211,1
lak401d,543,1703,383,6078,685,216.811,200,1
lak401d,544,2845,385,7209,713,219.225,202,1
lak401d,545,1553,320,4447,682,219.154,204,1
lak401d,546,2851,338,6628,804,216.61,194,1
lak401d,547,3504,688,7098,765,219.61,197,1
lak401d,548,1120,236,4812,684,217.456,211,1
lak401d,549,3049,595,6117,742,219.154,204,1
lak401d,550,2605,759,7088,925,221.711,202,1
lak401d,551,1690,451,5666,798,222.154,207,1
lak401d,552,2735,669,6465,912,221.983,206,1
lak401d,553,1839,525,5893,804,221.912,208,1
lak401d,554,1702,436,6296,684,221.296,202,1
lak401d,555,2039,652,5011,907,222.154,207,1
lak401d,556,1544,284,5812,601,222.326,208,1
lak401d,557,2934,569,6775,906,223.853,200,1
lak401d,558,1533,192,4923,487,220.083,207,1
lak401d,559,2741,308,7051,644,223.581,196,1
lak401d,560,1445,199,4964,686,224.74,210,1
lak401d,561,1745,256,6485,675,224.74,210,1
lak401d,562,2543,142,7121,622,227.64,210,1
lak401d,563,1680,454,6257,1106,226.326,212,1
lak401d,564,2110,406,6221,616,226.882,208,1
lak401d,565,1755,123,5036,555,226.497,213,1
lak401d,566,2308,314,6540,639,227.581,200,1
lak401d,567,1216,470,5985,829,226.77,217,1
lak401d,568,3180,505,6670,774,226.167,199,1
lak401d,569,1564,284,5620,594,225.225,208,1
lak401d,570,1833,403,6015,752,231.811,215,1
lak401d,571,2495,129,6508,509,228.368,207,1
lak401d,572,1705,382,5651,752,230.154,215,1
lak401d,573,1265,405,5526,627,230.497,217,1
lak401d,574,2306,297,6328,775,231.983,216,1
lak401d,575,1826,317,5391,754,231.77,222,1
lak401d,576,2275,515,6399,1084,231.497,218,1
lak401d,577,1044,356,5451,790,231.213,226,1
lak401d,578,1687,176,4981,486,231.225,214,1
lak401d,579,1358,359,5734,889,230.811,214,1
lak401d,580,1397,303,5175,799,234.184,224,1
lak401d,581,1460,263,4616,532,233.983,218,1
lak401d,582,2390,607,7257,1180,234.782,213,1
lak401d,583,2599,403,7649,712,233.125,213,1
lak401d,584,1277,394,5255,675,232.113,224,1
lak401d,585,1985,240,7341,720,232.238,203,1
lak401d,586,1890,483,4905,635,233.811,217,1
lak401d,587,604,432,4896,798,233.799,229,1
lak401d,588,2838,537,7633,1126,232.125,212,1
lak401d,589,2974,419,7669,576,235.711,216,1
lak401d,590,1301,321,5838,858,238.355,229,1
lak401d,591,1680,240,6861,743,237.497,224,1
lak401d,592,1502,311,6628,632,239.711,220,1
lak401d,593,2635,513,5597,736,238.711,219,1
lak401d,594,1222,192,4871,755,237.225,220,1
lak401d,595,1684,535,5507,746,239.711,220,1
lak401d,596,704,335,4989,901,237.971,234,1
lak401d,597,2417,584,5731,706,236.782,215,1
lak401d,598,3016,231,7286,716,238.823,210,1
lak401d,599,1961,289,5859,752,239.983,224,1
lak401d,600,1291,320,4642,371,243.598,233,1
lak401d,601,2534,398,6186,814,240.853,217,1
lak401d,602,1609,220,6337,530,241.87,235,1
lak401d,603,2088,256,7523,685,243.953,223,1
lak401d,604,731,215,4907,511,242.485,241,1
lak401d,605,1468,200,4809,538,240.255,228,1
lak401d,606,1703,789,6267,1207,243.083,230,1
lak401d,607,1713,471,5562,720,242.468,224,1
lak401d,608,2413,494,4985,609,242.054,224,1
lak401d,609,1480,244,5878,616,242.598,232,1
lak401d,610,740,266,5737,626,246.071,245,1
lak401d,611,1400,479,6624,709,247.154,232,1
lak401d,612,2194,213,7282,720,245.711,226,1
lak401d,613,2839,331,7171,495,246.024,223,1
lak401d,614,1456,254,5491,888,245.397,229,1
lak401d,615,2576,307,6841,631,247.066,217,1
lak401d,616,3476,1169,8544,1453,247.924,222,1
lak401d,617,2002,292,5856,601,244.196,222,1
lak401d,618,2635,390,6617,689,245.782,224,1
lak401d,619,1796,589,5958,911,245.326,231,1
lak401d,620,2079,503,6535,588,250.953,230,1
lak401d,621,2402,383,6966,1005,248.439,225,1
lak401d,622,2198,170,6179,399,249.882,231,1
lak401d,623,1910,375,6860,825,248.669,236,1
lak401d,624,2848,721,5906,897,248.853,225,1
lak401d,625,1924,328,6802,551,250.966,218,1
lak401d,626,2130,394,7352,678,249.368,228,1
lak401d,627,2258,303,7872,835,248.024,225,1
lak401d,628,2269,290,5784,484,251.882,233,1
lak401d,629,1943,654,6717,811,250.77,241,1
lak401d,630,1531,163,6002,518,253.74,239,1
lak401d,631,2231,295,6899,985,254.439,231,1
lak401d,632,1794,674,5961,1004,254.669,242,1
lak401d,633,2571,295,6899,663,255.752,229,1
lak401d,634,2319,296,6969,616,255.368,234,1
lak401d,635,1758,622,7077,873,255.941,247,1
lak401d,636,1879,386,5956,620,255.64,238,1
lak401d,637,1904,387,5750,492,252.326,238,1
lak401d,638,1602,238,8128,914,252.882,234,1
lak401d,639,2086,199,6820,525,253.225,236,1
lak401d,640,3178,786,8165,1557,258.953,238,1
lak401d,641,1674,174,6856,629,258.64,241,1
lak401d,642,2721,476,7515,664,258.853,235,1
lak401d,643,2430,324,7256,555,258.64,241,1
lak401d,644,1286,364,7111,741,257.77,248,1
lak401d,645,1514,249,6564,640,256.368,235,1
lak401d,646,3724,1002,8332,1087,256.551,224,1
lak401d,647,2509,1045,6890,1349,256.61,234,1
lak401d,648,3108,896,6540,963,256.966,224,1
lak401d,649,2491,825,6706,1216,257.782,236,1
lak401d,650,2300,394,6637,835,263.225,246,1
lak401d,651,1787,203,6883,514,263.225,246,1
lak401d,652,2231,262,7771,723,263.64,246,1
lak401d,653,1889,218,6770,577,261.095,236,1
lak401d,654,2059,586,6815,870,262.397,246,1
lak401d,655,2168,320,7371,739,261.368,240,1
lak401d,656,3114,549,6277,637,260.338,234,1
lak401d,657,3255,242,7495,474,261.024,238,1
lak401d,658,1676,195,9395,630,260.255,248,1
lak401d,659,2349,656,7923,882,261.61,239,1
lak401d,660,2002,362,5858,551,265.61,243,1
lak401d,661,2452,374,7835,835,265.953,245,1
lak401d,662,2771,392,8941,832,267.024,244,1
lak401d,663,2359,434,6279,731,264.296,245,1
lak401d,664,2761,757,8054,1392,265.095,240,1
lak401d,665,1240,435,7265,720,265.627,260,1
lak401d,666,1358,382,5715,797,266.598,256,1
lak401d,667,1785,283,5306,810,265.054,247,1
lak401d,668,1901,476,5499,654,265.196,243,1
lak401d,669,2961,200,6512,620,267.652,238,1
lak401d,670,2500,445,7034,992,268.782,247,1
lak401d,671,2692,337,6998,694,268.782,247,1
lak401d,672,1643,206,8457,932,269.284,262,1
lak401d,673,1960,617,6796,1063,269.154,254,1
lak401d,674,2975,410,7865,732,270.581,243,1
lak401d,675,1764,358,7672,760,270.267,246,1
lak401d,676,1453,363,5349,864,270.711,251,1
lak401d,677,1378,263,7269,602,268.113,260,1
lak401d,678,1781,171,6716,609,270.167,243,1
lak401d,679,2767,404,7274,762,270.539,250,1
lak401d,680,2279,304,7254,567,275.569,260,1
lak401d,681,2106,199,8684,480,273.326,259,1
lak401d,682,1830,312,7946,980,272.77,263,1
lak401d,683,1737,139,6577,569,272.698,265,1
lak401d,684,2279,339,5407,548,273.811,257,1
lak401d,685,1875,566,7686,918,274.74,260,1
lak401d,686,2341,230,5837,383,272.296,253,1
lak401d,687,3322,465,7883,556,274.468,256,1
lak401d,688,1891,449,7572,834,273.054,255,1
lak401d,689,1028,206,5696,563,274.255,262,1
lak401d,690,2245,358,6919,716,279.61,257,1
lak401d,691,2044,320,6100,666,277.811,261,1
lak401d,692,2031,521,7497,805,279.51,254,1
lak401d,693,1866,255,6868,655,278.338,252,1
lak401d,694,2774,257,9158,453,277.296,258,1
lak401d,695,1791,199,6953,466,279.113,271,1
lak401d,696,2534,502,6102,608,277.581,250,1
lak401d,697,3404,858,7412,1115,277.853,254,1
lak401d,698,1863,361,5599,615,278.61,256,1
lak401d,699,1638,603,7969,867,276.397,260,1
lak401d,700,1874,249,6680,525,280.468,262,1
lak401d,701,1685,194,5616,523,281.569,266,1
lak401d,702,542,121,5910,788,281.414,282,1
lak401d,703,2949,697,8843,811,280.225,263,1
lak401d,704,1651,209,6921,611,280.853,257,1
lak401d,705,3851,173,9758,752,280.095,255,1
lak401d,706,651,387,6776,890,282.485,281,1
lak401d,707,2134,336,8099,1035,281.154,266,1
lak401d,708,1419,524,6200,696,283.426,272,1
lak401d,709,2589,498,7943,741,282.426,271,1
lak401d,710,3208,492,7397,602,284.066,254,1
lak401d,711,1885,203,6020,490,286.326,272,1
lak401d,712,1627,305,8607,544,287.095,262,1
lak401d,713,1429,231,6017,698,285.439,262,1
lak401d,714,2558,338,7569,683,286.51,261,1
lak401d,715,1177,235,6843,658,286.113,278,1
lak401d,716,1958,433,7845,1003,285.083,272,1
lak401d,717,1937,212,6103,429,284.983,269,1
lak401d,718,1881,601,6635,1100,285.154,270,1
lak401d,719,1931,513,6964,653,287.468,269,1
lak401d,720,1777,176,7398,366,291.87,285,1
lak401d,721,1434,265,6656,468,288.397,272,1
lak401d,722,1858,168,6466,524,288.569,273,1
lak401d,723,1394,247,5631,522,289.669,277,1
lak401d,724,2397,372,7414,638,290.853,267,1
lak401d,725,1951,565,8056,1252,291.154,276,1
lak401d,726,1020,164,6223,616,290.184,280,1
lak401d,727,1835,334,6325,633,290.61,268,1
lak401d,728,2119,390,7741,681,290.196,268,1
lak401d,729,2359,388,7198,924,288.853,265,1
lak401d,730,1351,267,7042,497,295.397,279,1
lak401d,731,2647,724,8385,1013,293.539,273,1
lak401d,732,1450,239,7860,457,293.853,270,1
lak401d,733,1769,281,8156,909,292.598,282,1
lak401d,734,1606,527,5970,957,295.681,271,1
lak401d,735,2319,407,7771,848,294.711,275,1
lak401d,736,1468,396,6378,663,295.083,282,1
lak401d,737,2141,234,6787,659,292.953,272,1
lak401d,738,2352,414,7729,686,293.823,265,1
lak401d,739,1990,266,6267,649,294.368,273,1
lak401d,740,1683,214,6538,463,297.539,277,1
lak401d,741,1881,238,8827,744,297.184,287,1
lak401d,742,1844,249,5759,464,296.468,278,1
lak401d,743,2384,363,7361,630,296.61,274,1
lak401d,744,1506,320,6435,1082,299.77,290,1
lak401d,745,2456,347,8247,705,299.024,276,1
lak401d,746,2155,405,7880,676,299.125,279,1
lak401d,747,1932,570,8069,942,296.752,270,1
lak401d,748,1840,402,6379,648,296.409,268,1
lak401d,749,3900,628,7695,916,298.037,263,1
lak401d,750,1877,457,7096,552,303.782,282,1
lak401d,751,2564,400,7101,626,301.752,275,1
lak401d,752,1334,111,7661,430,300.296,281,1
lak401d,753,1898,464,7060,563,303.539,283,1
lak401d,754,1927,197,7397,509,302.196,280,1
lak401d,755,2078,171,7381,559,301.598,291,1
lak401d,756,2937,745,7336,994,301.995,274,1
lak401d,757,2607,405,7174,584,303.581,276,1
lak401d,758,2918,214,7867,573,300.238,271,1
lak401d,759,1158,218,6994,622,301.426,290,1
lak401d,760,2831,230,7412,459,307.48,277,1
lak401d,761,1538,122,6735,470,305.184,295,1
lak401d,762,2072,593,7405,956,306.468,288,1
lak401d,763,2135,310,6530,607,307.64,290,1
lak401d,764,1868,338,6032,538,305.024,282,1
lak401d,765,1584,364,7236,641,307.255,295,1
lak401d,766,3368,460,9163,738,306.095,281,1
lak401d,767,2084,791,7742,1032,306.811,290,1
lak401d,768,2289,336,6741,693,306.267,282,1
lak401d,769,999,164,6734,658,307.527,299,1
lak401d,770,3647,584,8595,859,310.752,284,1
lak401d,771,3287,336,9099,768,311.095,286,1
lak401d,772,1924,381,8021,676,308.853,285,1
lak401d,773,3051,223,8843,483,308.48,278,1
lak401d,774,3305,270,9456,647,309.966,277,1
lak401d,775,2365,859,7933,1082,310.368,289,1
lak401d,776,1942,347,6895,521,308.196,286,1
lak401d,777,2145,603,7336,657,308.711,289,1
lak401d,778,2045,341,7130,573,310.622,276,1
lak401d,779,2092,297,8102,768,310.539,290,1
lak401d,780,1221,188,7907,805,313.711,294,1
lak401d,781,2553,343,7173,642,314.924,289,1
lak401d,782,1844,257,6658,554,315.154,300,1
lak401d,783,1339,427,7254,635,313.426,302,1
lak401d,784,3708,644,10610,841,314.167,287,1
lak401d,785,2080,213,9042,876,315.811,299,1
lak401d,786,2368,302,9136,578,315.61,293,1
lak401d,787,3230,528,8771,717,313.953,293,1
lak401d,788,1871,176,7369,632,313.225,296,1
lak401d,789,2131,271,8360,907,312.024,289,1
lak401d,790,1450,432,7208,723,316.983,301,1
lak401d,791,2416,921,6938,1200,319.125,299,1
lak401d,792,2138,199,7078,516,318.468,300,1
lak401d,793,2189,642,7441,652,317.853,294,1
lak401d,794,2530,232,8233,377,319.953,299,1
lak401d,795,1844,560,7736,890,318.669,306,1
lak401d,796,2291,736,7889,925,316.581,289,1
lak401d,797,1307,235,6267,536,316.397,300,1
lak401d,798,1199,375,5611,807,317.853,294,1
lak401d,799,1222,246,6715,858,319.87,313,1
lak401d,800,3172,578,7180,626,323.48,293,1
lak401d,801,1922,545,7409,507,320.853,297,1
lak401d,802,1490,288,6686,824,323.77,314,1
lak401d,803,2122,365,7235,904,322.853,299,1
lak401d,804,3637,613,9196,923,323.296,304,1
lak401d,805,2662,383,7050,540,320.782,299,1
lak401d,806,1363,362,7282,865,322.083,309,1
lak401d,807,1890,406,6900,827,321.581,294,1
lak401d,808,2453,373,9095,1052,320.054,302,1
lak401d,809,1867,591,7216,1053,322.87,316,1
lak401d,810,2999,564,9837,931,326.551,294,1
lak401d,811,1667,171,6822,442,326.154,311,1
lak401d,812,1614,241,8484,858,324.74,310,1
lak401d,813,2547,387,8808,720,325.882,307,1
lak401d,814,3178,534,8141,920,324.267,300,1
lak401d,815,1379,200,7660,784,326.184,316,1
lak401d,816,1978,282,8055,510,327.154,312,1
lak401d,817,2538,594,7037,727,327.338,301,1
lak401d,818,1893,214,7898,475,327.61,305,1
lak401d,819,2771,431,8703,710,325.338,299,1
lak401d,820,1707,180,6438,583,329.397,313,1
lak401d,821,2433,432,7090,603,328.167,301,1
lak401d,822,1482,262,7543,877,330.61,308,1
lak401d,823,2039,372,8850,895,331.669,319,1
lak401d,824,2279,142,7991,482,331.267,307,1
lak401d,825,2259,438,7987,885,330.154,315,1
lak401d,826,1611,362,7960,786,331.983,316,1
lak401d,827,3928,344,10919,525,330.995,303,1
lak401d,828,1196,161,6234,557,331.012,320,1
lak401d,829,1371,529,7082,886,328.497,315,1
lak401d,830,1348,324,7345,601,333.125,313,1
lak401d,831,2321,413,7055,586,335.338,309,1
lak401d,832,1665,428,7744,684,332.853,309,1
lak401d,833,1207,170,7473,447,334.598,324,1
lak401d,834,3120,208,10164,560,332.966,300,1
lak401d,835,1741,210,8703,675,333.012,322,1
lak401d,836,2492,241,7771,632,335.125,315,1
lak401d,837,2134,571,7622,647,333.196,311,1
lak401d,838,2073,288,9578,530,335.539,315,1
lak401d,839,1849,325,8341,536,333.912,320,1
lak401d,840,2035,589,8325,517,339.154,324,1
lak401d,841,2812,306,8091,961,339.037,304,1
lak401d,842,1761,280,8006,586,336.024,313,1
lak401d,843,1551,243,8115,435,336.539,316,1
lak401d,844,2523,666,9830,1189,337.74,323,1
lak401d,845,2178,352,8097,905,339.711,320,1
lak401d,846,1769,322,8372,852,338.995,311,1
lak401d,847,1720,343,7738,631,339.497,326,1
lak401d,848,2215,441,7740,720,336.841,325,1
lak401d,849,2199,366,7807,789,336.196,314,1
lak401d,850,1663,364,7775,669,342.74,328,1
lak401d,851,2142,151,7303,511,341.782,320,1
lak401d,852,2602,260,8554,537,342.74,328,1
lak401d,853,1696,284,8373,966,342.054,324,1
lak401d,854,2304,494,9260,588,343.723,312,1
lak401d,855,2387,381,7623,602,340.995,313,1
lak401d,856,1988,433,8436,860,343.811,327,1
lak401d,857,1997,657,8826,1023,342.497,329,1
lak401d,858,1527,294,7612,602,342.811,326,1
lak401d,859,1787,192,7751,404,342.953,322,1
lak401d,860,3172,312,10341,503,345.936,308,1
lak401d,861,2214,306,10501,695,344.983,329,1
lak401d,862,2719,305,8735,561,345.137,313,1
lak401d,863,3423,967,9068,1250,345.652,316,1
lak401d,864,2275,235,8139,437,345.024,322,1
lak401d,865,2881,568,9682,785,344.823,316,1
lak401d,866,1681,264,8971,562,346.652,317,1
lak401d,867,1539,460,8828,1000,345.225,328,1
lak401d,868,3331,623,9936,901,346.054,328,1
lak401d,869,2832,395,9939,569,346.953,326,1
lak401d,870,1644,317,8025,766,349.983,334,1
lak401d,871,1444,267,6520,637,351.054,333,1
lak401d,872,3288,318,9616,653,351.208,317,1
lak401d,873,3345,421,9560,867,351.924,326,1
lak401d,874,2997,661,8190,740,348.48,318,1
lak401d,875,1698,439,8526,1104,350.912,337,1
lak401d,876,2837,313,8567,720,349.368,328,1
lak401d,877,2060,369,8179,632,350.51,325,1
lak401d,878,1758,328,8708,877,350.083,337,1
lak401d,879,2745,388,9246,535,348.539,328,1
lak401d,880,2724,463,8620,602,353.267,329,1
lak401d,881,2889,361,8476,556,355.037,320,1
lak401d,882,2012,308,7850,592,352.338,326,1
lak401d,883,1085,153,7313,581,354.255,342,1
lak401d,884,1948,263,7668,467,353.669,341,1
lak401d,885,2739,297,8312,575,355.61,333,1
lak401d,886,2242,498,7939,642,355.681,331,1
lak401d,887,1279,340,7532,819,352.113,344,1
lak401d,888,1445,175,7390,506,354.225,337,1
lak401d,889,1784,314,8155,661,355.468,337,1
lak401d,890,1206,271,6614,640,359.497,346,1
lak401d,891,2772,234,9113,510,359.368,338,1
lak401d,892,2815,491,8992,666,357.966,325,1
lak401d,893,2924,553,9153,926,357.782,336,1
lak401d,894,2270,409,8971,701,356.51,331,1
lak401d,895,2059,445,8723,821,359.054,341,1
lak401d,896,1816,370,8461,817,357.368,336,1
lak401d,897,2723,301,9630,492,359.681,335,1
lak401d,898,3898,475,11222,863,359.338,333,1
lak401d,899,2620,283,8675,495,356.61,334,1
lak401d,900,2152,354,9591,730,362.953,342,1
lak401d,901,1932,182,7098,521,360.468,342,1
lak401d,902,2409,235,9371,659,361.066,331,1
lak401d,903,2152,473,9673,862,362.368,341,1
lak401d,904,1295,327,8198,584,360.74,346,1
lak401d,905,2464,536,8572,655,362.966,330,1
lak401d,906,1557,249,6341,508,363.439,340,1
lak401d,907,2541,288,8774,524,361.267,337,1
lak401d,908,1315,243,6936,555,361.527,353,1
lak401d,909,3031,560,9661,945,363.64,346,1
lak401d,910,2506,359,8538,643,365.267,341,1
lak401d,911,2046,362,7778,871,367.61,345,1
lak401d,912,1690,198,5429,477,364.953,344,1
lak401d,913,1578,241,8203,613,367.64,350,1
lak401d,914,3592,341,11105,723,367.35,329,1
lak401d,915,3152,275,9741,747,365.397,349,1
lak401d,916,2499,487,9820,1033,364.439,341,1
lak401d,917,1366,175,7041,602,366.184,356,1
lak401d,918,2417,515,9661,640,366.782,345,1
lak401d,919,2487,259,9814,801,365.007,325,1
lak401d,920,1583,175,8312,535,371.64,354,1
lak401d,921,2038,243,9829,446,368.066,338,1
lak401d,922,3079,855,10397,1354,369.024,346,1
lak401d,923,2602,227,10859,596,368.326,354,1
lak401d,924,2409,294,9460,596,368.196,346,1
lak401d,925,3062,335,9461,548,369.024,346,1
lak401d,926,2424,354,9042,482,370.137,338,1
lak401d,927,1526,190,7457,547,371.184,361,1
lak401d,928,2319,109,8338,363,368.711,349,1
lak401d,929,2065,184,9093,605,369.024,346,1
lak401d,930,2041,295,8450,539,374.196,352,1
lak401d,931,2043,365,7245,579,375.497,362,1
lak401d,932,1293,234,6187,527,373.083,360,1
lak401d,933,2702,158,9714,838,373.853,350,1
lak401d,934,1495,399,8958,836,375.74,361,1
lak401d,935,1518,608,8932,1027,373.811,357,1
lak401d,936,1703,226,7545,578,374.853,351,1
lak401d,937,1885,253,8508,682,372.811,356,1
lak401d,938,1486,390,8794,1182,372.326,358,1
lak401d,939,2081,115,9099,449,375.966,343,1
lak401d,940,1621,554,6214,599,379.527,371,1
lak401d,941,1675,678,7158,1120,379.154,364,1
lak401d,942,2419,400,9369,992,379.953,359,1
lak401d,943,2095,240,10577,771,378.397,362,1
lak401d,944,1315,595,7692,712,376.527,368,1
lak401d,945,1887,377,7584,573,378.125,358,1
lak401d,946,1135,346,7466,881,378.711,359,1
lak401d,947,2578,172,9018,483,378.823,350,1
lak401d,948,1721,186,8337,765,377.882,359,1
lak401d,949,2030,223,10085,500,379.811,363,1
lak401d,950,3450,163,10364,612,382.693,346,1
lak401d,951,3019,844,10994,1397,383.267,359,1
lak401d,952,1630,436,8940,825,381.811,365,1
lak401d,953,1914,237,7304,531,381.125,361,1
lak401d,954,3189,385,7334,578,383.907,341,1
lak401d,955,3059,167,8954,508,383.196,361,1
lak401d,956,1767,238,8315,581,381.225,364,1
lak401d,957,2506,408,8365,656,382.095,357,1
lak401d,958,2498,461,9324,580,381.338,355,1
lak401d,959,3292,347,8728,632,381.865,346,1
lak401d,960,1384,294,8730,563,387.083,374,1
lak401d,961,2517,556,10184,740,384.74,370,1
lak401d,962,1279,253,6249,365,384.113,376,1
lak401d,963,2678,384,8349,563,386.054,368,1
lak401d,964,1785,136,9707,920,385.669,373,1
lak401d,965,2865,298,8491,605,385.811,369,1
lak401d,966,2217,173,8746,396,386.368,365,1
lak401d,967,3040,212,8145,449,385.338,359,1
lak401d,968,2331,179,9491,402,384.966,352,1
lak401d,969,2248,251,11148,765,384.125,364,1
lak401d,970,1702,286,8189,705,391.024,368,1
lak401d,971,1325,364,6754,607,391.054,373,1
lak401d,972,1569,147,7789,570,388.468,370,1
lak401d,973,3035,397,9606,779,391.995,364,1
lak401d,974,1784,317,7658,522,389.823,361,1
lak401d,975,997,241,7730,568,390.527,382,1
lak401d,976,1373,445,8254,732,389.468,371,1
lak401d,977,2821,483,8796,491,390.652,361,1
lak401d,978,2072,238,9589,1061,388.355,379,1
lak401d,979,2323,253,7813,571,391.61,369,1
lak401d,980,2123,748,9171,1143,395.711,376,1
lak401d,981,2180,462,9403,826,392.841,381,1
lak401d,982,2339,203,9177,777,392.137,360,1
lak401d,983,2400,189,8786,364,394.024,371,1
lak401d,984,1607,529,8115,968,394.368,373,1
lak401d,985,2217,211,9749,685,392.983,377,1
lak401d,986,1966,242,9235,472,394.054,376,1
lak401d,987,1706,265,9366,862,395.184,385,1
lak401d,988,2058,438,8550,516,393.539,373,1
lak401d,989,2668,252,10195,637,394.309,363,1
lak401d,990,1845,339,10504,673,398.539,378,1
lak401d,991,2437,241,8980,532,397.752,371,1
lak401d,992,2123,180,7176,486,399.622,365,1
lak401d,993,2645,168,10525,566,398.024,375,1
lak401d,994,2125,248,8953,559,396.74,382,1
lak401d,995,941,164,8243,494,397.74,383,1
lak401d,996,2065,159,7849,392,398.309,367,1
lak401d,997,2029,604,7812,571,396.054,378,1
lak401d,998,1847,676,9839,1284,396.225,379,1
lak401d,999,1717,242,8307,651,396.64,379,1
lak401d,1000,1557,294,6695,673,400.841,389,1
lak401d,1001,2050,447,8591,585,403.095,378,1
lak401d,1002,1991,185,8717,603,403.326,389,1
lak401d,1003,2637,589,8581,840,403.267,379,1
lak401d,1004,2655,276,9063,476,403.794,370,1
lak401d,1005,1942,229,11906,600,402.083,389,1
lak401d,1006,1929,172,10041,551,403.066,373,1
lak401d,1007,3753,362,10789,573,400.492,358,1
lak401d,1008,1480,359,10566,717,402.113,394,1
lak401d,1009,1579,152,10347,608,402.296,383,1
lak401d,1010,2607,146,9143,468,405.309,374,1
lak401d,1011,2743,1170,9601,1430,405.539,385,1
lak401d,1012,2295,403,10295,657,405.894,375,1
lak401d,1013,2597,336,9250,798,406.451,371,1
lak401d,1014,1766,193,7319,476,404.196,382,1
lak401d,1015,1599,285,8958,614,404.125,384,1
lak401d,1016,1746,328,7532,810,407.355,398,1
lak401d,1017,1195,262,7695,537,407.326,393,1
lak401d,1018,2489,296,8965,593,406.622,372,1
lak401d,1019,1886,277,6649,501,404.255,392,1
lak401d,1020,2237,461,9139,767,408.782,387,1
lak401d,1021,4168,574,11069,688,409.966,377,1
lak401d,1022,2647,183,10035,600,408.409,380,1
lak401d,1023,2124,230,8997,472,408.167,381,1
lak401d,1024,2457,275,10229,738,410.74,396,1
lak401d,1025,2000,335,9549,541,410.74,396,1
lak401d,1026,2376,303,9253,504,409.995,382,1
lak401d,1027,2044,170,8868,389,410.622,376,1
lak401d,1028,1998,303,9932,619,409.711,390,1
lak401d,1029,2057,278,8691,787,409.238,380,1
lak401d,1030,2320,439,9283,862,414.38,381,1
lak401d,1031,1632,208,7701,683,412.38,379,1
lak401d,1032,2035,290,6996,620,413.208,379,1
lak401d,1033,2275,204,10825,763,412.64,395,1
lak401d,1034,2035,139,8622,433,414.368,393,1
lak401d,1035,2371,300,9457,507,414.296,395,1
lak401d,1036,2040,319,8741,599,412.74,398,1
lak401d,1037,2287,148,9641,431,415.167,388,1
lak401d,1038,1928,171,9318,497,415.823,387,1
lak401d,1039,1805,214,8697,383,415.024,392,1
lak401d,1040,2505,351,12241,583,419.64,402,1
lak401d,1041,2144,168,9091,431,419.208,385,1
lak401d,1042,2129,173,9658,490,419.64,402,1
lak401d,1043,1825,685,9044,1159,416.539,396,1
lak401d,1044,1709,330,10448,639,418.255,406,1
lak401d,1045,1734,206,8577,384,418.61,396,1
lak401d,1046,2183,305,9468,628,419.196,397,1
lak401d,1047,3592,300,11682,598,416.593,377,1
lak401d,1048,2084,201,9574,590,419.823,391,1
lak401d,1049,2255,564,9385,545,418.368,397,1
lak401d,1050,1700,560,8927,649,422.368,401,1
lak401d,1051,2882,1121,9855,1363,421.711,402,1
lak401d,1052,2386,408,10248,843,422.74,408,1
lak401d,1053,4082,332,10821,473,420.563,376,1
lak401d,1054,2006,233,9868,619,422.196,400,1
lak401d,1055,3405,685,10867,770,421.853,398,1
lak401d,1056,1980,201,11306,856,423.912,410,1
lak401d,1057,2651,271,9668,552,423.983,408,1
lak401d,1058,2007,404,9414,842,420.095,395,1
lak401d,1059,2323,645,11031,1155,421.983,406,1
lak401d,1060,2534,210,10667,688,426.811,410,1
lak401d,1061,2071,177,8763,459,424.569,409,1
lak401d,1062,1575,202,10015,506,426.083,413,1
lak401d,1063,1951,427,9400,686,426.154,411,1
lak401d,1064,1983,172,9599,440,426.439,403,1
lak401d,1065,1643,251,8320,741,426.953,406,1
lak401d,1066,2911,817,10208,1140,427.196,405,1
lak401d,1067,2733,309,9531,465,425.208,391,1
lak401d,1068,2063,527,9582,878,427.711,408,1
lak401d,1069,2741,222,10823,1025,424.238,395,1
lak401d,1070,2187,307,10526,828,428.296,409,1
lak401d,1071,2484,414,8894,862,429.238,400,1
lak401d,1072,1764,168,8828,853,431.782,410,1
lak401d,1073,2525,686,9938,1223,428.681,404,1
lak401d,1074,2340,284,9527,686,430.095,405,1
lak401d,1075,2213,732,9418,1082,428.953,408,1
lak401d,1076,2022,217,8883,500,430.397,414,1
lak401d,1077,2182,221,10274,514,431.882,413,1
lak401d,1078,1517,400,9206,874,431.355,422,1
lak401d,1079,2303,398,9673,560,431.811,415,1
lak401d,1080,2906,466,8814,514,433.995,406,1
lak401d,1081,2205,204,11271,838,434.64,417,1
lak401d,1082,2347,276,10826,716,434.338,408,1
lak401d,1083,2662,944,9012,1199,432.924,407,1
lak401d,1084,1362,243,8287,476,433.284,426,1
lak401d,1085,2351,205,11139,656,435.468,417,1
lak401d,1086,1823,204,8833,500,432.296,413,1
lak401d,1087,3282,486,10568,594,434.51,409,1
lak401d,1088,2605,375,12190,859,432.711,413,1
lak401d,1089,2336,566,10839,1019,432.225,415,1
lak401d,1090,2042,242,9026,507,438.853,415,1
lak401d,1091,2705,671,10265,1406,439.581,412,1
lak401d,1092,2611,731,10719,742,436.439,413,1
lak401d,1093,2441,845,10013,1144,436.196,414,1
lak401d,1094,2999,503,11300,862,438.51,413,1
lak401d,1095,2216,387,8818,591,438.983,423,1
lak401d,1096,1485,308,9735,1032,438.497,425,1
lak401d,1097,2179,224,9877,479,437.794,404,1
lak401d,1098,2367,517,9925,879,438.267,414,1
lak401d,1099,2013,336,8076,765,439.238,410,1
lak401d,1100,2798,337,9947,792,441.51,416,1
lak401d,1101,1825,376,10020,930,440.083,427,1
lak401d,1102,1991,488,8999,696,441.882,423,1
lak401d,1103,2646,219,10753,589,443.64,426,1
lak401d,1104,2284,149,11016,374,443.551,411,1
lak401d,1105,1814,192,8201,435,443.823,415,1
lak401d,1106,3090,353,12248,700,441.882,423,1
lak401d,1107,1927,724,12386,1043,440.426,429,1
lak401d,1108,2220,191,9869,602,443.468,425,1
lak401d,1109,1734,329,8861,697,441.882,423,1
lak401d,1110,4634,346,13211,676,444.049,397,1
lak401d,1111,2768,205,12162,568,446.752,420,1
lak401d,1112,2263,154,11053,510,444.296,425,1
lak401d,1113,2751,274,10479,494,447.066,417,1
lak401d,1114,2524,288,11141,593,446.782,425,1
lak401d,1115,2038,308,10298,917,447.338,421,1
lak401d,1116,1986,178,9389,547,445.598,435,1
lak401d,1117,1838,412,9642,790,444.468,426,1
lak401d,1118,2048,189,9487,595,444.368,423,1
lak401d,1119,2140,621,10217,1092,447.054,429,1
lak401d,1120,1777,213,8689,759,450.711,431,1
lak401d,1121,1466,490,8771,982,451.711,432,1
lak401d,1122,1748,198,10269,769,450.154,435,1
lak401d,1123,2709,275,9810,518,451.51,426,1
lak401d,1124,2353,276,10252,664,451.066,421,1
lak401d,1125,2211,535,8228,592,449.184,439,1
lak401d,1126,1738,284,10377,461,449.054,431,1
lak401d,1127,1731,181,9599,444,451.024,428,1
lak401d,1128,1856,203,8164,374,451.296,432,1
lak401d,1129,2496,388,9704,748,451.368,430,1
lak401d,1130,1746,235,10816,983,453.841,442,1
lak401d,1131,2429,342,10249,831,452.61,430,1
lak401d,1132,2132,331,9509,618,454.953,434,1
lak401d,1133,2258,264,9170,626,452.693,416,1
lak401d,1134,2006,457,10567,519,452.61,430,1
lak401d,1135,1325,221,7881,557,455.711,436,1
lak401d,1136,1826,204,8766,453,455.61,433,1
lak401d,1137,1864,485,9347,611,455.054,437,1
lak401d,1138,2862,461,11554,686,455.652,426,1
lak401d,1139,3683,323,11802,590,455.078,413,1
lak401d,1140,2241,545,10852,1056,456.468,438,1
lak401d,1141,2426,400,11447,634,456.125,436,1
lak401d,1142,2245,567,10148,596,458.368,437,1
lak401d,1143,1518,160,7658,646,459.61,437,1
lak401d,1144,3817,563,12307,683,458.983,443,1
lak401d,1145,2113,713,10311,1353,456.61,434,1
lak401d,1146,2148,296,9787,536,457.196,435,1
lak401d,1147,4444,526,11704,634,458.434,406,1
lak401d,1148,1725,265,8563,718,458.167,431,1
lak401d,1149,1901,481,10940,921,458.196,436,1
lak401d,1150,2861,286,10011,563,463.924,438,1
lak401d,1151,1805,332,9934,572,461.61,439,1
lak401d,1152,2052,199,8509,400,462.48,432,1
lak401d,1153,2077,132,11098,596,463.497,450,1
lak401d,1154,2381,765,10445,1195,461.409,433,1
lak401d,1155,2613,377,10026,725,461.782,440,1
lak401d,1156,1969,494,10065,934,461.196,439,1
lak401d,1157,3099,465,10240,829,463.095,438,1
lak401d,1158,1402,281,9052,825,462.953,442,1
lak401d,1159,2293,462,9428,801,463.966,431,1
lak401d,1160,2097,553,10635,823,464.024,441,1
lak401d,1161,2201,228,11958,723,464.125,444,1
lak401d,1162,2371,428,10191,674,464.338,438,1
lak401d,1163,1223,211,8785,651,464.782,443,1
lak401d,1164,2513,455,11211,944,464.296,445,1
lak401d,1165,2133,366,9218,693,464.338,438,1
lak401d,1166,2468,486,10582,626,464.208,430,1
lak401d,1167,2563,184,9926,526,466.095,441,1
lak401d,1168,2474,585,9831,826,465.066,435,1
lak401d,1169,2467,194,10487,563,466.296,447,1
lak401d,1170,1863,166,8736,458,469.196,447,1
lak401d,1171,2245,116,9919,490,468.108,431,1
lak401d,1172,2860,478,10791,599,470.64,453,1
lak401d,1173,2347,212,9497,692,471.48,441,1
lak401d,1174,2447,393,9523,727,469.279,433,1
lak401d,1175,2132,513,10837,908,471.924,446,1
lak401d,1176,1493,192,8673,463,468.368,447,1
lak401d,1177,2163,317,9789,651,469.995,442,1
lak401d,1178,2666,305,12027,1031,468.983,453,1
lak401d,1179,2321,215,11757,639,470.539,450,1
lak401d,1180,1864,326,10767,671,472.468,454,1
lak401d,1181,2396,305,9913,658,474.995,447,1
lak401d,1182,1938,201,10224,457,475.941,467,1
lak401d,1183,1963,623,12119,1184,473.912,460,1
lak401d,1184,2391,351,10245,925,475.853,452,1
lak401d,1185,2223,359,11640,762,472.468,454,1
lak401d,1186,1724,450,11291,864,473.841,462,1
lak401d,1187,2067,623,9337,1091,473.61,451,1
lak401d,1188,2399,162,10824,532,474.037,439,1
lak401d,1189,2830,283,10608,716,474.439,451,1
lak401d,1190,2328,162,9109,413,478.167,451,1
lak401d,1191,1754,203,7470,449,477.894,447,1
lak401d,1192,1697,356,7457,613,477.953,457,1
lak401d,1193,2278,463,11587,593,476.024,453,1
lak401d,1194,2257,399,10563,846,477.238,448,1
lak401d,1195,2519,240,10582,611,477.024,454,1
lak401d,1196,1986,405,8886,702,479.409,451,1
lak401d,1197,1859,448,10387,792,479.095,454,1
lak401d,1198,2780,542,10495,497,476.995,449,1
lak401d,1199,3253,242,12970,549,476.066,446,1
lak401d,1200,2354,606,11364,1073,480.995,453,1
lak401d,1201,2096,315,10996,643,481.539,461,1
lak401d,1202,1642,325,10084,684,482.711,463,1
lak401d,1203,2179,202,11822,652,483.811,467,1
lak401d,1204,2046,244,10104,710,481.924,456,1
lak401d,1205,2198,288,11745,581,482.368,461,1
lak401d,1206,1691,298,10145,720,481.125,461,1
lak401d,1207,2027,246,9785,663,483.953,463,1
lak401d,1208,1947,422,10949,604,481.439,458,1
lak401d,1209,1805,294,9776,596,482.451,447,1
lak401d,1210,1845,357,11336,1008,484.125,464,1
lak401d,1211,2688,557,9943,799,487.539,467,1
lak401d,1212,2343,566,9334,970,485.823,457,1
lak401d,1213,1751,241,12627,617,484.74,470,1
lak401d,1214,2297,562,11310,1159,487.995,460,1
lak401d,1215,1899,302,10535,698,484.912,471,1
lak401d,1216,2752,640,11614,818,484.853,461,1
lak401d,1217,2027,307,10632,659,486.51,461,1
lak401d,1218,1683,194,9890,472,484.64,467,1
lak401d,1219,2455,588,11072,811,487.652,458,1
lak401d,1220,2565,339,10123,588,491.953,471,1
lak401d,1221,1949,279,7806,538,488.368,467,1
lak401d,1222,2382,340,11542,602,489.64,472,1
lak401d,1223,2133,363,10565,1141,489.681,465,1
lak401d,1224,3140,280,11018,569,490.368,469,1
lak401d,1225,2282,233,9658,568,488.823,460,1
lak401d,1226,2183,586,9228,716,488.154,473,1
lak401d,1227,2034,172,8836,521,488.924,463,1
lak401d,1228,1962,282,9319,557,490.125,470,1
lak401d,1229,2196,694,11021,919,491.267,467,1
lak401d,1230,1876,249,9723,810,495.368,474,1
lak401d,1231,2655,336,11029,467,495.995,468,1
lak401d,1232,2532,379,9971,597,492.752,466,1
lak401d,1233,2176,344,10582,707,494.196,472,1
lak401d,1234,2747,336,10413,599,494.764,456,1
lak401d,1235,2400,255,9070,555,494.51,469,1
lak401d,1236,2193,247,9149,603,495.48,465,1
lak401d,1237,2286,334,10977,563,494.095,469,1
lak401d,1238,2473,479,10796,823,494.167,467,1
lak401d,1239,2501,236,10272,831,493.983,478,1
lak401d,1240,2371,787,10962,789,498.238,469,1
lak401d,1241,1802,186,9331,436,496.61,474,1
lak401d,1242,1586,175,8578,480,499.569,484,1
lak401d,1243,1767,172,8399,495,496.64,479,1
lak401d,1244,1406,173,8709,553,498.426,487,1
lak401d,1245,1860,361,11080,986,497.468,479,1
lak401d,1246,2771,570,10322,584,499.894,469,1
lak401d,1247,2487,721,12069,1201,498.581,471,1
lak401d,1248,2088,358,11555,736,498.782,477,1
lak401d,1249,1889,563,9182,635,497.752,471,1
lak401d,1250,1614,179,9421,491,503.681,479,1
lak401d,1251,1517,171,8668,428,500.167,473,1
lak401d,1252,2400,300,11359,578,500.522,463,1
lak401d,1253,1645,286,9730,507,501.752,475,1
lak401d,1254,2691,377,11424,697,502.551,470,1
lak401d,1255,2353,195,10155,519,501.995,474,1
lak401d,1256,2212,192,11921,991,502.752,476,1
lak401d,1257,1586,301,9914,540,503.267,479,1
lak401d,1258,1672,254,10227,554,500.782,479,1
lak401d,1259,1876,253,10696,725,502.439,479,1
lak401d,1260,2436,181,12116,728,505.723,474,1
lak401d,1261,1969,297,10519,838,507.095,482,1
lak401d,1262,1837,284,9380,398,505.752,479,1
lak401d,1263,1739,200,10324,620,507.782,486,1
lak401d,1264,2060,285,12645,896,505.811,489,1
lak401d,1265,1600,151,9620,412,507.581,480,1
lak401d,1266,2513,282,10044,374,504.794,471,1
lak401d,1267,1799,220,13139,757,506.669,494,1
lak401d,1268,2689,480,10384,882,506.622,472,1
lak401d,1269,2575,162,11127,529,504.167,477,1
lak401d,1270,2769,423,13616,703,510.711,491,1
lak401d,1271,2082,255,10136,403,511.581,484,1
lak401d,1272,2481,114,10194,543,509.853,486,1
lak401d,1273,2104,311,10356,823,511.238,482,1
lak401d,1274,2653,232,12589,493,511.51,486,1
lak401d,1275,1869,293,9985,434,510.882,492,1
lak401d,1276,1959,505,9948,866,510.267,486,1
lak401d,1277,2274,216,11933,594,510.64,493,1
lak401d,1278,1810,417,11684,1095,508.882,490,1
lak401d,1279,1780,477,10987,1060,508.296,489,1
lak401d,1280,1753,262,11407,733,514.966,482,1
lak401d,1281,1886,402,9800,655,514.995,487,1
lak401d,1282,2245,486,11441,656,514.652,485,1
lak401d,1283,2498,173,11271,471,515.924,490,1
lak401d,1284,1566,250,12554,766,514.225,497,1
lak401d,1285,2787,203,11198,527,515.137,483,1
lak401d,1286,2255,175,9992,559,512.238,483,1
lak401d,1287,3009,324,11220,601,512.267,488,1
lak401d,1288,2201,702,10383,884,512.581,485,1
lak401d,1289,2447,238,12451,680,512.953,492,1
lak401d,1290,2309,158,12211,641,517.752,491,1
lak401d,1291,2401,352,10223,438,517.823,489,1
lak401d,1292,2166,203,9221,590,516.823,488,1
lak401d,1293,2271,267,12001,512,518.421,478,1
lak401d,1294,1963,319,11687,1040,516.439,493,1
lak401d,1295,2846,1080,10701,1306,518.48,488,1
lak401d,1296,2936,419,13191,712,519.338,493,1
lak401d,1297,1807,561,9682,928,517.581,490,1
lak401d,1298,2891,503,12143,766,519.167,492,1
lak401d,1299,2847,906,11622,967,518.238,489,1
lak401d,1300,2477,216,11404,477,523.238,494,1
lak401d,1301,2181,273,12085,575,523.936,486,1
lak401d,1302,2020,164,9978,408,523.995,496,1
lak401d,1303,1976,316,9302,539,522.409,494,1
lak401d,1304,2394,622,10627,875,520.924,495,1
lak401d,1305,2477,337,11840,634,520.267,496,1
lak401d,1306,2085,186,10689,375,523.681,499,1
lak401d,1307,2579,328,10422,574,521.966,489,1
lak401d,1308,2293,180,10263,382,522.238,493,1
lak401d,1309,2398,379,11403,623,521.752,495,1
lak401d,1310,2481,175,9742,417,527.095,502,1
lak401d,1311,1744,230,9333,753,527.669,515,1
lak401d,1312,2390,439,11559,641,525.196,503,1
lak401d,1313,1881,319,11228,566,525.338,499,1
lak401d,1314,2605,176,9786,365,527.995,500,1
lak401d,1315,2116,295,12311,480,527.664,486,1
lak401d,1316,1899,164,9523,392,524.267,500,1
lak401d,1317,1927,335,11789,939,527.882,509,1
lak401d,1318,3173,180,10603,522,525.238,496,1
lak401d,1319,2035,263,10858,454,524.681,500,1
lak401d,1320,2607,297,14285,704,530.054,512,1
lak401d,1321,2350,599,11630,999,530.267,506,1
lak401d,1322,2223,702,12697,1174,531.681,507,1
lak401d,1323,2049,523,11370,674,531.38,498,1
lak401d,1324,2469,718,10772,1103,529.238,500,1
lak401d,1325,1927,182,11481,525,531.267,507,1
lak401d,1326,2649,323,11233,640,528.924,503,1
lak401d,1327,1844,236,13453,596,531.527,523,1
lak401d,1328,1848,245,12087,523,531.267,507,1
lak401d,1329,2551,391,11064,621,530.426,519,1
lak401d,1330,2714,414,12868,865,535.723,504,1
lak401d,1331,1989,303,13294,1002,533.024,510,1
lak401d,1332,1682,226,11140,741,533.894,503,1
lak401d,1333,2130,546,11936,1125,534.338,508,1
lak401d,1334,2517,278,10968,798,534.794,501,1
lak401d,1335,2730,165,12016,508,534.066,504,1
lak401d,1336,1678,369,11535,851,533.125,513,1
lak401d,1337,1994,349,11398,562,535.196,513,1
lak401d,1338,2590,603,12728,990,532.681,508,1
lak401d,1339,2295,411,11472,1033,533.125,513,1
lak401d,1340,2704,311,12892,487,537.752,511,1
lak401d,1341,3202,223,12586,564,539.48,509,1
lak401d,1342,2700,573,11373,1060,536.51,511,1
lak401d,1343,2592,311,11970,839,538.409,510,1
lak401d,1344,1931,314,12047,991,539.61,517,1
lak401d,1345,2366,380,10551,611,536.196,514,1
lak401d,1346,2581,403,10324,958,539.551,507,1
lak401d,1347,2248,213,11791,451,539.752,513,1
lak401d,1348,2874,298,11153,558,537.693,501,1
lak401d,1349,2335,212,13091,492,537.439,514,1
lak401d,1350,2050,271,12494,882,543.51,518,1
lak401d,1351,1985,519,11905,1001,541.539,521,1
lak401d,1352,2094,251,10097,576,540.723,509,1
lak401d,1353,2138,321,8900,532,542.267,518,1
lak401d,1354,2889,180,10068,447,543.823,515,1
lak401d,1355,1563,262,11138,583,540.894,510,1
lak401d,1356,2246,286,9517,514,542.368,521,1
lak401d,1357,2943,260,11074,475,541.681,517,1
lak401d,1358,2735,205,12834,480,540.681,516,1
lak401d,1359,2186,339,11406,701,543.752,517,1
lak401d,1360,2641,363,11444,599,544.409,516,1
lak401d,1361,2484,275,11615,629,544.995,517,1
lak401d,1362,3072,516,12572,732,546.421,506,1
lak401d,1363,2479,612,12142,585,545.966,513,1
lak401d,1364,3316,368,14141,900,544.439,521,1
lak401d,1365,2415,281,11526,794,546.037,511,1
lak401d,1366,1581,219,10786,453,545.095,520,1
lak401d,1367,3003,946,13446,1461,545.581,518,1
lak401d,1368,2187,200,10642,398,545.338,519,1
lak401d,1369,2483,327,13316,706,545.995,518,1
lak401d,1370,2687,218,11697,566,549.137,517,1
lak401d,1371,2405,631,10566,820,551.238,522,1
lak401d,1372,1914,249,11160,521,549.066,519,1
lak401d,1373,1796,401,13366,880,551.267,527,1
lak401d,1374,1962,239,10260,391,551.995,524,1
lak401d,1375,1622,289,10934,622,548.296,529,1
lak401d,1376,2104,265,11341,632,551.48,521,1
lak401d,1377,2325,135,10669,381,549.338,523,1
lak401d,1378,2319,844,10887,1114,548.309,517,1
lak401d,1379,3524,180,12982,433,548.551,516,1
lak401d,1380,1970,195,12779,703,552.853,529,1
lak401d,1381,2886,189,11289,469,555.38,522,1
lak401d,1382,3002,353,11800,620,552.823,524,1
lak401d,1383,2755,300,11665,525,555.35,517,1
lak401d,1384,3045,224,14895,681,552.095,527,1
lak401d,1385,2425,226,9389,409,553.338,527,1
lak401d,1386,1566,151,11411,390,555.539,535,1
lak401d,1387,2203,169,9911,386,552.522,515,1
lak401d,1388,2504,322,12391,649,553.066,523,1
lak401d,1389,2548,200,9657,792,553.451,518,1
lak401d,1390,3157,159,13068,559,556.693,520,1
lak401d,1391,1644,265,9400,581,558.882,540,1
lak401d,1392,2559,159,11538,621,557.723,526,1
lak401d,1393,2167,358,14264,1026,556.581,529,1
lak401d,1394,2005,371,10279,502,556.338,530,1
lak401d,1395,2481,364,13336,930,558.581,531,1
lak401d,1396,2544,374,11438,638,557.551,525,1
lak401d,1397,2823,477,11724,593,558.451,523,1
lak401d,1398,1998,194,10554,554,556.167,529,1
lak401d,1399,1765,324,9344,377,557.095,532,1
lak401d,1400,2344,243,13517,435,561.581,534,1
lak401d,1401,2475,298,12642,413,561.652,532,1
lak401d,1402,2808,172,13192,635,562.865,527,1
lak401d,1403,2305,194,12078,498,560.35,522,1
lak401d,1404,2999,555,13207,1435,562.693,526,1
lak401d,1405,1888,147,11013,359,562.924,537,1
lak401d,1406,3168,409,11186,615,562.777,512,1
lak401d,1407,2013,298,9827,576,561.823,533,1
lak401d,1408,2278,388,14858,780,563.125,543,1
lak401d,1409,2576,232,10585,426,562.25,521,1
lak401d,1410,2371,317,12391,487,567.409,539,1
lak401d,1411,1905,166,10602,332,566.468,548,1
lak401d,1412,1669,260,8523,512,565.368,544,1
lak401d,1413,2247,541,12835,1003,564.238,535,1
lak401d,1414,1606,151,9471,399,565.095,540,1
lak401d,1415,2808,800,13764,1181,567.823,539,1
lak401d,1416,1633,140,9314,367,565.225,548,1
lak401d,1417,2008,255,11940,881,565.066,535,1
lak401d,1418,3417,182,12543,489,566.208,532,1
lak401d,1419,2528,348,14024,887,566.095,541,1
lak401d,1420,2610,758,13893,1187,569.681,545,1
lak401d,1421,2306,508,11601,661,571.894,541,1
lak401d,1422,1969,301,12465,698,568.024,545,1
lak401d,1423,3104,271,13115,590,570.995,543,1
lak401d,1424,2277,265,11962,739,569.309,538,1
lak401d,1425,2280,279,9821,620,569.752,543,1
lak401d,1426,2963,330,13593,713,569.723,538,1
lak401d,1427,2744,324,11383,447,569.966,537,1
lak401d,1428,2760,241,14251,440,571.924,546,1
lak401d,1429,2266,203,10396,462,570.924,545,1
lak401d,1430,1937,260,9304,568,573.208,539,1
lak401d,1431,2497,326,13315,490,574.551,542,1
lak401d,1432,1632,315,9488,408,574.368,553,1
lak401d,1433,2109,419,13370,787,572.953,552,1
lak401d,1434,2091,216,12713,749,573.924,548,1
lak401d,1435,2098,202,12598,862,573.024,550,1
lak401d,1436,3039,757,15105,1139,575.794,542,1
lak401d,1437,2458,239,12158,526,573.409,545,1
lak401d,1438,2261,422,11622,799,574.267,550,1
lak401d,1439,2727,254,14144,511,574.823,546,1
lak401d,1440,2582,466,12658,661,578.451,543,1
lak401d,1441,1910,436,14887,715,576.355,567,1
lak401d,1442,2032,307,11915,797,577.752,551,1
lak401d,1443,2099,355,11189,765,579.966,547,1
lak401d,1444,2160,422,9925,631,577.066,547,1
lak401d,1445,1685,251,12059,668,578.966,546,1
lak401d,1446,2315,293,13696,751,577.167,550,1
lak401d,1447,1717,122,13531,881,579.125,559,1
lak401d,1448,1479,132,10567,781,576.095,551,1
lak401d,1449,2651,442,13304,552,579.137,547,1
lak401d,1450,2594,376,12636,711,582.894,552,1
lak401d,1451,3526,315,13215,776,582.38,549,1
lak401d,1452,2130,320,12677,862,583.652,554,1
lak401d,1453,3390,125,13113,595,582.066,552,1
lak401d,1454,2411,183,11595,480,581.652,552,1
lak401d,1455,2633,242,11908,435,583.25,542,1
lak401d,1456,2448,199,12691,676,583.024,560,1
lak401d,1457,1790,369,9755,524,582.468,564,1
lak401d,1458,2143,576,13550,934,583.066,553,1
lak401d,1459,2447,215,11887,518,582.995,555,1
lak401d,1460,2656,395,14696,1120,587.167,560,1
lak401d,1461,2600,291,10651,590,584.622,550,1
lak401d,1462,2809,310,12991,630,586.38,553,1
lak401d,1463,2883,335,12286,616,587.995,560,1
lak401d,1464,2057,234,14955,701,587.225,570,1
lak401d,1465,2965,276,10504,413,584.066,554,1
lak401d,1466,3182,444,13927,606,586.966,554,1
lak401d,1467,2402,188,12140,497,586.581,559,1
lak401d,1468,3003,326,13521,581,584.581,557,1
lak401d,1469,2981,263,12263,547,584.865,549,1
lak401d,1470,2272,519,13116,1113,589.581,562,1
lak401d,1471,2311,375,10610,406,591.279,555,1
lak401d,1472,1531,215,9285,515,591.894,561,1
lak401d,1473,1877,316,12890,560,590.752,564,1
lak401d,1474,2593,932,12350,1414,590.622,556,1
lak401d,1475,1705,181,10431,542,591.924,566,1
lak401d,1476,2584,241,12138,476,590.066,560,1
lak401d,1477,2055,211,14485,549,588.882,570,1
lak401d,1478,1702,198,11116,688,590.397,574,1
lak401d,1479,1800,282,12440,880,588.309,557,1
lak401d,1480,3109,250,12798,435,595.12,546,1
lak401d,1481,2652,143,12211,406,595.551,563,1
lak401d,1482,1784,168,11340,494,592.355,583,1
lak401d,1483,2460,294,12513,644,593.38,560,1
lak401d,1484,1848,109,12743,458,592.167,565,1
lak401d,1485,2912,364,15206,550,592.38,559,1
lak401d,1486,3187,537,14384,893,595.723,564,1
lak401d,1487,2637,163,12425,496,595.622,561,1
lak401d,1488,2410,105,12473,361,594.752,568,1
lak401d,1489,2696,695,12726,1018,594.38,561,1
lak401d,1490,2214,291,13169,614,596.681,572,1
lak401d,1491,3460,353,15219,667,599.723,568,1
lak401d,1492,2512,365,11257,456,598.581,571,1
lak401d,1493,2010,262,12560,842,599.238,570,1
lak401d,1494,2533,353,12718,560,598.38,565,1
lak401d,1495,1735,158,11051,529,597.083,584,1
lak401d,1496,1725,275,11897,857,597.652,568,1
lak401d,1497,2492,320,14576,481,597.652,568,1
lak401d,1498,3363,134,13995,648,598.451,563,1
lak401d,1499,2569,319,10532,514,599.421,559,1
lak401d,1500,1698,302,12227,582,602.38,569,1
lak401d,1501,2523,206,12185,456,601.794,568,1
lak401d,1502,2298,168,12876,794,601.581,574,1
lak401d,1503,2761,195,14012,538,600.894,570,1
lak401d,1504,2641,426,15051,608,603.368,582,1
lak401d,1505,2508,331,14597,539,601.995,574,1
lak401d,1506,2536,265,13463,519,602.865,567,1
lak401d,1507,2269,215,13817,921,603.581,576,1
lak401d,1508,2744,717,14375,779,601.539,581,1
lak401d,1509,1807,232,12994,566,602.823,574,1
lak401d,1510,2904,430,14773,689,606.451,571,1
lak401d,1511,2596,232,14867,512,604.309,573,1
lak401d,1512,2479,346,10699,598,607.865,572,1
lak401d,1513,2424,603,12888,727,605.894,575,1
lak401d,1514,2284,199,12951,449,606.782,585,1
lak401d,1515,2800,158,13032,536,605.652,576,1
lak401d,1516,2418,351,11344,568,607.823,579,1
lak401d,1517,2904,302,14690,871,607.137,575,1
lak401d,1518,2621,386,13736,504,607.238,578,1
lak401d,1519,2943,606,15286,1223,605.622,571,1
lak401d,1520,3626,282,12883,391,610.291,562,1
lak401d,1521,2566,294,12071,592,611.723,580,1
lak401d,1522,2038,267,9226,591,610.752,584,1
lak401d,1523,2902,153,14773,603,610.451,575,1
lak401d,1524,3124,472,14413,636,611.208,577,1
lak401d,1525,1657,158,12357,484,609.238,580,1
lak401d,1526,2676,721,12910,1197,609.451,574,1
lak401d,1527,2923,396,13946,688,611.522,574,1
lak401d,1528,3301,280,12601,590,611.865,576,1
lak401d,1529,1881,362,12526,410,609.752,583,1
lak401d,1530,2371,518,11844,962,615.38,582,1
lak401d,1531,2647,284,14082,675,614.007,574,1
lak401d,1532,2499,462,12952,954,613.066,583,1
lak401d,1533,1949,233,11764,741,615.894,585,1
lak401d,1534,3029,240,13364,521,614.693,578,1
lak401d,1535,2687,283,13383,511,614.693,578,1
lak401d,1536,3171,238,14556,773,613.836,573,1
lak401d,1537,1855,180,10149,450,614.439,591,1
lak401d,1538,2416,481,13853,978,615.037,580,1
lak401d,1539,2144,318,12098,621,613.368,592,1
lak401d,1540,2489,157,12919,425,616.208,582,1
lak401d,1541,2447,202,14024,494,619.693,583,1
lak401d,1542,2552,266,12154,396,619.966,587,1
lak401d,1543,2332,396,12720,986,616.309,585,1
lak401d,1544,2410,220,15655,635,618.539,598,1
lak401d,1545,1874,319,13027,432,618.238,589,1
lak401d,1546,2774,309,13137,514,619.823,591,1
lak401d,1547,2729,254,14578,571,619.078,577,1
lak401d,1548,2883,222,12396,541,617.309,586,1
lak401d,1549,2396,240,14046,591,616.865,581,1
lak401d,1550,2734,586,13491,1097,621.007,581,1
lak401d,1551,3031,281,15453,553,621.794,588,1
lak401d,1552,2088,365,11350,496,620.652,591,1
lak401d,1553,3133,328,16017,547,622.794,589,1
lak401d,1554,1875,228,13903,808,620.51,595,1
lak401d,1555,3294,986,14221,1321,621.865,586,1
lak401d,1556,2374,572,13137,1161,621.25,580,1
lak401d,1557,2465,158,12359,447,621.865,586,1
lak401d,1558,2632,424,13698,603,622.936,585,1
lak401d,1559,2463,319,12928,598,621.924,596,1
lak401d,1560,1974,376,12710,972,627.35,589,1
lak401d,1561,1721,273,10723,527,625.137,593,1
lak401d,1562,2298,403,16192,852,625.196,603,1
lak401d,1563,2725,160,12835,476,624.35,586,1
lak401d,1564,3469,277,13454,583,625.179,586,1
lak401d,1565,2683,350,11705,610,625.522,588,1
lak401d,1566,2740,160,11979,391,625.25,584,1
lak401d,1567,2642,168,11225,437,625.291,577,1
lak401d,1568,2370,220,11968,476,624.61,602,1
lak401d,1569,2241,232,13141,479,627.693,591,1
lak401d,1570,2560,233,11138,394,628.635,582,1
lak401d,1571,2004,221,11194,541,630.978,586,1
lak401d,1572,3073,197,13427,406,631.693,595,1
lak401d,1573,2772,289,13670,765,629.593,590,1
lak401d,1574,2648,242,13053,573,630.48,600,1
lak401d,1575,2894,269,14527,489,631.066,601,1
lak401d,1576,2649,396,14829,625,631.551,599,1
lak401d,1577,3315,120,14124,504,629.38,596,1
lak401d,1578,2136,231,15197,510,629.409,601,1
lak401d,1579,2795,232,13190,429,629.865,594,1
lak401d,1580,3047,230,15960,591,632.894,602,1
lak401d,1581,3005,200,12413,402,635.208,601,1
lak401d,1582,2617,489,14062,759,634.38,601,1
lak401d,1583,2047,231,11580,384,635.853,612,1
lak401d,1584,3087,248,14039,473,632.593,593,1
lak401d,1585,2305,233,11501,367,634.894,604,1
lak401d,1586,3246,365,11228,518,632.078,590,1
lak401d,1587,2450,592,12991,878,632.238,603,1
lak401d,1588,2690,190,15599,584,633.907,591,1
lak401d,1589,2629,164,12394,543,632.936,595,1
lak401d,1590,2350,196,13402,510,637.622,603,1
lak401d,1591,2364,258,13165,411,636.723,605,1
lak401d,1592,2204,491,12581,744,638.652,609,1
lak401d,1593,2559,214,13734,459,639.723,608,1
lak401d,1594,2952,109,12624,302,638.522,601,1
lak401d,1595,3203,506,15988,767,638.522,601,1
lak401d,1596,2514,756,14211,1171,637.137,605,1
lak401d,1597,2663,183,12997,438,637.291,589,1
lak401d,1598,2081,184,10633,434,637.936,600,1
lak401d,1599,3133,220,13844,522,638.179,599,1
lak401d,1600,2538,277,14426,741,641.522,604,1
lak401d,1601,2780,348,14752,818,641.551,609,1
lak401d,1602,2099,336,15407,709,640.338,614,1
lak401d,1603,2423,229,14481,488,642.409,614,1
lak401d,1604,2992,186,13923,404,640.451,605,1
lak401d,1605,2431,482,16020,902,643.782,622,1
lak401d,1606,3172,109,14113,535,641.167,614,1
lak401d,1607,2039,406,14516,1023,642.652,613,1
lak401d,1608,3084,284,12425,570,640.593,601,1
lak401d,1609,2626,250,14442,503,642.966,610,1
lak401d,1610,3004,244,14202,420,645.279,609,1
lak401d,1611,2420,323,13148,461,647.966,615,1
lak401d,1612,2151,444,12781,525,647.38,614,1
lak401d,1613,2192,271,15428,576,647.468,629,1
lak401d,1614,2846,189,13951,372,645.35,607,1
lak401d,1615,2801,183,13895,656,645.622,611,1
lak401d,1616,2429,532,16443,637,645.823,617,1
lak401d,1617,3287,194,13165,399,645.936,608,1
lak401d,1618,2711,106,15964,672,645.966,613,1
lak401d,1619,2737,304,14057,622,647.622,613,1
lak401d,1620,3091,163,13068,357,651.593,612,1
lak401d,1621,2971,371,15452,524,649.38,616,1
lak401d,1622,2175,222,15072,675,649.823,621,1
lak401d,1623,2430,160,12664,555,649.037,614,1
lak401d,1624,3163,246,14790,536,651.037,616,1
lak401d,1625,2209,423,13434,824,650.108,613,1
lak401d,1626,2723,220,14330,592,648.037,613,1
lak401d,1627,2879,342,14053,660,651.208,617,1
lak401d,1628,2226,227,12849,776,650.723,619,1
lak401d,1629,2197,646,12476,918,649.279,613,1
lak401d,1630,3380,171,13698,387,654.208,620,1
lak401d,1631,2210,163,13147,413,652.711,633,1
lak401d,1632,2163,238,10695,466,654.238,625,1
lak401d,1633,2171,267,12981,561,655.966,623,1
lak401d,1634,2715,192,13475,610,655.007,615,1
lak401d,1635,2254,301,14230,952,653.037,618,1
lak401d,1636,2412,109,12714,446,653.823,625,1
lak401d,1637,1994,434,11565,639,655.35,617,1
lak401d,1638,3004,153,15649,420,652.179,613,1
lak401d,1639,2606,475,14271,888,653.037,618,1
lak401d,1640,3446,693,13740,1129,657.392,612,1
lak401d,1641,2608,623,13722,943,659.279,623,1
lak401d,1642,3437,336,14009,521,656.836,616,1
lak401d,1643,2445,251,14711,517,659.794,626,1
lak401d,1644,2995,181,15001,677,659.735,616,1
lak401d,1645,2963,189,11751,392,656.007,616,1
lak401d,1646,2680,176,13274,532,657.279,621,1
lak401d,1647,2972,236,14405,446,659.037,624,1
lak401d,1648,2366,184,13037,468,659.522,622,1
lak401d,1649,2909,656,16495,1145,656.723,625,1
lak401d,1650,2529,460,14764,564,660.25,619,1
lak401d,1651,2688,202,13219,529,661.108,624,1
lak401d,1652,2969,273,13783,464,662.966,630,1
lak401d,1653,2236,134,14994,915,662.924,637,1
lak401d,1654,2589,262,13373,534,663.593,624,1
lak401d,1655,1846,194,11525,436,662.882,644,1
lak401d,1656,2998,811,14145,596,660.392,615,1
lak401d,1657,2205,346,14981,909,661.208,627,1
lak401d,1658,3392,523,15864,807,660.108,623,1
lak401d,1659,2491,133,15472,381,662.551,630,1
lak401d,1660,2711,133,14248,444,667.723,636,1
lak401d,1661,2323,398,11705,578,664.137,632,1
lak401d,1662,2982,471,15527,591,667.693,631,1
lak401d,1663,2120,349,14273,1073,665.451,630,1
lak401d,1664,2832,343,13026,430,665.865,630,1
lak401d,1665,3200,240,14507,611,667.48,637,1
lak401d,1666,2820,538,14671,612,667.078,625,1
lak401d,1667,3341,491,17029,656,664.806,619,1
lak401d,1668,3148,262,13742,618,665.35,627,1
lak401d,1669,2564,369,11192,576,664.723,633,1
lak401d,1670,3201,485,15113,641,669.108,632,1
lak401d,1671,2606,354,11866,572,668.764,630,1
lak401d,1672,3332,266,13588,449,668.019,616,1
lak401d,1673,2658,356,14469,560,670.25,629,1
lak401d,1674,2962,309,11349,512,671.037,636,1
lak401d,1675,1772,208,12602,380,669.48,639,1
lak401d,1676,3534,324,16227,668,671.764,633,1
lak401d,1677,2887,278,16514,526,670.966,638,1
lak401d,1678,2770,209,14874,442,668.551,636,1
lak401d,1679,2482,205,13226,530,671.309,640,1
lak401d,1680,3504,200,15176,405,672.907,630,1
lak401d,1681,1989,191,11346,397,672.409,644,1
lak401d,1682,2600,204,13919,789,673.622,639,1
lak401d,1683,2462,316,15055,914,675.693,639,1
lak401d,1684,1784,242,12545,898,673.966,641,1
lak401d,1685,2832,277,15366,516,672.551,640,1
lak401d,1686,1943,315,12245,895,674.451,639,1
lak401d,1687,2943,238,13424,438,674.865,639,1
lak401d,1688,2565,282,14519,722,673.865,638,1
lak401d,1689,2564,414,13396,487,673.007,633,1
lak401d,1690,2275,276,14404,541,678.522,641,1
lak401d,1691,3389,361,16397,726,677.764,639,1
lak401d,1692,2659,419,13831,513,679.995,652,1
lak401d,1693,3489,456,14720,606,678.836,638,1
lak401d,1694,2669,107,13472,296,678.752,652,1
lak401d,1695,3074,249,14212,511,678.907,636,1
lak401d,1696,2600,286,14271,612,677.35,639,1
lak401d,1697,2270,227,9818,353,677.409,649,1
lak401d,1698,2644,364,12234,561,677.321,634,1
lak401d,1699,2749,135,13744,598,679.037,644,1
lak401d,1700,3054,172,15666,429,683.421,643,1
lak401d,1701,3096,364,14430,641,682.35,644,1
lak401d,1702,2228,289,11510,438,680.451,645,1
lak401d,1703,2214,375,14968,960,680.208,646,1
lak401d,1704,2394,337,16100,679,683.522,646,1
lak401d,1705,2525,145,13401,470,681.108,644,1
lak401d,1706,1800,228,15218,919,680.823,652,1
lak401d,1707,1599,245,12683,621,680.966,648,1
lak401d,1708,4751,293,14255,550,683.12,634,1
lak401d,1709,2422,410,15464,843,683.894,653,1
lak401d,1710,1920,222,12628,830,687.137,655,1
lak401d,1711,3609,451,13195,580,686.049,639,1
lak401d,1712,2445,285,16122,658,685.995,658,1
lak401d,1713,2826,482,14379,988,686.451,651,1
lak401d,1714,2935,276,13786,647,686.676,633,1
lak401d,1715,2544,411,15056,947,686.794,653,1
lak401d,1716,3312,282,13232,483,684.35,646,1
lak401d,1717,1998,161,10414,361,684.409,656,1
lak401d,1718,2934,310,14262,448,686.764,648,1
lak401d,1719,2639,854,13866,1153,686.279,650,1
lak401d,1720,2944,401,16058,598,688.593,649,1
lak401d,1721,3307,289,12559,438,690.907,648,1
lak401d,1722,1814,221,13706,550,691.865,656,1
lak401d,1723,1685,396,13492,819,689.48,659,1
lak401d,1724,3058,209,14729,461,689.25,648,1
lak401d,1725,3059,266,13581,440,689.179,650,1
lak401d,1726,2737,259,14225,350,689.279,653,1
lak401d,1727,2212,150,11633,316,688.794,655,1
lak401d,1728,2936,291,14789,533,690.593,651,1
lak401d,1729,3472,285,15579,566,689.007,649,1
lak401d,1730,2418,562,15119,846,692.007,652,1
lak401d,1731,3442,268,13931,516,693.421,653,1
lak401d,1732,2885,466,15555,1044,693.966,661,1
lak401d,1733,2831,318,14954,465,692.279,656,1
lak401d,1734,1982,220,14616,847,695.066,665,1
lak401d,1735,2737,300,14111,458,692.024,669,1
lak401d,1736,2327,198,11589,319,693.794,660,1
lak401d,1737,2613,194,16223,413,692.037,657,1
lak401d,1738,2205,183,11228,288,692.38,659,1
lak401d,1739,2778,174,14069,331,693.865,658,1
lak401d,1740,3224,386,17170,621,698.563,654,1
lak401d,1741,2481,300,15867,703,698.622,664,1
lak401d,1742,3130,219,16220,766,699.522,662,1
lak401d,1743,2640,95,13156,269,696.794,663,1
lak401d,1744,2087,249,10840,550,699.995,672,1
lak401d,1745,2309,386,11385,488,699.25,658,1
lak401d,1746,2481,227,14990,680,699.622,665,1
lak401d,1747,3617,229,14061,442,699.22,653,1
lak401d,1748,2830,368,14033,861,696.664,655,1
lak401d,1749,2663,275,12755,500,698.25,657,1
lak401d,1750,2645,203,11406,314,701.108,664,1
lak401d,1751,2566,195,11001,320,702.25,661,1
lak401d,1752,2880,304,15624,554,701.936,664,1
lak401d,1753,2972,190,12709,425,702.492,660,1
lak401d,1754,2810,327,14731,561,700.35,662,1
lak401d,1755,2219,227,12260,472,703.794,670,1
lak401d,1756,2734,192,14981,538,703.007,663,1
lak401d,1757,3280,605,17041,1364,701.492,659,1
lak401d,1758,3288,190,14026,528,700.279,664,1
lak401d,1759,2813,254,14808,597,700.593,661,1
lak401d,1760,2693,286,18168,740,706.61,684,1
lak401d,1761,3524,128,16195,516,705.936,668,1
lak401d,1762,3249,286,15441,572,706.836,666,1
lak401d,1763,2685,299,11734,496,704.723,673,1
lak401d,1764,2955,530,17984,672,705.267,681,1
lak401d,1765,3100,190,14552,380,707.764,669,1
lak401d,1766,2855,295,17029,557,704.421,664,1
lak401d,1767,2098,433,16320,828,706.066,676,1
lak401d,1768,3248,615,16039,1042,706.593,667,1
lak401d,1769,2645,242,13514,591,704.338,678,1
lak401d,1770,1895,262,11765,341,709.238,680,1
lak401d,1771,1981,172,10937,301,709.936,672,1
lak401d,1772,3527,231,15357,558,711.936,674,1
lak401d,1773,3121,177,15967,414,711.936,674,1
lak401d,1774,2366,268,12576,515,710.309,679,1
lak401d,1775,2852,298,14948,452,711.451,676,1
lak401d,1776,2203,421,13369,592,708.522,671,1
lak401d,1777,2004,189,15140,815,708.309,677,1
lak401d,1778,2792,444,16773,593,709.836,669,1
lak401d,1779,2493,185,13798,417,710.279,674,1
lak401d,1780,2703,471,15232,601,714.179,675,1
lak401d,1781,2945,224,14124,507,712.747,657,1
lak401d,1782,2798,276,18688,645,715.309,684,1
lak401d,1783,2736,498,14788,879,715.907,673,1
lak401d,1784,2551,274,17072,595,715.439,692,1
lak401d,1785,2841,210,15987,646,715.279,679,1
lak401d,1786,2598,448,14991,604,715.007,675,1
lak401d,1787,2547,392,13583,459,714.794,681,1
lak401d,1788,3619,398,16906,622,715.534,666,1
lak401d,1789,2726,322,14678,608,715.806,670,1
lak401d,1790,2601,430,15395,918,717.421,677,1
lak401d,1791,2932,217,14273,492,719.137,687,1
lak401d,1792,3109,162,14605,477,719.35,681,1
lak401d,1793,2521,270,14515,568,717.421,677,1
lak401d,1794,2947,259,15190,492,718.35,680,1
lak401d,1795,2408,365,16106,1014,718.794,685,1
lak401d,1796,3104,363,13759,407,718.622,684,1
lak401d,1797,1998,160,11783,377,716.723,685,1
lak401d,1798,3446,487,13389,605,716.12,667,1
lak401d,1799,4372,224,15074,475,717.463,670,1
lak401d,1800,2447,125,17779,715,723.723,692,1
lak401d,1801,2899,106,13627,293,722.321,679,1
lak401d,1802,2326,144,11977,288,723.522,686,1
lak401d,1803,3492,241,16620,438,720.078,678,1
lak401d,1804,2843,212,14631,382,722.007,682,1
lak401d,1805,4212,334,16226,450,721.806,676,1
lak401d,1806,2895,207,13238,315,720.108,683,1
lak401d,1807,2352,313,13521,369,722.48,692,1
lak401d,1808,3318,270,15338,622,721.978,677,1
lak401d,1809,3400,203,16373,415,721.764,683,1
lak401d,1810,2412,691,15814,1081,726.522,689,1
lak401d,1811,3254,644,18083,885,726.693,690,1
lak401d,1812,2780,177,15157,534,727.179,688,1
lak401d,1813,3063,211,14551,500,727.321,684,1
lak401d,1814,2967,316,16494,762,727.007,687,1
lak401d,1815,2729,433,15440,479,724.907,682,1
lak401d,1816,2662,473,18245,663,724.752,698,1
lak401d,1817,3072,325,12863,392,726.007,686,1
lak401d,1818,2476,107,14843,767,724.35,686,1
lak401d,1819,3440,656,15469,600,724.392,679,1
lak401d,1820,2055,531,11855,528,728.492,686,1
lak401d,1821,3426,481,15851,615,729.321,686,1
lak401d,1822,2908,244,16112,465,728.35,690,1
lak401d,1823,3136,338,15993,535,729.007,689,1
lak401d,1824,2620,807,17527,1181,728.066,698,1
lak401d,1825,2833,246,14656,401,729.664,688,1
lak401d,1826,3406,391,15552,576,730.078,688,1
lak401d,1827,2998,358,12751,451,731.764,693,1
lak401d,1828,2432,246,13185,369,731.894,701,1
lak401d,1829,2524,475,15221,1019,728.037,693,1
lak401d,1830,2114,451,15050,995,735.652,706,1
lak401d,1831,3248,253,15326,505,734.492,692,1
lak401d,1832,3280,703,17065,963,735.078,693,1
lak401d,1833,3115,164,14975,455,733.078,691,1
lak401d,1834,2464,329,14623,472,735.037,700,1
lak401d,1835,3593,267,15198,416,734.936,697,1
lak401d,1836,2367,246,12118,295,732.137,700,1
lak401d,1837,2577,162,16315,404,735.865,700,1
lak401d,1838,2719,468,18046,754,735.409,707,1
lak401d,1839,2866,268,14362,546,735.007,695,1
lak401d,1840,2362,421,12423,460,738.551,706,1
lak401d,1841,2890,317,14861,488,737.877,690,1
lak401d,1842,2407,474,16282,738,738.35,700,1
lak401d,1843,2915,370,16874,798,736.25,695,1
lak401d,1844,3018,238,13712,524,738.492,696,1
lak401d,1845,3061,137,13639,373,739.25,698,1
lak401d,1846,2920,284,17740,570,739.563,695,1
lak401d,1847,2547,199,14256,329,739.48,709,1
lak401d,1848,3143,400,15889,491,739.936,702,1
lak401d,1849,2932,265,13869,355,736.078,694,1
lak401d,1850,3443,512,17431,499,741.664,700,1
lak401d,1851,2446,265,17259,476,740.108,703,1
lak401d,1852,2857,212,14986,420,743.421,703,1
lak401d,1853,3080,339,12853,379,741.321,698,1
lak401d,1854,2751,296,15191,529,743.664,702,1
lak401d,1855,2764,579,15316,1099,741.049,694,1
lak401d,1856,3328,300,16177,464,743.321,700,1
lak401d,1857,1979,464,16112,851,740.208,706,1
lak401d,1858,3209,402,13748,646,741.978,697,1
lak401d,1859,2840,372,18261,675,743.38,710,1
lak401d,1860,3477,349,18239,457,746.522,709,1
lak401d,1861,2917,370,13053,503,746.664,705,1
lak401d,1862,2158,148,11330,436,745.622,711,1
lak401d,1863,2988,294,12156,351,744.764,706,1
lak401d,1864,2728,615,16640,1065,744.48,714,1
lak401d,1865,2704,170,14128,497,747.007,707,1
lak401d,1866,2752,485,16867,955,745.593,706,1
lak401d,1867,2541,271,16851,1022,747.522,710,1
lak401d,1868,2828,467,16680,899,746.492,704,1
lak401d,1869,2787,220,13402,447,744.392,699,1
lak401d,1870,1634,272,16337,744,751.38,718,1
lak401d,1871,3127,242,16291,621,751.309,720,1
lak401d,1872,3093,336,16213,630,749.522,712,1
lak401d,1873,3597,232,13609,438,748.463,701,1
lak401d,1874,2858,277,15723,486,749.25,708,1
lak401d,1875,2996,645,15651,1083,751.534,702,1
lak401d,1876,2567,273,16878,569,749.22,703,1
lak401d,1877,2723,208,17318,515,748.823,720,1
lak401d,1878,3248,297,17276,495,750.392,705,1
lak401d,1879,2974,91,15145,335,750.22,704,1
lak401d,1880,2615,184,11814,328,755.049,708,1
lak401d,1881,2717,495,16315,986,755.978,711,1
lak401d,1882,3162,668,16287,706,753.492,711,1
lak401d,1883,2404,269,16399,721,755.593,716,1
lak401d,1884,3185,193,16432,596,752.664,711,1
lak401d,1885,2751,180,14163,482,753.936,716,1
lak401d,1886,2027,126,16023,698,752.693,716,1
lak401d,1887,3098,228,15567,471,753.078,711,1
lak401d,1888,2783,446,15549,707,752.635,706,1
lak401d,1889,2429,413,16076,672,755.137,723,1
lak401d,1890,2282,337,16118,713,759.451,724,1
lak401d,1891,2915,172,14850,413,759.534,710,1
lak401d,1892,3025,443,17426,525,759.321,716,1
lak401d,1893,3037,113,16618,539,756.321,713,1
lak401d,1894,3003,291,18606,722,756.279,720,1
lak401d,1895,3201,255,15926,505,758.22,712,1
lak401d,1896,2445,178,13946,387,757.48,727,1
lak401d,1897,3113,632,16946,1081,756.149,712,1
lak401d,1898,3285,348,15227,584,757.321,714,1
lak401d,1899,3578,477,16706,606,757.262,704,1
lak401d,1900,2239,580,15653,1109,760.078,718,1
lak401d,1901,4559,356,15342,445,762.877,715,1
lak401d,1902,2764,156,17747,819,760.25,719,1
lak401d,1903,2872,260,14621,414,762.22,716,1
lak401d,1904,3272,386,15843,531,761.978,717,1
lak401d,1905,2178,406,16778,699,762.794,729,1
lak401d,1906,3391,241,16628,405,761.966,729,1
lak401d,1907,1891,249,14447,714,760.037,725,1
lak401d,1908,2959,332,18207,559,763.108,726,1
lak401d,1909,3193,319,16899,438,763.108,726,1
lak401d,1910,2836,421,15762,683,767.321,724,1
lak401d,1911,2653,446,16470,820,765.534,716,1
lak401d,1912,3319,342,15034,525,767.463,720,1
lak401d,1913,2877,131,17843,374,767.936,730,1
lak401d,1914,2428,148,15148,421,765.066,735,1
lak401d,1915,3252,645,18024,679,766.421,726,1
lak401d,1916,2489,324,15923,712,766.149,722,1
lak401d,1917,2914,220,17453,557,765.593,726,1
lak401d,1918,2846,369,16718,519,767.593,728,1
lak401d,1919,3723,254,17668,450,764.806,719,1
lak401d,1920,2683,388,17886,715,768.693,732,1
lak401d,1921,2511,242,15234,558,769.664,728,1
lak401d,1922,2588,285,15430,361,769.593,730,1
lak401d,1923,3447,210,15988,558,768.078,726,1
lak401d,1924,2637,388,17311,571,768.35,730,1
lak401d,1925,3443,541,14449,607,769.706,721,1
lak401d,1926,2151,197,14908,301,770.007,730,1
lak401d,1927,3685,245,16094,489,768.191,717,1
lak401d,1928,3766,270,16244,495,768.907,726,1
lak401d,1929,2974,298,15489,486,769.321,726,1
lak401d,1930,3119,352,16395,552,775.049,728,1
lak401d,1931,2983,305,17042,481,772.22,726,1
lak401d,1932,2633,360,15732,566,772.049,725,1
lak401d,1933,2566,312,13667,477,772.22,726,1
lak401d,1934,3407,159,15954,369,773.149,729,1
lak401d,1935,2643,474,17771,598,775.392,730,1
lak401d,1936,2881,329,16925,564,773.522,736,1
lak401d,1937,2781,172,13502,328,774.149,730,1
lak401d,1938,2621,117,14240,381,772.522,735,1
lak401d,1939,3010,203,15845,478,775.179,736,1
lak401d,1940,3007,185,16688,502,778.35,740,1
lak401d,1941,2565,133,14155,275,777.978,733,1
lak401d,1942,3442,402,16051,412,776.049,729,1
lak401d,1943,2369,165,17798,531,779.35,741,1
lak401d,1944,2642,156,14514,299,777.35,739,1
lak401d,1945,2844,252,16598,404,776.137,744,1
lak401d,1946,3335,213,16311,396,777.12,728,1
lak401d,1947,2540,164,13740,437,776.392,731,1
lak401d,1948,2456,369,13996,434,776.321,733,1
lak401d,1949,3149,269,15926,507,776.321,733,1
lak401d,1950,2763,369,18807,514,782.22,736,1
lak401d,1951,2744,219,14889,402,783.007,743,1
lak401d,1952,2842,409,19613,898,781.208,747,1
lak401d,1953,3032,311,17313,566,783.321,740,1
lak401d,1954,3329,171,16844,427,782.392,737,1
lak401d,1955,2894,281,16674,551,780.291,732,1
lak401d,1956,3216,153,16351,396,782.279,746,1
lak401d,1957,2762,219,16926,392,783.421,743,1
lak401d,1958,2198,320,15287,814,780.149,736,1
lak401d,1959,2204,229,15850,667,782.764,744,1
lak401d,1960,3117,170,15557,383,786.291,738,1
lak401d,1961,2642,588,15908,905,786.25,745,1
lak401d,1962,2560,239,15216,483,787.823,759,1
lak401d,1963,3406,361,16935,501,787.049,740,1
lak401d,1964,3946,184,17304,427,787.806,742,1
lak401d,1965,3093,166,17188,422,786.593,747,1
lak401d,1966,2766,421,18493,905,785.208,751,1
lak401d,1967,2383,225,14272,397,784.409,756,1
lak401d,1968,3087,111,15343,348,784.392,739,1
lak401d,1969,2821,236,13282,365,784.291,736,1
lak401d,1970,3285,467,17253,583,789.279,753,1
lak401d,1971,1929,168,17451,546,789.894,759,1
lak401d,1972,2488,342,15819,831,788.836,748,1
lak401d,1973,3895,267,15952,462,788.421,748,1
lak401d,1974,3409,283,19806,450,790.735,747,1
lak401d,1975,3464,231,17200,554,788.25,747,1
lak401d,1976,3343,202,17579,404,791.007,751,1
lak401d,1977,4190,664,15635,508,788.505,734,1
lak401d,1978,2610,213,14065,445,791.735,748,1
lak401d,1979,2848,370,18038,592,791.291,743,1
lak401d,1980,2821,296,16677,545,793.392,748,1
lak401d,1981,3343,198,17989,444,792.836,752,1
lak401d,1982,2306,150,15274,323,793.907,751,1
lak401d,1983,3410,350,17470,608,795.262,742,1
lak401d,1984,3315,359,15170,359,793.706,745,1
lak401d,1985,3504,263,17244,440,793.078,751,1
lak401d,1986,2569,413,17291,593,794.22,748,1
lak401d,1987,4127,720,19822,1017,794.848,742,1
lak401d,1988,2903,286,17004,377,794.078,752,1
lak401d,1989,2454,344,17895,542,792.38,759,1
lak401d,1990,2409,178,16108,558,798.392,753,1
lak401d,1991,2436,427,15419,444,797.877,750,1
lak401d,1992,2894,279,18212,593,796.463,749,1
lak401d,1993,2874,407,16550,720,796.877,749,1
lak401d,1994,2707,414,17639,505,796.25,755,1
lak401d,1995,2361,227,14115,425,798.463,751,1
lak401d,1996,3407,297,16280,475,796.605,745,1
lak401d,1997,2782,383,17961,610,799.522,762,1
lak401d,1998,2396,245,16726,516,798.049,751,1
lak401d,1999,3280,219,19000,486,798.321,755,1
lak401d,2000,2315,364,18703,666,801.723,770,1
lak401d,2001,2567,242,17869,465,801.664,760,1
lak401d,2002,2276,282,17577,607,800.137,768,1
lak401d,2003,1942,294,15024,435,802.764,764,1
lak401d,2004,2480,299,17243,533,801.978,757,1
lak401d,2005,2923,275,17753,784,800.25,759,1
lak401d,2006,2609,321,16378,409,802.706,754,1
lak401d,2007,3136,512,15738,482,802.191,751,1
lak401d,2008,4197,249,16616,528,801.563,757,1
lak401d,2009,2644,326,14143,440,801.238,772,1
lak401d,2010,2651,435,17869,496,805.777,755,1
lak401d,2011,2001,193,14419,522,805.22,759,1
lak401d,2012,2139,216,16411,566,804.38,771,1
lak401d,2013,3407,328,19342,453,806.392,761,1
lak401d,2014,2807,472,17024,551,807.238,778,1
lak401d,2015,3211,165,14434,358,805.392,760,1
lak401d,2016,2482,165,13119,527,804.823,776,1
lak401d,2017,2025,160,17059,495,807.108,770,1
lak401d,2018,2363,302,16453,413,807.823,779,1
lak401d,2019,3188,272,16679,371,804.321,761,1
lak401d,2020,2525,250,14392,296,811.806,766,1
lak401d,2021,2607,306,18362,528,809.191,758,1
lak401d,2022,2967,177,15752,366,811.321,768,1
lak401d,2023,2456,289,17812,826,809.149,765,1
lak401d,2024,1929,243,16133,522,809.179,770,1
lak401d,2025,3868,316,20191,482,808.877,761,1
lak401d,2026,2640,274,17510,541,808.22,762,1
lak401d,2027,5650,424,17131,599,808.576,752,1
lak401d,2028,2918,214,18602,387,811.563,767,1
lak401d,2029,2456,220,18318,492,810.551,778,1
lak401d,2030,2168,439,15166,553,815.836,775,1
lak401d,2031,2454,238,16505,512,812.534,763,1
lak401d,2032,4307,213,16712,445,814.049,767,1
lak401d,2033,3820,305,19967,556,812.635,766,1
lak401d,2034,3102,269,17292,392,815.421,775,1
lak401d,2035,2690,162,14183,396,814.894,784,1
lak401d,2036,2915,177,17872,408,812.978,768,1
lak401d,2037,2133,255,13180,447,814.48,784,1
lak401d,2038,2528,212,18862,489,812.22,766,1
lak401d,2039,2782,281,15323,543,812.108,775,1
lak401d,2040,3389,263,18656,412,816.777,766,1
lak401d,2041,2795,204,18267,439,819.978,775,1
lak401d,2042,2479,309,16725,404,819.848,767,1
lak401d,2043,3284,199,15919,391,819.049,772,1
lak401d,2044,2348,264,15706,410,818.362,768,1
lak401d,2045,2646,210,13445,402,817.936,780,1
lak401d,2046,2717,94,15277,346,818.806,773,1
lak401d,2047,2780,347,16732,494,816.806,771,1
lak401d,2048,3457,300,16087,550,816.049,769,1
lak401d,2049,2625,297,15352,469,816.12,767,1
lak401d,2050,2228,167,14456,389,823.806,778,1
lak401d,2051,3118,213,16082,395,823.191,772,1
lak401d,2052,2646,332,12716,457,823.12,774,1
lak401d,2053,2738,254,13523,418,820.848,768,1
lak401d,2054,2058,247,18461,586,822.551,790,1
lak401d,2055,2590,110,17039,350,820.066,790,1
lak401d,2056,5264,182,18344,469,820.576,764,1
lak401d,2057,2440,87,14239,364,820.409,792,1
lak401d,2058,2969,271,19233,420,821.635,775,1
lak401d,2059,3677,167,17194,408,821.291,773,1
lak401d,2060,2643,277,20499,487,824.238,795,1
lak401d,2061,2463,272,14916,463,825.309,794,1
lak401d,2062,2880,240,15217,419,824.22,778,1
lak401d,2063,2149,205,12638,362,825.823,797,1
lak401d,2064,2454,200,18537,463,824.877,777,1
lak401d,2065,2770,226,13795,443,825.019,773,1
lak401d,2066,2320,283,17695,568,827.35,789,1
lak401d,2067,3111,279,19253,500,824.676,771,1
lak401d,2068,3733,321,18033,477,825.09,771,1
lak401d,2069,2805,365,15593,444,825.362,775,1
lak401d,2070,3470,219,18409,374,831.706,783,1
lak401d,2071,2665,242,18494,481,828.706,780,1
lak401d,2072,2537,318,15718,473,830.534,781,1
lak401d,2073,2920,354,17803,388,830.936,793,1
lak401d,2074,3222,300,15667,323,831.262,778,1
lak401d,2075,2170,251,18159,476,829.179,790,1
lak401d,2076,3365,248,19619,379,828.09,774,1
lak401d,2077,2624,151,14591,402,828.463,781,1
lak401d,2078,3412,214,18566,445,828.505,774,1
lak401d,2079,2240,197,14946,320,831.995,804,1
lak401d,2080,2548,196,14332,291,832.392,787,1
lak401d,2081,3497,156,17877,401,834.563,790,1
lak401d,2082,2809,183,12998,372,834.848,782,1
lak401d,2083,2557,228,18608,558,832.233,774,1
lak401d,2084,3063,304,18085,535,835.049,788,1
lak401d,2085,3283,342,15886,428,833.12,784,1
lak401d,2086,2450,310,18315,515,834.823,806,1
lak401d,2087,3787,403,18365,518,835.191,784,1
lak401d,2088,3055,205,17697,433,833.593,794,1
lak401d,2089,2718,155,14837,382,833.291,785,1
lak401d,2090,3194,241,14643,406,837.333,782,1
lak401d,2091,2432,151,13445,395,839.22,793,1
lak401d,2092,2202,213,13441,332,837.522,800,1
lak401d,2093,3046,294,18724,456,838.191,787,1
lak401d,2094,2703,265,15806,418,839.22,793,1
lak401d,2095,2430,193,16074,404,836.137,804,1
lak401d,2096,3823,220,20041,457,838.948,789,1
lak401d,2097,2732,245,18441,418,837.09,783,1
lak401d,2098,2731,162,13655,375,837.676,784,1
lak401d,2099,2230,153,18243,535,836.007,796,1
lak401d,2100,2924,364,13114,445,841.576,785,1
lak401d,2101,2531,213,19527,468,840.894,810,1
lak401d,2102,2644,240,14584,358,843.404,786,1
lak401d,2103,3536,244,19697,437,840.948,791,1
lak401d,2104,3022,279,17994,498,840.463,793,1
lak401d,2105,2620,219,14954,362,840.09,786,1
lak401d,2106,2163,226,14372,361,841.894,811,1
lak401d,2107,3574,146,20039,429,840.948,791,1
lak401d,2108,3118,165,16188,353,841.919,787,1
lak401d,2109,2683,328,13938,414,841.279,805,1
lak401d,2110,3644,241,19681,444,846.362,796,1
lak401d,2111,2637,193,16401,366,844.764,806,1
lak401d,2112,3719,461,19746,564,845.333,790,1
lak401d,2113,2061,171,13428,323,844.894,814,1
lak401d,2114,2681,250,19449,471,847.794,814,1
lak401d,2115,3032,215,15983,453,845.505,791,1
lak401d,2116,2657,215,19508,353,844.12,795,1
lak401d,2117,2933,311,13910,372,844.576,788,1
lak401d,2118,2946,326,18467,514,844.605,793,1
lak401d,2119,2657,137,13748,340,844.848,792,1
lak401d,2120,2220,297,19189,569,850.309,819,1
lak401d,2121,2688,181,19792,416,849.22,803,1
lak401d,2122,3121,304,14167,457,850.262,797,1
lak401d,2123,2165,285,13709,421,849.865,814,1
lak401d,2124,2490,196,18389,433,849.919,795,1
lak401d,2125,2155,188,17457,487,851.966,819,1
lak401d,2126,2915,242,16266,386,849.09,795,1
lak401d,2127,2551,286,16627,463,848.309,817,1
lak401d,2128,2612,307,13855,349,849.522,812,1
lak401d,2129,2402,134,17941,418,848.137,816,1
lak401d,2130,2678,252,16028,422,852.404,795,1
lak401d,2131,3101,245,17565,400,853.262,800,1
lak401d,2132,2303,268,15377,397,852.593,813,1
lak401d,2133,2110,133,17891,425,852.007,812,1
lak401d,2134,2499,246,17778,347,853.936,816,1
lak401d,2135,2273,165,13753,353,853.693,817,1
lak401d,2136,2128,157,15886,362,854.279,818,1
lak401d,2137,2209,204,15673,434,854.723,823,1
lak401d,2138,2666,307,16800,519,852.262,799,1
lak401d,2139,1950,93,15454,319,854.865,819,1
lak401d,2140,2496,193,19008,423,858.505,804,1
lak401d,2141,2086,237,16800,431,859.35,821,1
lak401d,2142,1853,173,15144,355,856.38,823,1
lak401d,2143,1864,199,14753,389,857.622,823,1
lak401d,2144,2084,231,13595,438,859.522,822,1
lak401d,2145,2393,278,16757,433,858.066,828,1
lak401d,2146,2253,213,13529,401,856.238,827,1
lak401d,2147,1926,212,16177,398,859.966,827,1
lak401d,2148,3128,123,15639,347,857.676,804,1
lak401d,2149,2263,355,15305,438,856.037,821,1
lak401d,2150,2773,242,15754,340,860.576,804,1
lak401d,2151,2619,279,18389,488,860.09,806,1
lak401d,2152,2563,206,15794,355,861.505,807,1
lak401d,2153,2165,164,16495,412,860.108,823,1
lak401d,2154,2681,255,16024,443,860.108,823,1
lak401d,2155,2631,239,16583,390,861.333,806,1
lak401d,2156,2306,292,15397,403,860.38,827,1
lak401d,2157,2157,260,13227,381,861.35,823,1
lak401d,2158,2168,272,18453,499,861.421,821,1
lak401d,2159,2327,274,16965,442,861.037,826,1
lak401d,2160,2241,275,13899,405,864.179,825,1
lak401d,2161,2586,201,15947,332,864.161,808,1
lak401d,2162,2662,327,18581,566,867.061,808,1
lak401d,2163,2221,213,15812,444,865.576,809,1
lak401d,2164,2327,232,19330,399,866.693,830,1
lak401d,2165,2839,129,15151,333,864.777,814,1
lak401d,2166,2496,135,14906,319,864.919,810,1
lak401d,2167,2521,301,17730,409,866.936,829,1
lak401d,2168,2108,196,17380,322,865.593,826,1
lak401d,2169,3329,220,16202,314,864.233,806,1
lak401d,2170,2902,351,17481,504,869.108,832,1
lak401d,2171,2338,394,16832,401,869.007,829,1
lak401d,2172,2447,348,17525,455,870.764,832,1
lak401d,2173,2542,205,18714,427,869.505,815,1
lak401d,2174,1771,149,16270,388,870.108,833,1
lak401d,2175,2851,336,18208,514,868.333,813,1
lak401d,2176,2566,352,15921,382,871.333,816,1
lak401d,2177,2547,164,15553,401,869.161,813,1
lak401d,2178,3205,224,14905,368,869.889,810,1
lak401d,2179,2727,163,13557,326,869.818,812,1
