map,scenid,total,20move,total-src,20move-src,distance,path_size,hLevel
lak403d,0,495,414,287,460,3.41421,4,0
lak403d,1,354,272,202,224,2.41421,3,0
lak403d,2,285,220,174,292,1.41421,2,0
lak403d,3,293,284,228,347,2.41421,3,0
lak403d,4,268,259,192,168,2.41421,3,0
lak403d,5,156,133,234,260,3,4,0
lak403d,6,457,372,439,785,3.41421,4,0
lak403d,7,239,194,155,228,1.41421,2,0
lak403d,8,215,205,148,237,1.41421,2,0
lak403d,9,159,121,94,99,1,2,0
lak403d,10,527,466,822,879,7.65685,7,0
lak403d,11,414,348,885,1180,6.82843,7,0
lak403d,12,201,177,443,629,7,8,0
lak403d,13,328,342,512,1133,5.41421,6,0
lak403d,14,364,270,614,903,5.41421,6,0
lak403d,15,334,319,680,968,5.82843,6,0
lak403d,16,312,320,380,612,4.41421,5,0
lak403d,17,339,360,636,852,7.24264,7,0
lak403d,18,431,412,666,904,7.82843,8,0
lak403d,19,433,385,455,439,6.82843,7,0
lak403d,20,184,170,449,398,8,9,0
lak403d,21,366,297,987,1245,9.65685,9,0
lak403d,22,324,325,906,941,9.82843,10,0
lak403d,23,725,658,1020,1246,10.6569,10,0
lak403d,24,582,570,888,1245,10.2426,10,0
lak403d,25,284,284,738,611,8.82843,9,0
lak403d,26,350,272,1032,1475,10.8284,11,0
lak403d,27,348,346,642,570,10.0711,9,0
lak403d,28,254,237,566,460,9.82843,10,0
lak403d,29,279,236,443,430,8.41421,9,0
lak403d,30,418,322,1687,2075,14.6569,14,0
lak403d,31,606,588,1271,958,14.3137,12,0
lak403d,32,552,533,1273,853,13.8995,12,0
lak403d,33,269,287,1128,931,13.8284,14,0
lak403d,34,410,317,1134,1360,12.4853,11,0
lak403d,35,474,444,1481,1009,13.8284,14,0
lak403d,36,288,295,1202,1117,15.4142,16,0
lak403d,37,571,420,1465,1880,15.0711,14,0
lak403d,38,330,321,1103,1350,12.4142,13,0
lak403d,39,379,295,1680,2423,12.8284,13,0
lak403d,40,875,840,1367,1462,16.9706,13,0
lak403d,41,402,351,1416,1788,17.0711,16,0
lak403d,42,605,570,2040,2906,18.9706,15,0
lak403d,43,346,333,1892,2287,19.4142,20,0
lak403d,44,596,642,1563,2284,18.9706,15,0
lak403d,45,575,521,1505,2294,16.1421,13,0
lak403d,46,324,285,1549,2170,16.4853,15,0
lak403d,47,302,282,1575,1687,17.6569,17,0
lak403d,48,577,531,1742,1941,18.9706,15,0
lak403d,49,429,414,1316,1725,17.9706,14,0
lak403d,50,289,268,1193,970,20.2426,20,0
lak403d,51,564,499,1271,1385,23.9706,20,0
lak403d,52,726,643,1274,1169,22.1421,19,0
lak403d,53,880,733,2033,2514,23.3848,19,0
lak403d,54,681,591,2114,2326,22.3137,20,0
lak403d,55,708,652,2243,2948,23.7279,21,0
lak403d,56,947,812,1924,2450,22.7279,20,0
lak403d,57,280,253,1491,1734,20.0711,19,0
lak403d,58,836,716,1538,1336,23.2132,18,0
lak403d,59,759,710,2076,2652,23.8995,22,0
lak403d,60,1003,840,1874,1690,26.3848,22,0
lak403d,61,359,308,2734,1832,24.4142,25,0
lak403d,62,1047,922,2347,3751,26.0416,20,0
lak403d,63,567,472,1916,2108,27.4853,26,0
lak403d,64,618,506,2398,2068,24.6569,24,0
lak403d,65,874,752,2508,3254,26.1421,23,0
lak403d,66,1061,1008,2600,2845,26.7279,24,0
lak403d,67,658,645,2211,2197,26.3137,24,0
lak403d,68,874,795,2192,2851,25.5563,22,0
lak403d,69,594,579,1605,1318,24.6569,24,0
lak403d,70,1221,1096,1913,2909,28.2843,21,0
lak403d,71,811,654,2615,1933,29.3848,25,0
lak403d,72,458,397,2223,2568,30.1421,27,0
lak403d,73,792,584,1635,1321,29.6985,22,0
lak403d,74,466,365,1929,1684,29.2132,24,0
lak403d,75,1062,944,2066,2852,31.0416,25,0
lak403d,76,429,378,2827,3439,28.8701,22,0
lak403d,77,150,134,1067,832,30,31,0
lak403d,78,307,291,1477,1037,28.4142,29,0
lak403d,79,614,469,3074,2850,29.3137,27,0
lak403d,80,1090,929,3409,2992,34.3137,32,0
lak403d,81,623,616,3445,2853,33.5563,30,0
lak403d,82,451,439,3278,2451,35.3137,33,0
lak403d,83,824,663,2673,2375,34.4558,28,0
lak403d,84,993,800,2205,2069,32.799,28,0
lak403d,85,584,546,2443,1331,33.4853,32,0
lak403d,86,594,476,1955,1147,32.3137,30,0
lak403d,87,626,320,2471,2290,35.4558,29,0
lak403d,88,889,766,3329,2265,35.799,31,0
lak403d,89,182,165,1673,859,35,36,0
lak403d,90,921,375,1569,763,36.7279,34,0
lak403d,91,815,573,3169,2266,39.2843,32,0
lak403d,92,781,524,2483,1696,39.2843,32,0
lak403d,93,1585,1093,2973,2010,39.5269,31,0
lak403d,94,471,424,3657,2712,36.3137,34,0
lak403d,95,320,311,3670,2630,39.7279,37,0
lak403d,96,849,760,3540,3960,37.799,33,0
lak403d,97,1029,858,3024,2445,37.8701,31,0
lak403d,98,1359,1054,4550,3825,39.7696,30,0
lak403d,99,871,724,2993,2013,36.1421,33,0
lak403d,100,1121,405,3439,2536,40.2132,35,0
lak403d,101,498,411,2634,1472,43.3137,41,0
lak403d,102,721,666,3668,2809,40.1421,37,0
lak403d,103,326,301,3387,1185,42.4853,41,0
lak403d,104,441,425,4349,2638,43.7279,41,0
lak403d,105,146,143,4353,2342,40,41,0
lak403d,106,863,503,3060,2142,43.1127,35,0
lak403d,107,925,565,2478,1212,43.0416,37,0
lak403d,108,960,597,3256,1371,43.9706,40,0
lak403d,109,599,275,2676,1939,42.7696,33,0
lak403d,110,1687,979,3941,2457,45.1838,35,0
lak403d,111,1317,679,3288,2438,44.8406,33,0
lak403d,112,2125,973,4264,3029,47.0122,36,0
lak403d,113,1629,1212,3599,1760,47.669,35,0
lak403d,114,319,306,2658,973,45.4142,46,0
lak403d,115,1205,1031,2991,2097,46.2132,41,0
lak403d,116,281,234,4239,1685,44.4142,45,0
lak403d,117,1311,822,2932,1578,44.598,34,0
lak403d,118,369,330,4928,2350,44.6569,44,0
lak403d,119,1100,943,3498,2675,45.7279,43,0
lak403d,120,1826,1121,3769,2652,51.6274,46,0
lak403d,121,720,396,5530,3455,50.8406,39,0
lak403d,122,641,307,4207,1928,51.3137,49,0
lak403d,123,513,439,3978,2818,49.0711,48,0
lak403d,124,963,554,3614,2089,51.1838,41,0
lak403d,125,1128,763,3165,1393,51.2843,44,0
lak403d,126,2077,1145,4084,2668,51.4264,40,0
lak403d,127,893,760,5036,2040,51.3848,47,0
lak403d,128,908,700,2834,2235,50.9411,42,0
lak403d,129,413,419,3337,1999,49.2426,49,0
lak403d,130,1648,746,4888,2922,53.0833,40,0
lak403d,131,1307,717,4182,2567,55.7696,46,0
lak403d,132,1589,1127,3430,1657,52.2548,40,0
lak403d,133,801,679,4726,3099,54.2132,49,0
lak403d,134,1085,923,4658,2493,52.6274,47,0
lak403d,135,956,877,4962,2965,54.7279,52,0
lak403d,136,663,160,4802,3324,52.5563,49,0
lak403d,137,1139,262,5048,3230,52.598,42,0
lak403d,138,1230,602,4064,1884,55.8406,44,0
lak403d,139,1172,915,4259,1656,52.2843,45,0
lak403d,140,1066,289,3676,1412,57.0416,51,0
lak403d,141,1692,281,5261,3051,56.1543,41,0
lak403d,142,490,441,5043,2494,56.6569,56,0
lak403d,143,646,611,2193,1102,56.9706,53,0
lak403d,144,545,499,4201,1971,56.5563,53,0
lak403d,145,510,492,3654,1522,58.3848,54,0
lak403d,146,868,579,5482,2188,58.3137,56,0
lak403d,147,716,515,5154,2524,59.9411,51,0
lak403d,148,1235,442,3863,1131,58.6985,51,0
lak403d,149,1252,993,3881,2887,56.0122,45,0
lak403d,150,756,271,4278,1751,60.8701,54,0
lak403d,151,1279,718,7365,3087,63.6274,58,0
lak403d,152,677,616,5023,1995,61.9706,58,0
lak403d,153,728,662,5381,2938,62.6274,57,0
lak403d,154,891,445,5634,3220,60.2132,55,0
lak403d,155,937,731,5593,3128,63.8406,52,0
lak403d,156,1368,681,4172,2929,60.0122,49,0
lak403d,157,1242,430,5453,2184,62.5269,54,0
lak403d,158,1099,379,4877,3482,61.669,49,0
lak403d,159,1721,284,4682,1815,60.799,56,0
lak403d,160,1201,904,6560,3372,64.2843,57,0
lak403d,161,711,562,5190,2454,66.0711,65,0
lak403d,162,1283,511,5364,3775,65.3553,56,0
lak403d,163,1854,1111,5871,2854,66.8406,55,0
lak403d,164,1529,809,4210,3655,64.0122,53,0
lak403d,165,848,420,5033,1945,67.2843,60,0
lak403d,166,1763,511,4264,2132,66.1127,58,0
lak403d,167,1475,677,4568,2186,65.8112,49,0
lak403d,168,1873,952,5515,2540,64.9828,49,0
lak403d,169,1012,639,3910,1328,64.8701,58,0
lak403d,170,753,653,3896,2583,69.8701,63,0
lak403d,171,521,142,4159,1065,70.0711,69,0
lak403d,172,1906,924,5761,1692,69.7401,55,0
lak403d,173,1295,519,6360,3193,70.8822,52,0
lak403d,174,1660,577,4320,1411,68.7696,59,0
lak403d,175,939,756,4958,2457,69.3553,60,0
lak403d,176,1296,960,5891,1625,69.1421,66,0
lak403d,177,696,652,3231,1323,68.8701,62,0
lak403d,178,546,385,6571,2439,69.3848,65,0
lak403d,179,1175,522,4648,2525,69.8701,63,0
lak403d,180,435,176,2966,673,73.8995,72,0
lak403d,181,1298,227,5370,1937,72.2548,60,0
lak403d,182,1117,784,7380,2852,75.598,65,0
lak403d,183,717,744,7406,3409,74.7279,72,0
lak403d,184,1158,597,5010,2868,74.5685,59,0
lak403d,185,1342,592,5641,2564,73.669,61,0
lak403d,186,1142,633,8040,2834,73.3259,59,0
lak403d,187,2008,566,5464,1353,72.5685,57,0
lak403d,188,1964,1187,6442,2272,75.598,65,0
lak403d,189,567,275,5168,2746,75.0711,74,0
lak403d,190,1197,397,7611,2552,79.0122,68,0
lak403d,191,927,318,4458,1850,77.0122,66,0
lak403d,192,1144,833,4361,1740,77.9828,62,0
lak403d,193,1207,479,6191,2062,79.598,69,0
lak403d,194,1078,542,6497,2386,76.3259,62,0
lak403d,195,1163,274,4830,2143,79.9706,76,0
lak403d,196,1933,1112,6826,2680,78.9117,65,0
lak403d,197,1201,636,7192,2365,79.4264,68,0
lak403d,198,2119,966,5115,2259,79.7107,60,0
lak403d,199,895,573,5169,2323,78.7696,69,0
lak403d,200,1536,590,3437,1354,81.6274,76,0
lak403d,201,1850,814,6941,3034,82.468,64,0
lak403d,202,1918,741,8900,3647,82.1249,62,0
lak403d,203,1753,973,6991,2445,81.9828,66,0
lak403d,204,488,372,4452,1656,82.3137,80,0
lak403d,205,2078,1023,6903,3237,82.7817,61,0
lak403d,206,1266,538,4260,911,80.3848,76,0
lak403d,207,1527,201,6700,2292,81.7696,72,0
lak403d,208,833,705,4761,1237,81.3848,77,0
lak403d,209,2565,1133,5127,2880,80.7107,61,0
lak403d,210,1081,386,5570,1896,86.4264,75,0
lak403d,211,2389,534,8191,3132,84.1249,64,0
lak403d,212,1357,432,3435,910,87.6274,82,0
lak403d,213,1683,1418,6895,3256,87.4558,81,0
lak403d,214,2181,538,6108,2507,87.3675,66,0
lak403d,215,323,291,4309,1101,85.4142,86,0
lak403d,216,1454,246,5924,1882,87.6274,82,0
lak403d,217,1457,924,7412,2304,87.1838,77,0
lak403d,218,1845,422,5650,2440,86.5269,78,0
lak403d,219,939,775,9613,2827,85.3137,83,0
lak403d,220,1837,467,8301,2982,89.8112,73,0
lak403d,221,1761,348,8319,3234,90.6396,73,0
lak403d,222,2007,858,9419,2678,91.4975,78,0
lak403d,223,646,434,6813,2054,90.3137,88,0
lak403d,224,1133,405,7550,2733,89.9117,76,0
lak403d,225,1415,605,7601,2905,91.4386,68,0
lak403d,226,579,266,8671,2000,89.8995,88,0
lak403d,227,1732,768,5932,1706,90.669,78,0
lak403d,228,1272,1015,8582,2844,90.2843,83,0
lak403d,229,1825,442,6139,1873,91.2843,84,0
lak403d,230,1567,608,6463,1494,92.3553,83,0
lak403d,231,797,525,9302,2321,94.0711,93,0
lak403d,232,1560,667,7747,3178,94.3675,73,0
lak403d,233,1877,569,7277,2050,95.8822,77,0
lak403d,234,708,349,8332,2323,95.5563,92,0
lak403d,235,805,784,6053,1672,95.0416,89,0
lak403d,236,1272,253,7908,2659,95.6396,78,0
lak403d,237,1528,277,7430,1869,95.6102,73,0
lak403d,238,2475,1092,7944,2194,93.196,71,0
lak403d,239,1386,540,7623,3324,94.4975,81,0
lak403d,240,1113,766,7166,2732,96.0416,90,0
lak403d,241,2125,643,7569,1278,99.4975,86,0
lak403d,242,1448,880,8191,2346,99.9411,91,0
lak403d,243,1391,724,6849,2018,99.4386,76,0
lak403d,244,912,539,8628,2751,97.1838,87,0
lak403d,245,1441,1035,6052,1978,98.1127,90,0
lak403d,246,1669,518,6051,1664,99.8406,88,0
lak403d,247,1357,683,7476,3326,98.6396,81,0
lak403d,248,1721,602,7276,1986,98.397,82,0
lak403d,249,1063,802,6048,1834,99.4558,93,0
lak403d,250,1561,625,6025,2129,100.74,86,0
lak403d,251,1436,478,5684,2574,102.74,88,0
lak403d,252,2647,1385,7411,2723,103.87,97,0
lak403d,253,1109,357,8502,2380,100.556,97,0
lak403d,254,1277,941,6946,2104,101.799,97,0
lak403d,255,2324,957,7272,3048,101.569,86,0
lak403d,256,1318,612,6352,1947,100.284,93,0
lak403d,257,1506,554,5591,1756,100.326,86,0
lak403d,258,466,264,6090,1573,100.314,98,0
lak403d,259,2188,924,5973,2559,100.083,87,0
lak403d,260,1086,421,7618,2976,104.983,89,0
lak403d,261,887,264,5200,2477,106.941,98,0
lak403d,262,838,585,10213,3256,104.142,101,0
lak403d,263,2426,649,8155,1773,105.882,87,0
lak403d,264,1053,831,6119,2066,105.113,97,0
lak403d,265,2198,648,9021,2818,105.468,87,0
lak403d,266,2466,1164,7234,2689,106.811,90,0
lak403d,267,1054,664,9790,2367,104.142,101,0
lak403d,268,1560,662,7215,2438,105.51,80,0
lak403d,269,565,327,10746,2775,107.243,107,0
lak403d,270,2005,342,5280,1091,109.669,97,0
lak403d,271,1602,659,9339,2797,109.598,99,0
lak403d,272,1630,743,8704,1167,110.799,106,0
lak403d,273,2949,508,8641,2855,108.711,89,0
lak403d,274,1100,250,7126,1786,108.799,104,0
lak403d,275,568,282,9191,1352,110.243,110,0
lak403d,276,1442,522,7306,3134,109.397,93,0
lak403d,277,1675,1048,6763,1940,109.527,101,0
lak403d,278,2771,277,8909,2093,108.983,93,0
lak403d,279,997,253,9152,2610,108.113,100,0
lak403d,280,1125,301,10556,1763,115.385,111,0
lak403d,281,1756,361,9110,2646,112.338,86,0
lak403d,282,980,492,10177,2565,112.627,107,0
lak403d,283,1465,702,9668,2715,115.468,97,0
lak403d,284,1689,715,5654,1464,114.184,104,0
lak403d,285,1541,798,6314,1809,113.213,108,0
lak403d,286,1638,623,9422,2428,114.338,88,0
lak403d,287,1000,526,6993,1925,113.083,100,0
lak403d,288,1628,829,5439,1962,113.698,106,0
lak403d,289,1247,262,6180,1030,114.154,99,0
lak403d,290,1606,414,7554,2771,119.894,89,0
lak403d,291,1407,516,8138,1489,117.953,97,0
lak403d,292,676,483,7749,1890,117.485,116,0
lak403d,293,1531,218,8577,1845,119.326,105,0
lak403d,294,1070,899,8052,1178,119.142,116,0
lak403d,295,1471,605,6934,1357,119.012,108,0
lak403d,296,2772,551,7160,1299,118.752,92,0
lak403d,297,965,809,6655,1572,116.799,112,0
lak403d,298,885,465,8134,2577,116.213,111,0
lak403d,299,2240,420,10058,2776,117.238,88,0
lak403d,300,1362,840,9050,1775,123.77,114,0
lak403d,301,1497,376,4084,1425,120.77,111,0
lak403d,302,2604,688,7595,1199,122.024,99,0
lak403d,303,1227,162,6543,1015,120.711,101,0
lak403d,304,1465,119,9199,2165,123.125,103,0
lak403d,305,1304,721,10011,2199,122.012,111,0
lak403d,306,1575,461,8609,2843,122.125,102,0
lak403d,307,1267,685,8684,2386,120.284,113,0
lak403d,308,2231,622,6293,1337,122.711,103,0
lak403d,309,1309,589,6695,1330,121.083,108,0
lak403d,310,2317,993,11837,3107,125.083,112,0
lak403d,311,2005,465,8360,1979,125.397,109,0
lak403d,312,1265,437,6173,1370,124.723,93,0
lak403d,313,1579,802,11338,3454,124.439,101,0
lak403d,314,1810,1038,11452,3135,126.669,114,0
lak403d,315,784,327,7843,805,125.899,124,0
lak403d,316,1988,580,9149,2823,127.995,100,0
lak403d,317,525,554,6235,1097,125.314,123,0
lak403d,318,2355,932,9023,2813,127.64,110,0
lak403d,319,2386,1265,11137,2814,124.095,99,0
lak403d,320,950,458,7621,1236,131.87,125,0
lak403d,321,1025,817,10865,2474,129.284,122,0
lak403d,322,1964,477,6372,1280,131.669,119,0
lak403d,323,2629,633,9548,1592,131.167,104,0
lak403d,324,1661,939,7459,2262,130.326,116,0
lak403d,325,3184,935,10107,2922,131.409,103,0
lak403d,326,3315,1033,9632,1696,129.966,97,0
lak403d,327,1943,495,10079,2650,128.397,112,0
lak403d,328,218,184,7231,879,128,129,0
lak403d,329,2183,1073,8373,2314,131.468,113,0
lak403d,330,2527,414,9301,1667,133.598,123,0
lak403d,331,900,283,7710,1008,133.142,130,0
lak403d,332,950,631,6746,3225,133.326,119,0
lak403d,333,1836,629,10991,3085,133.539,113,0
lak403d,334,1531,223,7467,937,134.61,112,0
lak403d,335,1178,483,11498,2056,133.054,115,0
lak403d,336,2546,743,9468,1465,135.782,114,0
lak403d,337,1392,500,7035,1640,135.995,108,0
lak403d,338,2406,1063,9630,2682,133.095,108,0
lak403d,339,1618,722,7422,1765,133.669,121,0
lak403d,340,1766,486,7557,1401,139.385,135,0
lak403d,341,1395,812,5950,2411,136.184,126,0
lak403d,342,1369,242,9665,2455,137.77,128,0
lak403d,343,1472,820,6352,1684,139.385,135,0
lak403d,344,2186,425,9558,1589,138.652,109,0
lak403d,345,2140,1102,11882,3039,137.882,119,0
lak403d,346,1125,583,8826,2796,137.983,122,0
lak403d,347,1764,353,9999,1848,138.681,114,0
lak403d,348,829,311,5722,1447,137.142,134,0
lak403d,349,600,198,7334,2736,138.113,130,0
lak403d,350,2039,574,9065,1114,141.083,128,0
lak403d,351,2558,1042,9919,2527,140.066,110,0
lak403d,352,946,506,5705,1233,141.042,135,0
lak403d,353,2211,1072,8522,2399,141.995,114,0
lak403d,354,451,240,9307,2270,140.456,134,0
lak403d,355,2695,1036,12460,2172,140.966,108,0
lak403d,356,1129,730,9262,2039,141.87,135,0
lak403d,357,1205,475,10267,977,142.456,136,0
lak403d,358,2485,655,9110,1403,142.894,112,0
lak403d,359,829,281,9714,2461,141.326,127,0
lak403d,360,3228,636,7513,1139,145.924,120,0
lak403d,361,2179,268,6608,929,146.368,125,0
lak403d,362,1636,477,5649,2128,147.912,134,0
lak403d,363,3085,870,12917,2637,146.764,108,0
lak403d,364,1125,492,5690,1367,144.184,134,0
lak403d,365,2411,459,7517,1130,146.953,126,0
lak403d,366,2036,897,9664,1965,146.569,131,0
lak403d,367,3030,961,8016,2078,146.409,118,0
lak403d,368,2179,583,5886,1145,144.468,126,0
lak403d,369,794,471,8544,2290,144.627,139,0
lak403d,370,2282,440,9967,797,149.569,134,0
lak403d,371,2357,978,7744,2475,149.012,138,0
lak403d,372,1101,132,7462,1720,151.184,141,0
lak403d,373,1615,281,5546,1092,150.912,137,0
lak403d,374,601,529,6494,1478,150.971,147,0
lak403d,375,1059,430,5758,1983,150.054,132,0
lak403d,376,453,399,11610,1212,148.899,147,0
lak403d,377,1465,323,8652,1083,150.184,140,0
lak403d,378,2070,430,8466,1472,150.539,130,0
lak403d,379,1986,975,10782,3489,148.368,127,0
lak403d,380,1085,523,8799,2493,154.225,137,0
lak403d,381,3001,1269,11874,2319,152.894,122,0
lak403d,382,1244,333,12709,1986,155.627,150,0
lak403d,383,1181,299,8085,1511,155.627,150,0
lak403d,384,3293,623,12524,2682,153.581,126,0
lak403d,385,1664,354,7207,1053,154.782,133,0
lak403d,386,2069,438,9133,798,154.468,136,0
lak403d,387,836,602,6515,1094,152.485,151,0
lak403d,388,3098,1184,10400,2695,152.823,124,0
lak403d,389,718,224,4571,1278,152.326,138,0
lak403d,390,1261,282,7680,1794,157.042,151,0
lak403d,391,2424,210,9263,2173,158.882,140,0
lak403d,392,3124,474,8065,1585,157.894,127,0
lak403d,393,932,421,7019,1069,157.87,151,0
lak403d,394,1105,520,12100,2695,157.255,145,0
lak403d,395,1308,317,7769,1846,158.953,138,0
lak403d,396,682,549,6830,1818,159.456,153,0
lak403d,397,1162,514,7692,1931,159.125,139,0
lak403d,398,2990,861,13425,2996,158.338,132,0
lak403d,399,2674,582,9481,2732,158.836,118,0
lak403d,400,2735,657,9914,1019,160.196,138,0
lak403d,401,2214,280,7020,1218,162.225,145,0
lak403d,402,2036,420,7971,1150,161.255,149,0
lak403d,403,2662,571,7401,1142,161.309,130,0
lak403d,404,1141,418,8733,972,162.698,155,0
lak403d,405,2324,521,8760,1818,161.208,127,0
lak403d,406,1508,250,11339,1560,161.054,143,0
lak403d,407,1363,621,10180,1447,163.698,156,0
lak403d,408,2309,621,7265,1268,162.539,142,0
lak403d,409,1745,201,9047,1061,161.51,136,0
lak403d,410,2325,560,9301,973,167.137,135,0
lak403d,411,1436,314,7520,1180,167.296,148,0
lak403d,412,866,430,6151,1137,167.556,164,0
lak403d,413,2795,641,7978,1580,164.007,124,0
lak403d,414,2150,435,9771,2030,166.497,153,0
lak403d,415,2035,701,9372,2735,164.782,143,0
lak403d,416,4224,764,13215,2808,167.764,129,0
lak403d,417,839,744,9839,1590,165.728,163,0
lak403d,418,1775,1015,10582,1998,165.113,157,0
lak403d,419,1924,813,9454,2480,165.581,138,0
lak403d,420,1336,561,6137,1503,169.698,162,0
lak403d,421,1784,409,8074,1736,170.267,146,0
lak403d,422,1820,387,8328,1242,168.154,153,0
lak403d,423,2570,977,8051,1407,168.622,134,0
lak403d,424,1357,583,9002,2764,170.296,151,0
lak403d,425,1809,473,10221,920,169.167,142,0
lak403d,426,3930,922,10522,1891,170.966,138,0
lak403d,427,763,289,9949,1365,169.213,164,0
lak403d,428,1728,618,9029,2890,171.953,151,0
lak403d,429,1297,592,7482,1882,168.669,156,0
lak403d,430,1749,721,7301,1589,174.87,168,0
lak403d,431,1033,463,7149,1222,172.941,164,0
lak403d,432,970,231,6927,1024,174.627,169,0
lak403d,433,1781,525,8840,3088,173.983,158,0
lak403d,434,800,163,11774,2754,173.426,162,0
lak403d,435,1986,904,10081,1651,174.811,158,0
lak403d,436,1800,253,11589,2427,175.279,139,0
lak403d,437,2702,321,7432,911,172.51,147,0
lak403d,438,2228,434,9844,2575,174.581,147,0
lak403d,439,2026,427,9101,1944,173.338,147,0
lak403d,440,2446,461,8146,1030,177.764,139,0
lak403d,441,3564,138,14771,1893,177.321,134,0
lak403d,442,1966,462,6293,1003,177.38,144,0
lak403d,443,2785,210,9821,925,177.764,139,0
lak403d,444,570,518,9513,1285,178.485,177,0
lak403d,445,2673,1190,9291,2804,177.652,148,0
lak403d,446,1471,270,7177,1531,176.012,165,0
lak403d,447,1894,251,8977,2526,176.995,149,0
lak403d,448,1310,845,9972,1869,179.841,168,0
lak403d,449,1321,789,8756,2558,176.296,157,0
lak403d,450,606,598,11860,1413,182.899,181,0
lak403d,451,2179,451,9912,1162,180.539,160,0
lak403d,452,2449,650,12773,3006,183.12,134,0
lak403d,453,1125,509,6036,2115,183.811,167,0
lak403d,454,205,200,9213,962,182,183,0
lak403d,455,1682,612,8345,1619,182.338,156,0
lak403d,456,2224,408,10279,2013,182.439,159,0
lak403d,457,2032,564,11401,1034,183.355,174,0
lak403d,458,3254,943,12804,1871,181.936,144,0
lak403d,459,1807,377,9563,1186,180.125,160,0
lak403d,460,1284,682,11789,1346,184.598,174,0
lak403d,461,435,392,8407,1344,184.657,184,0
lak403d,462,1930,391,6756,1014,186.238,157,0
lak403d,463,2284,596,9362,1278,185.794,152,0
lak403d,464,922,409,7489,1287,185.284,178,0
lak403d,465,1229,518,8101,2498,186.681,162,0
lak403d,466,2468,436,9340,1063,187.782,166,0
lak403d,467,1198,576,7474,2243,185.213,180,0
lak403d,468,1309,633,10652,1126,185.083,172,0
lak403d,469,1120,331,10964,2021,184.752,158,0
lak403d,470,1411,570,9070,1317,189.527,181,0
lak403d,471,1693,772,11671,1968,188.669,176,0
lak403d,472,2594,474,10615,1946,191.439,168,0
lak403d,473,1698,476,7727,1476,191.497,178,0
lak403d,474,1301,348,7317,1394,191.627,186,0
lak403d,475,3255,908,8473,2207,190.966,158,0
lak403d,476,2189,451,12926,1703,190.51,165,0
lak403d,477,741,624,9139,1549,190.142,187,0
lak403d,478,1714,314,8555,2071,191.054,173,0
lak403d,479,1196,249,7599,1335,191.296,172,0
lak403d,480,4064,512,16444,2334,194.907,152,0
lak403d,481,845,260,8461,792,192.485,191,0
lak403d,482,1376,342,8431,2490,194.811,178,0
lak403d,483,1147,490,6433,1226,193.841,182,0
lak403d,484,2545,464,10088,2180,193.836,153,0
lak403d,485,1255,585,7371,2403,192.912,179,0
lak403d,486,1484,1230,8755,1877,193.385,189,0
lak403d,487,1074,209,7925,946,194.899,193,0
lak403d,488,1632,716,10410,1770,192.184,182,0
lak403d,489,4267,143,12201,1705,193.049,146,0
lak403d,490,1406,317,8027,1152,196.267,172,0
lak403d,491,2159,676,9591,1968,197.669,185,0
lak403d,492,1077,326,7499,1331,199.284,192,0
lak403d,493,2163,561,8423,1794,196.184,186,0
lak403d,494,1476,287,9486,1886,197.953,177,0
lak403d,495,1312,429,5363,2013,196.853,173,0
lak403d,496,874,502,12171,1302,197.314,195,0
lak403d,497,382,304,11245,1107,199.828,200,0
lak403d,498,2301,256,12668,1968,196.48,166,0
lak403d,499,2115,259,8362,994,198.669,186,0
lak403d,500,2553,1038,11498,3445,200.882,182,0
lak403d,501,2524,837,10152,2842,201.681,177,0
lak403d,502,1831,353,10580,1126,202.912,189,0
lak403d,503,1920,383,9172,2114,202.267,178,0
lak403d,504,2316,320,14084,2218,203.622,169,0
lak403d,505,1402,448,6335,1819,203.48,173,0
lak403d,506,1250,146,9879,1574,201.397,185,0
lak403d,507,1277,590,8816,1229,203.527,195,0
lak403d,508,834,319,5606,843,203.485,202,0
lak403d,509,1735,260,10030,977,200.569,185,0
lak403d,510,1809,223,10391,1228,205.208,171,0
lak403d,511,508,513,8276,1254,206.243,206,0
lak403d,512,2688,505,9189,1225,205.966,173,0
lak403d,513,1985,413,8622,803,207.77,198,0
lak403d,514,1263,275,5547,997,205.184,195,0
lak403d,515,3518,764,11217,1372,205.681,181,0
lak403d,516,1265,376,5447,1544,204.811,188,0
lak403d,517,1546,243,6953,918,204.368,183,0
lak403d,518,347,346,8417,1129,204.828,205,0
lak403d,519,1734,568,9951,2137,205.811,189,0
lak403d,520,1830,300,10993,1564,211.669,199,0
lak403d,521,2509,381,8765,1076,210.622,176,0
lak403d,522,925,413,7228,2127,209.439,186,0
lak403d,523,1392,615,9644,2445,211.953,191,0
lak403d,524,984,1011,6576,1467,208.314,206,0
lak403d,525,3297,1498,10764,2562,209.309,178,0
lak403d,526,2129,504,10729,1444,210.711,191,0
lak403d,527,2077,1188,11802,2875,210.054,192,0
lak403d,528,1377,389,9618,1036,211.598,201,0
lak403d,529,1944,454,8825,1166,211.296,192,0
lak403d,530,2468,212,14718,2167,213.409,185,0
lak403d,531,2536,392,10628,1527,214.078,172,0
lak403d,532,1830,614,10715,1310,213.296,194,0
lak403d,533,2769,391,8079,1521,214.48,184,0
lak403d,534,1373,263,8731,1710,212.279,176,0
lak403d,535,682,216,13399,684,214.142,211,0
lak403d,536,2665,399,9474,1899,213.095,188,0
lak403d,537,867,153,7513,1331,212.485,211,0
lak403d,538,520,285,7934,1414,214.071,213,0
lak403d,539,2357,623,9765,1437,212.936,175,0
lak403d,540,1399,575,11126,1488,217.213,212,0
lak403d,541,1352,454,11229,2630,219.338,193,0
lak403d,542,1330,242,8548,2096,217.468,199,0
lak403d,543,830,435,9101,1186,218.799,214,0
lak403d,544,665,363,13371,886,219.142,216,0
lak403d,545,584,331,6878,880,217.556,214,0
lak403d,546,1019,411,10426,873,216.627,211,0
lak403d,547,2200,322,11905,1390,218.593,179,0
lak403d,548,1188,422,8201,2012,218.184,208,0
lak403d,549,479,486,10674,1650,216.142,213,0
lak403d,550,1131,148,7469,1466,223.811,207,0
lak403d,551,1401,329,9115,1164,220.125,200,0
lak403d,552,2442,632,10723,1524,221.421,181,0
lak403d,553,1507,1255,10407,2124,222.698,215,0
lak403d,554,1897,208,9636,951,222.811,206,0
lak403d,555,2121,502,8775,1371,222.593,183,0
lak403d,556,1014,410,7578,2097,221.012,210,0
lak403d,557,2029,617,10610,1717,222.912,209,0
lak403d,558,1038,533,5456,1177,221.284,214,0
lak403d,559,2057,416,10340,1194,221.924,196,0
lak403d,560,1228,350,5672,1338,226.426,215,0
lak403d,561,2039,361,10336,1533,227.64,210,0
lak403d,562,2327,367,10426,1844,225.421,185,0
lak403d,563,1319,245,8581,984,227.51,202,0
lak403d,564,1130,528,7197,1311,225.284,218,0
lak403d,565,899,366,5062,777,225.042,219,0
lak403d,566,1927,240,9839,983,227.497,214,0
lak403d,567,963,293,6579,1601,224.054,206,0
lak403d,568,301,292,11497,1302,227.243,227,0
lak403d,569,2182,530,9373,1525,225.179,186,0
lak403d,570,1768,371,7708,1209,228.309,197,0
lak403d,571,860,517,5997,1334,229.296,210,0
lak403d,572,1371,227,7631,955,228.823,200,0
lak403d,573,3044,635,12607,1157,231.593,192,0
lak403d,574,575,451,7775,995,231.728,229,0
lak403d,575,1682,336,8031,902,231.439,208,0
lak403d,576,1353,317,7111,1880,231.581,204,0
lak403d,577,1907,510,10212,1733,229.882,211,0
lak403d,578,1360,380,6632,1332,231.569,216,0
lak403d,579,1241,1093,14298,2450,231.77,222,0
lak403d,580,1557,721,12020,1526,235.326,221,0
lak403d,581,1785,390,11472,903,232.64,215,0
lak403d,582,1518,370,12641,1126,233.255,221,0
lak403d,583,925,320,7528,1145,235.213,230,0
lak403d,584,1049,601,5491,1176,233.799,229,0
lak403d,585,2274,493,9661,1316,234.522,197,0
lak403d,586,852,457,6412,1134,233.87,227,0
lak403d,587,1102,738,9661,1784,233.87,227,0
lak403d,588,1881,603,13766,1404,235.326,221,0
lak403d,589,3479,685,14348,1291,232.208,198,0
lak403d,590,1315,219,11626,837,238.385,234,0
lak403d,591,1360,593,5493,731,238.64,221,0
lak403d,592,2614,1006,12313,1918,238.912,225,0
lak403d,593,2221,176,9398,939,236.752,210,0
lak403d,594,2332,362,10346,1193,239.35,201,0
lak403d,595,2362,405,12419,1044,237.238,208,0
lak403d,596,1207,390,7977,1390,236.74,222,0
lak403d,597,1676,231,8477,932,239.338,213,0
lak403d,598,563,210,11297,777,236.243,236,0
lak403d,599,1456,337,9061,1760,238.693,202,0
lak403d,600,1653,372,11434,1315,241.439,218,0
lak403d,601,1405,653,11854,2052,240.627,235,0
lak403d,602,3449,551,11385,481,241.877,194,0
lak403d,603,2120,331,11029,964,242.397,226,0
lak403d,604,2172,566,10615,1025,243.966,211,0
lak403d,605,173,172,18362,1126,242,243,0
lak403d,606,2333,139,13099,1377,243.463,196,0
lak403d,607,2379,268,11988,1441,240.309,209,0
lak403d,608,1294,207,6762,791,240.894,210,0
lak403d,609,1928,243,13634,1162,240.108,203,0
lak403d,610,2670,231,12874,1153,246.723,215,0
lak403d,611,649,432,7157,925,247.87,241,0
lak403d,612,2081,699,10081,1257,244.037,209,0
lak403d,613,602,364,5608,949,247.971,244,0
lak403d,614,1526,418,8302,1443,244.267,220,0
lak403d,615,2407,411,10803,1124,247.078,205,0
lak403d,616,357,192,7882,641,246.243,246,0
lak403d,617,2340,444,11934,1888,246.439,223,0
lak403d,618,1301,287,7856,1122,246.397,230,0
lak403d,619,2083,237,15041,883,244.279,208,0
lak403d,620,2309,540,10143,1139,249.208,215,0
lak403d,621,1869,274,8749,793,249.983,234,0
lak403d,622,485,435,13434,958,251.899,250,0
lak403d,623,514,537,14823,1527,249.314,247,0
lak403d,624,1586,153,11977,755,251.409,223,0
lak403d,625,626,182,10776,680,250.071,249,0
lak403d,626,839,382,7319,811,251.456,245,0
lak403d,627,1256,252,11711,529,249.042,243,0
lak403d,628,1643,569,9977,1605,251.593,212,0
lak403d,629,1474,175,7735,467,248.64,231,0
lak403d,630,1066,575,15933,1415,254.87,248,0
lak403d,631,2129,197,13121,1642,254.823,226,0
lak403d,632,3092,227,14650,1684,253.279,217,0
lak403d,633,2176,264,8620,1229,255.522,218,0
lak403d,634,3235,174,11947,510,255.907,213,0
lak403d,635,2773,349,12269,980,255.208,221,0
lak403d,636,1917,361,11501,1208,252.38,219,0
lak403d,637,1297,231,10484,1154,254.012,243,0
lak403d,638,2882,591,14056,1552,252.924,227,0
lak403d,639,1408,207,9625,942,255.569,240,0
lak403d,640,827,264,7965,711,258.142,255,0
lak403d,641,1342,403,9734,1405,256.936,219,0
lak403d,642,2034,708,11911,2202,259.35,221,0
lak403d,643,2246,338,12508,975,257.179,218,0
lak403d,644,1684,208,11598,862,257.066,227,0
lak403d,645,1535,300,11211,637,256.326,242,0
lak403d,646,1751,367,8967,1055,256.681,232,0
lak403d,647,2114,496,11432,1267,257.196,235,0
lak403d,648,766,595,10243,975,256.485,255,0
lak403d,649,1324,231,10303,1809,259.527,251,0
lak403d,650,1108,740,12025,1639,263.87,257,0
lak403d,651,495,368,8745,1484,260.728,258,0
lak403d,652,971,529,6259,1364,261.385,257,0
lak403d,653,1645,233,13698,1943,261.451,226,0
lak403d,654,1880,126,11014,609,263.066,233,0
lak403d,655,2256,465,11285,1738,262.669,250,0
lak403d,656,798,365,8029,878,262.87,256,0
lak403d,657,2555,502,12697,1657,262.51,237,0
lak403d,658,846,284,12847,1038,263.627,258,0
lak403d,659,1168,248,7683,712,260.355,251,0
lak403d,660,1403,277,12691,2265,265.669,253,0
lak403d,661,2078,205,11332,1396,266.622,232,0
lak403d,662,528,485,7819,1159,266.728,264,0
lak403d,663,2117,691,9322,1419,264.338,238,0
lak403d,664,1072,400,7591,1305,265.024,242,0
lak403d,665,2318,150,13168,1162,266.137,234,0
lak403d,666,1809,699,12233,1506,266.492,224,0
lak403d,667,1081,355,9406,907,267.627,262,0
lak403d,668,2719,322,14351,998,266.622,232,0
lak403d,669,2133,460,13579,2385,266.522,229,0
lak403d,670,908,335,8156,964,270.284,263,0
lak403d,671,1405,314,9686,1036,270.456,264,0
lak403d,672,2057,215,12517,711,271.196,249,0
lak403d,673,2726,340,9665,1180,268.392,223,0
lak403d,674,1572,675,12024,1128,268.941,260,0
lak403d,675,611,545,10354,995,271.657,271,0
lak403d,676,919,203,8188,1005,269.971,266,0
lak403d,677,1381,192,12305,595,271.87,265,0
lak403d,678,1330,719,7549,1598,271.456,265,0
lak403d,679,1687,343,9597,1195,269.409,241,0
lak403d,680,2438,643,10115,633,275.752,249,0
lak403d,681,1708,349,7773,1014,275.539,255,0
lak403d,682,1142,375,10041,901,274.042,268,0
lak403d,683,1920,354,13092,1483,273.522,236,0
lak403d,684,2716,273,12813,921,273.095,248,0
lak403d,685,1751,162,8082,467,273.095,248,0
lak403d,686,1749,318,19428,1063,272.853,249,0
lak403d,687,1884,307,11632,560,272.037,237,0
lak403d,688,1660,766,12476,1317,275.941,267,0
lak403d,689,1583,343,8221,1430,274.066,244,0
lak403d,690,593,215,14829,803,276.899,275,0
lak403d,691,1749,166,11118,640,277.693,241,0
lak403d,692,992,178,8996,685,279.627,274,0
lak403d,693,2246,795,13835,1162,276.966,244,0
lak403d,694,2624,518,12365,1190,278.037,243,0
lak403d,695,2002,216,11013,607,277.196,255,0
lak403d,696,1708,318,10686,605,278.865,243,0
lak403d,697,2359,401,12770,1051,277.35,239,0
lak403d,698,2041,489,11457,1258,279.652,250,0
lak403d,699,2509,348,12387,1634,276.421,236,0
lak403d,700,2369,519,12493,660,283.924,258,0
lak403d,701,2132,441,13258,791,283.279,247,0
lak403d,702,1891,631,10774,1498,280.439,257,0
lak403d,703,1800,125,7624,535,281.522,244,0
lak403d,704,1798,211,10794,442,283.924,258,0
lak403d,705,1731,290,13090,1186,283.279,247,0
lak403d,706,1822,433,8081,709,280.936,243,0
lak403d,707,934,377,8717,1012,281.627,276,0
lak403d,708,310,352,8604,911,283.243,283,0
lak403d,709,2327,565,12430,973,282.764,244,0
lak403d,710,2915,352,11642,569,286.321,243,0
lak403d,711,1496,589,10694,1671,284.054,266,0
lak403d,712,2563,579,12597,1408,284.652,255,0
lak403d,713,925,285,10266,745,286.213,281,0
lak403d,714,1620,417,12336,1003,286.698,279,0
lak403d,715,1637,541,8818,1251,284.492,242,0
lak403d,716,1700,141,11810,728,285.794,252,0
lak403d,717,1332,783,12234,1681,286.87,280,0
lak403d,718,1407,268,11828,713,284.74,270,0
lak403d,719,567,203,6943,693,287.071,286,0
lak403d,720,795,377,10059,1058,288.042,282,0
lak403d,721,2124,271,9178,641,291.255,279,0
lak403d,722,2295,649,15586,1731,288.907,246,0
lak403d,723,1444,757,8488,758,291.941,283,0
lak403d,724,417,348,16379,796,288.485,287,0
lak403d,725,1859,638,9510,1561,290.108,253,0
lak403d,726,730,650,9792,1363,288.213,283,0
lak403d,727,951,522,12524,922,289.527,281,0
lak403d,728,2203,218,11019,770,289.764,251,0
lak403d,729,2997,279,10805,978,288.635,242,0
lak403d,730,2168,553,12739,711,295.137,263,0
lak403d,731,754,362,7489,827,292.556,289,0
lak403d,732,1315,289,10918,710,292.569,277,0
lak403d,733,1470,117,11413,359,294.238,265,0
lak403d,734,2024,254,13032,1396,293.267,269,0
lak403d,735,2000,163,10483,526,292.007,252,0
lak403d,736,1539,156,8770,363,295.208,261,0
lak403d,737,1775,358,17206,2055,294.167,267,0
lak403d,738,2861,545,14603,1299,295.25,254,0
lak403d,739,2202,511,9880,1825,292.593,253,0
lak403d,740,1714,304,14590,614,297.77,288,0
lak403d,741,866,310,8667,1021,297.627,292,0
lak403d,742,1740,352,8749,1155,297.936,260,0
lak403d,743,640,230,7118,780,297.971,294,0
lak403d,744,585,201,6059,801,296.799,292,0
lak403d,745,1972,441,8937,1756,297.522,260,0
lak403d,746,1802,327,9421,749,299.527,291,0
lak403d,747,713,317,8177,1047,296.627,291,0
lak403d,748,1846,218,8610,981,296.693,260,0
lak403d,749,2317,450,14173,1027,296.421,256,0
lak403d,750,1166,373,9905,949,302.598,292,0
lak403d,751,1890,390,12869,917,301.184,291,0
lak403d,752,801,334,7443,953,303.355,294,0
lak403d,753,1821,416,13905,1002,301.238,272,0
lak403d,754,700,170,7687,602,302.385,298,0
lak403d,755,746,382,12213,959,303.728,301,0
lak403d,756,1774,171,12110,555,300.622,266,0
lak403d,757,545,95,8295,444,300.899,299,0
lak403d,758,1039,171,10009,651,301.042,295,0
lak403d,759,2721,450,11504,868,300.463,253,0
lak403d,760,1970,409,14131,952,307.037,272,0
lak403d,761,1768,227,10796,545,307.451,272,0
lak403d,762,2093,441,10913,2111,307.12,258,0
lak403d,763,480,420,12064,841,306.657,306,0
lak403d,764,756,310,6875,838,305.971,302,0
lak403d,765,2201,338,12196,751,304.907,262,0
lak403d,766,2192,386,11066,1694,306.522,269,0
lak403d,767,631,181,13278,488,304.899,303,0
lak403d,768,465,214,7347,569,306.657,306,0
lak403d,769,1884,223,12889,741,307.77,298,0
lak403d,770,1130,289,9634,663,310.799,306,0
lak403d,771,1904,107,12498,435,308.865,273,0
lak403d,772,1425,311,7788,812,311.137,279,0
lak403d,773,608,277,11650,696,310.314,308,0
lak403d,774,840,361,8957,744,309.556,306,0
lak403d,775,762,262,6954,661,309.456,303,0
lak403d,776,379,216,5841,476,310.657,310,0
lak403d,777,721,477,6255,1009,308.456,302,0
lak403d,778,638,189,6587,552,311.314,309,0
lak403d,779,1471,273,9580,683,308.941,300,0
lak403d,780,974,458,8915,1318,312.841,301,0
lak403d,781,1959,213,11695,629,312.693,276,0
lak403d,782,644,254,7538,530,314.87,308,0
lak403d,783,3851,435,13619,1007,312.451,277,0
lak403d,784,793,380,7910,816,314.456,308,0
lak403d,785,2491,438,14787,1023,315.865,280,0
lak403d,786,2963,608,14270,1493,313.652,284,0
lak403d,787,2098,352,15048,768,312.823,284,0
lak403d,788,2344,596,13196,1960,315.049,268,0
lak403d,789,2749,630,11929,1263,313.794,280,0
lak403d,790,1981,255,12373,548,316.693,280,0
lak403d,791,2023,265,18698,1494,316.551,284,0
lak403d,792,967,178,10715,573,316.799,312,0
lak403d,793,1065,379,9416,858,316.184,306,0
lak403d,794,647,250,5620,731,316.728,314,0
lak403d,795,2277,591,9627,1338,317.179,278,0
lak403d,796,700,286,6750,748,316.77,307,0
lak403d,797,2094,584,12940,1330,316.563,272,0
lak403d,798,790,330,10644,1225,319.355,310,0
lak403d,799,1917,196,11717,792,318.421,278,0
lak403d,800,487,472,10736,875,323.899,322,0
lak403d,801,1165,169,9630,546,320.456,314,0
lak403d,802,198,160,7854,1103,320,321,0
lak403d,803,763,231,8156,723,322.213,317,0
lak403d,804,425,306,6393,555,320.314,318,0
lak403d,805,801,279,8369,768,321.355,312,0
lak403d,806,548,299,6055,492,322.142,319,0
lak403d,807,416,191,5408,305,321.899,320,0
lak403d,808,591,178,7017,602,322.213,317,0
lak403d,809,766,416,13218,822,322.556,319,0
lak403d,810,857,382,8262,812,325.284,318,0
lak403d,811,438,182,6503,442,325.899,324,0
lak403d,812,677,245,13969,571,324.314,322,0
lak403d,813,536,195,11949,642,324.243,324,0
lak403d,814,905,321,8822,679,327.284,320,0
lak403d,815,521,125,16878,643,325.899,324,0
lak403d,816,437,359,10559,1252,324.485,323,0
lak403d,817,869,269,9857,607,327.284,320,0
lak403d,818,847,320,8208,695,324.284,317,0
lak403d,819,390,279,11373,809,324.142,321,0
lak403d,820,1253,177,8496,552,331.941,323,0
lak403d,821,815,216,11351,477,331.971,328,0
lak403d,822,568,218,7409,674,330.284,323,0
lak403d,823,2713,300,12485,638,328.806,283,0
lak403d,824,1431,293,12562,625,331.527,323,0
lak403d,825,979,216,9740,932,329.012,318,0
lak403d,826,618,157,12120,488,328.385,324,0
lak403d,827,308,241,7544,437,328.414,329,0
lak403d,828,642,234,6972,610,329.971,326,0
lak403d,829,722,238,7174,607,329.385,325,0
lak403d,830,1451,426,12681,1050,333.77,324,0
lak403d,831,503,262,11501,875,335.799,331,0
lak403d,832,1128,156,10233,547,335.527,327,0
lak403d,833,777,451,10694,1068,332.87,326,0
lak403d,834,768,338,6756,638,334.799,330,0
lak403d,835,2828,513,13163,740,334.966,302,0
lak403d,836,513,274,7020,430,333.485,332,0
lak403d,837,695,388,5983,717,333.042,327,0
lak403d,838,822,227,7556,666,333.042,327,0
lak403d,839,1878,523,7738,810,332.35,294,0
lak403d,840,545,273,6816,440,339.385,335,0
lak403d,841,801,95,12193,502,336.385,332,0
lak403d,842,478,267,10302,618,338.799,334,0
lak403d,843,496,168,7606,374,339.485,338,0
lak403d,844,535,146,6110,327,339.485,338,0
lak403d,845,1098,269,13515,582,338.042,332,0
lak403d,846,1250,135,9525,500,338.77,329,0
lak403d,847,380,286,12993,818,336.485,335,0
lak403d,848,988,157,9967,595,337.284,330,0
lak403d,849,430,190,8123,420,337.728,335,0
lak403d,850,640,272,6719,769,341.184,331,0
lak403d,851,473,263,16278,590,341.728,339,0
lak403d,852,832,364,8772,851,342.113,334,0
lak403d,853,612,125,12265,655,341.243,341,0
lak403d,854,480,179,7415,531,341.728,339,0
lak403d,855,256,180,6142,390,342.414,343,0
lak403d,856,759,430,7676,1024,340.284,333,0
lak403d,857,656,270,6907,576,342.213,337,0
lak403d,858,482,218,6464,585,340.385,336,0
lak403d,859,689,180,7304,471,340.799,336,0
lak403d,860,1351,461,9919,745,346.355,337,0
lak403d,861,616,306,11888,682,344.456,338,0
lak403d,862,518,236,11620,531,346.485,345,0
lak403d,863,464,207,7447,325,345.485,344,0
lak403d,864,724,336,12088,566,345.213,340,0
lak403d,865,878,304,9307,1039,347.255,335,0
lak403d,866,492,221,6860,459,345.799,341,0
lak403d,867,760,323,11238,676,345.142,342,0
lak403d,868,2159,201,13710,468,347.426,336,0
lak403d,869,599,446,10585,1231,344.385,340,0
lak403d,870,1226,277,10914,599,351.284,344,0
lak403d,871,736,199,11167,634,348.213,343,0
lak403d,872,823,363,9638,714,348.456,342,0
lak403d,873,1281,343,13140,633,350.698,343,0
lak403d,874,1245,162,9939,553,349.598,339,0
lak403d,875,858,383,10004,750,349.87,343,0
lak403d,876,1333,217,9588,727,348.426,337,0
lak403d,877,436,199,7966,439,348.728,346,0
lak403d,878,823,493,17843,716,351.042,345,0
lak403d,879,925,152,13632,418,349.142,346,0
lak403d,880,862,288,10235,742,352.627,347,0
lak403d,881,886,347,11401,1152,354.355,345,0
lak403d,882,1412,290,9797,723,352.669,340,0
lak403d,883,622,288,8276,595,352.142,349,0
lak403d,884,557,173,7788,525,355.556,352,0
lak403d,885,585,225,10905,576,353.728,351,0
lak403d,886,1193,417,10791,592,353.527,345,0
lak403d,887,619,440,10694,1088,354.971,351,0
lak403d,888,1122,159,10154,571,352.284,345,0
lak403d,889,275,159,13433,487,354.243,354,0
lak403d,890,627,391,9935,683,358.314,356,0
lak403d,891,834,443,9028,914,357.113,349,0
lak403d,892,723,262,10686,1090,356.355,347,0
lak403d,893,1120,237,10265,488,357.113,349,0
lak403d,894,524,276,11172,546,358.627,353,0
lak403d,895,481,193,7614,400,356.071,355,0
lak403d,896,642,220,12828,798,356.284,349,0
lak403d,897,565,345,8408,741,356.799,352,0
lak403d,898,1322,161,14355,419,357.213,352,0
lak403d,899,479,226,7704,375,357.899,356,0
lak403d,900,721,420,10298,1165,362.213,357,0
lak403d,901,1018,291,12370,556,362.799,358,0
lak403d,902,769,333,10407,830,360.426,349,0
lak403d,903,411,120,10505,468,363.071,362,0
lak403d,904,561,192,8816,513,360.142,357,0
lak403d,905,456,170,6855,357,362.071,361,0
lak403d,906,786,346,13176,547,361.456,355,0
lak403d,907,1014,170,11405,522,362.698,355,0
lak403d,908,516,171,8181,349,363.142,360,0
lak403d,909,875,380,8647,960,362.77,353,0
lak403d,910,1091,228,9858,429,364.527,356,0
lak403d,911,1383,209,9670,799,367.255,355,0
lak403d,912,811,337,10484,1145,366.255,354,0
lak403d,913,620,256,12258,531,366.142,363,0
lak403d,914,1715,323,10460,673,365.184,355,0
lak403d,915,371,241,11286,428,364.728,362,0
lak403d,916,511,218,7627,482,364.314,362,0
lak403d,917,1002,320,8606,956,365.912,352,0
lak403d,918,693,203,7770,481,366.456,360,0
lak403d,919,435,158,6943,310,364.556,361,0
lak403d,920,485,428,6903,613,369.485,368,0
lak403d,921,600,206,7615,490,369.971,366,0
lak403d,922,448,285,12826,604,369.071,368,0
lak403d,923,799,158,12912,474,371.728,369,0
lak403d,924,576,219,9229,756,371.042,365,0
lak403d,925,745,293,9846,607,370.042,364,0
lak403d,926,477,238,14837,676,368.385,364,0
lak403d,927,790,166,11498,512,369.042,363,0
lak403d,928,710,236,10299,683,370.042,364,0
lak403d,929,746,223,10875,635,370.113,362,0
lak403d,930,884,409,9174,876,375.497,362,0
lak403d,931,554,236,13713,569,374.456,368,0
lak403d,932,547,271,8344,474,372.456,366,0
lak403d,933,965,284,11149,653,373.87,367,0
lak403d,934,727,324,11740,549,372.314,370,0
lak403d,935,940,349,10460,1012,375.255,363,0
lak403d,936,393,192,10196,533,374.657,374,0
lak403d,937,660,278,9376,784,372.698,365,0
lak403d,938,523,164,7751,500,375.971,372,0
lak403d,939,597,266,7595,574,375.385,371,0
lak403d,940,1618,160,11045,465,377.355,368,0
lak403d,941,1495,466,16078,640,376.113,368,0
lak403d,942,787,279,10394,499,379.113,371,0
lak403d,943,739,278,8228,1062,376.77,367,0
lak403d,944,1417,156,12983,515,377.941,369,0
lak403d,945,722,320,10096,818,379.113,371,0
lak403d,946,403,239,13110,560,377.243,377,0
lak403d,947,753,397,8996,782,377.355,368,0
lak403d,948,674,230,8013,498,378.042,372,0
lak403d,949,1249,346,14289,681,377.284,370,0
lak403d,950,593,213,10041,627,381.042,375,0
lak403d,951,696,254,12168,587,380.385,376,0
lak403d,952,673,239,9221,441,381.627,376,0
lak403d,953,575,276,7219,419,382.142,379,0
lak403d,954,1279,101,13023,412,381.698,374,0
lak403d,955,701,253,14415,689,382.213,377,0
lak403d,956,443,102,8735,290,383.314,381,0
lak403d,957,599,341,7478,556,383.627,378,0
lak403d,958,522,293,13601,710,383.799,379,0
lak403d,959,1301,203,13471,482,383.527,375,0
lak403d,960,508,159,17143,407,384.556,381,0
lak403d,961,615,245,12748,470,387.899,386,0
lak403d,962,684,155,10163,587,384.799,380,0
lak403d,963,1050,255,13647,607,386.042,380,0
lak403d,964,799,400,9943,704,386.941,378,0
lak403d,965,861,400,8754,750,386.598,376,0
lak403d,966,471,224,7215,352,387.556,384,0
lak403d,967,516,273,14360,566,386.899,385,0
lak403d,968,767,298,7992,973,387.012,376,0
lak403d,969,1144,268,13885,648,384.113,376,0
lak403d,970,907,282,10265,662,388.184,378,0
lak403d,971,474,238,12833,441,390.485,389,0
lak403d,972,1059,262,13033,575,391.87,385,0
lak403d,973,1184,220,9858,435,388.527,380,0
lak403d,974,1254,356,11214,549,388.941,380,0
lak403d,975,412,367,11112,714,388.142,385,0
lak403d,976,854,494,8656,620,390.284,383,0
lak403d,977,793,320,8477,537,391.355,382,0
lak403d,978,519,135,11831,429,388.728,386,0
lak403d,979,874,261,10011,504,390.841,379,0
lak403d,980,1640,153,11100,372,395.184,385,0
lak403d,981,453,218,14869,517,392.728,390,0
lak403d,982,676,299,9375,516,395.456,389,0
lak403d,983,747,241,7443,770,395.941,387,0
lak403d,984,684,162,7035,371,395.971,392,0
lak403d,985,449,169,12039,478,393.728,391,0
lak403d,986,476,238,11928,903,392.657,392,0
lak403d,987,741,278,17700,542,394.698,387,0
lak403d,988,1187,299,15013,553,394.627,389,0
lak403d,989,486,245,14344,560,393.728,391,0
lak403d,990,601,325,12908,557,396.627,391,0
lak403d,991,442,160,13325,356,398.971,395,0
lak403d,992,579,258,9175,472,396.799,392,0
lak403d,993,1140,234,11227,561,398.527,390,0
lak403d,994,551,158,13826,404,397.556,394,0
lak403d,995,771,452,9204,597,396.527,388,0
lak403d,996,723,177,9075,447,399.385,395,0
lak403d,997,620,182,7971,416,396.385,392,0
lak403d,998,471,187,6696,356,398.314,396,0
lak403d,999,1312,261,10732,536,396.113,388,0
lak403d,1000,784,217,12148,513,401.87,395,0
lak403d,1001,1563,314,15854,529,403.355,394,0
lak403d,1002,1572,266,11590,553,400.841,389,0
lak403d,1003,703,182,11386,481,401.456,395,0
lak403d,1004,904,137,10617,467,400.042,394,0
lak403d,1005,1391,310,14255,552,403.113,395,0
lak403d,1006,1285,275,11132,485,401.012,390,0
lak403d,1007,615,290,9288,548,400.728,398,0
lak403d,1008,513,283,13274,724,402.799,398,0
lak403d,1009,501,279,10373,635,402.385,398,0
lak403d,1010,1024,346,13586,595,405.87,399,0
lak403d,1011,459,229,10886,389,405.142,402,0
lak403d,1012,702,407,9418,1011,406.355,397,0
lak403d,1013,1030,152,11747,401,404.113,396,0
lak403d,1014,489,247,14095,608,404.556,401,0
lak403d,1015,528,266,9145,441,406.799,402,0
lak403d,1016,787,503,7553,629,406.527,398,0
lak403d,1017,521,221,11306,657,404.213,399,0
lak403d,1018,869,359,10718,587,406.527,398,0
lak403d,1019,960,150,14450,409,405.799,401,0
lak403d,1020,948,148,10789,332,408.799,404,0
lak403d,1021,486,289,13759,520,408.071,407,0
lak403d,1022,605,343,7734,512,408.284,401,0
lak403d,1023,490,215,7657,560,410.627,405,0
lak403d,1024,794,328,8963,557,408.284,401,0
lak403d,1025,370,137,13479,458,410.243,410,0
lak403d,1026,836,329,12873,528,408.971,405,0
lak403d,1027,445,212,9231,479,410.142,407,0
lak403d,1028,616,242,11894,495,408.556,405,0
lak403d,1029,697,292,8629,662,411.77,402,0
lak403d,1030,490,328,11266,560,413.142,410,0
lak403d,1031,724,257,10778,636,412.042,406,0
lak403d,1032,1001,188,9532,580,415.255,403,0
lak403d,1033,381,161,10867,407,415.657,415,0
lak403d,1034,704,432,8604,608,412.77,403,0
lak403d,1035,620,338,7143,475,414.385,410,0
lak403d,1036,864,169,12073,397,415.213,410,0
lak403d,1037,696,147,14422,398,415.971,412,0
lak403d,1038,563,322,8811,459,413.314,411,0
lak403d,1039,484,286,11971,617,414.385,410,0
lak403d,1040,755,329,11037,771,416.77,407,0
lak403d,1041,802,361,9158,726,418.77,409,0
lak403d,1042,1243,195,15662,523,416.456,410,0
lak403d,1043,650,170,10881,373,418.971,415,0
lak403d,1044,565,166,8075,370,418.485,417,0
lak403d,1045,389,141,7099,363,416.728,414,0
lak403d,1046,713,269,7213,434,418.113,410,0
lak403d,1047,1410,131,12440,502,418.426,407,0
lak403d,1048,558,316,9426,534,416.385,412,0
lak403d,1049,687,217,8943,437,417.698,410,0
lak403d,1050,774,128,11911,398,421.113,413,0
lak403d,1051,720,396,14448,641,422.556,419,0
lak403d,1052,579,282,8293,473,420.556,417,0
lak403d,1053,373,173,8237,437,421.314,419,0
lak403d,1054,1207,272,12366,561,420.184,410,0
lak403d,1055,872,250,11568,595,421.426,410,0
lak403d,1056,523,255,9948,707,420.012,409,0
lak403d,1057,709,234,9593,614,423.698,416,0
lak403d,1058,1147,87,15612,365,420.042,414,0
lak403d,1059,589,161,11307,570,420.385,416,0
lak403d,1060,740,155,13018,532,426.527,418,0
lak403d,1061,613,374,9617,438,427.113,419,0
lak403d,1062,716,325,9455,568,426.698,419,0
lak403d,1063,455,217,7803,351,425.142,422,0
lak403d,1064,585,256,7571,468,427.627,422,0
lak403d,1065,782,197,17422,465,425.385,421,0
lak403d,1066,678,208,10824,482,425.042,419,0
lak403d,1067,459,291,13021,480,425.899,424,0
lak403d,1068,1320,169,14981,438,426.284,419,0
lak403d,1069,807,340,10998,607,424.284,417,0
lak403d,1070,804,293,13704,620,428.87,422,0
lak403d,1071,601,368,9823,797,431.184,421,0
lak403d,1072,899,167,9795,616,429.598,419,0
lak403d,1073,676,233,9109,465,428.284,421,0
lak403d,1074,875,174,8832,446,431.012,420,0
lak403d,1075,791,267,8895,610,430.426,419,0
lak403d,1076,1293,268,12585,438,428.184,418,0
lak403d,1077,444,194,9874,447,428.899,427,0
lak403d,1078,602,249,16135,405,428.971,425,0
lak403d,1079,1201,148,15662,352,428.456,422,0
lak403d,1080,557,152,11473,387,433.314,431,0
lak403d,1081,734,325,9126,497,434.556,431,0
lak403d,1082,1292,152,14310,418,433.113,425,0
lak403d,1083,608,146,12930,557,433.385,429,0
lak403d,1084,800,182,14435,388,433.799,429,0
lak403d,1085,581,246,9992,395,432.728,430,0
lak403d,1086,2018,221,12309,442,434.012,423,0
lak403d,1087,515,269,10186,400,433.971,430,0
lak403d,1088,668,398,7527,371,434.799,430,0
lak403d,1089,891,277,7713,745,432.598,422,0
