map,scenid,total,20move,total-src,20move-src,distance,path_size,hLevel
lak513d,0,251,224,342,336,3,4,1
lak513d,1,352,336,186,180,2.82843,3,1
lak513d,2,324,268,186,188,2.41421,3,1
lak513d,3,142,140,223,204,3,4,1
lak513d,4,280,257,171,166,2.41421,3,1
lak513d,5,184,170,246,223,3,4,1
lak513d,6,334,286,243,211,2.41421,3,1
lak513d,7,164,149,245,244,3,4,1
lak513d,8,481,426,268,279,3.82843,4,1
lak513d,9,363,344,229,241,3.41421,4,1
lak513d,10,161,151,348,272,7,8,1
lak513d,11,323,312,466,428,7.65685,7,1
lak513d,12,318,310,673,599,7.82843,8,1
lak513d,13,408,401,461,457,7.82843,8,1
lak513d,14,230,198,385,325,6.41421,7,1
lak513d,15,250,232,537,457,7.41421,8,1
lak513d,16,338,323,468,453,5.82843,6,1
lak513d,17,303,290,391,363,5.41421,6,1
lak513d,18,288,280,332,357,6.41421,7,1
lak513d,19,251,255,508,482,7.41421,8,1
lak513d,20,339,302,619,542,10.8995,9,1
lak513d,21,291,260,531,502,8.65685,8,1
lak513d,22,301,312,728,750,11.8284,12,1
lak513d,23,490,468,681,577,10.6569,10,1
lak513d,24,288,294,572,522,8.24264,8,1
lak513d,25,390,322,592,633,11.4853,10,1
lak513d,26,357,374,528,441,9.07107,8,1
lak513d,27,477,489,518,551,10.4853,9,1
lak513d,28,557,538,607,613,9.24264,9,1
lak513d,29,215,214,445,392,10.4142,11,1
lak513d,30,467,458,984,1030,14.4853,13,1
lak513d,31,427,395,765,755,14.7279,12,1
lak513d,32,362,357,473,406,14.6569,14,1
lak513d,33,438,409,801,879,13.8995,12,1
lak513d,34,693,680,616,596,12.3137,10,1
lak513d,35,276,266,441,500,12.8284,13,1
lak513d,36,236,275,887,862,13.4142,14,1
lak513d,37,268,279,610,646,15.6569,15,1
lak513d,38,386,363,791,736,13.2426,13,1
lak513d,39,323,263,862,753,15.8995,14,1
lak513d,40,285,281,692,659,17.8284,18,1
lak513d,41,619,595,852,903,16.5563,13,1
lak513d,42,405,367,873,901,16.3137,14,1
lak513d,43,359,359,732,668,16.3137,14,1
lak513d,44,426,383,799,707,16.5563,13,1
lak513d,45,657,635,1089,1063,19.4853,18,1
lak513d,46,376,369,919,929,16.6569,16,1
lak513d,47,399,430,1005,952,17.3137,15,1
lak513d,48,612,562,979,996,19.6569,19,1
lak513d,49,237,242,678,703,16.6569,16,1
lak513d,50,241,243,816,738,20.6569,20,1
lak513d,51,157,154,747,793,20,21,1
lak513d,52,487,488,1108,1057,20.3848,16,1
lak513d,53,271,287,1138,1074,23.3137,21,1
lak513d,54,448,436,919,1002,21.5563,18,1
lak513d,55,675,675,1157,1225,23.1421,20,1
lak513d,56,703,730,992,905,21.1421,18,1
lak513d,57,249,242,1088,1003,20.8284,21,1
lak513d,58,208,225,793,901,20.3137,18,1
lak513d,59,279,304,1444,1530,23.4853,22,1
lak513d,60,520,580,1091,1031,25.3848,21,1
lak513d,61,617,535,1342,1104,25.8995,24,1
lak513d,62,468,477,1365,1051,27.4853,26,1
lak513d,63,852,848,1255,1279,26.0416,20,1
lak513d,64,363,209,964,620,27.8284,28,1
lak513d,65,662,658,1204,1232,25.799,21,1
lak513d,66,399,353,937,932,24.7279,22,1
lak513d,67,397,388,1516,1246,26.7279,24,1
lak513d,68,540,481,1304,1059,25.8995,24,1
lak513d,69,701,686,1213,1196,26.1421,23,1
lak513d,70,465,442,1407,1294,28.9706,25,1
lak513d,71,716,680,1232,1182,30.8701,24,1
lak513d,72,856,707,1604,1293,29.2843,22,1
lak513d,73,846,748,1456,1163,28.3137,26,1
lak513d,74,633,576,1326,1078,30.1421,27,1
lak513d,75,505,473,1623,1152,28.8284,29,1
lak513d,76,678,455,1444,982,31.7279,29,1
lak513d,77,690,587,1986,1464,31.799,27,1
lak513d,78,792,450,1642,1069,31.6569,31,1
lak513d,79,644,608,1127,1015,30.2132,25,1
lak513d,80,644,267,1552,1072,32.8995,31,1
lak513d,81,702,666,1412,1108,34.8701,28,1
lak513d,82,891,569,1323,1071,34.6985,27,1
lak513d,83,357,332,1075,803,33.6569,33,1
lak513d,84,840,778,1392,1083,35.4853,34,1
lak513d,85,1016,907,1885,1554,32.8701,26,1
lak513d,86,478,447,1542,1020,35.1421,32,1
lak513d,87,621,369,1779,1076,32.3137,30,1
lak513d,88,312,302,1031,829,34.9706,31,1
lak513d,89,686,360,1393,877,34.8995,33,1
lak513d,90,396,390,1759,973,36.8284,37,1
lak513d,91,367,364,2199,1339,38.8284,39,1
lak513d,92,1015,922,1949,1293,36.3137,34,1
lak513d,93,766,488,1547,991,36.3848,32,1
lak513d,94,449,355,1348,1031,37.2843,30,1
lak513d,95,845,736,1410,1131,36.2132,31,1
lak513d,96,383,389,1858,1249,39.8284,40,1
lak513d,97,725,525,1304,1036,36.1127,28,1
lak513d,98,887,744,1683,1085,37.5563,34,1
lak513d,99,367,262,1691,961,37.8284,38,1
lak513d,100,926,620,2043,1243,41.9706,38,1
lak513d,101,435,437,1912,1115,41.1421,38,1
lak513d,102,961,617,2121,1242,42.3848,38,1
lak513d,103,1265,654,1796,1133,40.2843,33,1
lak513d,104,1056,611,1660,1166,40.1127,32,1
lak513d,105,598,569,2734,1411,43.5563,40,1
lak513d,106,796,760,2134,1261,42.1421,39,1
lak513d,107,515,537,1568,1083,41.9706,38,1
lak513d,108,941,281,2364,1194,40.8995,39,1
lak513d,109,787,561,1928,1392,43.6985,36,1
lak513d,110,778,682,1906,1070,46.2132,41,1
lak513d,111,460,435,1916,1175,44.4558,38,1
lak513d,112,757,671,2458,1059,46.7279,44,1
lak513d,113,508,511,2525,1160,45.1421,42,1
lak513d,114,1120,635,1765,1024,46.8406,35,1
lak513d,115,710,668,1970,1312,45.4558,39,1
lak513d,116,750,591,1508,923,44.7279,42,1
lak513d,117,793,402,1996,928,47.7279,45,1
lak513d,118,1017,908,2444,1460,44.5269,36,1
lak513d,119,1082,572,1735,994,45.9706,42,1
lak513d,120,1255,1047,2861,1229,48.8995,47,1
lak513d,121,1047,681,2270,1289,49.2843,42,1
lak513d,122,654,341,1924,793,49.7279,47,1
lak513d,123,866,420,2297,1187,51.1421,48,1
lak513d,124,799,508,1674,1000,48.4264,37,1
lak513d,125,342,326,3202,1113,50.2132,45,1
lak513d,126,739,150,1953,781,51.2426,51,1
lak513d,127,268,160,1554,978,49.2843,42,1
lak513d,128,815,375,2689,1043,51.5563,48,1
lak513d,129,820,323,2028,1193,49.799,45,1
lak513d,130,805,712,2083,1101,55.3553,46,1
lak513d,131,1121,447,2064,867,54.5563,51,1
lak513d,132,653,132,2289,1051,53.3848,49,1
lak513d,133,1247,696,2579,1187,53.598,43,1
lak513d,134,792,368,2477,1215,54.2843,47,1
lak513d,135,1041,770,2997,1400,54.6985,47,1
lak513d,136,527,269,1801,917,55.8995,54,1
lak513d,137,405,348,3326,1129,52.8995,51,1
lak513d,138,653,357,2515,1194,53.669,41,1
lak513d,139,707,244,2335,1212,55.799,51,1
lak513d,140,1144,560,2739,1163,57.1838,47,1
lak513d,141,858,582,2724,1235,56.7279,54,1
lak513d,142,1146,511,2174,1127,58.0833,45,1
lak513d,143,624,214,2167,847,57.3848,53,1
lak513d,144,1402,819,2635,1267,57.4264,46,1
lak513d,145,1246,836,2540,1172,57.598,47,1
lak513d,146,688,597,2708,1195,59.0416,53,1
lak513d,147,720,252,2389,802,56.4558,50,1
lak513d,148,992,521,2463,1225,59.4558,53,1
lak513d,149,651,281,2058,933,58.5269,50,1
lak513d,150,1220,681,2296,1181,62.5563,59,1
lak513d,151,1027,758,2282,1166,61.4853,60,1
lak513d,152,1110,441,3003,1226,62.7401,48,1
lak513d,153,1017,300,2399,960,62.2843,55,1
lak513d,154,963,641,1759,913,62.3259,48,1
lak513d,155,828,597,3130,1237,61.4558,55,1
lak513d,156,1071,358,4372,994,63.3137,61,1
lak513d,157,829,540,2559,846,62.5269,54,1
lak513d,158,1375,687,2563,920,63.5563,60,1
lak513d,159,1080,581,2227,824,60.0416,54,1
lak513d,160,890,400,2434,1186,65.0416,59,1
lak513d,161,1021,765,2952,952,67.3848,63,1
lak513d,162,878,599,2753,1084,67.7279,65,1
lak513d,163,1275,216,3360,882,67.2843,60,1
lak513d,164,795,585,2328,1085,64.1421,61,1
lak513d,165,1120,823,2213,882,64.2843,57,1
lak513d,166,674,387,2365,786,64.8995,63,1
lak513d,167,1037,807,3015,1379,64.2843,57,1
lak513d,168,393,372,2168,876,67.2426,67,1
lak513d,169,327,331,1959,871,64.6569,64,1
lak513d,170,1364,279,2931,1126,70.1838,60,1
lak513d,171,1257,560,3098,1108,68.0122,57,1
lak513d,172,1108,597,2958,1112,71.7696,62,1
lak513d,173,1291,861,2988,1234,68.4558,62,1
lak513d,174,659,216,2817,956,70.7279,68,1
lak513d,175,1192,405,2788,1077,69.6985,62,1
lak513d,176,341,276,2452,841,70.3137,68,1
lak513d,177,772,376,2003,681,70.0416,64,1
lak513d,178,643,202,2436,1128,71.2548,59,1
lak513d,179,945,383,2660,1105,68.1421,65,1
lak513d,180,1347,479,3483,1292,74.6985,67,1
lak513d,181,557,226,2559,722,74.3137,72,1
lak513d,182,630,503,2040,959,72.4558,66,1
lak513d,183,802,473,2206,876,73.799,69,1
lak513d,184,824,589,3915,1111,73.3137,71,1
lak513d,185,926,224,2729,865,75.1421,72,1
lak513d,186,866,313,3628,1213,73.2132,68,1
lak513d,187,519,468,2689,1077,74.4558,68,1
lak513d,188,1335,797,3244,959,72.4558,66,1
lak513d,189,880,223,3221,930,75.1838,65,1
lak513d,190,785,279,3888,1015,76.7279,74,1
lak513d,191,731,319,2744,1036,77.7696,68,1
lak513d,192,850,469,2342,836,77.0416,71,1
lak513d,193,1047,320,3481,1046,76.8822,58,1
lak513d,194,1065,585,2955,1003,77.6274,72,1
lak513d,195,459,374,2283,904,78.3848,74,1
lak513d,196,2716,1344,3796,1323,77.8701,71,1
lak513d,197,1045,715,2400,831,77.3553,68,1
lak513d,198,1145,367,3773,1281,77.7696,68,1
lak513d,199,1154,405,3342,1349,77.0122,66,1
lak513d,200,1360,602,2837,1021,80.8112,64,1
lak513d,201,1074,435,3030,958,82.5269,74,1
lak513d,202,880,460,3250,809,82.1421,79,1
lak513d,203,600,257,3266,1119,82.8995,81,1
lak513d,204,1152,560,3667,1323,83.1838,73,1
lak513d,205,903,282,2663,895,81.799,77,1
lak513d,206,1665,576,3099,1167,82.669,70,1
lak513d,207,1168,468,3390,906,83.799,79,1
lak513d,208,1403,457,3266,840,81.8406,70,1
lak513d,209,968,537,3012,993,83.6985,76,1
lak513d,210,1210,191,3634,967,86.9411,78,1
lak513d,211,1058,396,2707,1171,85.1543,70,1
lak513d,212,1419,336,3302,643,85.9117,72,1
lak513d,213,1151,408,2694,980,86.1543,71,1
lak513d,214,783,230,1919,631,87.1838,77,1
lak513d,215,1044,657,2820,1080,84.3848,80,1
lak513d,216,825,607,2206,1091,84.8701,78,1
lak513d,217,585,325,2734,913,87.9706,84,1
lak513d,218,909,474,3060,882,87.3259,73,1
lak513d,219,622,316,2686,996,85.5563,82,1
lak513d,220,1455,486,4574,1452,90.0833,77,1
lak513d,221,582,243,2974,844,90.9828,75,1
lak513d,222,1738,727,2915,1085,88.7401,74,1
lak513d,223,584,523,2626,1164,89.799,85,1
lak513d,224,1512,713,3187,1056,91.7696,82,1
lak513d,225,1264,511,4075,1000,91.7696,82,1
lak513d,226,987,273,2543,879,90.397,74,1
lak513d,227,1573,393,2421,1179,91.9828,76,1
lak513d,228,1146,410,2453,1088,88.6396,71,1
lak513d,229,1138,612,3311,887,91.1421,88,1
lak513d,230,1523,359,3773,831,94.3553,85,1
lak513d,231,1166,448,4752,1375,94.0122,83,1
lak513d,232,1520,359,3638,1322,94.8112,78,1
lak513d,233,1941,437,3504,1308,94.3259,80,1
lak513d,234,1224,543,4341,971,94.2132,89,1
lak513d,235,742,361,2692,786,95.5563,92,1
lak513d,236,1426,462,4142,1243,92.6812,68,1
lak513d,237,1641,251,3825,813,95.5269,87,1
lak513d,238,895,349,2988,1015,93.5269,85,1
lak513d,239,1970,645,3759,887,94.8701,88,1
lak513d,240,723,378,2378,602,97.9706,94,1
lak513d,241,1906,646,4312,1314,98.8406,87,1
lak513d,242,906,216,3685,786,96.8701,90,1
lak513d,243,1218,431,2768,813,96.1127,88,1
lak513d,244,1410,670,4035,1393,96.6396,79,1
lak513d,245,1142,366,4035,1281,98.8406,87,1
lak513d,246,1165,441,2698,889,96.8406,85,1
lak513d,247,1724,478,3777,900,98.4264,87,1
lak513d,248,1544,550,2769,1018,96.8112,80,1
lak513d,249,1169,460,4814,1224,98.6985,91,1
lak513d,250,884,228,2892,909,100.841,89,1
lak513d,251,1044,214,4048,732,100.698,93,1
lak513d,252,1186,570,4413,1149,100.669,88,1
lak513d,253,1456,410,4324,1084,103.598,93,1
lak513d,254,767,238,3327,588,101.142,98,1
lak513d,255,1107,327,3258,1050,101.681,77,1
lak513d,256,1036,282,2733,766,101.012,90,1
lak513d,257,1094,580,4642,1401,101.184,91,1
lak513d,258,1179,211,2956,714,100.799,96,1
lak513d,259,2109,349,3502,1172,101.912,88,1
lak513d,260,1041,240,3411,900,105.184,95,1
lak513d,261,1641,598,4162,1248,106.74,92,1
lak513d,262,1272,612,3992,1048,107.983,92,1
lak513d,263,1366,472,3997,1084,106.456,100,1
lak513d,264,1013,418,3184,711,105.539,85,1
lak513d,265,1092,500,2666,702,105.426,94,1
lak513d,266,853,283,2705,650,105.556,102,1
lak513d,267,2344,604,4373,889,106.196,84,1
lak513d,268,1196,336,3450,906,107.598,97,1
lak513d,269,844,134,4071,808,106.87,100,1
lak513d,270,1102,226,3698,947,111.113,103,1
lak513d,271,1733,373,3986,1121,109.912,96,1
lak513d,272,978,231,3025,684,110.012,99,1
lak513d,273,1303,318,4221,1122,109.598,99,1
lak513d,274,965,545,3873,785,111.527,103,1
lak513d,275,734,320,3086,993,110.941,102,1
lak513d,276,987,294,3849,1145,108.355,99,1
lak513d,277,1634,476,3247,1055,108.113,100,1
lak513d,278,1267,583,3428,1010,109.042,103,1
lak513d,279,1679,353,4473,1250,109.569,94,1
lak513d,280,1145,229,4191,847,115.941,107,1
lak513d,281,1035,285,3292,1015,112.87,106,1
lak513d,282,1378,502,4315,967,113.698,106,1
lak513d,283,1042,227,3914,805,113.77,104,1
lak513d,284,1801,326,3859,840,113.426,102,1
lak513d,285,1456,187,3485,722,115.012,104,1
lak513d,286,1290,600,4138,814,115.284,108,1
lak513d,287,1065,566,3611,1000,114.87,108,1
lak513d,288,758,535,3635,982,114.042,108,1
lak513d,289,939,421,3413,765,113.87,107,1
lak513d,290,1434,359,4713,981,117.569,102,1
lak513d,291,1455,604,5037,1122,117.296,98,1
lak513d,292,918,216,3699,812,118.728,116,1
lak513d,293,1718,335,4042,1087,116.497,103,1
lak513d,294,1199,674,3571,1159,118.012,107,1
lak513d,295,1326,566,3399,765,118.225,101,1
lak513d,296,1164,239,3534,847,117.012,106,1
lak513d,297,855,209,4704,1017,116.284,109,1
lak513d,298,1606,254,5701,1359,117.823,89,1
lak513d,299,956,223,2826,679,118.184,108,1
lak513d,300,1780,417,5071,1010,120.924,95,1
lak513d,301,2096,589,5201,1185,120.527,112,1
lak513d,302,1504,451,4589,1086,122.296,103,1
lak513d,303,1846,262,4913,1015,121.012,110,1
lak513d,304,1754,311,4395,847,123.284,116,1
lak513d,305,1859,542,5038,717,120.698,113,1
lak513d,306,938,455,3273,868,121.355,112,1
lak513d,307,1330,321,4006,887,122.355,113,1
lak513d,308,1418,330,5333,1155,123.598,113,1
lak513d,309,1071,580,2784,847,123.971,120,1
lak513d,310,1479,546,5113,1269,126.711,107,1
lak513d,311,1781,560,5375,1174,126.61,104,1
lak513d,312,1306,475,4525,907,126.184,116,1
lak513d,313,1562,224,3879,825,125.569,110,1
lak513d,314,1257,242,4130,744,127.326,113,1
lak513d,315,1899,759,4260,886,125.569,110,1
lak513d,316,2051,472,5536,1495,127.184,117,1
lak513d,317,1236,361,3943,902,127.669,115,1
lak513d,318,1144,200,4183,676,126.698,119,1
lak513d,319,1305,255,5229,1114,124.054,106,1
lak513d,320,1112,225,5058,781,128.213,123,1
lak513d,321,1356,362,3925,851,128.284,121,1
lak513d,322,844,345,5340,1286,130.527,122,1
lak513d,323,1725,566,4745,866,131.953,111,1
lak513d,324,1978,481,4488,737,130.255,118,1
lak513d,325,1338,235,4549,793,131.799,127,1
lak513d,326,1176,386,3793,662,129.74,115,1
lak513d,327,1886,367,4392,1152,128.752,102,1
lak513d,328,1269,473,3833,854,131.255,119,1
lak513d,329,1464,680,5045,1083,131.042,125,1
lak513d,330,1611,521,5316,1192,132.681,108,1
lak513d,331,1152,445,4050,1189,133.368,112,1
lak513d,332,1825,502,5766,962,133.669,121,1
lak513d,333,1680,455,5126,1085,132.811,116,1
lak513d,334,878,394,3449,929,132.912,119,1
lak513d,335,701,170,4130,709,132.657,132,1
lak513d,336,1967,406,4332,836,135.326,121,1
lak513d,337,1046,120,4021,626,135.385,131,1
lak513d,338,1893,558,4893,840,132.598,122,1
lak513d,339,1376,635,4754,1073,132.61,110,1
lak513d,340,1075,312,4318,707,139.284,132,1
lak513d,341,2401,662,6052,1203,137.451,102,1
lak513d,342,1183,334,4554,823,137.77,128,1
lak513d,343,1296,514,5923,1360,138.912,125,1
lak513d,344,1155,306,4368,846,139.569,124,1
lak513d,345,1808,297,5361,1094,138.024,115,1
lak513d,346,1138,345,4751,986,136.042,130,1
lak513d,347,1494,317,3886,975,137.154,122,1
lak513d,348,1187,240,4410,857,137.326,123,1
lak513d,349,1788,290,5858,889,136.74,122,1
lak513d,350,1677,273,4545,777,140.355,131,1
lak513d,351,2022,767,4624,983,142.569,127,1
lak513d,352,1042,481,3348,753,142.598,132,1
lak513d,353,1872,713,5760,1238,142.095,117,1
lak513d,354,1813,310,5098,917,141.154,126,1
lak513d,355,1344,204,3240,848,141.669,129,1
lak513d,356,1121,247,4613,829,141.941,133,1
lak513d,357,998,499,3434,950,143.355,134,1
lak513d,358,1211,366,4236,672,141.799,137,1
lak513d,359,1677,389,6016,1068,142.468,124,1
lak513d,360,1107,276,4341,598,147.426,136,1
lak513d,361,1546,492,5299,1141,145.196,123,1
lak513d,362,1803,429,4313,929,145.841,134,1
lak513d,363,1604,577,4892,822,144.113,136,1
lak513d,364,1741,283,4672,1167,147.912,134,1
lak513d,365,1485,321,3691,779,147.012,136,1
lak513d,366,1754,328,5288,1016,145.61,123,1
lak513d,367,1284,391,6429,851,146.184,136,1
lak513d,368,2164,320,4447,763,147.439,124,1
lak513d,369,1661,316,4403,635,147.426,136,1
lak513d,370,1123,298,4081,728,151.284,144,1
lak513d,371,1262,243,4572,1085,149.569,134,1
lak513d,372,1698,460,5533,888,149.782,128,1
lak513d,373,1472,355,5116,1003,150.912,137,1
lak513d,374,1185,330,5554,766,151.355,142,1
lak513d,375,1998,236,4591,806,151.882,133,1
lak513d,376,1658,254,4044,923,151.598,141,1
lak513d,377,1370,535,4813,874,148.569,133,1
lak513d,378,1274,210,4818,605,149.912,136,1
lak513d,379,1159,266,4225,928,151.627,146,1
lak513d,380,850,289,3809,827,152.355,143,1
lak513d,381,1535,382,4213,717,153.154,138,1
lak513d,382,1643,881,4196,1091,155.184,145,1
lak513d,383,1524,332,6297,1174,152.083,139,1
lak513d,384,1412,396,4517,766,153.355,144,1
lak513d,385,1196,213,6216,1140,152.326,138,1
lak513d,386,1594,234,5586,951,154.154,139,1
lak513d,387,1572,208,3760,617,155.012,144,1
lak513d,388,1914,729,5022,927,155.995,128,1
lak513d,389,1393,566,4530,876,154.083,141,1
lak513d,390,1360,344,5743,1085,158.426,147,1
lak513d,391,2014,373,5200,1095,159.569,144,1
lak513d,392,1982,527,5315,1172,158.296,139,1
lak513d,393,1502,407,5011,707,157.497,144,1
lak513d,394,1767,268,4783,1010,159.154,144,1
lak513d,395,1478,391,5471,967,157.87,151,1
lak513d,396,2024,662,4402,809,157.811,141,1
lak513d,397,1435,341,4984,1064,159.912,146,1
lak513d,398,2299,289,7374,819,156.953,136,1
lak513d,399,1248,151,6048,713,157.799,153,1
lak513d,400,1791,475,5044,1069,163.539,143,1
lak513d,401,1969,601,5372,1186,160.167,133,1
lak513d,402,1598,557,5782,921,160.012,149,1
lak513d,403,2352,498,6553,994,160.083,147,1
lak513d,404,1103,360,4908,1034,162.184,152,1
lak513d,405,1282,243,5263,784,163.255,151,1
lak513d,406,1422,409,5618,1037,162.497,149,1
lak513d,407,842,386,5246,1048,163.77,154,1
lak513d,408,961,327,3863,641,161.627,156,1
lak513d,409,1449,201,6421,868,160.184,150,1
lak513d,410,1355,475,3640,896,166.083,153,1
lak513d,411,2239,555,6540,1098,164.238,135,1
lak513d,412,2012,717,5223,676,164.853,141,1
lak513d,413,1704,612,4766,933,166.397,150,1
lak513d,414,2143,432,4873,963,167.539,147,1
lak513d,415,1642,608,4843,929,167.309,136,1
lak513d,416,1185,213,5100,891,167.255,155,1
lak513d,417,2776,650,5988,952,164.983,149,1
lak513d,418,1685,382,6073,1712,166.167,139,1
lak513d,419,1227,316,5266,844,167.77,158,1
lak513d,420,1683,242,6496,648,170.77,161,1
lak513d,421,1357,324,4854,1198,171.953,151,1
lak513d,422,1639,214,4895,742,171.711,152,1
lak513d,423,1631,354,6727,1017,170.012,159,1
lak513d,424,1729,596,4778,878,170.439,147,1
lak513d,425,1167,206,5366,587,168.355,159,1
lak513d,426,1560,327,4342,877,169.468,151,1
lak513d,427,1687,359,5482,1036,170.811,154,1
lak513d,428,1644,383,4630,857,168.326,154,1
lak513d,429,1378,339,5353,654,170.811,154,1
lak513d,430,1413,273,4158,694,174.681,150,1
lak513d,431,1321,377,4621,713,172.255,160,1
lak513d,432,1274,253,5846,926,175.698,168,1
lak513d,433,1725,769,4336,1172,172.225,155,1
lak513d,434,1225,280,4901,796,172.527,164,1
lak513d,435,1239,293,4681,1000,174.255,162,1
lak513d,436,1437,408,7135,1178,175.012,164,1
lak513d,437,1044,241,3530,684,173.77,164,1
lak513d,438,2172,911,5301,1133,173.569,158,1
lak513d,439,1473,193,5079,719,172.912,159,1
lak513d,440,1296,511,5162,1176,177.012,166,1
lak513d,441,2415,446,6956,1043,177.853,154,1
lak513d,442,1649,399,5285,792,179.711,160,1
lak513d,443,1315,194,6005,483,177.012,166,1
lak513d,444,1346,402,7003,906,177.184,167,1
lak513d,445,1318,415,4613,840,178.882,160,1
lak513d,446,1152,322,5451,882,178.042,172,1
lak513d,447,2767,346,7138,1105,176.167,149,1
lak513d,448,1570,479,5634,710,177.196,155,1
lak513d,449,1189,241,5762,761,177.527,169,1
lak513d,450,1951,232,7295,1067,182.439,159,1
lak513d,451,1381,351,4461,720,181.326,167,1
lak513d,452,1414,381,5779,870,183.669,171,1
lak513d,453,1420,445,4718,1197,183.64,166,1
lak513d,454,1914,667,6255,958,182.77,173,1
lak513d,455,1282,539,3563,667,181.841,170,1
lak513d,456,1425,353,4306,538,182.64,165,1
lak513d,457,2399,304,6352,701,180.711,161,1
lak513d,458,1399,368,4691,717,183.711,164,1
lak513d,459,2767,696,7141,1153,183.681,159,1
lak513d,460,1448,440,5317,869,185.527,177,1
lak513d,461,1586,196,5188,621,186.983,171,1
lak513d,462,1482,388,5444,1028,186.598,176,1
lak513d,463,2606,400,5578,1062,185.296,166,1
lak513d,464,1594,680,5205,880,185.669,173,1
lak513d,465,1612,376,5777,898,184.497,171,1
lak513d,466,1990,221,6739,1532,184.095,159,1
lak513d,467,1157,258,5524,718,186.225,169,1
lak513d,468,1578,515,5429,814,184.669,172,1
lak513d,469,2289,1182,5197,929,186.468,168,1
lak513d,470,1976,517,4810,765,191.995,164,1
lak513d,471,1192,296,4692,657,191.284,184,1
lak513d,472,1763,582,5547,1060,190.326,176,1
lak513d,473,1471,336,5352,803,188.497,175,1
lak513d,474,1313,500,4178,572,191.426,180,1
lak513d,475,1484,406,4497,393,189.953,169,1
lak513d,476,1002,194,3755,404,191.154,176,1
lak513d,477,1432,307,6072,916,189.841,178,1
lak513d,478,2631,434,6374,907,190.024,167,1
lak513d,479,1677,401,6343,1117,191.711,172,1
lak513d,480,1472,584,5804,843,192.841,181,1
lak513d,481,1302,291,6245,880,195.054,177,1
lak513d,482,1585,258,5420,611,195.912,182,1
lak513d,483,1304,333,5333,653,195.841,184,1
lak513d,484,2026,484,8043,1278,195.184,185,1
lak513d,485,1448,183,5043,826,194.539,174,1
lak513d,486,1547,189,5863,896,194.64,177,1
lak513d,487,1477,710,4645,692,192.497,179,1
lak513d,488,2112,120,6494,727,193.024,170,1
lak513d,489,1425,319,5168,582,192.024,169,1
lak513d,490,1121,197,5256,816,196.953,176,1
lak513d,491,2562,394,7265,963,196.51,171,1
lak513d,492,1751,409,5560,947,197.953,177,1
lak513d,493,1842,304,5936,996,198.752,172,1
lak513d,494,1304,129,5734,794,199.497,186,1
lak513d,495,1388,127,5979,667,196.77,187,1
lak513d,496,1816,153,5823,1228,197.723,166,1
lak513d,497,1436,377,5393,500,199.782,178,1
lak513d,498,1326,280,4731,735,199.125,179,1
lak513d,499,1508,407,4821,876,197.912,184,1
lak513d,500,1488,619,4656,844,202.953,182,1
lak513d,501,2099,302,7802,1030,201.652,172,1
lak513d,502,1379,455,6221,945,203.296,184,1
lak513d,503,1503,332,7008,921,201.042,195,1
lak513d,504,1297,488,5696,813,202.598,192,1
lak513d,505,1144,197,6052,433,200.255,188,1
lak513d,506,1622,292,5756,695,200.912,187,1
lak513d,507,1398,337,5483,754,201.184,191,1
lak513d,508,2185,266,7428,1327,200.882,182,1
lak513d,509,1431,220,6213,818,203.083,190,1
lak513d,510,1240,227,5073,647,206.012,195,1
lak513d,511,2305,610,7341,1182,205.652,176,1
lak513d,512,1536,223,8329,800,204.598,194,1
lak513d,513,1494,197,6580,739,204.255,192,1
lak513d,514,2177,434,6732,954,204.184,194,1
lak513d,515,1367,203,5362,571,204.154,189,1
lak513d,516,1172,519,5449,771,206.184,196,1
lak513d,517,1889,354,7574,1012,205.154,190,1
lak513d,518,3534,596,8295,1226,206.267,182,1
lak513d,519,1235,332,5546,758,205.184,195,1
lak513d,520,1684,251,6112,560,211.154,196,1
lak513d,521,1868,392,6180,703,210.64,193,1
lak513d,522,2484,631,7855,1165,211.054,193,1
lak513d,523,1896,425,5749,1074,210.841,199,1
lak513d,524,2371,631,6375,901,210.267,186,1
lak513d,525,1468,297,5801,661,209.74,195,1
lak513d,526,2394,478,7717,858,209.711,190,1
lak513d,527,1465,344,5644,659,211.255,199,1
lak513d,528,2055,205,7712,871,209.137,177,1
lak513d,529,1694,738,6821,780,208.669,196,1
lak513d,530,1430,328,5635,928,212.113,204,1
lak513d,531,1700,274,7087,1119,213.598,203,1
lak513d,532,1339,371,5605,631,212.74,198,1
lak513d,533,1693,314,7098,619,213.912,200,1
lak513d,534,2015,221,5950,1079,212.539,192,1
lak513d,535,1164,206,4934,524,212.113,204,1
lak513d,536,1552,431,4668,997,212.61,190,1
lak513d,537,1573,196,4110,555,213.912,200,1
lak513d,538,1957,449,7128,1016,213.64,196,1
lak513d,539,1424,538,5134,917,215.326,201,1
lak513d,540,1438,422,4300,492,216.669,204,1
lak513d,541,1775,162,6817,549,216.225,199,1
lak513d,542,1680,389,5857,728,217.368,196,1
lak513d,543,2113,288,6462,677,217.196,195,1
lak513d,544,1475,413,5480,529,216.426,205,1
lak513d,545,2219,581,8290,1368,219.368,198,1
lak513d,546,1396,197,5658,845,217.669,205,1
lak513d,547,1325,390,4481,693,216.569,201,1
lak513d,548,1093,184,6129,680,216.669,204,1
lak513d,549,2663,300,9262,1388,219.238,190,1
lak513d,550,2122,241,6468,812,221.983,206,1
lak513d,551,1267,281,5783,603,223.426,212,1
lak513d,552,1797,226,6731,582,221.983,206,1
lak513d,553,1239,115,7796,610,220.527,212,1
lak513d,554,1977,297,6321,802,223.912,210,1
lak513d,555,1400,202,6272,897,223.953,203,1
lak513d,556,1555,199,5553,748,221.368,200,1
lak513d,557,1983,617,5464,799,223.811,207,1
lak513d,558,1691,418,6013,623,223.64,206,1
lak513d,559,3445,1011,8999,1052,222.409,194,1
lak513d,560,2004,380,7548,933,227.581,200,1
lak513d,561,1727,359,6471,896,226.196,204,1
lak513d,562,2229,229,8120,925,226.983,211,1
lak513d,563,1193,298,6068,932,225.569,210,1
lak513d,564,1178,421,5130,812,226.527,218,1
lak513d,565,1508,441,6009,808,227.225,210,1
lak513d,566,1633,192,6758,686,224.711,205,1
lak513d,567,1501,287,6377,763,227.912,214,1
lak513d,568,2093,285,6155,702,226.539,206,1
lak513d,569,3199,1115,9567,1206,224.296,205,1
lak513d,570,1767,347,6474,1018,230.439,207,1
lak513d,571,1431,213,5543,931,228.397,212,1
lak513d,572,1429,200,6007,477,228.296,209,1
lak513d,573,1590,493,6156,894,230.569,215,1
lak513d,574,1646,476,6244,681,229.184,219,1
lak513d,575,1734,126,6725,484,230.196,208,1
lak513d,576,1809,237,6657,597,230.296,211,1
lak513d,577,2395,315,9061,1095,230.51,205,1
lak513d,578,2709,390,7691,874,230.551,198,1
lak513d,579,1444,248,6679,561,229.569,214,1
lak513d,580,1996,445,6760,754,233.439,210,1
lak513d,581,1736,440,6944,1058,233.782,212,1
lak513d,582,2548,180,7105,778,235.61,213,1
lak513d,583,3052,290,9914,729,234.752,208,1
lak513d,584,1837,511,6912,886,232.569,217,1
lak513d,585,1639,190,6546,1133,235.569,220,1
lak513d,586,1781,336,7102,741,232.267,208,1
lak513d,587,1753,597,6287,702,232.439,209,1
lak513d,588,1199,289,5961,731,235.083,222,1
lak513d,589,1371,314,4986,479,233.439,210,1
lak513d,590,1293,452,6418,796,237.184,227,1
lak513d,591,3664,481,9744,1312,236.38,203,1
lak513d,592,1628,250,6226,578,237.125,217,1
lak513d,593,2137,632,6677,975,239.782,218,1
lak513d,594,1792,251,5974,606,236.551,204,1
lak513d,595,3947,828,8410,879,238.539,218,1
lak513d,596,1565,290,8301,655,239.598,229,1
lak513d,597,1266,192,7014,559,239.184,229,1
lak513d,598,1585,155,8063,603,238.77,229,1
lak513d,599,1882,450,6922,671,238.154,223,1
lak513d,600,2984,222,9761,971,240.865,205,1
lak513d,601,2043,265,8013,1000,242.137,210,1
lak513d,602,1724,231,7178,814,242.255,230,1
lak513d,603,1551,397,5721,846,241.953,221,1
lak513d,604,1575,205,7013,694,243.326,229,1
lak513d,605,2065,318,7572,644,242.924,217,1
lak513d,606,2022,325,7470,726,243.338,217,1
lak513d,607,1333,218,6182,652,242.225,225,1
lak513d,608,1518,363,4489,639,243.64,226,1
lak513d,609,2464,304,7695,792,240.196,218,1
lak513d,610,2211,399,7103,591,247.225,230,1
lak513d,611,1511,371,5882,674,247.782,226,1
lak513d,612,1768,133,6230,638,246.64,229,1
lak513d,613,1279,339,6840,795,247.64,230,1
lak513d,614,1341,263,6084,525,247.284,240,1
lak513d,615,1834,675,7138,922,246.196,224,1
lak513d,616,1813,372,6478,635,245.569,230,1
lak513d,617,1887,286,6179,763,244.539,224,1
lak513d,618,1222,112,6747,548,247.539,227,1
lak513d,619,1313,330,5594,564,246.468,228,1
lak513d,620,1790,418,8454,662,251.64,234,1
lak513d,621,1333,212,5432,796,249.823,221,1
lak513d,622,2165,239,6067,472,250.066,220,1
lak513d,623,2137,352,6937,865,251.811,235,1
lak513d,624,1618,323,6836,741,248.054,230,1
lak513d,625,1983,177,8058,603,250.154,235,1
lak513d,626,1590,457,6446,872,248.51,223,1
lak513d,627,2479,565,7570,1035,250.338,224,1
lak513d,628,2126,491,7424,877,249.853,226,1
lak513d,629,1562,193,7095,883,248.468,230,1
lak513d,630,2027,446,6870,775,253.61,231,1
lak513d,631,1440,254,7545,951,254.598,244,1
lak513d,632,2087,368,6571,638,255.581,228,1
lak513d,633,1490,301,5759,739,253.882,235,1
lak513d,634,1520,179,6370,604,253.61,231,1
lak513d,635,1633,500,5738,682,253.924,228,1
lak513d,636,1863,276,7241,814,252.652,223,1
lak513d,637,1979,563,6454,761,254.64,237,1
lak513d,638,1914,594,6214,775,255.167,228,1
lak513d,639,2076,379,7110,677,253.882,235,1
lak513d,640,1810,193,6293,572,257.409,229,1
lak513d,641,1703,483,6720,700,258.338,232,1
lak513d,642,1398,167,6901,658,256.326,242,1
lak513d,643,1147,208,7894,604,259.456,253,1
lak513d,644,1622,466,6635,652,257.125,237,1
lak513d,645,1778,440,6486,692,257.539,237,1
lak513d,646,1509,280,6016,607,256.296,237,1
lak513d,647,1615,377,5786,644,259.267,235,1
lak513d,648,1991,554,6673,843,259.912,246,1
lak513d,649,1398,190,5500,754,258.196,236,1
lak513d,650,1720,283,6820,576,261.882,243,1
lak513d,651,1329,198,7817,840,263.012,252,1
lak513d,652,1688,278,7972,566,263.095,238,1
lak513d,653,1477,171,6191,487,261.853,238,1
lak513d,654,1409,371,6342,683,262.853,239,1
lak513d,655,1801,415,7032,815,263.338,237,1
lak513d,656,1447,410,5761,827,262.61,240,1
lak513d,657,1570,425,5163,571,263.397,247,1
lak513d,658,1408,241,6224,791,262.167,235,1
lak513d,659,1364,246,7182,765,262.309,231,1
lak513d,660,1307,274,5742,558,265.267,241,1
lak513d,661,1603,356,7259,649,264.326,250,1
lak513d,662,1395,223,4885,634,265.811,249,1
lak513d,663,1173,320,6146,555,265.184,255,1
lak513d,664,1419,172,5571,521,264.983,249,1
lak513d,665,1612,360,6673,614,267.184,257,1
lak513d,666,813,198,5524,478,266.527,258,1
lak513d,667,1093,205,6236,401,266.497,253,1
lak513d,668,1742,365,5654,608,266.823,238,1
lak513d,669,1131,172,4977,524,267.811,251,1
lak513d,670,1763,306,8777,654,270.024,247,1
lak513d,671,1504,386,6404,580,271.083,258,1
lak513d,672,1289,162,6879,433,268.296,249,1
lak513d,673,1643,120,8375,325,270.326,256,1
lak513d,674,1404,253,5561,478,268.64,251,1
lak513d,675,1393,194,5786,555,269.983,254,1
lak513d,676,1695,220,7351,547,268.296,249,1
lak513d,677,1763,399,7679,596,269.468,251,1
lak513d,678,1088,236,6485,500,269.326,255,1
lak513d,679,1606,167,6254,442,271.296,252,1
lak513d,680,1603,200,7106,546,272.225,255,1
lak513d,681,1632,429,6683,649,275.61,253,1
lak513d,682,1215,192,6729,558,273.953,253,1
lak513d,683,1925,480,7148,641,272.823,244,1
lak513d,684,1259,370,5566,482,274.267,250,1
lak513d,685,1527,371,7359,681,273.095,248,1
lak513d,686,1875,275,8816,701,272.267,248,1
lak513d,687,1509,98,6090,354,273.368,252,1
lak513d,688,1350,222,7204,551,273.652,244,1
lak513d,689,1738,621,6511,717,272.054,254,1
lak513d,690,1460,369,5334,701,276.255,264,1
lak513d,691,1024,185,6556,474,279.669,267,1
lak513d,692,1462,178,6497,647,278.51,253,1
lak513d,693,1818,271,8740,578,276.368,255,1
lak513d,694,1563,190,7598,583,279.983,264,1
lak513d,695,1411,226,6504,605,277.054,259,1
lak513d,696,1143,242,5290,739,276.711,257,1
lak513d,697,1707,222,7146,542,276.681,252,1
lak513d,698,1653,273,7969,677,277.024,254,1
lak513d,699,1574,188,6870,642,277.752,251,1
lak513d,700,1833,523,7617,751,280.681,256,1
lak513d,701,1686,352,6665,722,283.924,258,1
lak513d,702,1012,380,4674,565,280.154,265,1
lak513d,703,1515,312,7458,716,282.711,263,1
lak513d,704,1743,296,7609,605,283.61,261,1
lak513d,705,1501,233,7392,623,281.167,254,1
lak513d,706,1887,247,8245,561,282.823,254,1
lak513d,707,1382,180,6599,475,280.711,261,1
lak513d,708,1186,170,6507,724,280.711,261,1
lak513d,709,1692,330,7226,886,281.64,264,1
lak513d,710,1737,248,6932,522,285.581,258,1
lak513d,711,2115,367,7323,627,287.208,253,1
lak513d,712,1307,329,6247,486,284.711,265,1
lak513d,713,1685,550,6410,829,287.811,271,1
lak513d,714,1389,121,7935,737,286.054,268,1
lak513d,715,1893,401,6640,747,284.024,261,1
lak513d,716,2415,617,5869,608,286.279,250,1
lak513d,717,1297,204,8336,519,287.782,266,1
lak513d,718,1080,179,6199,640,284.853,261,1
lak513d,719,1160,316,4609,621,284.167,257,1
lak513d,720,1465,380,5983,683,288.439,265,1
lak513d,721,1308,239,5657,373,291.539,271,1
lak513d,722,2001,249,7376,551,289.823,261,1
lak513d,723,1009,188,6240,550,291.569,276,1
lak513d,724,1158,418,6295,487,289.296,270,1
lak513d,725,1005,404,6123,599,289.983,274,1
lak513d,726,1263,372,5683,832,289.368,268,1
lak513d,727,1377,162,6056,361,288.782,267,1
lak513d,728,1590,311,7176,930,291.054,273,1
lak513d,729,1346,276,5620,414,288.054,270,1
lak513d,730,1276,123,5749,334,294.439,271,1
lak513d,731,1043,355,5565,455,293.054,275,1
lak513d,732,1741,249,6824,607,293.569,278,1
lak513d,733,1728,356,5688,491,294.953,274,1
lak513d,734,1109,196,5283,461,295.711,276,1
lak513d,735,1219,273,4825,650,292.024,269,1
lak513d,736,1308,250,4677,596,295.024,272,1
lak513d,737,2134,485,9079,655,294.468,276,1
lak513d,738,1330,313,4980,530,294.782,273,1
lak513d,739,1332,187,6700,400,295.154,280,1
lak513d,740,1597,176,8559,527,297.782,276,1
lak513d,741,1376,192,6910,688,298.196,276,1
lak513d,742,1756,363,7275,717,298.64,281,1
lak513d,743,1630,217,6497,833,299.095,274,1
lak513d,744,1274,316,4855,499,298.669,286,1
lak513d,745,1303,302,6332,581,298.782,277,1
lak513d,746,1355,401,5968,568,296.912,283,1
lak513d,747,1314,243,5220,691,298.995,271,1
lak513d,748,1132,196,4290,416,296.267,272,1
lak513d,749,1257,265,6057,489,296.125,276,1
lak513d,750,1438,330,6250,793,300.196,278,1
lak513d,751,872,168,6037,423,303.397,287,1
lak513d,752,902,203,4731,384,301.456,295,1
lak513d,753,1306,225,5904,517,302.125,282,1
lak513d,754,1690,281,6685,798,302.924,277,1
lak513d,755,1359,373,5708,565,300.368,279,1
lak513d,756,1324,228,6563,397,300.77,291,1
lak513d,757,1312,274,6750,480,300.225,283,1
lak513d,758,1373,465,5991,712,301.125,281,1
lak513d,759,1397,384,5123,690,301.326,287,1
lak513d,760,1294,220,6171,387,307.64,290,1
lak513d,761,1708,242,9584,617,304.782,283,1
lak513d,762,1474,356,6775,732,307.024,284,1
lak513d,763,1416,271,5010,419,307.752,281,1
lak513d,764,927,202,6209,428,305.527,297,1
lak513d,765,1082,140,4637,408,307.196,285,1
lak513d,766,1108,330,4733,546,305.782,284,1
lak513d,767,1204,89,5682,341,304.125,284,1
lak513d,768,1205,420,4176,404,304.066,274,1
lak513d,769,1162,333,4655,550,304.468,286,1
lak513d,770,1712,390,6356,489,310.439,287,1
lak513d,771,1337,464,5159,536,309.255,297,1
lak513d,772,1347,263,6679,655,311.782,290,1
lak513d,773,1071,254,5596,631,310.439,287,1
lak513d,774,1379,321,6868,652,310.409,282,1
lak513d,775,1362,194,5026,649,309.966,277,1
lak513d,776,1582,300,6405,559,308.823,280,1
lak513d,777,1285,219,4366,356,309.51,284,1
lak513d,778,1213,252,5896,499,310.468,292,1
lak513d,779,1547,151,9190,607,308.368,287,1
lak513d,780,1189,242,5503,579,314.882,296,1
lak513d,781,1288,287,4636,487,315.539,295,1
lak513d,782,1588,227,7265,748,313.681,289,1
lak513d,783,1295,358,6493,548,315.296,296,1
lak513d,784,1397,263,5955,564,312.782,291,1
lak513d,785,1182,174,5654,475,312.095,287,1
lak513d,786,982,187,6538,522,312.752,286,1
lak513d,787,911,234,6254,376,312.598,302,1
lak513d,788,1292,158,4727,462,313.569,298,1
lak513d,789,1531,208,6916,650,314.397,298,1
lak513d,790,1746,255,6497,566,318.551,286,1
lak513d,791,1329,199,5353,637,319.054,301,1
lak513d,792,1821,362,6233,583,316.894,286,1
lak513d,793,1645,170,6920,485,316.681,292,1
lak513d,794,1263,252,6712,416,319.368,298,1
lak513d,795,1448,143,6330,357,319.095,294,1
lak513d,796,1344,222,7182,493,317.083,304,1
lak513d,797,1324,268,6531,556,316.196,294,1
lak513d,798,1410,222,6246,431,317.581,290,1
lak513d,799,1408,361,5526,520,319.125,299,1
lak513d,800,1540,227,5941,591,322.309,291,1
lak513d,801,1303,280,6468,472,321.024,298,1
lak513d,802,1113,286,5056,646,320.924,295,1
lak513d,803,1828,292,7017,797,320.995,293,1
lak513d,804,1490,424,6659,544,321.439,298,1
lak513d,805,1468,326,6091,519,321.024,298,1
lak513d,806,1545,209,7442,912,320.995,293,1
lak513d,807,1211,235,6702,390,321.125,301,1
lak513d,808,1649,257,6468,447,320.551,288,1
lak513d,809,1777,210,10227,720,321.368,300,1
lak513d,810,1283,164,5755,592,327.296,308,1
lak513d,811,1508,404,8099,842,327.924,302,1
lak513d,812,1886,312,6838,667,324.894,294,1
lak513d,813,1398,229,4877,388,325.167,298,1
lak513d,814,1246,317,7609,603,325.497,312,1
lak513d,815,1608,223,7302,683,324.51,299,1
lak513d,816,1564,277,6676,604,326.409,298,1
lak513d,817,1426,217,6439,522,325.681,301,1
lak513d,818,1320,238,6372,485,326.238,297,1
lak513d,819,1175,212,4842,567,325.279,289,1
lak513d,820,1307,214,6226,606,328.995,301,1
lak513d,821,1661,298,7504,763,331.924,306,1
lak513d,822,1420,250,7103,601,330.539,310,1
lak513d,823,1517,285,6192,485,328.125,308,1
lak513d,824,1392,361,7574,564,329.823,301,1
lak513d,825,1318,206,7734,431,331.054,313,1
lak513d,826,1495,172,5810,492,329.51,304,1
lak513d,827,1184,205,7148,630,330.326,316,1
lak513d,828,1360,314,5803,633,331.693,295,1
lak513d,829,938,141,6972,484,328.326,314,1
lak513d,830,898,194,6644,362,334.912,321,1
lak513d,831,1126,222,5172,596,333.794,300,1
lak513d,832,803,79,6870,309,334.669,322,1
lak513d,833,1425,284,7156,672,334.51,309,1
lak513d,834,1764,200,6811,547,335.007,295,1
lak513d,835,1216,331,7700,543,333.125,313,1
lak513d,836,1322,224,6794,497,332.723,301,1
lak513d,837,1436,434,5590,463,335.012,324,1
lak513d,838,1442,313,7507,714,332.054,314,1
lak513d,839,1700,237,6328,508,332.38,299,1
lak513d,840,1362,213,7385,410,338.338,312,1
lak513d,841,1561,394,5683,554,336.296,317,1
lak513d,842,1421,333,7662,513,337.196,315,1
lak513d,843,1378,242,7262,495,337.083,324,1
lak513d,844,1224,155,7320,429,336.882,318,1
lak513d,845,1283,99,5097,322,337.882,319,1
lak513d,846,1520,239,7245,673,337.368,316,1
lak513d,847,1151,160,5497,405,337.196,315,1
lak513d,848,1395,181,6403,433,337.924,312,1
lak513d,849,1420,411,5125,401,339.397,323,1
lak513d,850,1281,184,5392,447,340.995,313,1
lak513d,851,1371,202,6073,511,340.51,315,1
lak513d,852,1282,113,6532,521,340.782,319,1
lak513d,853,1801,195,6962,715,342.622,308,1
lak513d,854,1251,169,7628,486,340.581,313,1
lak513d,855,1503,184,7218,402,342.593,303,1
lak513d,856,1203,285,7436,707,343.782,322,1
lak513d,857,1294,168,6723,389,340.723,309,1
lak513d,858,1440,277,7227,485,340.054,322,1
lak513d,859,1359,272,7586,570,342.024,319,1
lak513d,860,1853,687,7069,554,344.054,326,1
lak513d,861,1665,406,5558,597,346.238,317,1
lak513d,862,1805,323,7758,786,346.894,316,1
lak513d,863,1344,206,6912,451,346.066,316,1
lak513d,864,1673,152,7371,338,345.279,309,1
lak513d,865,1328,224,5488,469,346.208,312,1
lak513d,866,940,171,8047,416,347.74,333,1
lak513d,867,1595,196,7247,507,345.238,316,1
lak513d,868,1162,125,7466,357,346.225,329,1
lak513d,869,1213,193,5624,432,345.581,318,1
lak513d,870,1527,283,7071,623,351.267,327,1
lak513d,871,1286,152,7428,413,348.296,329,1
lak513d,872,1260,205,6932,414,349.125,329,1
lak513d,873,1613,155,7316,403,350.522,313,1
lak513d,874,1739,140,7894,519,349.51,324,1
lak513d,875,1266,146,5372,381,350.238,321,1
lak513d,876,1185,154,5352,398,349.238,320,1
lak513d,877,1339,313,6816,499,348.924,323,1
lak513d,878,1210,264,7016,506,351.51,326,1
lak513d,879,1522,238,7550,487,348.51,323,1
