map,scenid,total,20move,total-src,20move-src,distance,path_size,hLevel
lgt602d,0,327,318,328,292,3.41421,4,1
lgt602d,1,225,228,275,278,3,4,1
lgt602d,2,247,223,155,152,2.41421,3,1
lgt602d,3,224,218,150,141,1.41421,2,1
lgt602d,4,316,295,273,280,3.82843,4,1
lgt602d,5,186,188,118,125,1.41421,2,1
lgt602d,6,239,235,171,163,2.41421,3,1
lgt602d,7,174,168,284,265,3,4,1
lgt602d,8,259,232,155,174,2.41421,3,1
lgt602d,9,156,146,129,125,1,2,1
lgt602d,10,476,462,376,355,7.24264,7,1
lgt602d,11,163,172,515,477,7,8,1
lgt602d,12,250,238,364,312,7.65685,7,1
lgt602d,13,281,263,286,256,4.41421,5,1
lgt602d,14,260,242,300,274,5.24264,5,1
lgt602d,15,288,321,438,377,5.41421,6,1
lgt602d,16,264,283,327,297,6.24264,6,1
lgt602d,17,199,223,425,359,7.24264,7,1
lgt602d,18,242,246,480,485,6.82843,7,1
lgt602d,19,186,205,387,389,6,7,1
lgt602d,20,257,248,311,321,8.24264,8,1
lgt602d,21,394,366,474,487,8.24264,8,1
lgt602d,22,518,528,511,483,11.4853,10,1
lgt602d,23,170,178,413,380,11.3137,9,1
lgt602d,24,266,243,475,437,11.6569,11,1
lgt602d,25,256,248,469,462,11.2426,11,1
lgt602d,26,223,202,411,384,10.8995,9,1
lgt602d,27,256,260,536,470,9.41421,10,1
lgt602d,28,534,476,481,466,9.82843,10,1
lgt602d,29,351,339,377,366,9.48528,8,1
lgt602d,30,328,325,644,566,12.6569,12,1
lgt602d,31,420,409,672,727,12.3137,10,1
lgt602d,32,280,248,721,686,15.0711,14,1
lgt602d,33,423,436,895,707,15.0711,14,1
lgt602d,34,238,242,669,693,13.4142,14,1
lgt602d,35,271,253,590,546,15.0711,14,1
lgt602d,36,764,721,945,1022,15.8995,14,1
lgt602d,37,312,309,480,464,14.4853,13,1
lgt602d,38,153,155,454,445,15,16,1
lgt602d,39,366,325,718,698,14.7279,12,1
lgt602d,40,165,159,641,657,18.3848,14,1
lgt602d,41,254,257,1051,961,18.2426,18,1
lgt602d,42,241,253,907,882,16.8995,15,1
lgt602d,43,210,231,643,649,18.0711,17,1
lgt602d,44,374,385,1082,1029,17.6569,17,1
lgt602d,45,323,320,559,537,18.4853,17,1
lgt602d,46,231,221,564,518,18.1421,15,1
lgt602d,47,292,286,607,616,19.0711,18,1
lgt602d,48,323,333,655,754,17.3137,15,1
lgt602d,49,402,399,926,850,16.5563,13,1
lgt602d,50,714,633,1128,1027,23.6569,23,1
lgt602d,51,454,475,799,879,21.7279,19,1
lgt602d,52,265,286,749,715,23.4142,24,1
lgt602d,53,441,448,880,901,21.9706,18,1
lgt602d,54,680,641,1007,1028,21.2426,21,1
lgt602d,55,505,449,950,781,23.4142,24,1
lgt602d,56,408,398,1612,1297,23.0711,22,1
lgt602d,57,374,372,897,910,23.3137,21,1
lgt602d,58,135,132,678,635,21,22,1
lgt602d,59,360,367,1137,1109,22.0711,21,1
lgt602d,60,471,474,1002,959,26.6274,21,1
lgt602d,61,240,245,905,877,26.799,22,1
lgt602d,62,497,417,885,766,26.6274,21,1
lgt602d,63,240,245,534,573,24.9706,21,1
lgt602d,64,769,782,1080,1048,27.3137,25,1
lgt602d,65,360,362,802,709,26.5563,23,1
lgt602d,66,200,201,871,738,25.6569,25,1
lgt602d,67,612,615,978,881,26.799,22,1
lgt602d,68,600,555,1048,963,24.4853,23,1
lgt602d,69,396,387,1458,1216,27.3137,25,1
lgt602d,70,814,696,1648,1278,31.8701,25,1
lgt602d,71,838,724,1224,1107,30.3137,28,1
lgt602d,72,906,848,1158,954,30.9706,27,1
lgt602d,73,238,203,942,708,29.0711,28,1
lgt602d,74,588,587,1344,953,29.7279,27,1
lgt602d,75,648,616,1286,1082,28.8701,22,1
lgt602d,76,585,563,958,1013,29.8701,23,1
lgt602d,77,549,549,1521,1243,30.1421,27,1
lgt602d,78,658,381,1224,1071,28.0711,27,1
lgt602d,79,243,242,940,603,30.8995,29,1
lgt602d,80,355,320,1577,885,32,33,1
lgt602d,81,527,456,1676,1220,34.6985,27,1
lgt602d,82,487,263,1756,1072,33.3137,31,1
lgt602d,83,367,358,1558,1038,33.3137,31,1
lgt602d,84,236,238,1243,951,33.1421,30,1
lgt602d,85,205,206,963,637,32.4142,33,1
lgt602d,86,653,428,1764,1261,34.1421,31,1
lgt602d,87,505,501,1175,933,33.9706,30,1
lgt602d,88,762,303,1433,925,32.0711,31,1
lgt602d,89,282,266,1822,1443,34.5563,31,1
lgt602d,90,633,338,1479,886,38.7279,36,1
lgt602d,91,832,764,1126,846,36.9706,33,1
lgt602d,92,659,476,1053,604,36.6985,29,1
lgt602d,93,1097,679,1969,1272,38.799,34,1
lgt602d,94,291,279,1817,1085,39.7279,37,1
lgt602d,95,433,436,1242,772,39.0711,38,1
lgt602d,96,1106,935,1299,1028,36.2132,31,1
lgt602d,97,378,356,1464,967,36.3848,32,1
lgt602d,98,639,425,1025,599,37.9706,34,1
lgt602d,99,689,700,1884,1486,37.0416,31,1
lgt602d,100,374,390,1774,960,42.3137,40,1
lgt602d,101,232,229,1938,974,43.0711,42,1
lgt602d,102,345,350,1599,836,43.1421,40,1
lgt602d,103,544,399,1611,1062,40.598,30,1
lgt602d,104,353,283,1189,750,43.2426,43,1
lgt602d,105,387,159,2299,1684,41.7696,32,1
lgt602d,106,229,239,2206,952,41.4142,42,1
lgt602d,107,940,382,2084,1201,42.7279,40,1
lgt602d,108,572,568,1298,1132,41.5563,38,1
lgt602d,109,124,122,2109,889,43,44,1
lgt602d,110,433,405,1798,986,46.0711,45,1
lgt602d,111,599,545,2013,1103,46.1421,43,1
lgt602d,112,1041,709,1824,1121,46.8406,35,1
lgt602d,113,240,222,1334,798,46.8284,47,1
lgt602d,114,681,362,1726,1157,47.1127,39,1
lgt602d,115,276,276,1188,595,45.8995,44,1
lgt602d,116,1244,824,1535,839,44.3848,40,1
lgt602d,117,903,235,1960,893,44.3137,42,1
lgt602d,118,410,332,1396,922,46.9411,38,1
lgt602d,119,1159,914,2315,1367,47.6985,40,1
lgt602d,120,421,419,2103,974,48.2132,43,1
lgt602d,121,527,451,1986,944,49.5269,41,1
lgt602d,122,527,186,2177,1177,49.3553,40,1
lgt602d,123,519,478,1995,950,48.6569,48,1
lgt602d,124,262,253,2116,1022,50.1421,47,1
lgt602d,125,602,403,1950,1343,51.4264,40,1
lgt602d,126,262,272,2586,1203,49.2132,44,1
lgt602d,127,420,340,1738,738,50.8284,51,1
lgt602d,128,722,687,1520,1076,49.0416,43,1
lgt602d,129,1156,891,2609,1433,49.1838,39,1
lgt602d,130,811,320,2171,944,54.3553,45,1
lgt602d,131,708,598,1944,1018,53.2132,48,1
lgt602d,132,240,226,1487,884,53.8284,54,1
lgt602d,133,247,161,1817,1131,52.1838,42,1
lgt602d,134,952,612,1829,831,53.799,49,1
lgt602d,135,461,231,2934,1173,53.799,49,1
lgt602d,136,639,547,1608,902,55.7696,46,1
lgt602d,137,543,468,2341,1338,54.8406,43,1
lgt602d,138,269,278,2176,1026,53.2426,53,1
lgt602d,139,1178,680,2036,805,55.7279,53,1
lgt602d,140,868,581,2173,1201,56.7696,47,1
lgt602d,141,287,290,1315,831,56.1421,53,1
lgt602d,142,519,227,2083,979,58.1127,50,1
lgt602d,143,746,458,2777,1121,58.6274,53,1
lgt602d,144,733,309,2676,1238,57.3259,43,1
lgt602d,145,569,584,1513,808,58.9706,55,1
lgt602d,146,599,422,1705,925,56.3259,42,1
lgt602d,147,1032,527,2320,1062,57.4975,44,1
lgt602d,148,1107,392,2790,1182,59.1421,56,1
lgt602d,149,481,439,2069,1078,57.2843,50,1
lgt602d,150,787,344,1853,883,61.1127,53,1
lgt602d,151,248,265,2002,1032,61.4853,60,1
lgt602d,152,553,439,3180,999,63.8701,57,1
lgt602d,153,1063,877,3166,939,61.7279,59,1
lgt602d,154,1085,384,2768,831,63.3553,54,1
lgt602d,155,623,130,2167,642,61.6569,61,1
lgt602d,156,1216,642,1897,741,61.9411,53,1
lgt602d,157,401,242,1936,702,60.3553,51,1
lgt602d,158,687,449,1881,1010,62.0416,56,1
lgt602d,159,287,186,2154,723,62.7401,48,1
lgt602d,160,783,194,3115,1150,66.9706,63,1
lgt602d,161,882,502,2267,988,66.799,62,1
lgt602d,162,840,470,2075,968,65.0833,52,1
lgt602d,163,763,246,3863,1331,65.1838,55,1
lgt602d,164,881,362,2529,1177,65.7696,56,1
lgt602d,165,711,479,3092,1352,67.1127,59,1
lgt602d,166,936,241,1569,673,66.0711,65,1
lgt602d,167,870,323,3242,1304,65.8406,54,1
lgt602d,168,533,245,2885,917,67.598,57,1
lgt602d,169,762,372,2251,1072,67.7696,58,1
lgt602d,170,968,240,2357,807,69.6274,64,1
lgt602d,171,1126,432,2155,842,71.4264,60,1
lgt602d,172,1543,657,3137,871,70.0833,57,1
lgt602d,173,1052,233,3471,1149,69.1127,61,1
lgt602d,174,1912,971,2890,948,68.7696,59,1
lgt602d,175,1126,642,2930,817,70.7279,68,1
lgt602d,176,1368,241,3069,945,70.0833,57,1
lgt602d,177,394,298,2571,1095,71.5685,56,1
lgt602d,178,1086,544,2474,894,69.3259,55,1
lgt602d,179,1235,459,2434,836,71.9828,56,1
lgt602d,180,1231,426,2199,696,74.4558,68,1
lgt602d,181,877,363,3619,1141,75.397,59,1
lgt602d,182,914,298,3175,685,75.6274,70,1
lgt602d,183,728,312,2328,954,74.5269,66,1
lgt602d,184,1696,453,2573,694,72.1127,64,1
lgt602d,185,461,424,2349,1003,72.3848,68,1
lgt602d,186,394,274,3447,954,72.6569,72,1
lgt602d,187,353,307,2494,758,72.3848,68,1
lgt602d,188,851,243,3834,1261,73.8406,62,1
lgt602d,189,912,670,3050,1049,72.9828,57,1
lgt602d,190,1639,578,2996,1056,78.6396,61,1
lgt602d,191,870,365,3276,940,79.669,67,1
lgt602d,192,946,590,3989,1022,78.598,68,1
lgt602d,193,1018,215,3494,1102,77.4558,71,1
lgt602d,194,516,263,2528,1322,79.8406,68,1
lgt602d,195,502,351,2720,920,79.468,61,1
lgt602d,196,636,201,2034,843,76.0122,65,1
lgt602d,197,887,347,3971,992,79.3137,77,1
lgt602d,198,1542,730,3054,874,76.1127,68,1
lgt602d,199,2384,799,3377,1013,77.397,61,1
lgt602d,200,562,204,2078,784,80.1421,77,1
lgt602d,201,1251,377,3773,799,81.669,69,1
lgt602d,202,1332,630,3580,1161,83.9117,70,1
lgt602d,203,403,382,3706,1000,83.5563,80,1
lgt602d,204,1136,379,2495,556,81.397,65,1
lgt602d,205,669,441,3485,1239,83.196,61,1
lgt602d,206,1044,439,2793,841,82.2843,75,1
lgt602d,207,1402,1116,3032,1182,83.6985,76,1
lgt602d,208,1156,807,2703,1163,82.6396,65,1
lgt602d,209,848,479,2660,788,82.8995,81,1
lgt602d,210,714,275,2338,728,87.9411,79,1
lgt602d,211,687,335,3883,1341,84.3553,75,1
lgt602d,212,1612,655,2920,791,86.4975,73,1
lgt602d,213,1570,437,4567,1154,87.2548,75,1
lgt602d,214,981,417,3815,1173,84.6274,79,1
lgt602d,215,806,492,3645,752,84.0416,78,1
lgt602d,216,1511,246,3671,914,87.9828,72,1
lgt602d,217,872,346,3615,1406,84.9828,69,1
lgt602d,218,2041,527,3032,777,84.669,72,1
lgt602d,219,536,159,3029,751,85.0538,67,1
lgt602d,220,942,339,2893,824,89.5269,81,1
lgt602d,221,791,285,2353,782,89.6274,84,1
lgt602d,222,1162,339,4719,1305,90.1838,80,1
lgt602d,223,450,445,2998,1184,88.7279,86,1
lgt602d,224,1040,326,2573,1091,91.397,75,1
lgt602d,225,727,346,2807,879,90.3259,76,1
lgt602d,226,1156,246,2880,569,88.7696,79,1
lgt602d,227,1142,199,3366,993,91.669,79,1
lgt602d,228,1273,499,3654,1289,91.2254,74,1
lgt602d,229,759,142,3316,660,91.5563,88,1
lgt602d,230,847,319,3393,714,95.8112,79,1
lgt602d,231,648,240,4249,976,93.3553,84,1
lgt602d,232,1727,389,2834,818,92.2843,85,1
lgt602d,233,2113,646,3765,1220,95.0833,82,1
lgt602d,234,393,261,3025,1027,93.2965,74,1
lgt602d,235,2105,251,3430,1151,92.2254,75,1
lgt602d,236,1208,184,2565,705,95.1543,80,1
lgt602d,237,1658,233,2907,610,95.7696,86,1
lgt602d,238,871,190,3435,987,92.2254,75,1
lgt602d,239,828,337,2491,664,92.598,82,1
lgt602d,240,1052,506,4299,974,98.2132,93,1
lgt602d,241,1544,613,3461,1058,96.8701,90,1
lgt602d,242,1849,634,3605,935,98.7696,89,1
lgt602d,243,725,359,2480,643,96.0416,90,1
lgt602d,244,809,280,2786,451,96.7401,82,1
lgt602d,245,1111,320,3160,818,98.9411,90,1
lgt602d,246,1642,321,3255,776,97.0833,84,1
lgt602d,247,1222,453,2831,844,99.9117,86,1
lgt602d,248,1115,299,2584,561,96.9411,88,1
lgt602d,249,1245,581,3583,1424,96.7401,82,1
lgt602d,250,1213,535,1532,590,100.255,88,1
lgt602d,251,501,328,4067,530,100.87,94,1
lgt602d,252,824,517,3131,776,101.941,93,1
lgt602d,253,1529,299,4054,1039,102.698,95,1
lgt602d,254,1084,925,3876,1262,102.456,96,1
lgt602d,255,817,226,3286,706,102.527,94,1
lgt602d,256,2399,219,4155,1212,101.77,92,1
lgt602d,257,1048,315,4620,1052,102.669,90,1
lgt602d,258,244,252,2607,640,100.414,101,1
lgt602d,259,1587,563,3764,1157,102.953,82,1
lgt602d,260,1321,475,4006,881,107.497,94,1
lgt602d,261,972,380,3011,1173,105.841,94,1
lgt602d,262,742,223,2222,518,104.527,96,1
lgt602d,263,1185,307,2782,326,107.669,95,1
lgt602d,264,1245,335,4802,1157,106.012,95,1
lgt602d,265,1159,524,1883,650,105.154,90,1
lgt602d,266,1106,325,4013,547,104.711,85,1
lgt602d,267,1972,658,3635,643,107.983,92,1
lgt602d,268,411,373,4692,840,107.87,101,1
lgt602d,269,1045,132,3484,1013,105.87,99,1
lgt602d,270,1709,358,3493,966,109.054,91,1
lgt602d,271,934,213,3921,752,108.213,103,1
lgt602d,272,1321,525,3419,721,109.439,86,1
lgt602d,273,1944,359,4547,1330,108.267,84,1
lgt602d,274,832,315,3477,514,110.811,94,1
lgt602d,275,1056,379,4540,1155,111.924,86,1
lgt602d,276,1088,218,3751,687,108.083,95,1
lgt602d,277,846,286,2983,585,110.882,92,1
lgt602d,278,935,359,3701,984,108.184,98,1
lgt602d,279,1427,583,4180,1061,109.811,93,1
lgt602d,280,1733,433,3533,737,112.125,92,1
lgt602d,281,819,204,3113,728,113.042,107,1
lgt602d,282,1666,311,4700,684,115.296,96,1
lgt602d,283,1090,463,2730,721,114.326,100,1
lgt602d,284,1147,503,3573,1157,115.497,102,1
lgt602d,285,1160,423,4974,1112,115.983,100,1
lgt602d,286,646,173,4554,599,114.971,111,1
lgt602d,287,1502,358,5262,979,113.64,96,1
lgt602d,288,893,337,4539,618,113.184,103,1
lgt602d,289,1374,376,3362,678,114.681,90,1
lgt602d,290,1354,295,2799,798,118.782,97,1
lgt602d,291,887,340,3305,687,117.882,99,1
lgt602d,292,517,225,3282,432,117.799,113,1
lgt602d,293,878,161,4604,667,116.184,106,1
lgt602d,294,1991,270,5170,1167,119.711,100,1
lgt602d,295,1468,405,5225,1248,119.095,94,1
lgt602d,296,1105,121,3459,479,118.213,113,1
lgt602d,297,1776,401,3766,641,117.054,99,1
lgt602d,298,844,208,3885,720,118.456,112,1
lgt602d,299,908,178,3758,715,119.912,106,1
lgt602d,300,1982,349,5412,1314,122.64,105,1
lgt602d,301,1642,359,5191,1222,121.912,108,1
lgt602d,302,2452,548,4108,736,122.953,102,1
lgt602d,303,1731,357,2966,659,123.711,104,1
lgt602d,304,1293,480,2933,779,120.698,113,1
lgt602d,305,2082,239,4863,920,120.255,108,1
lgt602d,306,1910,579,4245,984,120.125,100,1
lgt602d,307,1266,347,4096,789,120.64,103,1
lgt602d,308,1419,214,3942,1044,122.627,117,1
lgt602d,309,1638,262,3552,904,122.882,104,1
lgt602d,310,1653,299,4579,804,126.255,114,1
lgt602d,311,1180,314,4689,1201,125.61,103,1
lgt602d,312,1213,228,3150,658,124.841,113,1
lgt602d,313,891,320,3773,528,127.083,114,1
lgt602d,314,1097,365,4133,823,126.497,113,1
lgt602d,315,831,434,6447,1243,126.841,115,1
lgt602d,316,568,241,4737,690,127.355,118,1
lgt602d,317,1206,663,4411,985,126.64,109,1
lgt602d,318,1601,373,4326,1360,126.326,112,1
lgt602d,319,1362,530,2882,483,126.64,109,1
lgt602d,320,1635,267,4350,686,130.083,117,1
lgt602d,321,1267,242,4442,685,131.125,111,1
lgt602d,322,1639,980,4302,1333,128.167,101,1
lgt602d,323,1078,523,4654,1245,129.326,115,1
lgt602d,324,1147,144,3863,642,128.184,118,1
lgt602d,325,760,214,3937,1040,130.184,120,1
lgt602d,326,1007,567,4331,1170,130.882,112,1
lgt602d,327,1160,356,3737,567,128.77,119,1
lgt602d,328,1972,528,4039,717,128.368,107,1
lgt602d,329,942,390,4225,691,131.77,122,1
lgt602d,330,879,243,4585,1096,135.113,127,1
lgt602d,331,2892,216,5130,874,133.083,120,1
lgt602d,332,918,239,3829,891,133.569,118,1
lgt602d,333,1666,825,4650,890,135.61,113,1
lgt602d,334,1282,439,3293,829,133.882,115,1
lgt602d,335,2244,314,4542,1183,133.539,113,1
lgt602d,336,1330,296,3258,930,133.397,117,1
lgt602d,337,1763,518,3611,713,134.054,116,1
lgt602d,338,1442,363,5134,681,132.468,114,1
lgt602d,339,737,259,4765,1430,134.012,123,1
lgt602d,340,2888,202,4867,804,139.125,119,1
lgt602d,341,2286,390,4708,767,138.983,123,1
lgt602d,342,1703,376,5531,538,139.296,120,1
lgt602d,343,1656,490,3853,571,139.012,128,1
lgt602d,344,995,457,4203,1181,136.439,113,1
lgt602d,345,979,618,3580,750,139.966,107,1
lgt602d,346,1200,497,4646,466,139.912,126,1
lgt602d,347,1286,228,4875,706,137.255,125,1
lgt602d,348,801,210,4160,595,137.912,124,1
lgt602d,349,979,368,3591,771,136.368,115,1
lgt602d,350,795,447,2839,749,140.752,114,1
lgt602d,351,1076,454,3681,745,140.64,123,1
lgt602d,352,1028,127,4092,826,142.539,122,1
lgt602d,353,2143,341,6012,1117,142.066,112,1
lgt602d,354,1844,468,4106,956,141.468,123,1
lgt602d,355,720,284,4679,574,140.87,134,1
lgt602d,356,1233,509,6023,1195,142.083,129,1
lgt602d,357,1895,246,5195,1054,143.711,124,1
lgt602d,358,2079,352,6215,1127,141.083,128,1
lgt602d,359,1007,211,5932,971,140.012,129,1
lgt602d,360,1822,406,4133,664,145.581,118,1
lgt602d,361,953,254,3095,688,146.267,122,1
lgt602d,362,1828,356,4660,1046,144.167,117,1
lgt602d,363,1181,455,4640,1520,144.255,132,1
lgt602d,364,2077,306,4871,1044,144.368,123,1
lgt602d,365,1647,640,3910,734,146.841,135,1
lgt602d,366,1847,652,4583,724,145.426,134,1
lgt602d,367,824,175,2849,595,146.681,122,1
lgt602d,368,1649,320,4404,400,146.539,126,1
lgt602d,369,1475,444,3429,866,146.184,136,1
lgt602d,370,1437,631,6515,973,151.669,139,1
lgt602d,371,959,201,4444,604,149.61,127,1
lgt602d,372,1532,469,3771,1052,149.38,116,1
lgt602d,373,899,499,6634,1038,150.468,132,1
lgt602d,374,1603,626,5216,970,149.681,125,1
lgt602d,375,2070,545,5583,1135,149.882,131,1
lgt602d,376,1826,370,6709,1160,149.426,138,1
lgt602d,377,1772,512,5653,741,151.296,132,1
lgt602d,378,1474,434,5459,784,150.74,136,1
lgt602d,379,1687,352,3959,810,150.794,117,1
lgt602d,380,1277,317,5377,1385,153.752,127,1
lgt602d,381,1316,162,4373,956,154.823,126,1
lgt602d,382,1332,153,6524,1232,154.924,129,1
lgt602d,383,1343,754,4744,1172,154.108,117,1
lgt602d,384,1019,188,3487,825,152.137,120,1
lgt602d,385,1927,359,6107,1208,153.953,133,1
lgt602d,386,1403,605,4974,920,155.255,143,1
lgt602d,387,1254,325,4613,521,154.983,139,1
lgt602d,388,1224,333,5697,895,152.983,137,1
lgt602d,389,1839,366,4330,761,155.681,131,1
lgt602d,390,1556,516,5145,922,158.397,142,1
lgt602d,391,1943,770,6614,1038,159.811,143,1
lgt602d,392,2445,142,6329,999,158.752,132,1
lgt602d,393,1371,316,5031,855,158.77,149,1
lgt602d,394,2962,624,6230,810,158.723,127,1
lgt602d,395,1683,388,5288,1106,156.61,134,1
lgt602d,396,2137,388,4063,881,156.894,126,1
lgt602d,397,1413,937,4329,1131,158.368,137,1
lgt602d,398,2179,379,6097,854,158.853,135,1
lgt602d,399,1241,278,4684,679,159.309,128,1
lgt602d,400,1607,290,3189,672,160.51,135,1
lgt602d,401,1243,382,3879,1091,161.238,132,1
lgt602d,402,1143,611,5403,726,160.125,140,1
lgt602d,403,1053,552,5523,1414,161.811,145,1
lgt602d,404,2270,239,6069,962,162.912,149,1
lgt602d,405,1176,361,4764,1003,160.823,132,1
lgt602d,406,1059,112,6198,750,163.439,140,1
lgt602d,407,1043,196,4373,724,162.853,139,1
lgt602d,408,2169,639,4823,935,162.723,131,1
lgt602d,409,1808,284,3252,588,162.338,136,1
lgt602d,410,1097,165,4581,603,164.581,137,1
lgt602d,411,2061,209,5150,563,166.397,150,1
lgt602d,412,1640,281,6943,918,166.125,146,1
lgt602d,413,1682,714,4909,1027,166.953,146,1
lgt602d,414,1764,248,5409,861,164.693,128,1
lgt602d,415,1559,236,5890,1258,166.338,140,1
lgt602d,416,1239,369,5145,873,166.012,155,1
lgt602d,417,910,132,4149,726,167.421,127,1
lgt602d,418,2452,359,5220,774,165.924,140,1
lgt602d,419,629,389,5519,1036,165.657,165,1
lgt602d,420,1727,273,6304,1130,171.64,154,1
lgt602d,421,1446,177,3773,525,171.853,148,1
lgt602d,422,1323,283,6476,959,171.468,153,1
lgt602d,423,1898,194,4625,922,168.024,145,1
lgt602d,424,1571,214,4752,1111,169.338,143,1
lgt602d,425,1985,566,5561,1207,169.184,159,1
lgt602d,426,2314,729,6215,1098,171.238,142,1
lgt602d,427,2085,706,6816,1022,169.037,134,1
lgt602d,428,1516,317,6846,1055,171.693,135,1
lgt602d,429,1896,482,5750,1232,168.894,138,1
lgt602d,430,972,244,6086,873,173.627,168,1
lgt602d,431,1774,274,6371,748,172.853,149,1
lgt602d,432,3016,151,6541,1124,172.51,147,1
lgt602d,433,1668,271,5321,1163,175.38,142,1
lgt602d,434,927,240,6362,913,174.154,159,1
lgt602d,435,1619,495,5484,773,172.137,140,1
lgt602d,436,1345,151,5542,741,173.652,144,1
lgt602d,437,3266,546,5899,936,173.125,153,1
lgt602d,438,2164,232,5153,871,172.581,145,1
lgt602d,439,1485,317,4036,966,173.865,138,1
lgt602d,440,1467,241,5984,1326,177.711,158,1
lgt602d,441,1775,336,5684,1185,178.439,155,1
lgt602d,442,1152,281,3703,734,176.723,145,1
lgt602d,443,1707,390,6198,1185,179.865,144,1
lgt602d,444,2200,324,6108,672,178.083,165,1
lgt602d,445,1601,282,5510,1041,176.309,145,1
lgt602d,446,820,231,5289,742,177.941,169,1
lgt602d,447,2154,241,4921,612,177.924,152,1
lgt602d,448,1683,513,5029,776,177.279,141,1
lgt602d,449,819,222,5401,672,176.184,166,1
lgt602d,450,1977,247,5198,651,183.581,156,1
lgt602d,451,2263,555,6572,1194,183.882,165,1
lgt602d,452,2565,593,4844,1137,182.983,167,1
lgt602d,453,1599,301,5491,1083,182.338,156,1
lgt602d,454,1812,215,6344,797,182.184,172,1
lgt602d,455,1511,226,4477,773,182.823,154,1
lgt602d,456,2003,455,4435,599,183.48,153,1
lgt602d,457,2415,254,6182,992,181.137,149,1
lgt602d,458,2026,324,5307,972,182.912,169,1
lgt602d,459,1655,553,4417,649,181.196,159,1
lgt602d,460,1077,129,5296,842,184.752,158,1
lgt602d,461,1218,202,5178,741,186.225,169,1
lgt602d,462,880,117,5303,596,185.25,144,1
lgt602d,463,1391,197,5851,499,184.284,177,1
lgt602d,464,1111,414,4503,701,184.551,152,1
lgt602d,465,919,166,5256,601,186.823,158,1
lgt602d,466,2036,236,7271,740,186.255,174,1
lgt602d,467,2473,328,7110,977,185.912,172,1
lgt602d,468,2355,282,6217,929,185.095,160,1
lgt602d,469,1225,182,5296,656,187.669,175,1
lgt602d,470,1837,301,6023,698,188.137,156,1
lgt602d,471,2473,529,4768,691,188.723,157,1
lgt602d,472,2669,299,5758,920,191.38,158,1
lgt602d,473,1438,193,4937,605,189.267,165,1
lgt602d,474,1363,204,6151,950,188.622,154,1
lgt602d,475,2570,323,5865,649,188.581,161,1
lgt602d,476,2562,517,6781,805,190.066,160,1
lgt602d,477,1644,284,4777,972,191.007,151,1
lgt602d,478,3580,690,5999,879,189.953,169,1
lgt602d,479,1315,219,7703,868,188.598,178,1
lgt602d,480,1930,362,6359,825,195.882,177,1
lgt602d,481,1636,459,6004,1263,193.723,162,1
lgt602d,482,2114,277,5006,533,194.279,158,1
lgt602d,483,2002,331,5493,908,194.924,169,1
lgt602d,484,1805,375,6931,1161,192.936,155,1
lgt602d,485,1500,332,6150,991,193.782,172,1
lgt602d,486,1741,360,5759,1029,193.439,170,1
lgt602d,487,2083,424,6775,915,192.782,171,1
lgt602d,488,2125,433,7004,729,192.154,177,1
lgt602d,489,1562,220,5448,879,192.782,171,1
lgt602d,490,1659,227,4495,826,196.593,157,1
lgt602d,491,2236,581,7611,1165,197.652,168,1
lgt602d,492,1829,432,7485,1038,199.154,184,1
lgt602d,493,2715,189,7156,730,198.51,173,1
lgt602d,494,2021,410,6101,1421,198.764,160,1
lgt602d,495,1978,222,4840,705,199.409,171,1
lgt602d,496,1950,336,6376,1091,197.539,177,1
lgt602d,497,1678,522,5580,852,196.563,152,1
lgt602d,498,1171,189,5719,775,199.622,165,1
lgt602d,499,2806,639,5028,581,196.066,166,1
lgt602d,500,1552,207,3985,660,200.137,168,1
lgt602d,501,2424,359,6135,926,201.853,178,1
lgt602d,502,1261,233,3875,588,202.853,179,1
lgt602d,503,3574,495,6179,761,200.622,166,1
lgt602d,504,1720,370,7236,816,203.48,173,1
lgt602d,505,2698,498,6885,984,201.196,179,1
lgt602d,506,2225,584,6518,1058,201.593,162,1
lgt602d,507,2451,270,4927,556,203.409,175,1
lgt602d,508,2115,305,6451,1293,203.907,161,1
lgt602d,509,1761,371,7077,800,201.137,169,1
lgt602d,510,1750,474,5089,832,206.492,164,1
lgt602d,511,2199,314,6092,595,205.539,185,1
lgt602d,512,2604,421,6561,917,207.238,178,1
lgt602d,513,1869,813,5581,667,207.439,184,1
lgt602d,514,1454,272,4644,778,205.066,175,1
lgt602d,515,2173,364,6275,846,207.995,180,1
lgt602d,516,1897,527,6140,1202,204.811,188,1
lgt602d,517,1404,763,6025,1139,206.12,157,1
lgt602d,518,1752,344,6902,870,206.225,189,1
lgt602d,519,1482,207,6881,759,205.853,182,1
lgt602d,520,1641,400,4471,546,208.35,170,1
lgt602d,521,2719,217,5837,579,210.581,183,1
lgt602d,522,1582,374,4023,782,209.865,174,1
lgt602d,523,2291,157,7694,926,209.51,184,1
lgt602d,524,2289,264,8428,1172,210.894,180,1
lgt602d,525,1009,164,6416,775,209.208,175,1
lgt602d,526,2062,335,6140,672,209.421,169,1
lgt602d,527,1413,288,5761,748,211.468,193,1
lgt602d,528,2165,250,7138,1329,209.451,174,1
lgt602d,529,1964,449,4563,522,210.936,173,1
lgt602d,530,2346,673,6415,862,215.966,183,1
lgt602d,531,2163,156,5377,432,213.51,188,1
lgt602d,532,2337,317,6445,860,215.024,192,1
lgt602d,533,2404,329,6260,1293,212.078,170,1
lgt602d,534,2168,499,4276,736,213.936,176,1
lgt602d,535,2165,176,6582,547,215.054,197,1
lgt602d,536,2304,205,6096,641,212.983,197,1
lgt602d,537,2939,281,7164,882,214.38,181,1
lgt602d,538,1799,225,9302,913,212.208,178,1
lgt602d,539,1246,242,8489,875,215.64,198,1
lgt602d,540,2068,570,7300,887,217.095,192,1
lgt602d,541,2759,561,4857,565,218.208,184,1
lgt602d,542,2083,216,5717,533,219.024,196,1
lgt602d,543,2811,552,6559,642,217.208,183,1
lgt602d,544,1646,280,7183,773,218.735,175,1
lgt602d,545,957,182,4615,861,219.836,179,1
lgt602d,546,1055,136,6079,793,216.593,177,1
lgt602d,547,2691,291,8019,742,218.095,193,1
lgt602d,548,1090,230,8403,808,219.782,198,1
lgt602d,549,2347,339,7321,701,217.238,188,1
lgt602d,550,1664,342,5892,697,220.593,181,1
lgt602d,551,2291,155,6969,1061,220.664,179,1
lgt602d,552,1237,379,8176,1210,222.012,211,1
lgt602d,553,1866,251,7175,1420,221.492,179,1
lgt602d,554,2806,218,7373,1207,221.007,181,1
lgt602d,555,2790,556,6785,716,222.492,180,1
lgt602d,556,1540,682,6766,785,221.48,191,1
lgt602d,557,2695,213,6352,998,221.652,192,1
lgt602d,558,1339,519,7374,1076,221.853,198,1
lgt602d,559,1708,197,5665,632,222.782,201,1
lgt602d,560,1513,503,6579,1240,224.409,196,1
lgt602d,561,1205,176,6812,600,225.622,191,1
lgt602d,562,2917,361,8166,1047,226.38,193,1
lgt602d,563,2385,661,9052,1200,227.681,203,1
lgt602d,564,2607,344,6485,857,226.735,183,1
lgt602d,565,1894,262,7990,1054,225.551,193,1
lgt602d,566,3197,357,6301,740,224.238,195,1
lgt602d,567,1804,361,4781,749,226.279,190,1
lgt602d,568,2107,297,6495,494,227.037,192,1
lgt602d,569,1697,335,6943,1121,224.167,197,1
lgt602d,570,2403,173,5526,441,228.137,196,1
lgt602d,571,1357,391,8572,1134,231.539,211,1
lgt602d,572,3009,400,8638,787,229.894,199,1
lgt602d,573,2255,403,5352,503,228.522,191,1
lgt602d,574,2482,533,6357,731,229.279,193,1
lgt602d,575,1292,250,8151,1132,231.066,201,1
lgt602d,576,2251,474,7742,1372,229.108,192,1
lgt602d,577,1535,244,6606,1078,229.853,206,1
lgt602d,578,2009,603,7970,1010,228.782,207,1
lgt602d,579,1182,203,8845,888,231.196,209,1
lgt602d,580,1534,293,6063,536,233.078,191,1
lgt602d,581,2765,313,6385,753,234.38,201,1
lgt602d,582,2105,240,4699,795,232.836,192,1
lgt602d,583,2899,174,7684,705,233.108,196,1
lgt602d,584,3338,359,7353,878,232.723,201,1
lgt602d,585,1404,324,7059,814,235.095,210,1
lgt602d,586,2766,341,6207,438,234.794,201,1
lgt602d,587,3090,327,5590,807,233.421,193,1
lgt602d,588,3330,430,6444,801,233.593,194,1
lgt602d,589,3423,173,7460,571,232.024,209,1
lgt602d,590,2680,385,8100,490,237.877,190,1
lgt602d,591,1634,159,8983,1182,239.078,197,1
lgt602d,592,3321,228,9044,829,236.622,202,1
lgt602d,593,2283,334,6013,547,238.907,196,1
lgt602d,594,2398,151,5895,730,236.38,203,1
lgt602d,595,3610,556,9070,1087,238.037,203,1
lgt602d,596,1935,125,5147,603,237.38,204,1
lgt602d,597,2171,314,5086,731,236.664,195,1
lgt602d,598,2234,640,9583,975,238.61,216,1
lgt602d,599,1885,179,5800,582,236.309,205,1
lgt602d,600,2522,228,6344,696,240.007,200,1
lgt602d,601,3547,279,6640,556,243.409,215,1
lgt602d,602,2419,354,8649,1183,242.238,213,1
lgt602d,603,1973,460,8287,1232,241.338,215,1
lgt602d,604,2205,208,6144,803,240.853,217,1
lgt602d,605,2057,313,5621,620,240.451,205,1
lgt602d,606,2195,403,8418,1253,240.191,189,1
lgt602d,607,1915,109,7538,473,240.563,196,1
lgt602d,608,1523,372,7436,849,240.35,202,1
lgt602d,609,1562,215,7253,561,243.841,232,1
lgt602d,610,3322,200,6973,840,247.35,209,1
lgt602d,611,2729,301,8376,854,246.137,214,1
lgt602d,612,2438,512,6325,558,246.61,224,1
lgt602d,613,2477,202,6913,661,247.794,214,1
lgt602d,614,1970,301,7012,1327,246.321,203,1
lgt602d,615,1515,124,6794,738,245.007,205,1
lgt602d,616,2180,203,9034,785,246.953,226,1
lgt602d,617,2153,347,6132,1013,247.35,209,1
lgt602d,618,2646,305,7220,1040,245.25,204,1
lgt602d,619,1697,407,7022,997,246.066,216,1
lgt602d,620,1614,736,7155,1000,249.267,225,1
lgt602d,621,1989,281,5875,555,251.25,210,1
lgt602d,622,2608,310,8858,882,250.563,206,1
lgt602d,623,2253,300,6669,1191,251.581,224,1
lgt602d,624,3421,354,7837,669,248.38,215,1
lgt602d,625,2913,388,5471,756,250.25,209,1
lgt602d,626,1945,429,7318,1086,250.723,219,1
lgt602d,627,1884,241,5732,643,249.066,219,1
lgt602d,628,3000,216,9036,698,248.522,211,1
lgt602d,629,1965,273,6909,750,251.22,205,1
lgt602d,630,2033,231,6409,813,253.095,228,1
lgt602d,631,2192,361,4821,612,253.35,215,1
lgt602d,632,1636,245,7139,865,255.409,227,1
lgt602d,633,2565,333,6576,1064,255.877,208,1
lgt602d,634,2438,203,6060,454,255.823,227,1
lgt602d,635,2001,401,6979,1019,255.421,215,1
lgt602d,636,2150,399,5653,840,252.836,212,1
lgt602d,637,2403,268,9301,732,253.291,205,1
lgt602d,638,1960,290,5825,740,255.735,212,1
lgt602d,639,2044,211,6386,634,255.024,232,1
lgt602d,640,2066,719,9461,1041,259.581,232,1
lgt602d,641,1819,284,7226,557,258.581,231,1
lgt602d,642,2964,223,6923,1169,259.179,220,1
lgt602d,643,2003,197,5563,780,259.563,215,1
lgt602d,644,1755,209,5092,532,257.806,212,1
lgt602d,645,1728,247,8016,1242,257.291,209,1
lgt602d,646,1604,184,5651,612,257.279,221,1
lgt602d,647,2684,615,8719,944,258.037,223,1
lgt602d,648,2353,279,8706,758,257.723,226,1
lgt602d,649,2290,189,8219,438,258.054,240,1
lgt602d,650,2445,212,8805,1018,260.693,224,1
lgt602d,651,3080,406,8568,939,260.51,235,1
lgt602d,652,2729,310,7664,926,262.137,230,1
lgt602d,653,2410,105,6406,705,262.894,232,1
lgt602d,654,1962,206,8021,854,261.978,217,1
lgt602d,655,3498,147,9706,877,262.279,226,1
lgt602d,656,3148,535,8646,1171,261.576,205,1
lgt602d,657,2359,217,6717,687,262.551,230,1
lgt602d,658,3489,177,7156,362,263.51,238,1
lgt602d,659,1532,191,6307,419,260.865,225,1
lgt602d,660,2909,219,6341,607,267.836,227,1
lgt602d,661,2170,340,8641,1115,264.179,225,1
lgt602d,662,2042,125,5961,742,264.35,226,1
lgt602d,663,2884,639,7539,725,265.907,223,1
lgt602d,664,2982,474,9368,745,264.764,226,1
lgt602d,665,2216,501,6966,752,264.451,229,1
lgt602d,666,3128,377,8391,1034,266.09,212,1
lgt602d,667,2720,397,6672,1140,265.99,209,1
lgt602d,668,1341,190,5638,442,264.451,229,1
lgt602d,669,2734,284,8137,560,266.066,236,1
lgt602d,670,2584,305,6694,1057,270.96,209,1
lgt602d,671,2690,329,5943,562,270.421,230,1
lgt602d,672,2203,331,5940,894,271.291,223,1
lgt602d,673,2872,114,9622,683,269.635,223,1
lgt602d,674,2487,241,7796,686,270.563,226,1
lgt602d,675,2576,460,7965,417,268.409,240,1
lgt602d,676,3589,793,9737,1017,271.522,234,1
lgt602d,677,2753,161,7591,625,271.723,240,1
lgt602d,678,2200,223,7315,663,269.463,222,1
lgt602d,679,3276,639,6692,809,269.392,224,1
lgt602d,680,2497,321,8453,569,274.451,239,1
lgt602d,681,2309,274,7242,594,274.877,227,1
lgt602d,682,2439,342,6617,812,274.061,215,1
lgt602d,683,2599,225,7702,1099,273.421,233,1
lgt602d,684,2140,517,5732,658,273.889,214,1
lgt602d,685,2611,369,7474,782,275.806,230,1
lgt602d,686,1480,197,5571,574,272.735,229,1
lgt602d,687,2833,291,7372,657,272.919,218,1
lgt602d,688,2426,239,6247,515,273.362,223,1
lgt602d,689,2415,311,8484,770,273.48,243,1
lgt602d,690,2130,281,6343,675,279.676,226,1
lgt602d,691,1999,279,5800,438,276.806,231,1
lgt602d,692,2662,394,8203,362,276.936,239,1
lgt602d,693,2089,465,10355,1141,277.569,262,1
lgt602d,694,2161,176,5740,412,278.22,232,1
lgt602d,695,2273,328,6670,366,277.179,238,1
lgt602d,696,1805,153,6268,760,278.421,238,1
lgt602d,697,2926,628,7038,600,276.191,225,1
lgt602d,698,2610,408,8457,1140,277.22,231,1
lgt602d,699,2449,503,6221,1228,276.492,234,1
lgt602d,700,2532,626,6813,641,282.652,253,1
lgt602d,701,2447,355,7566,515,282.22,236,1
lgt602d,702,2858,194,8132,675,282.522,245,1
lgt602d,703,2113,432,6155,1157,283.735,240,1
lgt602d,704,1996,172,6878,682,282.877,235,1
lgt602d,705,3144,583,8449,798,280.108,243,1
lgt602d,706,1404,249,6532,538,281.593,242,1
lgt602d,707,1965,456,6507,558,282.546,221,1
lgt602d,708,2593,577,7873,980,282.12,233,1
lgt602d,709,2325,394,6744,1161,280.233,222,1
lgt602d,710,1751,483,5971,492,284.693,248,1
lgt602d,711,2782,286,7056,488,285.049,238,1
lgt602d,712,3042,644,8396,995,286.593,247,1
lgt602d,713,2787,315,6852,565,284.12,235,1
lgt602d,714,2755,191,7507,847,286.789,224,1
lgt602d,715,2662,450,9339,630,284.593,245,1
lgt602d,716,3182,550,6931,652,285.948,236,1
lgt602d,717,2766,416,6782,664,286.551,254,1
lgt602d,718,1833,321,6727,1045,286.563,242,1
lgt602d,719,2855,189,7189,595,287.191,236,1
lgt602d,720,2791,201,9265,705,290.463,243,1
lgt602d,721,2720,578,6984,1054,291.563,247,1
lgt602d,722,2439,416,7943,1128,288.563,244,1
lgt602d,723,1744,220,5208,525,290.309,259,1
lgt602d,724,1559,157,7076,587,290.711,271,1
lgt602d,725,2439,652,6763,875,289.706,241,1
lgt602d,726,3422,495,7859,603,289.706,241,1
lgt602d,727,2456,480,7727,701,291.664,250,1
lgt602d,728,2906,201,6984,344,290.865,255,1
lgt602d,729,2533,321,6856,1057,291.747,236,1
lgt602d,730,2187,177,6996,460,295.853,272,1
lgt602d,731,2893,579,8349,828,295.421,255,1
lgt602d,732,2644,314,5495,700,292.179,253,1
lgt602d,733,2997,448,6990,616,292.149,248,1
lgt602d,734,3074,491,7506,580,292.22,246,1
lgt602d,735,1922,257,5498,658,294.647,236,1
lgt602d,736,3125,810,7382,963,293.747,238,1
lgt602d,737,2252,350,6200,960,295.676,242,1
lgt602d,738,2153,161,8121,723,295.191,244,1
lgt602d,739,2200,396,7541,726,292.806,247,1
lgt602d,740,1981,93,6590,791,297.475,238,1
lgt602d,741,2695,115,9585,841,296.605,245,1
lgt602d,742,3135,219,7448,773,296.492,254,1
lgt602d,743,1933,128,6068,556,296.233,238,1
lgt602d,744,2796,284,7644,850,298.233,240,1
lgt602d,745,1787,227,6758,666,296.362,246,1
lgt602d,746,2766,159,8450,742,297.279,261,1
lgt602d,747,2015,240,7276,580,298.161,242,1
lgt602d,748,1590,234,5656,493,296.546,235,1
lgt602d,749,1810,224,6228,654,298.032,234,1
lgt602d,750,1530,195,6112,519,300.475,241,1
lgt602d,751,2774,353,10288,639,301.233,243,1
lgt602d,752,2577,431,9622,1019,301.978,257,1
lgt602d,753,1783,329,7687,1332,303.836,263,1
lgt602d,754,2883,642,8168,1195,301.907,259,1
lgt602d,755,2112,648,6845,1107,300.593,261,1
lgt602d,756,2644,287,6794,754,300.99,244,1
lgt602d,757,2817,324,7858,1008,302.007,262,1
lgt602d,758,2554,320,9054,542,302.061,243,1
lgt602d,759,3508,162,8978,513,303.492,261,1
lgt602d,760,3318,659,6724,648,307.848,255,1
lgt602d,761,1886,188,7692,413,304.262,251,1
lgt602d,762,3829,183,9453,560,306.066,276,1
lgt602d,763,3201,122,9101,1018,307.191,256,1
lgt602d,764,2987,282,6579,852,305.149,261,1
lgt602d,765,2976,465,9397,639,306.764,268,1
lgt602d,766,2789,504,9707,719,307.605,256,1
lgt602d,767,3318,482,7938,397,305.764,267,1
lgt602d,768,2402,409,10176,1022,307.434,255,1
lgt602d,769,2454,401,8622,444,305.233,247,1
lgt602d,770,2241,222,7781,566,310.676,257,1
lgt602d,771,3263,186,7500,759,308.09,254,1
lgt602d,772,2243,157,6745,748,311.848,259,1
lgt602d,773,2171,339,7645,405,308.99,252,1
lgt602d,774,3309,456,9023,1010,310.362,260,1
lgt602d,775,2810,372,8538,1013,308.902,237,1
lgt602d,776,2680,289,6852,646,309.032,245,1
lgt602d,777,2508,194,7340,861,308.978,264,1
lgt602d,778,2539,119,8026,744,308.534,259,1
lgt602d,779,3583,491,8993,628,308.676,255,1
lgt602d,780,2089,111,7643,512,312.711,293,1
lgt602d,781,2632,236,8193,503,314.907,272,1
lgt602d,782,2716,340,6385,973,312.706,264,1
lgt602d,783,3002,360,9020,1156,312.416,243,1
lgt602d,784,2005,498,6534,662,314.037,279,1
lgt602d,785,2526,123,6968,808,315.948,266,1
lgt602d,786,2666,443,8730,1023,315.392,270,1
lgt602d,787,2312,649,6378,942,315.09,261,1
lgt602d,788,2084,218,7658,735,315.061,256,1
lgt602d,789,2457,160,5552,347,312.706,264,1
lgt602d,790,1736,266,8194,604,319.569,304,1
lgt602d,791,2414,174,7540,1043,317.605,266,1
lgt602d,792,2652,248,7405,892,319.948,270,1
lgt602d,793,2212,312,10575,724,318.919,264,1
lgt602d,794,1682,288,6917,565,317.576,261,1
lgt602d,795,1889,242,7999,459,319.475,260,1
lgt602d,796,1945,244,8114,502,317.539,297,1
lgt602d,797,3039,442,8270,685,317.434,265,1
lgt602d,798,2998,375,7245,556,319.978,275,1
lgt602d,799,2717,437,6953,810,317.718,257,1
lgt602d,800,2222,119,8336,677,320.546,259,1
lgt602d,801,2359,142,8447,715,323.505,269,1
lgt602d,802,2573,404,7397,600,321.463,274,1
lgt602d,803,2346,268,7576,695,323.534,274,1
lgt602d,804,3190,190,7940,369,320.421,280,1
lgt602d,805,2479,407,6534,623,320.635,274,1
lgt602d,806,2761,236,7308,834,320.505,266,1
lgt602d,807,2460,246,7097,801,320.706,272,1
lgt602d,808,2792,403,8556,991,321.487,250,1
lgt602d,809,2034,241,8320,1040,323.149,279,1
lgt602d,810,2375,355,7027,637,324.149,280,1
lgt602d,811,2732,241,7348,393,324.505,270,1
lgt602d,812,3051,502,8222,494,326.463,279,1
lgt602d,813,2385,182,6438,480,326.049,279,1
lgt602d,814,2963,179,7741,742,327.049,280,1
lgt602d,815,2313,186,7961,807,326.078,284,1
lgt602d,816,2405,198,7643,919,327.191,276,1
lgt602d,817,1887,220,6335,579,326.806,281,1
lgt602d,818,2528,401,7770,541,325.907,283,1
lgt602d,819,3107,573,8063,973,327.973,254,1
lgt602d,820,2526,435,7996,656,330.818,273,1
lgt602d,821,2506,329,7018,823,328.919,274,1
lgt602d,822,2222,293,7684,879,331.877,284,1
lgt602d,823,2813,561,8740,854,328.463,281,1
lgt602d,824,2215,284,6690,489,331.818,274,1
lgt602d,825,2306,350,6389,917,328.191,277,1
lgt602d,826,2047,233,6984,584,331.777,281,1
lgt602d,827,2219,158,7875,390,328.735,285,1
lgt602d,828,2535,315,5692,428,331.262,278,1
lgt602d,829,2594,628,7815,1090,328.848,276,1
lgt602d,830,2528,328,7259,749,332.061,273,1
lgt602d,831,2484,351,6775,771,333.676,280,1
lgt602d,832,1970,256,7802,651,333.831,264,1
lgt602d,833,2483,196,7067,490,333.362,283,1
lgt602d,834,2512,267,9216,878,335.907,293,1
lgt602d,835,2523,228,8327,933,335.404,278,1
lgt602d,836,2882,301,7840,514,335.546,274,1
lgt602d,837,2505,344,7165,915,333.706,285,1
lgt602d,838,2448,765,8429,1020,333.149,289,1
lgt602d,839,2170,180,6393,710,335.392,290,1
lgt602d,840,2611,541,6793,601,339.475,280,1
lgt602d,841,2345,359,7236,1001,336.061,277,1
lgt602d,842,2417,213,6808,839,336.09,282,1
lgt602d,843,2346,185,6493,533,337.12,288,1
lgt602d,844,2528,298,8076,675,339.789,277,1
lgt602d,845,3769,379,7805,454,336.706,288,1
lgt602d,846,2209,254,7393,805,338.777,288,1
lgt602d,847,3209,607,8079,733,339.304,279,1
lgt602d,848,2791,230,6456,574,339.061,280,1
lgt602d,849,2868,373,8677,524,337.078,295,1
lgt602d,850,2356,374,7191,957,340.718,280,1
lgt602d,851,2558,178,7562,696,343.333,288,1
lgt602d,852,3124,513,8238,934,340.706,292,1
lgt602d,853,3593,223,9612,707,342.647,284,1
lgt602d,854,2874,253,11870,682,343.191,292,1
lgt602d,855,4047,157,8681,367,343.806,298,1
lgt602d,856,2537,239,7928,483,343.747,288,1
lgt602d,857,2072,158,8492,605,341.902,270,1
lgt602d,858,2851,404,7670,659,340.676,287,1
lgt602d,859,2533,786,8740,816,343.706,295,1
lgt602d,860,1931,277,6989,790,344.635,298,1
lgt602d,861,2758,168,8770,884,346.86,282,1
lgt602d,862,2471,97,7675,686,344.233,286,1
lgt602d,863,2723,313,6718,762,344.032,280,1
lgt602d,864,2347,168,6722,639,347.161,291,1
lgt602d,865,2268,257,5996,507,346.647,288,1
lgt602d,866,2646,190,6614,822,347.002,278,1
lgt602d,867,2339,290,8658,509,347.676,294,1
lgt602d,868,2702,202,8149,535,344.345,277,1
lgt602d,869,2198,253,6149,361,347.203,284,1
lgt602d,870,2391,84,6942,701,350.517,284,1
lgt602d,871,2516,322,6683,494,348.203,285,1
lgt602d,872,3309,346,8215,506,349.304,289,1
lgt602d,873,2725,268,8832,429,350.735,307,1
lgt602d,874,2571,252,11312,771,348.304,288,1
lgt602d,875,2436,170,9760,693,351.149,307,1
lgt602d,876,2382,241,7741,509,351.546,290,1
lgt602d,877,2020,186,7620,301,350.836,310,1
lgt602d,878,2524,122,6315,429,349.304,289,1
lgt602d,879,2472,596,10023,1133,350.12,301,1
lgt602d,880,2600,269,6701,390,352.09,298,1
lgt602d,881,2223,208,8721,738,354.421,314,1
lgt602d,882,2100,112,7335,762,352.019,300,1
lgt602d,883,3262,480,9527,629,354.505,300,1
lgt602d,884,2774,192,8358,400,352.848,300,1
lgt602d,885,2812,458,9091,836,354.191,303,1
lgt602d,886,2157,198,7422,729,354.676,301,1
lgt602d,887,3176,294,8216,608,352.404,295,1
lgt602d,888,2284,178,8017,833,352.505,298,1
lgt602d,889,3369,120,9837,712,355.203,292,1
lgt602d,890,2852,190,8685,687,358.233,300,1
lgt602d,891,2768,513,8928,698,358.747,303,1
lgt602d,892,2054,446,7805,1077,359.576,303,1
lgt602d,893,2327,156,7108,542,357.676,304,1
lgt602d,894,2447,434,7294,818,356.09,302,1
lgt602d,895,3059,230,8659,420,357.735,314,1
lgt602d,896,3203,649,9761,1214,358.09,304,1
lgt602d,897,2513,483,7707,993,357.304,297,1
lgt602d,898,2094,114,7469,720,358.99,302,1
lgt602d,899,2106,242,7664,931,356.203,293,1
lgt602d,900,2559,212,8034,547,363.718,303,1
lgt602d,901,2989,299,9399,572,362.688,297,1
lgt602d,902,3718,196,8696,490,363.505,309,1
lgt602d,903,2718,259,9429,874,363.919,309,1
lgt602d,904,3877,167,7713,313,363.392,318,1
lgt602d,905,3738,500,9360,679,360.747,305,1
lgt602d,906,2654,208,8851,522,361.576,305,1
lgt602d,907,2272,206,7343,410,363.333,308,1
lgt602d,908,2462,294,8992,694,361.919,307,1
lgt602d,909,2628,523,8094,853,361.061,302,1
lgt602d,910,4553,308,9199,647,366.262,313,1
lgt602d,911,3063,279,8188,513,366.818,309,1
lgt602d,912,2575,213,7162,650,364.375,302,1
lgt602d,913,3481,335,7811,422,366.546,305,1
lgt602d,914,2838,327,8323,877,366.505,312,1
lgt602d,915,3088,192,7629,590,365.747,310,1
lgt602d,916,2781,265,6739,379,364.647,306,1
lgt602d,917,3158,476,10103,460,366.392,321,1
lgt602d,918,3021,488,9308,780,366.333,311,1
lgt602d,919,2650,118,9311,804,364.103,298,1
lgt602d,920,2777,280,8010,657,369.032,305,1
lgt602d,921,2386,425,7854,1035,369.375,307,1
lgt602d,922,3150,286,9126,597,369.789,307,1
lgt602d,923,2488,267,9740,899,368.647,310,1
lgt602d,924,3052,286,7735,625,368.304,308,1
lgt602d,925,2365,437,9060,682,369.404,312,1
lgt602d,926,2645,220,7947,680,371.818,314,1
lgt602d,927,2506,128,8661,421,369.86,305,1
lgt602d,928,2364,485,8516,794,371.12,322,1
lgt602d,929,2346,148,9177,733,369.676,316,1
lgt602d,930,2741,529,7994,1015,373.517,307,1
lgt602d,931,2371,180,7777,568,374.576,318,1
lgt602d,932,2726,291,7628,644,372.96,311,1
lgt602d,933,2824,670,6969,541,374.434,322,1
lgt602d,934,3061,273,8025,568,375.688,310,1
lgt602d,935,2287,164,8809,807,374.191,323,1
lgt602d,936,2481,393,7013,393,375.191,324,1
lgt602d,937,3361,186,8714,417,375.434,323,1
lgt602d,938,2805,235,8980,433,374.404,317,1
lgt602d,939,2563,138,8877,458,373.818,316,1
lgt602d,940,2779,249,7812,506,377.647,319,1
lgt602d,941,2969,252,8822,589,376.174,308,1
lgt602d,942,2610,168,7088,353,379.233,321,1
lgt602d,943,2476,405,8613,1063,378.747,323,1
lgt602d,944,2471,490,8165,592,376.96,315,1
lgt602d,945,2461,832,8694,950,377.99,321,1
lgt602d,946,2449,185,6905,335,376.676,323,1
lgt602d,947,3393,259,9862,598,379.831,310,1
lgt602d,948,2474,535,9022,1016,378.889,319,1
lgt602d,949,3090,241,7367,439,376.09,322,1
lgt602d,950,2758,299,7424,629,382.375,320,1
lgt602d,951,4493,244,9299,417,382.103,316,1
lgt602d,952,2964,514,8403,766,382.759,315,1
lgt602d,953,2762,495,8485,1032,381.505,327,1
lgt602d,954,3471,251,12966,402,380.487,309,1
lgt602d,955,2884,444,9197,567,382.103,316,1
lgt602d,956,2279,518,8780,672,381.12,332,1
lgt602d,957,2686,358,8487,677,382.274,317,1
lgt602d,958,2185,327,8518,822,380.747,325,1
lgt602d,959,2958,394,10228,753,383.86,319,1
lgt602d,960,2608,188,8453,552,385.96,324,1
lgt602d,961,3036,330,8351,754,384.132,323,1
lgt602d,962,2757,443,7606,666,386.245,316,1
lgt602d,963,2161,222,7007,540,385.061,326,1
lgt602d,964,3288,180,7755,530,384.345,317,1
lgt602d,965,2413,193,7507,411,384.99,328,1
lgt602d,966,2069,167,6754,407,386.304,326,1
lgt602d,967,3227,170,10073,551,384.718,324,1
lgt602d,968,2800,429,10099,866,384.404,327,1
lgt602d,969,3309,259,7246,399,385.333,330,1
lgt602d,970,2350,280,8492,587,390.576,334,1
lgt602d,971,3138,712,9378,679,390.789,328,1
lgt602d,972,3790,299,9673,651,388.274,323,1
lgt602d,973,4369,195,9220,328,388.99,332,1
lgt602d,974,2689,275,8619,452,388.99,332,1
lgt602d,975,2945,436,8681,437,388.973,315,1
lgt602d,976,2841,280,8778,537,390.446,326,1
lgt602d,977,3907,253,8680,610,388.103,322,1
lgt602d,978,3289,103,7670,501,388.475,329,1
lgt602d,979,2749,272,8863,513,391.404,334,1
