map,scenid,total,20move,total-src,20move-src,distance,path_size,hLevel
orz601d,0,223,161,170,156,2.82843,3,1
orz601d,1,177,159,119,106,1.41421,2,1
orz601d,2,125,138,143,141,2.82843,3,1
orz601d,3,166,142,165,166,3,4,1
orz601d,4,244,200,135,128,3.41421,4,1
orz601d,5,131,122,96,105,1,2,1
orz601d,6,62,61,58,62,0,0,1
orz601d,7,140,123,91,92,1,2,1
orz601d,8,257,239,172,159,2.41421,3,1
orz601d,9,161,141,133,132,2.82843,3,1
orz601d,10,218,200,230,236,6.82843,7,1
orz601d,11,338,305,294,278,7.24264,7,1
orz601d,12,223,221,135,131,4.24264,4,1
orz601d,13,305,303,256,229,6.41421,7,1
orz601d,14,208,192,180,175,4,5,1
orz601d,15,150,120,124,128,4.24264,4,1
orz601d,16,140,101,175,188,6,7,1
orz601d,17,212,197,149,157,4.41421,5,1
orz601d,18,170,162,177,185,7,8,1
orz601d,19,197,191,210,204,4.41421,5,1
orz601d,20,371,336,302,292,9.65685,9,1
orz601d,21,349,311,340,302,9.07107,8,1
orz601d,22,199,174,307,290,11.8284,12,1
orz601d,23,289,313,375,380,11.6569,11,1
orz601d,24,233,218,521,469,11.8284,12,1
orz601d,25,227,220,304,301,11.0711,10,1
orz601d,26,241,219,349,317,10.4142,11,1
orz601d,27,95,89,375,384,11,12,1
orz601d,28,547,484,429,427,11.0711,10,1
orz601d,29,248,270,230,232,8.41421,9,1
orz601d,30,486,460,515,533,12.2426,12,1
orz601d,31,321,297,489,480,15.6569,15,1
orz601d,32,589,484,459,445,13.6569,13,1
orz601d,33,279,292,352,362,12.6569,12,1
orz601d,34,455,421,606,578,14.8284,15,1
orz601d,35,283,262,363,373,12.2426,12,1
orz601d,36,193,200,342,358,15.4142,16,1
orz601d,37,346,306,396,392,12.0711,11,1
orz601d,38,302,301,378,417,13.2426,13,1
orz601d,39,348,358,427,436,13.6569,13,1
orz601d,40,466,461,461,504,18.0711,17,1
orz601d,41,382,390,518,540,18.2426,18,1
orz601d,42,466,435,510,516,18.0711,17,1
orz601d,43,443,440,391,411,18.0711,17,1
orz601d,44,175,167,380,367,16.8284,17,1
orz601d,45,327,304,445,479,18.0711,17,1
orz601d,46,496,497,546,549,17.0711,16,1
orz601d,47,313,308,522,527,17.8284,18,1
orz601d,48,380,339,482,507,17.2426,17,1
orz601d,49,566,545,520,539,18.0711,17,1
orz601d,50,499,475,646,605,23.8995,22,1
orz601d,51,259,247,462,441,23.4853,22,1
orz601d,52,460,440,635,643,20.7279,18,1
orz601d,53,482,482,758,742,22.8995,21,1
orz601d,54,348,323,591,664,22.8995,21,1
orz601d,55,239,222,444,410,21.6569,21,1
orz601d,56,468,461,551,541,20.4853,19,1
orz601d,57,623,594,532,536,23.7279,21,1
orz601d,58,220,204,506,493,20.8284,21,1
orz601d,59,404,395,516,557,22.5563,19,1
orz601d,60,488,432,570,552,24.0711,23,1
orz601d,61,655,533,843,719,27.4853,26,1
orz601d,62,604,500,681,670,24.8995,23,1
orz601d,63,479,386,758,671,25.0711,24,1
orz601d,64,334,358,607,605,24.8995,23,1
orz601d,65,394,387,567,576,26.3137,24,1
orz601d,66,680,684,697,682,27.1421,24,1
orz601d,67,387,366,679,637,26.0711,25,1
orz601d,68,543,382,828,666,25.0711,24,1
orz601d,69,493,478,660,634,27.799,23,1
orz601d,70,624,501,745,667,29.9706,26,1
orz601d,71,114,112,652,500,30,31,1
orz601d,72,518,508,624,525,31.3848,27,1
orz601d,73,393,283,849,624,30.6569,30,1
orz601d,74,380,350,759,669,30.3137,28,1
orz601d,75,557,499,651,635,29.2132,24,1
orz601d,76,297,181,792,588,31.4853,30,1
orz601d,77,394,283,776,633,30.0711,29,1
orz601d,78,615,397,596,431,31.799,27,1
orz601d,79,277,228,690,478,30.4142,31,1
orz601d,80,675,558,769,605,32.799,28,1
orz601d,81,272,261,651,459,34.0711,33,1
orz601d,82,342,213,822,535,35.8284,36,1
orz601d,83,669,659,767,677,32.799,28,1
orz601d,84,260,147,786,573,34.4142,35,1
orz601d,85,673,445,914,782,33.1421,30,1
orz601d,86,608,442,942,852,33.3137,31,1
orz601d,87,758,635,877,700,32.3848,28,1
orz601d,88,662,523,900,672,35.3848,31,1
orz601d,89,204,203,805,581,34.8284,35,1
orz601d,90,645,387,974,568,37.3848,33,1
orz601d,91,186,185,708,431,39.2426,39,1
orz601d,92,186,189,762,481,39.8284,40,1
orz601d,93,584,441,902,566,39.7279,37,1
orz601d,94,185,190,681,451,36.2426,36,1
orz601d,95,332,322,801,564,38.8995,37,1
orz601d,96,672,245,907,615,38.2426,38,1
orz601d,97,389,389,647,480,37.4853,36,1
orz601d,98,608,390,933,557,39.3137,37,1
orz601d,99,778,621,757,606,36.2132,31,1
orz601d,100,202,171,811,521,40.6569,40,1
orz601d,101,500,237,1065,641,40.4142,41,1
orz601d,102,475,423,832,541,40.3137,38,1
orz601d,103,693,269,1167,664,42.0711,41,1
orz601d,104,336,205,1018,551,43.4853,42,1
orz601d,105,544,547,860,611,41.5563,38,1
orz601d,106,542,399,1182,726,42.0711,41,1
orz601d,107,505,305,1004,504,43.6569,43,1
orz601d,108,427,428,948,620,43.3137,41,1
orz601d,109,789,471,1100,757,43.2132,38,1
orz601d,110,450,416,768,446,45.7279,43,1
orz601d,111,643,435,1223,610,45.8995,44,1
orz601d,112,525,300,1236,516,47.8995,46,1
orz601d,113,523,286,1085,588,46.3137,44,1
orz601d,114,680,352,1140,672,46.9706,43,1
orz601d,115,343,327,1055,667,47.4142,48,1
orz601d,116,469,372,775,427,46.9706,43,1
orz601d,117,629,459,1017,602,44.7279,42,1
orz601d,118,464,430,800,524,44.5563,41,1
orz601d,119,274,267,890,523,47.2426,47,1
orz601d,120,404,382,1122,752,51.4853,50,1
orz601d,121,444,422,1131,646,51.4853,50,1
orz601d,122,695,345,952,507,48.0416,42,1
orz601d,123,548,362,1260,603,50.4853,49,1
orz601d,124,602,281,880,493,48.0711,47,1
orz601d,125,544,276,1060,447,49.3137,47,1
orz601d,126,587,178,1298,694,50.8995,49,1
orz601d,127,527,382,1048,635,49.3137,47,1
orz601d,128,346,194,964,440,48.2426,48,1
orz601d,129,425,416,1117,541,49.5563,46,1
orz601d,130,892,458,1103,635,53.2843,46,1
orz601d,131,480,281,1221,558,54.2426,54,1
orz601d,132,643,312,1120,655,52.3137,50,1
orz601d,133,445,396,1218,707,54.6569,54,1
orz601d,134,238,222,991,479,54.8284,55,1
orz601d,135,783,464,923,461,52.5269,44,1
orz601d,136,334,180,1000,505,53.2426,53,1
orz601d,137,295,303,1203,596,55.2426,55,1
orz601d,138,263,178,1153,545,55.6569,55,1
orz601d,139,92,108,956,442,55,56,1
orz601d,140,322,284,949,436,56.6569,56,1
orz601d,141,402,385,922,471,57.2132,52,1
orz601d,142,664,265,1142,530,57.0711,56,1
orz601d,143,446,447,1086,636,56.3137,54,1
orz601d,144,288,285,1058,526,57.6569,57,1
orz601d,145,713,312,1384,495,59.7279,57,1
orz601d,146,308,163,1240,415,58.8995,57,1
orz601d,147,315,283,1004,421,58.2426,58,1
orz601d,148,542,309,1407,603,56.2426,56,1
orz601d,149,614,312,1217,673,58.1421,55,1
orz601d,150,364,359,1239,543,62.7279,60,1
orz601d,151,893,440,1557,663,62.3848,58,1
orz601d,152,291,262,1165,545,60,61,1
orz601d,153,555,332,1735,755,63.8284,64,1
orz601d,154,161,173,1153,411,63.4142,64,1
orz601d,155,455,228,1313,592,60.8284,61,1
orz601d,156,405,279,1244,570,62.8995,61,1
orz601d,157,423,401,1120,447,62.3137,60,1
orz601d,158,562,436,1193,616,63.6274,58,1
orz601d,159,149,160,1060,417,61.8284,62,1
orz601d,160,797,466,1441,546,66.6274,61,1
orz601d,161,922,472,1520,765,67.3137,65,1
orz601d,162,525,355,1260,541,66.5563,63,1
orz601d,163,548,247,1212,501,67.3137,65,1
orz601d,164,539,174,1297,681,64.8284,65,1
orz601d,165,489,266,1629,727,66.4853,65,1
orz601d,166,709,275,1232,511,66.4853,65,1
orz601d,167,761,279,1459,521,66.4853,65,1
orz601d,168,385,247,1379,594,65.2426,65,1
orz601d,169,836,482,1242,581,65.799,61,1
orz601d,170,533,193,1221,462,71.7279,69,1
orz601d,171,629,343,1510,651,71.4853,70,1
orz601d,172,500,363,1309,531,69.3137,67,1
orz601d,173,475,342,1181,531,70.1421,67,1
orz601d,174,191,173,1306,461,69.8284,70,1
orz601d,175,858,481,1473,743,68.2132,63,1
orz601d,176,832,331,1417,512,69.7279,67,1
orz601d,177,769,417,1531,649,69.7279,67,1
orz601d,178,616,223,1316,629,68.0711,67,1
orz601d,179,842,434,1395,605,71.6985,64,1
orz601d,180,340,164,1242,419,72.0711,71,1
orz601d,181,660,260,1212,394,73.9706,70,1
orz601d,182,944,501,1655,583,75.0416,69,1
orz601d,183,585,251,1363,601,73.3848,69,1
orz601d,184,428,372,1319,504,72.9706,69,1
orz601d,185,866,498,1191,429,73.8701,67,1
orz601d,186,829,429,1507,700,74.1421,71,1
orz601d,187,535,209,1196,365,72.7279,70,1
orz601d,188,766,380,1295,518,75.8701,69,1
orz601d,189,766,357,1483,582,75.9706,72,1
orz601d,190,401,374,1390,490,76.3137,74,1
orz601d,191,523,333,1396,529,76.799,72,1
orz601d,192,604,251,1984,531,77.0711,76,1
orz601d,193,320,310,1476,560,78.4142,79,1
orz601d,194,323,323,1393,633,77.0711,76,1
orz601d,195,681,326,1213,499,76.8701,70,1
orz601d,196,677,335,1396,612,79.9706,76,1
orz601d,197,706,362,1372,573,76.2132,71,1
orz601d,198,786,403,1812,641,76.3137,74,1
orz601d,199,748,366,1240,469,76.6985,69,1
orz601d,200,597,257,1449,607,80.7279,78,1
orz601d,201,568,210,1517,577,80.8995,79,1
orz601d,202,434,246,1443,594,80.4853,79,1
orz601d,203,428,289,1381,525,81.5563,78,1
orz601d,204,453,205,1314,436,80.6569,80,1
orz601d,205,368,319,1481,525,82.5563,79,1
orz601d,206,614,389,1474,408,81.799,77,1
orz601d,207,355,340,1382,445,80.9706,77,1
orz601d,208,394,402,1347,480,81.4853,80,1
orz601d,209,460,434,1923,713,80.6569,80,1
orz601d,210,756,326,1895,463,84.2132,79,1
orz601d,211,666,333,1580,650,84.3848,80,1
orz601d,212,570,244,1418,501,85.6274,80,1
orz601d,213,566,288,1422,488,85.3848,81,1
orz601d,214,860,491,1819,641,85.7279,83,1
orz601d,215,357,331,1708,608,85.3137,83,1
orz601d,216,546,425,1552,556,85.3848,81,1
orz601d,217,329,210,1593,596,85.4853,84,1
orz601d,218,528,441,1434,557,85.1421,82,1
orz601d,219,341,312,1722,634,85.8995,84,1
orz601d,220,783,364,1724,529,91.5563,88,1
orz601d,221,311,205,1699,497,90.6569,90,1
orz601d,222,425,302,1620,518,88.1421,85,1
orz601d,223,454,350,1467,497,89.799,85,1
orz601d,224,304,184,1497,490,90.8284,91,1
orz601d,225,773,422,1846,747,89.1421,86,1
orz601d,226,694,273,2204,674,88.4853,87,1
orz601d,227,599,288,1648,556,91.5563,88,1
orz601d,228,360,315,1625,425,88.5563,85,1
orz601d,229,429,320,1779,483,90.4853,89,1
orz601d,230,623,334,1714,492,94.0711,93,1
orz601d,231,561,392,1614,484,94.799,90,1
orz601d,232,353,273,1564,469,92.1421,89,1
orz601d,233,344,231,1654,535,95.0711,94,1
orz601d,234,676,299,1741,532,93.799,89,1
orz601d,235,604,335,1606,513,92.1421,89,1
orz601d,236,371,248,1542,411,92.799,88,1
orz601d,237,780,403,1646,533,93.9706,90,1
orz601d,238,465,331,1715,559,95.8995,94,1
orz601d,239,398,278,1660,549,95.4853,94,1
