map,scenid,total,20move,distance,path_size,hLevel
orz999d,0,653,365,1.41421,2,0
orz999d,1,353,264,1.41421,2,0
orz999d,2,247,162,2,3,0
orz999d,3,276,181,1,2,0
orz999d,4,502,286,3,4,0
orz999d,5,543,354,1,2,0
orz999d,6,953,560,2.41421,3,0
orz999d,7,215,204,1,2,0
orz999d,8,353,245,2,3,0
orz999d,9,377,286,2,3,0
orz999d,10,483,335,4.24264,4,0
orz999d,11,473,351,6,7,0
orz999d,12,831,462,7.24264,7,0
orz999d,13,447,378,5,6,0
orz999d,14,709,518,7.41421,8,0
orz999d,15,805,410,7.82843,8,0
orz999d,16,790,587,5.24264,5,0
orz999d,17,491,452,4.82843,5,0
orz999d,18,394,366,4,5,0
orz999d,19,806,604,5.41421,6,0
orz999d,20,753,591,11.6569,11,0
orz999d,21,654,393,10.0711,9,0
orz999d,22,601,414,11.8284,12,0
orz999d,23,765,380,11.4142,12,0
orz999d,24,821,404,11.2426,11,0
orz999d,25,481,340,9.07107,8,0
orz999d,26,793,612,9.07107,8,0
orz999d,27,685,404,10.0711,9,0
orz999d,28,748,590,9.24264,9,0
orz999d,29,617,567,10.4853,9,0
orz999d,30,770,650,15.4853,14,0
orz999d,31,772,670,15.5563,12,0
orz999d,32,1042,687,15.1421,12,0
orz999d,33,522,462,14.8284,15,0
orz999d,34,1249,761,12.7279,10,0
orz999d,35,478,401,12.8995,11,0
orz999d,36,917,674,14.8995,13,0
orz999d,37,490,316,14.3137,12,0
orz999d,38,606,520,12.2426,12,0
orz999d,39,767,534,15.6569,15,0
orz999d,40,557,448,16.6569,16,0
orz999d,41,737,470,17.7279,15,0
orz999d,42,411,277,19,20,0
orz999d,43,951,404,18.3848,14,0
orz999d,44,785,550,17.4853,16,0
orz999d,45,779,663,19.7279,17,0
orz999d,46,1208,641,17.4853,16,0
orz999d,47,791,570,17.8995,16,0
orz999d,48,1065,775,18.9706,15,0
orz999d,49,457,383,18.6569,18,0
orz999d,50,672,442,20.4142,21,0
orz999d,51,1294,805,22.9706,19,0
orz999d,52,864,708,22.799,18,0
orz999d,53,1001,637,22.2132,17,0
orz999d,54,731,532,21.9706,18,0
orz999d,55,1121,673,23.0711,22,0
orz999d,56,759,390,20.4142,21,0
orz999d,57,726,358,23.2426,23,0
orz999d,58,687,468,23.3137,21,0
orz999d,59,542,446,21.8995,20,0
orz999d,60,802,518,27.6569,27,0
orz999d,61,596,323,26.3137,24,0
orz999d,62,852,692,25.8995,24,0
orz999d,63,694,404,27.7279,25,0
orz999d,64,642,570,25.8995,24,0
orz999d,65,553,429,26.4142,27,0
orz999d,66,1023,602,25.1421,22,0
orz999d,67,376,270,25,26,0
orz999d,68,614,557,25.5563,22,0
orz999d,69,606,370,24.2426,24,0
orz999d,70,1292,806,31.9706,28,0
orz999d,71,625,550,31.4853,30,0
orz999d,72,562,539,29.0711,28,0
orz999d,73,679,545,31.0711,30,0
orz999d,74,1023,727,30.4853,29,0
orz999d,75,1424,743,29.1421,26,0
orz999d,76,580,479,29.799,25,0
orz999d,77,515,472,28.8284,29,0
orz999d,78,691,568,29.1421,26,0
orz999d,79,332,254,30.8284,31,0
orz999d,80,1556,805,32.2843,25,0
orz999d,81,795,506,35.8284,36,0
orz999d,82,658,451,32.1421,29,0
orz999d,83,894,435,35.5563,32,0
orz999d,84,1373,858,33.0711,32,0
orz999d,85,618,408,34.4142,35,0
orz999d,86,954,499,34.5269,26,0
orz999d,87,1057,842,35.2132,30,0
orz999d,88,1388,661,35.7279,33,0
orz999d,89,851,486,32.6274,27,0
orz999d,90,1964,1266,38.6274,33,0
orz999d,91,1335,642,38.9706,35,0
orz999d,92,746,643,36.6274,31,0
orz999d,93,518,368,38.2426,38,0
orz999d,94,847,548,38.6274,33,0
orz999d,95,682,368,36.8995,35,0
orz999d,96,974,503,37.6985,30,0
orz999d,97,488,411,36.2426,36,0
orz999d,98,1312,765,39.9411,31,0
orz999d,99,1616,598,39.7279,37,0
orz999d,100,913,533,41.0416,35,0
orz999d,101,1280,888,42.6274,37,0
orz999d,102,684,281,40.4142,41,0
orz999d,103,1473,672,42.5563,39,0
orz999d,104,1115,703,43.8995,42,0
orz999d,105,1231,319,43.3553,34,0
orz999d,106,656,442,42.0711,41,0
orz999d,107,1102,723,42.4853,41,0
orz999d,108,567,378,41.4142,42,0
orz999d,109,708,512,42.6569,42,0
orz999d,110,1555,489,44.6985,37,0
orz999d,111,1848,1004,45.598,35,0
orz999d,112,2166,1142,44.598,34,0
orz999d,113,764,437,46.4142,47,0
orz999d,114,1048,679,46.4558,40,0
orz999d,115,827,529,45.3137,43,0
orz999d,116,1722,1138,45.2132,40,0
orz999d,117,860,567,44.3137,42,0
orz999d,118,817,519,44.9706,41,0
orz999d,119,1253,880,44.4558,38,0
orz999d,120,2189,1040,49.4558,43,0
orz999d,121,842,671,50.6274,45,0
orz999d,122,1228,492,50.1838,40,0
orz999d,123,977,743,49.0416,43,0
orz999d,124,737,389,49.9411,41,0
orz999d,125,1397,509,51.0416,45,0
orz999d,126,1823,733,48.6985,41,0
orz999d,127,668,526,51.8284,52,0
orz999d,128,1330,654,49.6985,42,0
orz999d,129,1002,431,49.7279,47,0
orz999d,130,1767,696,52.6985,45,0
orz999d,131,617,406,55.9706,52,0
orz999d,132,1191,548,52.0416,46,0
orz999d,133,1939,800,55.6274,50,0
orz999d,134,1006,719,53.5563,50,0
orz999d,135,1759,775,54.9411,46,0
orz999d,136,1686,823,53.5269,45,0
orz999d,137,815,425,54.6274,49,0
orz999d,138,1352,463,53.9411,45,0
orz999d,139,1186,354,53.3259,39,0
orz999d,140,482,324,56.0711,55,0
orz999d,141,734,631,58.8995,57,0
orz999d,142,504,386,58.0416,52,0
orz999d,143,597,374,58.4142,59,0
orz999d,144,857,531,56.6569,56,0
orz999d,145,1294,490,59.9411,51,0
orz999d,146,736,562,59.1421,56,0
orz999d,147,905,391,58.5269,50,0
orz999d,148,1025,321,56.4853,55,0
orz999d,149,1117,445,59.1421,56,0
orz999d,150,504,424,61.3848,57,0
orz999d,151,1925,1085,62.799,58,0
orz999d,152,322,234,61,62,0
orz999d,153,851,528,63.0711,62,0
orz999d,154,1348,320,60.4975,47,0
orz999d,155,641,456,63.5563,60,0
orz999d,156,1677,432,60.8701,54,0
orz999d,157,2282,791,60.9117,47,0
orz999d,158,649,297,60.2132,55,0
orz999d,159,830,504,62.7279,60,0
orz999d,160,1010,366,65.4558,59,0
orz999d,161,1400,815,67.799,63,0
orz999d,162,282,209,65,66,0
orz999d,163,519,294,67.6569,67,0
orz999d,164,1732,429,67.2548,55,0
orz999d,165,1323,595,67.6274,62,0
orz999d,166,836,662,65.7279,63,0
orz999d,167,774,329,64.8995,63,0
orz999d,168,854,340,66.6569,66,0
orz999d,169,618,490,67.4853,66,0
orz999d,170,1447,724,71.3137,69,0
orz999d,171,1089,378,69.3259,55,0
orz999d,172,953,371,70.9828,55,0
orz999d,173,682,510,68.3137,66,0
orz999d,174,823,724,69.799,65,0
orz999d,175,774,411,68.5269,60,0
orz999d,176,1343,324,69.9828,54,0
orz999d,177,1099,793,70.0416,64,0
orz999d,178,996,626,69.799,65,0
orz999d,179,1245,582,70.598,60,0
orz999d,180,1563,635,72.9411,64,0
orz999d,181,839,516,72.4558,66,0
orz999d,182,1097,756,72.799,68,0
orz999d,183,1217,331,74.7696,65,0
orz999d,184,1641,598,73.9411,65,0
orz999d,185,2046,571,72.4975,59,0
orz999d,186,626,251,73.669,61,0
orz999d,187,1534,402,74.7696,65,0
orz999d,188,1611,389,72.397,56,0
orz999d,189,1043,698,75.8995,74,0
orz999d,190,731,553,79.4853,78,0
orz999d,191,457,403,77.4853,76,0
orz999d,192,606,531,78.7279,76,0
orz999d,193,1106,344,76.4975,63,0
orz999d,194,1534,679,77.2843,70,0
orz999d,195,1414,521,78.0833,65,0
orz999d,196,1653,612,79.5685,64,0
orz999d,197,1693,407,76.5685,61,0
orz999d,198,722,553,78.1421,75,0
orz999d,199,461,322,77.8284,78,0
orz999d,200,2160,602,83.3259,69,0
orz999d,201,794,606,83.4142,84,0
orz999d,202,1464,389,81.6985,74,0
orz999d,203,1206,331,82.2843,75,0
orz999d,204,2555,622,82.8112,66,0
orz999d,205,577,509,82.8995,81,0
orz999d,206,692,425,82.4142,83,0
orz999d,207,1727,673,81.3259,67,0
orz999d,208,2047,402,83.5563,80,0
orz999d,209,1023,497,82.1127,74,0
orz999d,210,763,395,87.4853,86,0
orz999d,211,839,638,87.7279,85,0
orz999d,212,1384,617,84.3259,70,0
orz999d,213,352,267,87,88,0
orz999d,214,2297,751,86.1249,66,0
orz999d,215,1355,172,87.8112,71,0
orz999d,216,1161,652,86.2132,81,0
orz999d,217,928,496,85.1421,82,0
orz999d,218,1440,295,86.9411,78,0
orz999d,219,1184,676,85.8406,74,0
orz999d,220,2307,948,89.8701,83,0
orz999d,221,790,396,89.0711,88,0
orz999d,222,1656,400,91.2254,74,0
orz999d,223,2807,523,91.0833,78,0
orz999d,224,997,347,89.2132,84,0
orz999d,225,963,361,90.3848,86,0
orz999d,226,1096,532,88.2254,71,0
orz999d,227,767,364,91.8284,92,0
orz999d,228,1906,427,89.6569,89,0
orz999d,229,2130,834,91.196,69,0
orz999d,230,927,303,95.1127,87,0
orz999d,231,1131,841,92.7401,78,0
orz999d,232,875,281,93.5563,90,0
orz999d,233,663,168,93.799,89,0
orz999d,234,1479,636,92.2548,80,0
orz999d,235,1149,471,93.1249,73,0
orz999d,236,955,526,93.9411,85,0
orz999d,237,841,633,93.5563,90,0
orz999d,238,457,357,95.2426,95,0
orz999d,239,744,643,95.0416,89,0
orz999d,240,1590,521,96.669,84,0
orz999d,241,967,317,97.6569,97,0
orz999d,242,1224,573,96.8995,95,0
orz999d,243,1403,268,99.6396,82,0
orz999d,244,1760,716,98.6396,81,0
orz999d,245,2932,1258,97.1127,89,0
orz999d,246,1478,776,99.6274,94,0
orz999d,247,909,410,98.8995,97,0
orz999d,248,575,518,96.2132,91,0
orz999d,249,687,330,98.8284,99,0
orz999d,250,1246,430,103.468,85,0
orz999d,251,1088,437,100.225,83,0
orz999d,252,1129,137,102.225,85,0
orz999d,253,653,460,102.971,99,0
orz999d,254,1035,758,100.556,97,0
orz999d,255,1107,373,103.142,100,0
orz999d,256,1434,589,101.74,87,0
orz999d,257,1196,273,103.296,84,0
orz999d,258,1795,553,102.426,91,0
orz999d,259,837,591,102.243,102,0
orz999d,260,1803,756,107.468,89,0
orz999d,261,1478,735,105.941,97,0
orz999d,262,1029,233,106.799,102,0
orz999d,263,2057,694,107.184,97,0
orz999d,264,1084,313,107.711,88,0
orz999d,265,1127,723,104.853,81,0
orz999d,266,706,633,106.414,107,0
orz999d,267,1542,780,104.284,97,0
orz999d,268,1420,511,107.125,87,0
orz999d,269,1135,287,106.527,98,0
orz999d,270,1765,516,111.841,100,0
orz999d,271,2445,722,111.113,103,0
orz999d,272,1847,198,108.64,91,0
orz999d,273,1223,581,111.385,107,0
orz999d,274,940,556,109.154,94,0
orz999d,275,2184,532,108.941,100,0
orz999d,276,736,658,108.799,104,0
orz999d,277,1325,320,110.113,102,0
orz999d,278,1238,748,109.87,103,0
orz999d,279,1727,732,108.042,102,0
orz999d,280,1537,678,112.77,103,0
orz999d,281,2172,144,112.255,100,0
orz999d,282,1464,494,113.912,100,0
orz999d,283,992,659,114.698,107,0
orz999d,284,705,473,113.414,114,0
orz999d,285,1044,538,114.426,103,0
orz999d,286,863,431,114.213,109,0
orz999d,287,1025,479,112.426,101,0
orz999d,288,1098,657,115.971,112,0
orz999d,289,711,600,113.899,112,0
orz999d,290,2646,571,117.409,89,0
orz999d,291,838,524,117.284,110,0
orz999d,292,1513,860,119.598,109,0
orz999d,293,1433,439,118.811,102,0
orz999d,294,1388,443,116.799,112,0
orz999d,295,1651,134,117.468,99,0
orz999d,296,1667,480,116.255,104,0
orz999d,297,603,523,118.243,118,0
orz999d,298,1261,274,119.971,116,0
orz999d,299,2416,816,119.355,110,0
orz999d,300,1257,353,123.213,118,0
orz999d,301,1450,387,123.296,104,0
orz999d,302,1689,417,120.083,107,0
orz999d,303,2121,536,123.698,116,0
orz999d,304,877,226,120.154,105,0
orz999d,305,1124,400,123.627,118,0
orz999d,306,1380,470,121.225,104,0
orz999d,307,1137,499,121.841,110,0
orz999d,308,1415,425,122.213,117,0
orz999d,309,1670,520,122.882,104,0
orz999d,310,3170,402,127.154,112,0
orz999d,311,1188,481,126.184,116,0
orz999d,312,1871,478,124.497,111,0
orz999d,313,905,290,124.284,117,0
orz999d,314,824,520,124.698,117,0
orz999d,315,585,376,124.414,125,0
orz999d,316,842,414,126.142,123,0
orz999d,317,1162,519,125.113,117,0
orz999d,318,985,407,125.012,114,0
orz999d,319,1603,937,125.225,108,0
orz999d,320,2437,1096,130.983,115,0
orz999d,321,2236,554,129.042,123,0
orz999d,322,843,360,129.255,117,0
orz999d,323,899,328,129.953,109,0
orz999d,324,871,718,130.657,130,0
orz999d,325,826,435,131.912,118,0
orz999d,326,825,440,129.971,126,0
orz999d,327,1091,482,129.61,107,0
orz999d,328,1557,421,128.497,115,0
orz999d,329,1153,420,129.811,113,0
orz999d,330,1441,462,132.669,120,0
orz999d,331,1077,304,135.899,134,0
orz999d,332,2281,657,134.296,115,0
orz999d,333,1527,391,132.095,107,0
orz999d,334,1212,337,134.669,122,0
orz999d,335,560,281,135.485,134,0
orz999d,336,1036,454,135.225,118,0
orz999d,337,1204,294,135.924,110,0
orz999d,338,1099,150,135.426,124,0
orz999d,339,806,350,132.527,124,0
orz999d,340,440,157,138.828,139,0
orz999d,341,779,138,139.941,131,0
orz999d,342,2683,154,137.941,129,0
orz999d,343,898,625,139.314,137,0
orz999d,344,661,254,137.414,138,0
orz999d,345,533,380,136.414,137,0
orz999d,346,1371,766,136.426,125,0
orz999d,347,1179,503,136.627,131,0
orz999d,348,1807,367,139.326,125,0
orz999d,349,2644,756,138.184,128,0
orz999d,350,1412,251,143.284,136,0
orz999d,351,932,418,140.066,110,0
orz999d,352,968,286,142.698,135,0
orz999d,353,2368,561,143.095,118,0
orz999d,354,934,445,140.556,137,0
orz999d,355,704,412,141.899,140,0
orz999d,356,1074,492,142.243,142,0
orz999d,357,745,160,142.426,131,0
orz999d,358,1790,306,143.995,116,0
orz999d,359,819,743,143.971,140,0
orz999d,360,720,406,146.899,145,0
orz999d,361,1424,636,146.456,140,0
orz999d,362,975,767,145.456,139,0
orz999d,363,1070,526,146.468,128,0
orz999d,364,472,406,146.414,147,0
orz999d,365,1311,385,146.983,131,0
orz999d,366,1300,359,146.255,134,0
orz999d,367,1404,309,145.527,137,0
orz999d,368,1154,556,147.799,143,0
orz999d,369,1192,283,146.012,135,0
orz999d,370,1099,449,150.456,144,0
orz999d,371,609,562,148.071,147,0
orz999d,372,524,442,151.071,150,0
orz999d,373,1302,469,150.64,133,0
orz999d,374,886,314,148.669,136,0
orz999d,375,1434,189,149.882,131,0
orz999d,376,1468,358,148.971,145,0
orz999d,377,2077,752,150.184,140,0
orz999d,378,727,283,150.113,142,0
orz999d,379,694,448,150.456,144,0
orz999d,380,897,426,152.87,146,0
orz999d,381,1441,261,152.841,141,0
orz999d,382,758,272,152.87,146,0
orz999d,383,844,145,155.527,147,0
orz999d,384,660,320,154.083,141,0
orz999d,385,723,178,153.74,139,0
orz999d,386,1155,336,152.87,146,0
orz999d,387,1687,517,154.38,121,0
orz999d,388,1034,579,152.355,143,0
orz999d,389,1412,227,152.456,146,0
orz999d,390,1320,353,158.539,138,0
orz999d,391,1060,527,158.456,152,0
orz999d,392,1359,677,157.196,135,0
orz999d,393,1221,518,159.012,148,0
orz999d,394,530,384,156.657,156,0
orz999d,395,996,454,158.971,155,0
orz999d,396,1606,506,158.397,142,0
orz999d,397,828,766,159.799,155,0
orz999d,398,991,460,157.255,145,0
orz999d,399,874,330,157.255,145,0
orz999d,400,1158,475,162.971,159,0
orz999d,401,640,439,163.971,160,0
orz999d,402,1893,762,162.64,145,0
orz999d,403,969,284,161.497,148,0
orz999d,404,919,802,163.627,158,0
orz999d,405,316,183,162,163,0
orz999d,406,1057,295,162.823,134,0
orz999d,407,1317,413,160.225,143,0
orz999d,408,2228,558,163.823,135,0
orz999d,409,1296,397,162.799,158,0
orz999d,410,1984,552,167.882,149,0
orz999d,411,609,568,166.87,160,0
orz999d,412,985,244,165.368,144,0
orz999d,413,824,520,165.213,160,0
orz999d,414,1608,369,165.167,138,0
orz999d,415,2263,947,164.024,141,0
orz999d,416,968,365,164.556,161,0
orz999d,417,1262,476,164.296,145,0
orz999d,418,1091,397,167.213,162,0
orz999d,419,826,169,166.74,152,0
orz999d,420,1445,730,170.255,158,0
orz999d,421,894,388,169.698,162,0
orz999d,422,2967,1207,171.87,165,0
orz999d,423,1564,414,168.196,146,0
orz999d,424,825,440,171.314,169,0
orz999d,425,1047,266,171.355,162,0
orz999d,426,1196,519,171.497,158,0
orz999d,427,2844,676,168.74,154,0
orz999d,428,283,231,169,170,0
orz999d,429,1314,331,169.397,153,0
orz999d,430,1334,427,172.066,142,0
orz999d,431,984,642,174.556,171,0
orz999d,432,3017,379,173.598,163,0
orz999d,433,1051,342,175.924,150,0
orz999d,434,1258,522,173.012,162,0
orz999d,435,1516,327,173.012,162,0
orz999d,436,1059,402,172.468,154,0
orz999d,437,1171,405,174.267,150,0
orz999d,438,2192,863,172.841,161,0
orz999d,439,1173,398,175.066,145,0
orz999d,440,930,616,179.799,175,0
orz999d,441,2800,726,176.267,152,0
orz999d,442,547,359,177.243,177,0
orz999d,443,1885,379,176.456,170,0
orz999d,444,959,334,176.355,167,0
orz999d,445,1381,446,178.74,164,0
orz999d,446,692,569,178.728,176,0
orz999d,447,1757,453,177.971,174,0
orz999d,448,1208,170,178.723,147,0
orz999d,449,715,345,178.284,171,0
orz999d,450,1475,303,182.368,161,0
orz999d,451,903,281,181.924,156,0
orz999d,452,1305,293,182.971,179,0
orz999d,453,1284,196,180.054,162,0
orz999d,454,853,341,181.468,163,0
orz999d,455,869,261,181.456,175,0
orz999d,456,988,335,183.012,172,0
orz999d,457,1623,657,183.74,169,0
orz999d,458,2955,282,182.355,173,0
orz999d,459,1266,429,181.38,148,0
orz999d,460,1569,396,185.569,170,0
orz999d,461,616,530,186.142,183,0
orz999d,462,1613,801,187.054,169,0
orz999d,463,2404,1315,186.569,171,0
orz999d,464,1681,384,186.066,156,0
orz999d,465,1587,473,184.87,178,0
orz999d,466,2576,215,185.48,155,0
orz999d,467,1684,357,185.971,182,0
orz999d,468,1922,655,187.439,164,0
orz999d,469,1570,334,187.74,173,0
orz999d,470,906,333,190.125,170,0
orz999d,471,1800,274,188.083,175,0
orz999d,472,576,368,191.243,191,0
orz999d,473,1141,401,188.208,154,0
orz999d,474,3085,1102,188.581,161,0
orz999d,475,1795,671,189.539,169,0
orz999d,476,1343,272,188.38,155,0
orz999d,477,1115,281,189.485,188,0
orz999d,478,2136,647,190.924,165,0
orz999d,479,2282,614,191.752,165,0
orz999d,480,1626,340,195.196,173,0
orz999d,481,1397,682,193.154,178,0
orz999d,482,1368,368,194.841,183,0
orz999d,483,1999,509,195.799,191,0
orz999d,484,950,329,193.698,186,0
orz999d,485,1493,585,194.598,184,0
orz999d,486,1186,357,194.184,184,0
orz999d,487,1662,610,192.468,174,0
orz999d,488,3629,832,194.397,178,0
orz999d,489,1085,206,192.711,173,0
orz999d,490,1323,440,199.711,180,0
orz999d,491,879,409,199.012,188,0
orz999d,492,915,344,198.711,179,0
orz999d,493,1393,499,198.355,189,0
orz999d,494,1471,430,198.841,187,0
orz999d,495,2040,1086,199.042,193,0
orz999d,496,748,405,198.899,197,0
orz999d,497,932,478,197.456,191,0
orz999d,498,758,261,197.627,192,0
orz999d,499,1082,401,197.51,172,0
orz999d,500,1053,515,202.841,191,0
orz999d,501,1801,548,202.38,169,0
orz999d,502,1141,530,203.284,196,0
orz999d,503,911,788,201.042,195,0
orz999d,504,2385,565,200.225,183,0
orz999d,505,480,454,201.657,201,0
orz999d,506,1244,247,202.397,186,0
orz999d,507,1771,374,203.213,198,0
orz999d,508,817,309,200.899,199,0
orz999d,509,1597,445,203.497,190,0
orz999d,510,2033,430,207.167,180,0
orz999d,511,794,522,205.698,198,0
orz999d,512,691,518,207.971,204,0
orz999d,513,588,486,205.414,206,0
orz999d,514,2676,475,206.48,176,0
orz999d,515,1224,261,205.77,196,0
orz999d,516,2373,560,206.823,178,0
orz999d,517,2482,295,207.983,192,0
orz999d,518,554,341,207.828,208,0
orz999d,519,1859,389,204.681,180,0
orz999d,520,1569,524,209.167,182,0
orz999d,521,2423,403,211.024,188,0
orz999d,522,2008,796,210.296,191,0
orz999d,523,1540,189,208.51,183,0
orz999d,524,1438,349,210.451,175,0
orz999d,525,1452,276,210.894,180,0
orz999d,526,1354,312,208.326,194,0
orz999d,527,1504,401,211.426,200,0
orz999d,528,1643,320,211.811,195,0
orz999d,529,1619,342,210.853,187,0
orz999d,530,1248,413,214.899,213,0
orz999d,531,1784,556,214.468,196,0
orz999d,532,2521,1205,215.326,201,0
orz999d,533,1419,356,212.569,197,0
orz999d,534,815,383,213.142,210,0
orz999d,535,1022,269,213.782,192,0
orz999d,536,630,437,214.627,209,0
orz999d,537,1607,188,214.823,186,0
orz999d,538,1721,609,215.698,208,0
orz999d,539,1146,152,213.823,185,0
orz999d,540,1449,531,216.225,199,0
orz999d,541,879,230,219.598,209,0
orz999d,542,1341,275,216.912,203,0
orz999d,543,1710,507,218.024,195,0
orz999d,544,1566,506,219.652,190,0
orz999d,545,921,350,217.841,206,0
orz999d,546,2175,562,217.912,204,0
orz999d,547,442,386,216.243,216,0
orz999d,548,1692,1004,216.983,201,0
orz999d,549,1625,623,218.066,188,0
orz999d,550,1459,475,220.841,209,0
orz999d,551,2755,482,223.426,212,0
orz999d,552,1893,436,223.012,212,0
orz999d,553,1107,233,223.64,206,0
orz999d,554,1682,724,221.196,199,0
orz999d,555,1691,783,222.995,195,0
orz999d,556,1155,376,221.752,195,0
orz999d,557,1330,524,220.764,182,0
orz999d,558,2553,298,220.569,205,0
orz999d,559,1672,240,221.983,206,0
orz999d,560,2879,805,224.995,197,0
orz999d,561,861,405,226.385,222,0
orz999d,562,1284,393,226.569,211,0
orz999d,563,2079,531,226.208,192,0
orz999d,564,3408,732,224.61,202,0
orz999d,565,2360,833,226.326,212,0
orz999d,566,2716,919,224.439,201,0
orz999d,567,1609,516,227.865,192,0
orz999d,568,1567,538,225.095,200,0
orz999d,569,3276,445,227.296,208,0
orz999d,570,512,323,228.414,229,0
orz999d,571,2736,736,231.841,220,0
orz999d,572,2097,358,228.569,213,0
orz999d,573,1893,531,230.669,218,0
orz999d,574,2208,765,228.669,216,0
orz999d,575,1436,317,228.279,192,0
orz999d,576,1835,603,229.865,194,0
orz999d,577,1133,244,228.681,204,0
orz999d,578,1264,322,231.627,226,0
orz999d,579,1585,606,228.811,212,0
orz999d,580,933,522,232.728,230,0
orz999d,581,1977,389,234.426,223,0
orz999d,582,1249,274,235.61,213,0
orz999d,583,676,327,232.799,228,0
orz999d,584,1030,495,235.012,224,0
orz999d,585,1445,315,234.083,221,0
orz999d,586,1059,221,232.681,208,0
orz999d,587,1244,478,233.569,218,0
orz999d,588,2564,480,232.953,212,0
orz999d,589,1829,804,232.326,218,0
orz999d,590,2107,508,238.125,218,0
orz999d,591,2166,597,236.238,207,0
orz999d,592,1145,527,236.556,233,0
orz999d,593,743,376,236.243,236,0
orz999d,594,2605,355,236.196,214,0
orz999d,595,1672,609,236.338,210,0
orz999d,596,1316,304,237.811,221,0
orz999d,597,1720,353,236.225,219,0
orz999d,598,1402,303,236.652,207,0
orz999d,599,975,344,237.355,228,0
orz999d,600,612,462,243.414,244,0
orz999d,601,906,440,243.87,237,0
orz999d,602,2176,301,242.823,214,0
orz999d,603,884,445,241.497,228,0
orz999d,604,2714,396,242.865,207,0
orz999d,605,1696,600,240.551,208,0
orz999d,606,1214,681,241.598,231,0
orz999d,607,1085,320,242.899,241,0
orz999d,608,989,418,241.042,235,0
orz999d,609,1403,361,242.522,205,0
orz999d,610,2730,587,244.882,226,0
orz999d,611,1963,285,246.497,233,0
orz999d,612,1684,564,247.782,226,0
orz999d,613,1364,368,245.782,224,0
orz999d,614,1298,413,246.066,216,0
orz999d,615,2969,230,245.853,222,0
orz999d,616,2451,430,246.782,225,0
orz999d,617,1511,455,246.64,229,0
orz999d,618,2055,266,244.439,221,0
orz999d,619,2284,524,247.794,214,0
orz999d,620,2895,311,250.853,227,0
orz999d,621,1197,371,249.439,226,0
orz999d,622,2051,1098,248.652,219,0
orz999d,623,2359,921,250.64,233,0
orz999d,624,1722,721,249.054,231,0
orz999d,625,1376,178,250.238,221,0
orz999d,626,1397,568,251.87,245,0
orz999d,627,2355,443,248.764,210,0
orz999d,628,1724,336,248.61,226,0
orz999d,629,1051,345,251.669,239,0
orz999d,630,2758,393,255.539,235,0
orz999d,631,1448,231,253.752,227,0
orz999d,632,1142,799,252.569,237,0
orz999d,633,1144,328,255.284,248,0
orz999d,634,1102,203,254.338,228,0
orz999d,635,1887,315,255.782,234,0
orz999d,636,1568,547,253.912,240,0
orz999d,637,2020,482,255.823,227,0
orz999d,638,1363,491,253.581,226,0
orz999d,639,1310,383,254.456,248,0
orz999d,640,2984,410,258.468,240,0
orz999d,641,1715,621,256.581,229,0
orz999d,642,1605,439,259.042,253,0
orz999d,643,2815,279,258.137,226,0
orz999d,644,1141,380,259.698,252,0
orz999d,645,1581,317,259.078,217,0
orz999d,646,1530,271,259.024,236,0
orz999d,647,936,594,259.042,253,0
orz999d,648,1549,295,258.054,240,0
orz999d,649,1348,346,256.225,239,0
orz999d,650,1597,177,263.882,245,0
orz999d,651,1397,639,261.397,245,0
orz999d,652,2511,274,260.569,245,0
orz999d,653,1473,712,263.622,229,0
orz999d,654,1913,403,261.368,240,0
orz999d,655,3204,494,261.397,245,0
orz999d,656,1828,275,261.167,234,0
orz999d,657,1728,263,261.995,234,0
orz999d,658,1203,528,261.255,249,0
orz999d,659,1874,364,260.497,247,0
orz999d,660,2905,397,264.51,239,0
orz999d,661,2956,483,265.681,241,0
orz999d,662,1877,676,267.497,254,0
orz999d,663,1691,447,266.095,241,0
orz999d,664,1981,457,264.841,253,0
orz999d,665,1163,201,266.569,251,0
orz999d,666,849,279,266.355,257,0
orz999d,667,1429,1197,264.213,259,0
orz999d,668,1451,481,266.752,240,0
orz999d,669,975,155,265.196,243,0
orz999d,670,1314,368,271.953,251,0
orz999d,671,623,343,268.485,267,0
orz999d,672,1686,233,270.723,239,0
orz999d,673,1544,937,271.071,270,0
orz999d,674,1986,575,269.066,239,0
orz999d,675,2790,654,270.693,234,0
orz999d,676,1285,510,269.167,242,0
orz999d,677,1944,759,270.137,238,0
orz999d,678,1130,327,269.385,265,0
orz999d,679,1228,449,268.581,241,0
orz999d,680,1679,730,272.421,232,0
orz999d,681,1179,201,273.853,250,0
orz999d,682,1393,287,272.184,262,0
orz999d,683,859,379,273.113,265,0
orz999d,684,1229,587,275.77,266,0
orz999d,685,1718,603,274.338,248,0
orz999d,686,2059,642,274.723,243,0
orz999d,687,1361,478,272.225,255,0
orz999d,688,3089,1196,273.894,243,0
orz999d,689,1378,672,274.355,265,0
orz999d,690,1419,212,278.362,228,0
orz999d,691,502,437,276.414,277,0
orz999d,692,2132,349,279.924,254,0
orz999d,693,1595,600,278.912,265,0
orz999d,694,1205,312,279.581,252,0
orz999d,695,601,292,277.314,275,0
orz999d,696,1414,322,277.238,248,0
orz999d,697,1279,371,276.326,262,0
orz999d,698,1231,474,278.48,248,0
orz999d,699,776,422,276.243,276,0
orz999d,700,1057,429,283.941,275,0
orz999d,701,3043,335,280.924,255,0
orz999d,702,2613,645,280.622,246,0
orz999d,703,1857,499,283.794,250,0
orz999d,704,1562,150,282.024,259,0
orz999d,705,1350,491,280.054,262,0
orz999d,706,2099,678,280.782,259,0
orz999d,707,1285,484,280.284,273,0
orz999d,708,1287,393,281.024,258,0
orz999d,709,968,666,282.527,274,0
orz999d,710,2007,393,285.61,263,0
orz999d,711,1300,490,284.284,277,0
orz999d,712,2305,572,286.392,241,0
orz999d,713,2084,289,284.255,272,0
orz999d,714,2054,817,284.841,273,0
orz999d,715,1407,296,284.995,257,0
orz999d,716,965,350,285.941,277,0
orz999d,717,2561,712,285.811,269,0
orz999d,718,226,174,285,286,0
orz999d,719,1845,298,285.054,267,0
orz999d,720,2966,329,291.368,270,0
orz999d,721,1026,383,289.527,281,0
orz999d,722,927,437,290.338,264,0
orz999d,723,977,260,288.296,269,0
orz999d,724,1145,370,290.397,274,0
orz999d,725,3154,642,290.581,263,0
orz999d,726,3039,355,291.693,255,0
orz999d,727,894,412,288.167,261,0
orz999d,728,1389,287,288.983,273,0
orz999d,729,902,446,291.799,287,0
orz999d,730,1327,455,294.456,288,0
orz999d,731,2243,545,293.48,263,0
orz999d,732,2440,574,293.669,281,0
orz999d,733,3058,254,292.853,269,0
orz999d,734,1821,668,294.836,254,0
orz999d,735,1963,246,292.196,270,0
orz999d,736,2364,928,292.865,257,0
orz999d,737,1882,360,295.966,263,0
orz999d,738,1785,275,292.794,259,0
orz999d,739,1894,899,293.238,264,0
orz999d,740,2903,567,298.439,275,0
orz999d,741,1859,411,298.782,277,0
orz999d,742,1983,224,297.853,274,0
orz999d,743,1010,164,296.012,285,0
orz999d,744,682,558,296.556,293,0
orz999d,745,1470,276,299.539,279,0
orz999d,746,2810,299,298.693,262,0
orz999d,747,1924,318,297.551,265,0
orz999d,748,2260,327,298.024,275,0
orz999d,749,1298,510,296.627,291,0
orz999d,750,1122,166,303.693,267,0
orz999d,751,1699,412,302.492,260,0
orz999d,752,1583,573,302.836,262,0
orz999d,753,1039,279,303.456,297,0
orz999d,754,2471,577,300.794,267,0
orz999d,755,1098,552,301.627,296,0
orz999d,756,3064,288,301.309,270,0
orz999d,757,2288,381,302.439,279,0
orz999d,758,1282,403,302.196,280,0
orz999d,759,1056,406,302.723,271,0
orz999d,760,1450,322,307.309,276,0
orz999d,761,1715,466,306.125,286,0
orz999d,762,1303,270,306.497,293,0
orz999d,763,1003,333,305.569,290,0
orz999d,764,2717,438,304.983,289,0
orz999d,765,1675,444,305.179,266,0
orz999d,766,1809,528,305.125,285,0
orz999d,767,841,231,305.095,280,0
orz999d,768,2321,448,304.924,279,0
orz999d,769,1913,658,304.326,290,0
orz999d,770,1497,366,310.77,301,0
orz999d,771,2389,752,308.836,268,0
orz999d,772,2397,489,310.38,277,0
orz999d,773,1103,529,311.811,295,0
orz999d,774,2771,512,311.037,276,0
orz999d,775,1256,301,309.338,283,0
orz999d,776,933,251,311.284,304,0
orz999d,777,1880,354,309.823,281,0
orz999d,778,1573,208,308.255,296,0
orz999d,779,1724,588,308.941,300,0
orz999d,780,2509,560,313.368,292,0
orz999d,781,1536,308,312.042,306,0
orz999d,782,2085,366,313.522,276,0
orz999d,783,2837,627,314.196,292,0
orz999d,784,1150,517,312.598,302,0
orz999d,785,2902,324,312.823,284,0
orz999d,786,1745,409,314.267,290,0
orz999d,787,1690,369,315.522,278,0
orz999d,788,2423,647,315.321,272,0
orz999d,789,1304,439,312.823,284,0
orz999d,790,2689,442,317.326,303,0
orz999d,791,1371,435,318.012,307,0
orz999d,792,1681,245,318.439,295,0
orz999d,793,2895,474,318.782,297,0
orz999d,794,1554,393,317.225,300,0
orz999d,795,1945,562,317.563,273,0
orz999d,796,2441,636,316.794,283,0
orz999d,797,2653,335,317.924,292,0
orz999d,798,2894,359,317.894,287,0
orz999d,799,1582,281,316.551,284,0
orz999d,800,1977,350,320.966,288,0
orz999d,801,1176,303,323.894,293,0
orz999d,802,1081,346,320.042,314,0
orz999d,803,1189,480,320.953,300,0
orz999d,804,1717,408,320.882,302,0
orz999d,805,1706,402,320.978,276,0
orz999d,806,999,365,322.811,306,0
orz999d,807,1518,357,323.368,302,0
orz999d,808,2229,460,322.865,287,0
orz999d,809,1367,219,321.811,305,0
orz999d,810,1294,265,324.355,315,0
orz999d,811,1535,398,324.309,293,0
orz999d,812,733,299,327.042,321,0
orz999d,813,2485,501,324.539,304,0
orz999d,814,714,562,326.627,321,0
orz999d,815,1483,234,326.936,289,0
orz999d,816,2050,359,326.924,301,0
orz999d,817,1620,242,327.652,298,0
orz999d,818,1328,115,325.51,300,0
orz999d,819,984,255,324.77,315,0
orz999d,820,1414,450,331.279,295,0
orz999d,821,2073,409,331.279,295,0
orz999d,822,1037,473,331.627,326,0
orz999d,823,716,425,328.828,329,0
orz999d,824,1941,736,329.25,288,0
orz999d,825,1280,402,328.622,294,0
orz999d,826,2144,602,330.681,306,0
orz999d,827,1771,680,330.823,302,0
orz999d,828,2459,317,329.024,306,0
orz999d,829,1871,500,329.492,287,0
orz999d,830,1974,298,333.51,308,0
orz999d,831,573,368,334.414,335,0
orz999d,832,429,392,333.485,332,0
orz999d,833,1831,433,333.877,286,0
orz999d,834,1353,974,334.87,328,0
orz999d,835,893,125,334.095,309,0
orz999d,836,3571,506,334.882,316,0
orz999d,837,2382,449,332.752,306,0
orz999d,838,2961,560,332.296,313,0
orz999d,839,1043,289,335.426,324,0
orz999d,840,2933,369,336.267,312,0
orz999d,841,1341,318,336.853,313,0
orz999d,842,2999,539,338.409,310,0
orz999d,843,929,338,338.556,335,0
orz999d,844,2003,451,338.078,296,0
orz999d,845,1093,515,338.385,334,0
orz999d,846,1472,331,337.581,310,0
orz999d,847,3223,236,336.723,305,0
orz999d,848,1123,446,338.841,327,0
orz999d,849,1126,162,339.007,299,0
orz999d,850,1536,346,343.51,318,0
orz999d,851,2887,280,343.179,304,0
orz999d,852,1406,280,340.12,291,0
orz999d,853,1660,322,342.321,299,0
orz999d,854,2797,371,341.782,320,0
orz999d,855,1321,681,343.87,337,0
orz999d,856,2554,229,343.61,321,0
orz999d,857,1811,343,340.652,311,0
orz999d,858,948,328,342.728,340,0
orz999d,859,1555,509,340.037,305,0
orz999d,860,2527,586,344.238,315,0
orz999d,861,2238,696,346.137,314,0
orz999d,862,1905,495,345.007,305,0
orz999d,863,1366,628,347.037,312,0
orz999d,864,826,289,346.184,336,0
orz999d,865,2407,243,347.681,323,0
orz999d,866,2295,225,347.593,308,0
orz999d,867,3240,442,347.296,328,0
orz999d,868,2560,371,347.167,320,0
orz999d,869,1746,404,345.865,310,0
orz999d,870,889,343,348.024,325,0
orz999d,871,2518,235,350.966,318,0
orz999d,872,2398,242,351.024,328,0
orz999d,873,3100,509,348.137,316,0
orz999d,874,832,432,350.527,342,0
orz999d,875,2289,397,351.066,321,0
orz999d,876,1458,459,351.77,342,0
orz999d,877,2129,436,348.492,306,0
orz999d,878,1505,509,349.439,326,0
orz999d,879,3353,320,350.593,311,0
orz999d,880,2587,617,354.966,322,0
orz999d,881,1538,373,352.066,322,0
orz999d,882,1640,269,352.752,326,0
orz999d,883,1714,484,352.581,325,0
orz999d,884,1694,339,354.468,336,0
orz999d,885,2405,473,353.652,324,0
orz999d,886,1649,376,355.752,329,0
orz999d,887,2599,315,355.924,330,0
orz999d,888,2129,518,354.38,321,0
orz999d,889,2562,704,352.723,321,0
orz999d,890,1281,362,357.468,339,0
orz999d,891,2239,349,357.652,328,0
orz999d,892,2145,284,356.966,324,0
orz999d,893,3042,320,356.409,328,0
orz999d,894,1543,203,358.238,329,0
orz999d,895,3417,767,357.078,315,0
orz999d,896,2591,206,357.137,325,0
orz999d,897,2648,478,358.48,328,0
orz999d,898,2943,500,357.439,334,0
orz999d,899,1777,387,358.024,335,0
orz999d,900,1288,396,360.326,346,0
orz999d,901,2364,441,360.108,323,0
orz999d,902,1192,276,362.87,356,0
orz999d,903,3049,526,361.752,335,0
orz999d,904,1009,282,360.823,332,0
orz999d,905,2659,387,363.439,340,0
orz999d,906,2080,357,361.238,332,0
orz999d,907,2946,355,363.22,317,0
orz999d,908,1724,406,363.48,333,0
orz999d,909,2490,482,361.605,310,0
orz999d,910,1083,433,367.698,360,0
orz999d,911,2706,319,366.693,330,0
orz999d,912,1043,561,364.657,364,0
orz999d,913,2105,446,366.066,336,0
orz999d,914,684,555,364.314,362,0
orz999d,915,2471,212,367.693,331,0
orz999d,916,894,467,367.971,364,0
orz999d,917,2888,519,367.066,337,0
orz999d,918,1639,275,364.551,332,0
orz999d,919,1450,603,365.095,340,0
orz999d,920,2659,406,368.191,317,0
orz999d,921,1605,177,368.267,344,0
orz999d,922,1139,510,370.284,363,0
orz999d,923,2845,238,370.622,336,0
orz999d,924,2245,430,369.078,327,0
orz999d,925,1826,553,370.238,341,0
orz999d,926,821,397,370.385,366,0
orz999d,927,1945,289,368.836,328,0
orz999d,928,830,358,369.213,364,0
orz999d,929,2433,529,368.463,321,0
orz999d,930,2966,324,374.024,351,0
orz999d,931,1662,356,374.451,339,0
orz999d,932,1876,368,374.037,339,0
orz999d,933,1941,415,372.38,339,0
orz999d,934,841,304,374.87,368,0
orz999d,935,2496,438,372.966,340,0
orz999d,936,3527,351,373.48,343,0
orz999d,937,2456,175,375.392,330,0
orz999d,938,1425,430,373.054,355,0
orz999d,939,2226,232,372.463,325,0
orz999d,940,1453,297,377.551,345,0
orz999d,941,1925,187,376.782,355,0
orz999d,942,1050,325,377.355,368,0
orz999d,943,1650,498,379.764,341,0
orz999d,944,926,223,379.326,365,0
orz999d,945,2095,394,378.522,341,0
orz999d,946,2919,305,376.409,348,0
orz999d,947,950,568,377.385,373,0
orz999d,948,1969,971,379.024,356,0
orz999d,949,2977,344,378.924,353,0
orz999d,950,730,321,381.77,372,0
orz999d,951,814,344,383.971,380,0
orz999d,952,2762,323,381.019,329,0
orz999d,953,1910,522,382.451,347,0
orz999d,954,2140,724,383.77,374,0
orz999d,955,2713,280,381.706,333,0
orz999d,956,1653,241,381.877,334,0
orz999d,957,1724,457,381.51,356,0
orz999d,958,1979,886,380.924,355,0
orz999d,959,2364,298,381.309,350,0
orz999d,960,2360,259,387.752,361,0
orz999d,961,2085,568,384.569,369,0
orz999d,962,2183,503,387.191,336,0
orz999d,963,2286,350,384.622,350,0
orz999d,964,1752,709,387.894,357,0
orz999d,965,1329,277,387.309,356,0
orz999d,966,2080,411,386.463,339,0
orz999d,967,3007,298,384.037,349,0
orz999d,968,1555,239,384.752,358,0
orz999d,969,2445,526,385.149,341,0
orz999d,970,921,358,390.87,384,0
orz999d,971,3741,583,390.279,354,0
orz999d,972,2655,339,389.534,340,0
orz999d,973,2667,482,388.907,346,0
orz999d,974,1929,387,388.309,357,0
orz999d,975,2707,196,388.267,364,0
orz999d,976,1573,495,391.806,346,0
orz999d,977,2893,424,389.108,352,0
orz999d,978,1908,377,389.149,345,0
orz999d,979,1320,299,389.397,373,0
orz999d,980,1884,250,392.593,353,0
orz999d,981,1293,356,395.012,384,0
orz999d,982,1962,251,395.966,363,0
orz999d,983,743,220,393.054,375,0
orz999d,984,738,577,395.456,389,0
orz999d,985,1047,570,392.314,390,0
orz999d,986,2890,349,393.534,344,0
orz999d,987,1628,314,395.877,348,0
orz999d,988,1414,324,392.581,365,0
orz999d,989,1837,251,394.836,354,0
orz999d,990,3286,326,397.664,356,0
orz999d,991,714,365,397.556,394,0
orz999d,992,1128,275,399.083,386,0
orz999d,993,2615,530,398.291,350,0
orz999d,994,2873,308,398.534,349,0
orz999d,995,1992,379,398.066,368,0
orz999d,996,1305,457,398.841,387,0
orz999d,997,1166,348,398.882,380,0
orz999d,998,2349,560,399.279,363,0
orz999d,999,1002,381,399.77,390,0
orz999d,1000,1713,418,403.747,348,0
orz999d,1001,2221,434,401.137,369,0
orz999d,1002,1228,289,402.51,377,0
orz999d,1003,2367,245,402.007,362,0
orz999d,1004,2984,172,401.238,372,0
orz999d,1005,992,251,403.042,397,0
orz999d,1006,1309,330,403.87,397,0
orz999d,1007,2204,724,402.966,370,0
orz999d,1008,1885,647,400.309,369,0
orz999d,1009,1632,315,400.782,379,0
orz999d,1010,3418,557,407.865,372,0
orz999d,1011,2756,370,406.747,351,0
orz999d,1012,2642,271,406.777,356,0
orz999d,1013,2854,301,407.764,369,0
orz999d,1014,3001,291,405.492,363,0
orz999d,1015,2382,527,407.007,367,0
orz999d,1016,1161,342,406.598,396,0
orz999d,1017,2718,318,407.534,358,0
orz999d,1018,4488,903,407.823,379,0
orz999d,1019,2112,258,404.007,364,0
orz999d,1020,2269,481,410.563,366,0
orz999d,1021,1914,344,410.966,378,0
orz999d,1022,1983,320,411.38,378,0
orz999d,1023,2793,1448,410.095,385,0
orz999d,1024,970,256,409.77,400,0
orz999d,1025,3034,601,410.078,368,0
orz999d,1026,2056,567,410.723,379,0
orz999d,1027,2047,439,410.179,371,0
orz999d,1028,3367,303,409.534,360,0
orz999d,1029,1426,449,411.108,374,0
orz999d,1030,983,343,415.113,407,0
orz999d,1031,2812,543,412.652,383,0
orz999d,1032,2543,229,413.338,387,0
orz999d,1033,2135,337,415.652,386,0
orz999d,1034,2877,230,413.421,373,0
orz999d,1035,2795,271,413.279,377,0
orz999d,1036,914,289,412.941,404,0
orz999d,1037,1738,384,412.338,386,0
orz999d,1038,2739,338,414.664,373,0
orz999d,1039,2433,322,413.865,378,0
orz999d,1040,2285,358,418.735,375,0
orz999d,1041,1161,416,416.066,386,0
orz999d,1042,1239,332,418.042,412,0
orz999d,1043,1788,242,419.321,376,0
orz999d,1044,2511,495,416.551,384,0
orz999d,1045,2014,412,416.368,395,0
orz999d,1046,3067,281,416.007,376,0
orz999d,1047,1478,352,419.841,408,0
orz999d,1048,3554,762,418.593,379,0
orz999d,1049,1962,324,417.463,370,0
orz999d,1050,728,651,421.556,418,0
orz999d,1051,1193,520,420.225,403,0
orz999d,1052,1566,271,421.108,384,0
orz999d,1053,971,523,420.912,407,0
orz999d,1054,598,335,423.657,423,0
orz999d,1055,1728,326,421.995,394,0
orz999d,1056,1349,129,422.049,375,0
orz999d,1057,1827,323,420.179,381,0
orz999d,1058,833,372,421.899,420,0
orz999d,1059,799,357,423.042,417,0
orz999d,1060,574,359,426.414,427,0
orz999d,1061,2203,481,426.12,377,0
orz999d,1062,3490,328,424.321,381,0
orz999d,1063,1032,365,425.142,422,0
orz999d,1064,3079,431,427.605,376,0
orz999d,1065,1085,336,426.598,416,0
orz999d,1066,1195,321,426.154,411,0
orz999d,1067,2249,385,426.723,395,0
orz999d,1068,3157,242,425.865,390,0
orz999d,1069,1379,355,424.225,407,0
orz999d,1070,2799,252,428.25,387,0
orz999d,1071,1464,455,431.64,414,0
orz999d,1072,927,199,431.083,418,0
orz999d,1073,2351,496,429.823,401,0
orz999d,1074,2686,263,431.706,383,0
orz999d,1075,3184,302,430.794,397,0
orz999d,1076,2031,323,431.392,386,0
orz999d,1077,1616,239,430.61,408,0
orz999d,1078,1020,228,429.439,406,0
orz999d,1079,2685,311,430.806,385,0
orz999d,1080,1350,594,434.811,418,0
orz999d,1081,1369,497,433.426,422,0
orz999d,1082,3482,381,435.51,410,0
orz999d,1083,1805,278,435.179,396,0
orz999d,1084,2997,432,432.279,396,0
orz999d,1085,1799,305,433.468,415,0
orz999d,1086,1971,259,433.451,398,0
orz999d,1087,1922,307,433.049,386,0
orz999d,1088,1459,483,433.941,425,0
orz999d,1089,1905,308,435.238,406,0
orz999d,1090,2818,315,438.777,388,0
orz999d,1091,1015,606,437.012,426,0
orz999d,1092,2060,514,439.362,389,0
orz999d,1093,2865,306,438.434,386,0
orz999d,1094,2225,513,438.723,407,0
orz999d,1095,1309,223,436.262,383,0
orz999d,1096,1845,402,437.823,409,0
orz999d,1097,1928,678,437.421,397,0
orz999d,1098,733,196,439.799,435,0
orz999d,1099,1745,199,439.09,385,0
orz999d,1100,2492,322,440.605,389,0
orz999d,1101,786,422,442.87,436,0
orz999d,1102,1869,230,442.777,392,0
orz999d,1103,2772,418,440.262,387,0
orz999d,1104,2658,361,441.137,409,0
orz999d,1105,2839,276,441.622,407,0
orz999d,1106,3368,480,440.581,413,0
orz999d,1107,2484,681,441.421,401,0
orz999d,1108,2088,427,443.676,390,0
orz999d,1109,1937,447,442.233,384,0
orz999d,1110,1696,403,446.622,412,0
orz999d,1111,2079,298,447.848,395,0
orz999d,1112,618,239,446.213,441,0
orz999d,1113,1713,653,447.865,412,0
orz999d,1114,2240,464,445.492,403,0
orz999d,1115,1593,282,444.823,416,0
orz999d,1116,2058,229,447.622,413,0
orz999d,1117,1405,357,447.355,438,0
orz999d,1118,3323,470,445.22,399,0
orz999d,1119,767,321,444.657,444,0
orz999d,1120,2206,434,448.622,414,0
orz999d,1121,1436,227,450.355,441,0
orz999d,1122,821,292,448.899,447,0
orz999d,1123,3507,338,451.037,416,0
orz999d,1124,935,352,449.326,435,0
orz999d,1125,2498,437,450.392,405,0
orz999d,1126,2807,315,449.191,398,0
orz999d,1127,2158,397,451.764,413,0
orz999d,1128,864,337,449.142,446,0
orz999d,1129,1121,315,451.083,438,0
orz999d,1130,2463,476,454.049,407,0
orz999d,1131,1805,392,453.238,424,0
orz999d,1132,1846,464,454.392,409,0
orz999d,1133,2317,433,453.99,397,0
orz999d,1134,968,190,454.811,438,0
orz999d,1135,3210,853,455.764,417,0
orz999d,1136,638,107,455.87,449,0
orz999d,1137,3164,314,452.735,409,0
orz999d,1138,2462,355,453.09,399,0
orz999d,1139,1008,259,452.799,448,0
orz999d,1140,2649,328,458.622,424,0
orz999d,1141,3119,241,459.806,414,0
orz999d,1142,2946,474,457.919,403,0
orz999d,1143,1962,182,457.723,426,0
orz999d,1144,1328,245,457.225,440,0
orz999d,1145,1218,367,457.012,446,0
orz999d,1146,2355,150,456.149,412,0
orz999d,1147,2907,607,459.279,423,0
orz999d,1148,2697,417,459.309,428,0
orz999d,1149,2119,512,456.208,422,0
orz999d,1150,2839,447,461.806,416,0
orz999d,1151,2875,233,461.12,412,0
orz999d,1152,2029,328,460.279,424,0
orz999d,1153,3367,486,462.563,418,0
orz999d,1154,2606,235,463.505,409,0
orz999d,1155,1751,228,463.777,413,0
orz999d,1156,542,362,461.414,462,0
orz999d,1157,2416,386,460.723,429,0
orz999d,1158,1172,300,463.556,460,0
orz999d,1159,3069,190,462.049,415,0
orz999d,1160,2078,435,464.635,418,0
orz999d,1161,3234,279,467.978,423,0
orz999d,1162,2650,445,467.066,437,0
orz999d,1163,2103,294,467.208,433,0
orz999d,1164,1775,628,464.698,457,0
orz999d,1165,3451,333,466.149,422,0
orz999d,1166,2290,413,467.179,428,0
orz999d,1167,1962,382,464.066,434,0
orz999d,1168,2767,276,464.167,437,0
orz999d,1169,2880,411,464.35,426,0
orz999d,1170,1468,422,469.936,432,0
orz999d,1171,2538,236,468.505,414,0
orz999d,1172,1800,238,471.451,436,0
orz999d,1173,2746,186,468.446,404,0
orz999d,1174,1470,363,471.492,429,0
orz999d,1175,3133,236,470.179,431,0
orz999d,1176,2599,438,468.279,432,0
orz999d,1177,2331,290,468.149,424,0
orz999d,1178,2745,429,469.421,429,0
orz999d,1179,3091,274,469.907,427,0
orz999d,1180,3335,198,475.238,446,0
orz999d,1181,2707,415,475.262,422,0
orz999d,1182,2961,268,472.635,426,0
orz999d,1183,2710,158,474.475,415,0
orz999d,1184,1174,264,472.284,465,0
orz999d,1185,2025,487,472.723,441,0
orz999d,1186,2244,442,475.179,436,0
orz999d,1187,1409,391,475.213,470,0
orz999d,1188,1892,437,474.593,435,0
orz999d,1189,4243,373,472.362,422,0
orz999d,1190,3303,407,476.463,429,0
orz999d,1191,2137,385,478.919,424,0
orz999d,1192,1049,271,478.627,473,0
orz999d,1193,2237,235,479.948,430,0
orz999d,1194,3595,402,477.35,439,0
orz999d,1195,3013,169,476.35,438,0
orz999d,1196,808,323,479.899,478,0
orz999d,1197,4269,922,476.593,437,0
orz999d,1198,2177,273,479.22,433,0
orz999d,1199,4021,629,476.291,428,0
orz999d,1200,1899,304,482.605,431,0
orz999d,1201,3873,448,483.948,434,0
orz999d,1202,1282,563,482.409,454,0
orz999d,1203,1516,292,481.51,456,0
orz999d,1204,2875,231,480.96,419,0
orz999d,1205,2026,414,481.095,456,0
orz999d,1206,2324,272,480.948,431,0
orz999d,1207,1304,242,483.681,459,0
orz999d,1208,1764,756,483.77,474,0
orz999d,1209,2538,213,481.362,431,0
orz999d,1210,2671,251,487.563,443,0
orz999d,1211,1031,284,486.527,478,0
orz999d,1212,2895,272,486.605,435,0
orz999d,1213,2809,321,484.279,448,0
orz999d,1214,3887,438,486.635,440,0
orz999d,1215,2290,256,484.22,438,0
orz999d,1216,1741,574,486.61,464,0
orz999d,1217,2655,250,487.794,454,0
orz999d,1218,885,311,487.314,485,0
orz999d,1219,2227,486,487.463,440,0
orz999d,1220,2863,213,488.362,438,0
orz999d,1221,2520,481,490.434,438,0
orz999d,1222,2171,173,490.132,429,0
orz999d,1223,3085,358,488.777,438,0
orz999d,1224,1127,304,489.698,482,0
orz999d,1225,3004,312,488.747,433,0
orz999d,1226,2074,415,489.551,457,0
orz999d,1227,3130,167,490.007,450,0
orz999d,1228,1418,177,488.794,455,0
orz999d,1229,3589,536,488.463,441,0
orz999d,1230,2781,283,495.279,459,0
orz999d,1231,1273,548,492.284,485,0
orz999d,1232,1127,234,493.368,472,0
orz999d,1233,2082,323,493.078,451,0
orz999d,1234,3197,575,493.132,432,0
orz999d,1235,1923,421,495.061,436,0
orz999d,1236,3406,365,492.149,448,0
orz999d,1237,3164,285,495.907,453,0
orz999d,1238,1168,235,493.995,466,0
orz999d,1239,988,296,492.385,488,0
orz999d,1240,726,481,496.899,495,0
orz999d,1241,2690,306,498.35,460,0
orz999d,1242,843,597,499.728,497,0
orz999d,1243,1493,290,498.179,459,0
orz999d,1244,3345,384,499.706,451,0
orz999d,1245,1374,261,499.51,474,0
orz999d,1246,1630,384,498.74,484,0
orz999d,1247,3923,344,498.907,456,0
orz999d,1248,537,343,499.414,500,0
orz999d,1249,724,276,498.899,497,0
orz999d,1250,2526,332,502.664,461,0
orz999d,1251,2646,433,502.22,456,0
orz999d,1252,2982,591,502.576,446,0
orz999d,1253,2171,695,501.279,465,0
orz999d,1254,1445,203,500.191,449,0
orz999d,1255,3326,193,500.333,445,0
orz999d,1256,2340,482,502.12,453,0
orz999d,1257,1493,372,500.338,474,0
orz999d,1258,1401,207,501.581,474,0
orz999d,1259,1474,752,500.48,470,0
orz999d,1260,1521,630,506.723,475,0
orz999d,1261,2620,633,506.291,458,0
orz999d,1262,1864,252,507.291,459,0
orz999d,1263,1603,471,507.669,495,0
orz999d,1264,1503,278,505.291,457,0
orz999d,1265,2762,310,506.789,444,0
orz999d,1266,2731,485,507.421,467,0
orz999d,1267,2528,162,504.635,458,0
orz999d,1268,1873,372,505.877,458,0
orz999d,1269,1350,324,506.877,459,0
orz999d,1270,1647,252,510.25,469,0
orz999d,1271,1501,421,509.208,475,0
orz999d,1272,2439,237,510.948,461,0
orz999d,1273,2405,360,508.919,454,0
orz999d,1274,751,378,511.799,507,0
orz999d,1275,3518,281,508.86,444,0
orz999d,1276,2534,374,510.333,455,0
orz999d,1277,957,247,511.497,498,0
orz999d,1278,597,379,509.657,509,0
orz999d,1279,2587,473,511.848,459,0
orz999d,1280,3378,431,512.149,468,0
orz999d,1281,3647,477,512.907,470,0
orz999d,1282,2236,463,515.019,463,0
orz999d,1283,2647,217,514.463,467,0
orz999d,1284,2165,214,512.966,480,0
orz999d,1285,3088,285,514.103,448,0
orz999d,1286,1650,408,512.208,478,0
orz999d,1287,1981,270,512.517,446,0
orz999d,1288,3356,309,512.534,463,0
orz999d,1289,1131,259,514.912,501,0
orz999d,1290,3910,307,516.362,466,0
orz999d,1291,3563,250,518.676,465,0
orz999d,1292,3295,289,516.362,466,0
orz999d,1293,3088,190,516.132,455,0
orz999d,1294,993,437,516.213,511,0
orz999d,1295,2354,150,519.434,467,0
orz999d,1296,1966,541,517.154,502,0
orz999d,1297,2262,317,516.019,464,0
orz999d,1298,2137,507,516.978,472,0
orz999d,1299,2071,431,519.723,488,0
orz999d,1300,1743,567,523.598,513,0
orz999d,1301,924,527,520.385,516,0
orz999d,1302,3551,287,523.22,477,0
orz999d,1303,2981,347,520.948,471,0
orz999d,1304,1952,433,523.362,473,0
orz999d,1305,3925,443,520.12,471,0
orz999d,1306,2412,219,523.233,465,0
orz999d,1307,3584,254,521.032,457,0
orz999d,1308,2882,804,520.404,463,0
orz999d,1309,1235,402,523.267,499,0
orz999d,1310,3046,433,525.203,462,0
orz999d,1311,2102,249,527.108,490,0
orz999d,1312,3129,405,524.421,484,0
orz999d,1313,3840,696,525.032,461,0
orz999d,1314,1983,311,526.693,490,0
orz999d,1315,1230,426,526.154,511,0
orz999d,1316,1894,384,527.534,478,0
orz999d,1317,1046,281,527.627,522,0
orz999d,1318,3875,460,524.161,468,0
orz999d,1319,1215,333,526.627,521,0
orz999d,1320,1246,356,528.225,511,0
orz999d,1321,2125,557,528.38,495,0
orz999d,1322,2800,359,529.889,470,0
orz999d,1323,718,567,530.627,525,0
orz999d,1324,663,402,530.556,527,0
orz999d,1325,1982,458,528.362,478,0
orz999d,1326,1363,144,530.338,504,0
orz999d,1327,2336,292,530.647,472,0
orz999d,1328,3108,384,529.019,477,0
orz999d,1329,3153,242,531.291,483,0
orz999d,1330,602,352,532.728,530,0
orz999d,1331,1934,321,532.777,482,0
orz999d,1332,1734,263,535.907,493,0
orz999d,1333,4199,267,533.304,473,0
orz999d,1334,2214,444,535.274,470,0
orz999d,1335,994,408,532.941,524,0
orz999d,1336,1550,267,533.953,513,0
orz999d,1337,3377,250,532.22,486,0
orz999d,1338,797,311,532.899,531,0
orz999d,1339,2177,215,535.848,483,0
orz999d,1340,2156,483,539.693,503,0
orz999d,1341,3085,235,539.392,494,0
orz999d,1342,2676,215,538.321,495,0
orz999d,1343,2027,338,539.421,499,0
orz999d,1344,2024,377,537.777,487,0
orz999d,1345,3705,231,536.161,480,0
orz999d,1346,4651,524,536.706,488,0
orz999d,1347,1630,360,538.108,501,0
orz999d,1348,1083,344,536.439,513,0
orz999d,1349,3388,391,536.12,487,0
orz999d,1350,848,194,541.054,523,0
orz999d,1351,3134,293,542.978,498,0
orz999d,1352,2806,458,540.931,474,0
orz999d,1353,3355,242,543.061,484,0
orz999d,1354,2046,425,542.99,486,0
orz999d,1355,3180,600,543.12,494,0
orz999d,1356,3297,561,541.86,477,0
orz999d,1357,2251,293,540.125,520,0
orz999d,1358,751,421,542.456,536,0
orz999d,1359,2680,451,541.203,478,0
orz999d,1360,3218,869,545.605,494,0
orz999d,1361,1457,417,545.693,509,0
orz999d,1362,3032,243,546.203,483,0
orz999d,1363,2565,345,547.605,496,0
orz999d,1364,1562,638,544.338,518,0
orz999d,1365,2511,203,544.919,490,0
orz999d,1366,2599,231,545.593,506,0
orz999d,1367,2494,462,546.149,502,0
orz999d,1368,3994,412,546.534,497,0
orz999d,1369,925,228,547.841,536,0
orz999d,1370,2887,271,549.836,509,0
orz999d,1371,1607,174,550.51,525,0
orz999d,1372,2972,397,549.061,490,0
orz999d,1373,3023,761,548.99,492,0
orz999d,1374,2975,236,550.274,485,0
orz999d,1375,961,348,551.355,542,0
orz999d,1376,2861,341,551.836,511,0
orz999d,1377,3062,211,551.99,495,0
orz999d,1378,2515,323,549.848,497,0
orz999d,1379,2406,489,549.475,490,0
orz999d,1380,1853,222,553.777,503,0
orz999d,1381,1005,200,553.953,533,0
orz999d,1382,1138,311,555.184,545,0
orz999d,1383,2975,331,554.948,505,0
orz999d,1384,1715,197,552.889,493,0
orz999d,1385,2647,352,554.304,494,0
orz999d,1386,2601,161,555.174,487,0
orz999d,1387,1452,327,552.108,515,0
orz999d,1388,4327,264,554.919,500,0
orz999d,1389,3190,526,552.818,495,0
orz999d,1390,2537,451,559.434,507,0
orz999d,1391,1150,304,557.569,542,0
orz999d,1392,3510,439,558.463,511,0
orz999d,1393,2471,321,557.073,486,0
orz999d,1394,3011,224,557.831,488,0
orz999d,1395,2625,127,559.203,496,0
orz999d,1396,1932,410,557.326,543,0
orz999d,1397,2185,295,558.103,492,0
orz999d,1398,4008,269,558.492,516,0
orz999d,1399,4216,666,557.576,501,0
orz999d,1400,2961,502,562.333,507,0
orz999d,1401,1563,482,561.598,551,0
orz999d,1402,1404,259,561.095,536,0
orz999d,1403,3658,673,560.434,508,0
orz999d,1404,2635,244,562.032,498,0
orz999d,1405,2630,280,561.676,508,0
orz999d,1406,2395,194,562.676,509,0
orz999d,1407,2638,279,561.446,497,0
orz999d,1408,3279,235,560.563,516,0
orz999d,1409,2849,366,561.132,500,0
orz999d,1410,713,557,564.627,559,0
orz999d,1411,1657,423,566.823,538,0
orz999d,1412,2239,243,566.546,505,0
orz999d,1413,3250,622,567.392,522,0
orz999d,1414,3484,281,567.049,520,0
orz999d,1415,3694,559,565.245,495,0
orz999d,1416,491,384,566.899,565,0
orz999d,1417,3181,326,564.688,499,0
orz999d,1418,2923,495,565.919,511,0
orz999d,1419,2542,217,567.86,503,0
orz999d,1420,2944,327,568.291,520,0
orz999d,1421,2072,380,571.747,516,0
orz999d,1422,1365,277,568.142,565,0
orz999d,1423,3050,405,571.09,517,0
orz999d,1424,2216,457,570.789,508,0
orz999d,1425,2384,554,571.848,519,0
orz999d,1426,3162,291,569.836,529,0
orz999d,1427,2163,278,570.948,521,0
orz999d,1428,2540,521,569.35,531,0
orz999d,1429,1122,251,569.355,560,0
orz999d,1430,787,574,575.142,572,0
orz999d,1431,2008,309,575.291,527,0
orz999d,1432,2244,351,572.073,501,0
orz999d,1433,3089,174,573.806,528,0
orz999d,1434,2706,351,574.103,508,0
orz999d,1435,3447,334,573.463,526,0
orz999d,1436,1635,185,574.149,530,0
orz999d,1437,1645,182,572.304,512,0
orz999d,1438,3189,273,574.049,527,0
orz999d,1439,2571,341,572.889,513,0
orz999d,1440,3114,549,579.149,535,0
orz999d,1441,3024,478,578.635,532,0
orz999d,1442,1220,376,577.569,562,0
orz999d,1443,2493,271,578.203,515,0
orz999d,1444,2540,183,579.434,527,0
orz999d,1445,1605,514,578.137,546,0
orz999d,1446,2406,283,577.889,518,0
orz999d,1447,1672,252,579.154,564,0
orz999d,1448,1019,279,577.184,567,0
orz999d,1449,3270,292,579.492,537,0
orz999d,1450,2799,214,580.291,532,0
orz999d,1451,2179,250,583.279,547,0
orz999d,1452,3387,314,583.061,524,0
orz999d,1453,2218,469,583.291,535,0
orz999d,1454,3349,274,582.517,516,0
orz999d,1455,2281,112,582.777,532,0
orz999d,1456,3779,347,580.463,533,0
orz999d,1457,3035,218,581.463,534,0
orz999d,1458,2466,527,583.86,519,0
orz999d,1459,3047,232,583.22,537,0
orz999d,1460,2710,278,585.96,524,0
orz999d,1461,3172,169,587.96,526,0
orz999d,1462,3255,355,586.032,522,0
orz999d,1463,1633,387,585.581,558,0
orz999d,1464,2405,240,585.061,526,0
orz999d,1465,2784,271,584.517,518,0
orz999d,1466,3298,353,584.948,535,0
orz999d,1467,1315,392,584.238,555,0
orz999d,1468,1193,529,587.456,581,0
orz999d,1469,2689,141,587.132,526,0
orz999d,1470,2378,355,588.203,525,0
orz999d,1471,955,221,589.912,576,0
orz999d,1472,2993,544,589.848,537,0
orz999d,1473,3713,392,588.262,535,0
orz999d,1474,2562,116,590.475,531,0
orz999d,1475,2118,273,590.463,543,0
orz999d,1476,1738,536,590.083,577,0
orz999d,1477,3264,329,588.049,541,0
orz999d,1478,1497,342,590.095,565,0
orz999d,1479,3142,319,591.659,521,0
orz999d,1480,3407,335,595.019,543,0
orz999d,1481,826,174,594.698,587,0
orz999d,1482,2908,317,594.86,530,0
orz999d,1483,3205,247,593.492,551,0
orz999d,1484,3042,410,592.191,541,0
orz999d,1485,1343,332,592.569,577,0
orz999d,1486,2126,1085,592.983,577,0
orz999d,1487,2019,262,592.889,533,0
orz999d,1488,2033,257,594.747,539,0
orz999d,1489,2684,447,594.99,538,0
orz999d,1490,2141,237,598.617,535,0
orz999d,1491,2988,257,597.889,538,0
orz999d,1492,1445,194,598.931,532,0
orz999d,1493,3969,222,598.978,554,0
orz999d,1494,3358,284,596.505,542,0
orz999d,1495,2008,185,598.576,542,0
orz999d,1496,3179,658,598.688,533,0
orz999d,1497,3329,342,598.362,548,0
orz999d,1498,2926,486,598.848,546,0
orz999d,1499,2155,361,597.576,541,0
orz999d,1500,3264,245,601.434,549,0
orz999d,1501,1749,145,600.345,533,0
orz999d,1502,2534,238,600.831,531,0
orz999d,1503,2920,249,601.605,550,0
orz999d,1504,3193,343,600.22,554,0
orz999d,1505,2297,347,601.434,549,0
orz999d,1506,1170,285,601.681,577,0
orz999d,1507,1961,523,602.154,587,0
orz999d,1508,1582,330,600.841,589,0
orz999d,1509,1758,421,603.588,535,0
orz999d,1510,3685,232,607.22,561,0
orz999d,1511,512,375,607.899,606,0
orz999d,1512,1261,399,604.309,573,0
orz999d,1513,1920,443,605.35,567,0
orz999d,1514,2595,469,604.446,540,0
orz999d,1515,3410,293,605.362,555,0
orz999d,1516,2588,351,604.617,541,0
orz999d,1517,2049,443,606.936,569,0
orz999d,1518,4375,248,604.919,550,0
orz999d,1519,3459,541,606.505,552,0
orz999d,1520,2771,242,610.002,541,0
orz999d,1521,2500,291,610.546,549,0
orz999d,1522,2709,313,611.617,548,0
orz999d,1523,2968,204,611.492,569,0
orz999d,1524,3390,310,610.345,543,0
orz999d,1525,1082,364,608.309,577,0
orz999d,1526,2294,331,611.718,551,0
orz999d,1527,1261,479,611.971,608,0
orz999d,1528,2886,300,609.446,545,0
orz999d,1529,3385,787,611.605,560,0
orz999d,1530,3368,220,615.919,561,0
orz999d,1531,2450,199,614.706,566,0
orz999d,1532,2167,248,615.647,557,0
orz999d,1533,4076,275,614.262,561,0
orz999d,1534,2237,421,613.245,543,0
orz999d,1535,2659,616,615.304,555,0
orz999d,1536,3218,440,614.759,547,0
orz999d,1537,2998,344,615.434,563,0
orz999d,1538,3167,182,614.659,544,0
orz999d,1539,2521,443,615.375,553,0
orz999d,1540,3325,402,617.362,567,0
orz999d,1541,2302,462,617.759,550,0
orz999d,1542,3825,288,616.333,561,0
orz999d,1543,4078,761,619.576,563,0
orz999d,1544,2156,694,617.764,579,0
orz999d,1545,3941,260,619.019,567,0
orz999d,1546,3605,470,616.22,570,0
orz999d,1547,2835,220,617.304,557,0
orz999d,1548,3181,589,619.517,553,0
orz999d,1549,1936,182,616.948,567,0
orz999d,1550,1402,247,623.284,616,0
orz999d,1551,1584,377,623.517,557,0
orz999d,1552,3322,283,623.931,557,0
orz999d,1553,2120,179,622.161,566,0
orz999d,1554,2892,354,622.546,561,0
orz999d,1555,1805,277,622.321,579,0
orz999d,1556,1347,386,623.397,607,0
orz999d,1557,2121,482,622.605,571,0
orz999d,1558,3707,1104,620.563,576,0
orz999d,1559,2189,388,621.63,546,0
orz999d,1560,3076,159,627.877,580,0
orz999d,1561,3092,322,625.948,576,0
orz999d,1562,2089,520,624.22,578,0
orz999d,1563,2945,325,625.132,564,0
orz999d,1564,2251,274,624.664,583,0
orz999d,1565,3601,239,626.919,572,0
orz999d,1566,2718,531,626.99,570,0
orz999d,1567,1998,367,627.777,577,0
orz999d,1568,1255,299,626.083,613,0
orz999d,1569,1472,230,624.688,559,0
orz999d,1570,2473,530,630.037,595,0
orz999d,1571,1085,322,630.113,622,0
orz999d,1572,2637,242,628.279,592,0
orz999d,1573,1661,179,630.759,563,0
orz999d,1574,1817,245,631.635,585,0
orz999d,1575,1007,160,628.51,603,0
orz999d,1576,3267,358,631.647,573,0
orz999d,1577,3131,240,631.316,559,0
orz999d,1578,2787,118,630.25,589,0
orz999d,1579,3875,252,629.475,570,0
orz999d,1580,1869,332,634.487,563,0
orz999d,1581,2887,309,632.291,584,0
orz999d,1582,2518,279,635.99,579,0
orz999d,1583,2227,248,635.919,581,0
orz999d,1584,2266,396,633.777,583,0
orz999d,1585,2647,116,634.806,589,0
orz999d,1586,3918,809,634.605,583,0
orz999d,1587,2029,170,632.505,578,0
orz999d,1588,1460,159,633.203,570,0
orz999d,1589,1118,180,634.77,625,0
orz999d,1590,1647,310,639.066,609,0
orz999d,1591,1832,604,637.676,584,0
orz999d,1592,1880,244,637.517,571,0
orz999d,1593,1211,167,638.274,573,0
orz999d,1594,2021,203,637.262,584,0
orz999d,1595,3082,299,636.262,583,0
orz999d,1596,1502,308,638.669,626,0
orz999d,1597,4251,383,637.617,574,0
orz999d,1598,1723,325,639.108,602,0
orz999d,1599,4019,301,636.676,583,0
orz999d,1600,2852,249,640.534,591,0
orz999d,1601,3297,260,642.203,579,0
orz999d,1602,2130,301,641.919,587,0
orz999d,1603,3325,322,642.404,585,0
orz999d,1604,3747,227,642.132,581,0
orz999d,1605,1781,237,643.551,611,0
orz999d,1606,2215,275,640.889,581,0
orz999d,1607,2142,135,640.475,581,0
orz999d,1608,1431,585,642.551,610,0
orz999d,1609,1647,268,640.983,625,0
orz999d,1610,2461,524,646.191,595,0
orz999d,1611,2439,263,644.203,581,0
orz999d,1612,1335,174,646.841,635,0
orz999d,1613,1994,295,644.434,592,0
orz999d,1614,1392,266,646.924,621,0
orz999d,1615,1914,359,645.588,577,0
orz999d,1616,2015,359,644.279,608,0
orz999d,1617,2386,306,646.622,612,0
orz999d,1618,1805,184,644.848,592,0
orz999d,1619,3470,316,645.09,591,0
orz999d,1620,2885,165,650.659,580,0
orz999d,1621,2472,327,650.647,592,0
orz999d,1622,1592,426,651.664,610,0
orz999d,1623,3929,186,649.12,600,0
orz999d,1624,2322,325,648.161,592,0
orz999d,1625,4106,402,651.103,585,0
orz999d,1626,2844,199,650.546,589,0
orz999d,1627,2423,492,648.304,588,0
orz999d,1628,1035,215,651.77,642,0
orz999d,1629,3820,506,649.505,595,0
orz999d,1630,2446,272,652.777,602,0
orz999d,1631,2660,309,653.86,589,0
orz999d,1632,2878,558,655.86,591,0
orz999d,1633,2335,207,654.434,602,0
orz999d,1634,2173,313,655.179,616,0
orz999d,1635,3401,356,653.392,608,0
orz999d,1636,1689,160,652.044,576,0
orz999d,1637,3570,584,654.706,606,0
orz999d,1638,2589,216,652.191,601,0
orz999d,1639,3921,482,654.333,599,0
orz999d,1640,4576,522,656.434,604,0
orz999d,1641,1565,282,656.113,648,0
orz999d,1642,2381,134,659.919,605,0
orz999d,1643,2077,292,656.676,603,0
orz999d,1644,2549,292,659.262,606,0
orz999d,1645,3802,326,657.404,600,0
orz999d,1646,1930,329,657.434,605,0
orz999d,1647,1768,353,656.073,585,0
orz999d,1648,3182,249,658.534,609,0
orz999d,1649,1829,283,657.836,617,0
orz999d,1650,4010,239,660.831,591,0
orz999d,1651,2470,259,660.86,596,0
orz999d,1652,1939,346,661.463,614,0
orz999d,1653,3874,244,660.191,609,0
orz999d,1654,2412,293,662.434,610,0
orz999d,1655,2717,234,661.078,619,0
orz999d,1656,2734,114,662.563,618,0
orz999d,1657,2219,303,663.262,610,0
orz999d,1658,3903,644,660.09,606,0
orz999d,1659,1646,358,660.836,620,0
orz999d,1660,2307,413,667.919,613,0
orz999d,1661,3024,213,664.931,598,0
orz999d,1662,2151,417,664.836,624,0
orz999d,1663,1841,110,667.362,617,0
orz999d,1664,2408,365,665.037,630,0
orz999d,1665,3797,294,665.274,600,0
orz999d,1666,3515,193,667.505,613,0
orz999d,1667,2253,331,666.789,604,0
orz999d,1668,1577,371,667.522,630,0
orz999d,1669,2560,520,667.505,613,0
orz999d,1670,2303,322,671.919,617,0
orz999d,1671,1950,288,668.434,616,0
orz999d,1672,2050,430,669.576,613,0
orz999d,1673,2891,203,669.12,620,0
orz999d,1674,3150,328,671.948,622,0
orz999d,1675,2836,788,671.647,613,0
orz999d,1676,2711,443,671.96,610,0
orz999d,1677,1910,214,669.576,613,0
orz999d,1678,1855,198,668.446,604,0
orz999d,1679,1507,190,668.262,615,0
orz999d,1680,1408,197,675.652,646,0
orz999d,1681,2650,197,674.617,611,0
orz999d,1682,3099,352,672.09,618,0
orz999d,1683,3473,396,675.688,610,0
orz999d,1684,2723,265,674.049,627,0
orz999d,1685,2696,321,675.12,626,0
orz999d,1686,2434,326,673.019,621,0
orz999d,1687,3205,197,675.019,623,0
orz999d,1688,1521,477,675.912,662,0
orz999d,1689,1063,171,673.841,662,0
orz999d,1690,3514,296,678.86,614,0
orz999d,1691,2505,701,676.161,620,0
orz999d,1692,2921,212,677.706,629,0
orz999d,1693,3733,257,679.588,611,0
orz999d,1694,1199,203,679.669,667,0
orz999d,1695,2717,223,678.019,626,0
orz999d,1696,2177,421,676.132,615,0
orz999d,1697,4212,1042,677.262,624,0
orz999d,1698,2716,634,677.032,613,0
orz999d,1699,2523,425,679.73,607,0
orz999d,1700,2741,182,681.22,635,0
orz999d,1701,2067,329,680.688,615,0
orz999d,1702,1518,224,683.434,631,0
orz999d,1703,3734,337,683.635,637,0
orz999d,1704,2499,284,680.693,644,0
orz999d,1705,1482,298,683.74,669,0
orz999d,1706,2302,321,682.233,624,0
orz999d,1707,2103,292,680.936,643,0
orz999d,1708,2923,258,683.735,640,0
orz999d,1709,913,219,680.497,667,0
orz999d,1710,2694,452,686.316,614,0
orz999d,1711,4224,616,685.333,630,0
orz999d,1712,1520,341,686.108,649,0
orz999d,1713,2628,299,685.108,648,0
orz999d,1714,3285,258,684.889,625,0
orz999d,1715,3039,244,686.392,641,0
orz999d,1716,1467,276,686.007,646,0
orz999d,1717,1359,115,686.061,627,0
orz999d,1718,2018,291,686.049,639,0
orz999d,1719,3003,159,686.262,633,0
orz999d,1720,3593,435,689.019,637,0
orz999d,1721,2597,267,691.132,630,0
orz999d,1722,1442,497,690.309,659,0
orz999d,1723,1844,344,690.161,634,0
orz999d,1724,1319,210,689.841,678,0
orz999d,1725,3593,357,691.416,622,0
orz999d,1726,3119,435,689.617,626,0
orz999d,1727,3250,276,688.919,634,0
orz999d,1728,4128,610,690.588,622,0
orz999d,1729,2517,512,690.794,657,0
orz999d,1730,2528,336,692.304,632,0
orz999d,1731,2309,248,693.593,654,0
orz999d,1732,2548,318,693.475,634,0
orz999d,1733,2741,205,693.073,622,0
orz999d,1734,2169,263,695.693,659,0
orz999d,1735,2171,270,692.09,638,0
orz999d,1736,3855,400,692.948,643,0
orz999d,1737,1542,351,695.451,660,0
orz999d,1738,3922,303,692.99,636,0
orz999d,1739,2506,261,692.563,648,0
orz999d,1740,1270,191,697.966,665,0
orz999d,1741,2695,202,697.215,622,0
orz999d,1742,4196,552,699.434,647,0
orz999d,1743,3525,203,696.877,649,0
orz999d,1744,2844,281,698.706,650,0
orz999d,1745,3217,375,698.546,637,0
orz999d,1746,1699,333,697.598,687,0
orz999d,1747,2462,287,697.747,642,0
orz999d,1748,2352,249,697.078,655,0
orz999d,1749,1011,198,697.841,686,0
orz999d,1750,2646,242,703.174,635,0
orz999d,1751,1972,489,702.007,662,0
orz999d,1752,2504,223,701.593,662,0
orz999d,1753,1827,247,701.527,693,0
orz999d,1754,1099,227,702.497,689,0
orz999d,1755,3432,188,700.333,645,0
orz999d,1756,3860,492,703.605,652,0
orz999d,1757,3855,464,701.333,646,0
orz999d,1758,2864,231,700.635,654,0
orz999d,1759,1060,262,701.397,685,0
orz999d,1760,2808,266,706.558,633,0
orz999d,1761,1866,290,706.764,668,0
orz999d,1762,3817,198,704.362,654,0
orz999d,1763,2686,262,706.475,647,0
orz999d,1764,3854,705,706.446,642,0
orz999d,1765,3151,289,705.115,627,0
orz999d,1766,4075,342,704.517,638,0
orz999d,1767,2263,175,707.019,655,0
orz999d,1768,1879,266,704.12,655,0
orz999d,1769,1658,372,706.149,662,0
orz999d,1770,1663,227,708.983,693,0
orz999d,1771,1428,322,710.083,697,0
orz999d,1772,1732,237,708.208,674,0
orz999d,1773,3083,204,709.22,663,0
orz999d,1774,2889,261,708.049,661,0
orz999d,1775,1084,251,709.225,692,0
orz999d,1776,2627,177,708.22,662,0
orz999d,1777,1990,482,711.061,652,0
orz999d,1778,3576,490,709.806,664,0
orz999d,1779,2327,241,709.362,659,0
orz999d,1780,2793,253,712.392,667,0
orz999d,1781,2983,592,712.96,651,0
orz999d,1782,3058,315,715.316,643,0
orz999d,1783,1924,207,713.534,664,0
orz999d,1784,3688,652,713.759,646,0
orz999d,1785,1894,197,714.203,651,0
orz999d,1786,2699,226,715.534,666,0
orz999d,1787,2627,395,712.517,646,0
orz999d,1788,2452,402,713.203,650,0
orz999d,1789,2499,236,712.492,670,0
orz999d,1790,2232,226,717.333,662,0
orz999d,1791,1794,200,719.179,680,0
orz999d,1792,2526,300,719.99,663,0
orz999d,1793,2409,312,716.919,662,0
orz999d,1794,1714,318,718.522,681,0
orz999d,1795,2082,479,717.497,704,0
orz999d,1796,2067,270,719.688,654,0
orz999d,1797,3443,272,719.078,677,0
orz999d,1798,1174,262,717.74,703,0
orz999d,1799,3301,283,718.848,666,0
orz999d,1800,1912,189,723.688,658,0
orz999d,1801,3525,220,721.919,667,0
orz999d,1802,2932,449,720.014,639,0
orz999d,1803,2801,419,723.505,669,0
orz999d,1804,2497,305,722.304,662,0
orz999d,1805,1425,274,721.397,705,0
orz999d,1806,1905,309,721.605,670,0
orz999d,1807,1964,376,721.434,669,0
orz999d,1808,2738,278,721.446,657,0
orz999d,1809,2113,260,721.605,670,0
orz999d,1810,3090,275,726.978,682,0
orz999d,1811,2066,207,727.505,673,0
orz999d,1812,2932,300,724.245,654,0
orz999d,1813,1064,276,725.598,715,0
orz999d,1814,3009,214,724.877,677,0
orz999d,1815,1646,260,725.978,681,0
orz999d,1816,2638,198,724.463,677,0
orz999d,1817,1701,326,727.333,672,0
orz999d,1818,1267,514,724.841,713,0
orz999d,1819,2413,180,724.593,685,0
orz999d,1820,1924,486,730.333,675,0
orz999d,1821,3044,275,729.902,658,0
orz999d,1822,1181,197,730.598,720,0
orz999d,1823,2143,409,730.907,688,0
orz999d,1824,1636,230,730.669,718,0
orz999d,1825,2505,252,728.321,685,0
orz999d,1826,2521,270,729.475,670,0
orz999d,1827,1591,383,729.492,687,0
orz999d,1828,2137,201,729.09,675,0
orz999d,1829,1767,333,729.806,684,0
orz999d,1830,1878,260,732.848,680,0
orz999d,1831,1454,282,735.497,722,0
orz999d,1832,1586,112,734.179,695,0
orz999d,1833,2252,355,735.434,683,0
orz999d,1834,1963,198,732.434,680,0
orz999d,1835,1652,318,733.811,717,0
orz999d,1836,2792,280,734.777,684,0
orz999d,1837,2146,228,732.262,679,0
orz999d,1838,1746,222,732.889,673,0
orz999d,1839,2542,248,734.806,689,0
orz999d,1840,3799,264,736.848,684,0
orz999d,1841,2993,375,739.759,672,0
orz999d,1842,2184,225,737.019,685,0
orz999d,1843,2836,444,737.872,661,0
orz999d,1844,2785,228,739.492,697,0
orz999d,1845,1472,320,736.421,696,0
orz999d,1846,2488,282,739.103,673,0
orz999d,1847,2976,283,738.877,691,0
orz999d,1848,4323,914,737.262,684,0
orz999d,1849,2125,418,738.002,669,0
orz999d,1850,944,179,742.397,726,0
orz999d,1851,3075,376,740.019,688,0
orz999d,1852,2587,237,741.978,697,0
orz999d,1853,3186,478,741.801,667,0
orz999d,1854,2537,197,742.907,700,0
orz999d,1855,1528,191,740.605,689,0
orz999d,1856,2784,310,740.635,694,0
orz999d,1857,3273,205,743.304,683,0
orz999d,1858,1218,463,741.255,729,0
orz999d,1859,3030,299,741.404,684,0
orz999d,1860,2664,404,746.973,673,0
orz999d,1861,2109,250,746.877,699,0
orz999d,1862,1931,223,745.049,698,0
orz999d,1863,1821,249,745.735,702,0
orz999d,1864,1412,292,746.74,732,0
orz999d,1865,3143,249,744.019,692,0
orz999d,1866,1721,174,746.078,704,0
orz999d,1867,2567,320,744.132,683,0
orz999d,1868,1442,334,744.841,733,0
orz999d,1869,2488,247,744.25,703,0
orz999d,1870,2855,438,750.044,674,0
orz999d,1871,1745,140,748.534,699,0
orz999d,1872,1747,280,751.262,698,0
orz999d,1873,1464,210,751.291,703,0
orz999d,1874,1624,250,751.978,707,0
orz999d,1875,2168,388,748.09,694,0
orz999d,1876,3082,355,750.262,697,0
orz999d,1877,1518,228,749.919,695,0
orz999d,1878,2739,229,748.392,703,0
orz999d,1879,1809,241,751.978,707,0
orz999d,1880,2893,397,752.203,689,0
orz999d,1881,2738,259,752.049,705,0
orz999d,1882,1290,202,753.664,712,0
orz999d,1883,1980,396,753.404,696,0
orz999d,1884,2124,130,753.463,706,0
orz999d,1885,1883,366,753.434,701,0
orz999d,1886,2201,314,755.99,699,0
orz999d,1887,2656,253,752.534,703,0
orz999d,1888,2834,193,753.635,707,0
orz999d,1889,2996,198,752.049,705,0
orz999d,1890,2862,279,759.22,713,0
orz999d,1891,2436,217,759.718,699,0
orz999d,1892,2634,107,756.593,717,0
orz999d,1893,2036,365,756.735,713,0
orz999d,1894,3112,262,758.203,695,0
orz999d,1895,2353,497,758.446,694,0
orz999d,1896,2241,204,759.777,709,0
orz999d,1897,2745,255,756.492,714,0
orz999d,1898,2565,362,757.375,695,0
orz999d,1899,1871,251,758.35,720,0
orz999d,1900,2763,275,763.978,719,0
orz999d,1901,3742,622,762.262,709,0
orz999d,1902,1546,258,762.87,756,0
orz999d,1903,1332,296,763.912,750,0
orz999d,1904,2455,536,763.149,719,0
orz999d,1905,2574,402,762.044,686,0
orz999d,1906,2776,317,760.019,708,0
orz999d,1907,2565,317,762.735,719,0
orz999d,1908,2069,244,763.434,711,0
orz999d,1909,2608,203,760.463,713,0
orz999d,1910,1678,323,765.463,718,0
orz999d,1911,2608,229,765.291,717,0
orz999d,1912,1993,336,766.375,704,0
orz999d,1913,2404,298,767.392,722,0
orz999d,1914,2045,240,767.019,715,0
orz999d,1915,1614,355,765.12,716,0
orz999d,1916,2120,271,765.019,713,0
orz999d,1917,2574,186,764.777,714,0
orz999d,1918,2492,264,765.12,716,0
orz999d,1919,2315,293,764.563,720,0
orz999d,1920,2839,210,768.191,717,0
orz999d,1921,3072,728,769.647,711,0
orz999d,1922,2596,203,771.12,722,0
orz999d,1923,1346,233,769.593,730,0
orz999d,1924,2046,129,769.735,726,0
orz999d,1925,4426,712,770.233,712,0
orz999d,1926,1916,351,770.617,707,0
orz999d,1927,2002,210,771.534,722,0
orz999d,1928,2587,216,769.291,721,0
orz999d,1929,2923,425,769.049,722,0
orz999d,1930,1942,403,774.161,718,0
orz999d,1931,2952,248,774.877,727,0
orz999d,1932,2175,364,774.09,720,0
orz999d,1933,1665,238,773.948,724,0
orz999d,1934,2638,324,773.019,721,0
orz999d,1935,1910,214,775.362,725,0
orz999d,1936,3489,469,774.073,703,0
orz999d,1937,2796,210,772.919,718,0
orz999d,1938,1595,284,772.225,755,0
orz999d,1939,2171,312,775.877,728,0
orz999d,1940,1878,223,777.505,723,0
orz999d,1941,2781,310,777.534,728,0
orz999d,1942,1901,174,777.019,725,0
orz999d,1943,2713,305,779.149,735,0
orz999d,1944,2549,241,778.706,730,0
orz999d,1945,2285,139,778.505,724,0
orz999d,1946,2327,254,777.99,721,0
orz999d,1947,2184,321,776.576,720,0
orz999d,1948,2040,277,779.676,726,0
orz999d,1949,2221,226,777.978,733,0
orz999d,1950,1809,140,782.434,730,0
orz999d,1951,1737,301,781.99,725,0
orz999d,1952,2439,201,782.546,721,0
orz999d,1953,3532,286,780.588,712,0
orz999d,1954,3389,589,781.375,719,0
orz999d,1955,2148,214,781.191,730,0
orz999d,1956,2170,162,783.333,728,0
orz999d,1957,2593,159,780.362,730,0
orz999d,1958,2361,226,781.96,720,0
orz999d,1959,1713,280,782.576,726,0
orz999d,1960,2366,190,784.404,727,0
orz999d,1961,2344,496,787.96,726,0
orz999d,1962,3837,334,785.061,726,0
orz999d,1963,2277,186,784.576,728,0
orz999d,1964,1826,347,784.505,730,0
orz999d,1965,1832,402,786.22,740,0
orz999d,1966,1979,253,786.497,773,0
orz999d,1967,2026,185,786.019,734,0
orz999d,1968,1830,399,784.948,735,0
orz999d,1969,1841,401,784.233,726,0
orz999d,1970,1608,361,788.054,770,0
orz999d,1971,3328,286,790.291,742,0
orz999d,1972,2672,204,790.635,744,0
orz999d,1973,2575,236,790.492,748,0
orz999d,1974,1851,300,789.96,728,0
orz999d,1975,3548,358,789.291,741,0
orz999d,1976,2025,162,789.09,735,0
orz999d,1977,2646,226,788.635,742,0
orz999d,1978,1786,200,790.676,737,0
orz999d,1979,2879,266,788.019,736,0
orz999d,1980,1843,251,792.475,733,0
orz999d,1981,2065,251,792.375,730,0
orz999d,1982,1903,243,792.86,728,0
orz999d,1983,2659,239,794.789,732,0
orz999d,1984,1872,314,794.948,745,0
orz999d,1985,2007,342,792.818,735,0
orz999d,1986,2661,236,792.463,745,0
orz999d,1987,2057,307,795.463,748,0
orz999d,1988,2611,226,793.149,749,0
orz999d,1989,3331,285,793.233,735,0
orz999d,1990,3244,653,799.902,728,0
orz999d,1991,1639,183,796.434,744,0
orz999d,1992,2777,162,797.049,750,0
orz999d,1993,2671,209,796.706,748,0
orz999d,1994,2629,274,799.463,752,0
orz999d,1995,2259,193,799.362,749,0
orz999d,1996,2693,281,797.463,750,0
orz999d,1997,1961,332,798.505,744,0
orz999d,1998,2171,209,796.434,744,0
orz999d,1999,1657,284,796.747,741,0
orz999d,2000,2388,383,801.517,735,0
orz999d,2001,3926,530,803.032,739,0
orz999d,2002,2007,171,801.262,748,0
orz999d,2003,2640,221,801.362,751,0
orz999d,2004,2946,296,803.291,755,0
orz999d,2005,1659,127,800.191,749,0
orz999d,2006,2078,252,803.605,752,0
orz999d,2007,1762,318,800.848,748,0
orz999d,2008,3207,255,800.191,749,0
orz999d,2009,2562,186,802.563,758,0
orz999d,2010,2524,247,806.463,759,0
orz999d,2011,3063,191,805.534,756,0
orz999d,2012,2946,202,806.274,741,0
orz999d,2013,1850,170,805.605,754,0
orz999d,2014,2307,531,807.576,751,0
orz999d,2015,2897,285,805.463,758,0
orz999d,2016,1797,168,806.019,754,0
orz999d,2017,2496,327,806.688,741,0
orz999d,2018,2890,310,804.605,753,0
orz999d,2019,1733,201,807.191,756,0
orz999d,2020,1732,407,810.061,751,0
orz999d,2021,2929,201,811.463,764,0
orz999d,2022,2154,313,810.99,754,0
orz999d,2023,2411,193,809.132,748,0
orz999d,2024,2569,549,811.517,745,0
orz999d,2025,1508,169,809.605,758,0
orz999d,2026,2505,434,808.22,762,0
orz999d,2027,2608,206,809.22,763,0
orz999d,2028,1894,191,811.777,761,0
orz999d,2029,2680,197,808.605,757,0
orz999d,2030,2614,191,814.291,766,0
orz999d,2031,2571,190,815.262,762,0
orz999d,2032,2531,182,812.291,764,0
orz999d,2033,2225,231,813.274,748,0
orz999d,2034,3193,736,815.274,750,0
orz999d,2035,2158,350,814.647,756,0
orz999d,2036,2551,217,813.392,768,0
orz999d,2037,3329,290,812.103,746,0
orz999d,2038,3082,260,814.362,764,0
orz999d,2039,2499,199,812.362,762,0
orz999d,2040,2848,265,819.161,763,0
orz999d,2041,2845,308,817.534,768,0
orz999d,2042,2569,242,819.049,772,0
orz999d,2043,1972,194,818.262,765,0
orz999d,2044,2508,156,817.735,774,0
orz999d,2045,3169,238,816.049,769,0
orz999d,2046,2289,251,818.404,761,0
orz999d,2047,2544,218,817.534,768,0
orz999d,2048,1610,165,818.676,765,0
orz999d,2049,2815,351,817.049,770,0
orz999d,2050,2432,232,823.806,778,0
orz999d,2051,1859,196,821.534,772,0
orz999d,2052,2278,178,822.362,772,0
orz999d,2053,2044,284,823.848,771,0
orz999d,2054,3267,235,822.777,772,0
orz999d,2055,1925,216,823.019,771,0
orz999d,2056,4333,442,820.759,753,0
orz999d,2057,2955,277,821.534,772,0
orz999d,2058,1980,198,820.191,769,0
orz999d,2059,3057,228,822.818,765,0
orz999d,2060,2142,342,827.919,773,0
orz999d,2061,1892,364,827.404,770,0
orz999d,2062,2986,246,824.149,780,0
orz999d,2063,3189,248,825.22,779,0
orz999d,2064,2950,178,827.706,779,0
orz999d,2065,2112,331,826.919,772,0
orz999d,2066,2460,208,827.061,768,0
orz999d,2067,1731,175,825.848,773,0
orz999d,2068,1775,209,827.09,773,0
orz999d,2069,2568,178,824.463,777,0
orz999d,2070,2074,201,829.161,773,0
orz999d,2071,3173,249,831.605,780,0
orz999d,2072,3137,533,828.659,758,0
orz999d,2073,1770,176,829.848,777,0
orz999d,2074,2010,351,828.747,773,0
orz999d,2075,2157,187,830.919,776,0
orz999d,2076,3135,286,829.362,779,0
orz999d,2077,1893,312,828.061,769,0
orz999d,2078,2319,201,828.99,772,0
orz999d,2079,2117,294,828.647,770,0
orz999d,2080,3229,460,833.517,767,0
orz999d,2081,1797,231,832.919,778,0
orz999d,2082,2926,347,834.848,782,0
orz999d,2083,2515,276,833.049,786,0
orz999d,2084,2692,197,834.22,788,0
orz999d,2085,2473,152,833.978,789,0
orz999d,2086,1873,170,832.96,771,0
orz999d,2087,2980,198,835.149,791,0
orz999d,2088,1978,230,835.505,781,0
orz999d,2089,2822,280,832.777,782,0
orz999d,2090,2557,171,837.563,793,0
orz999d,2091,3216,331,839.759,772,0
orz999d,2092,1587,196,838.434,786,0
orz999d,2093,1796,199,836.446,772,0
orz999d,2094,2707,442,836.617,773,0
orz999d,2095,2677,197,836.806,791,0
orz999d,2096,2649,198,838.049,791,0
orz999d,2097,1998,199,836.747,781,0
orz999d,2098,2599,222,838.706,790,0
orz999d,2099,2618,303,836.191,785,0
orz999d,2100,2638,234,842.362,792,0
orz999d,2101,1813,359,843.919,789,0
orz999d,2102,1510,194,841.09,787,0
orz999d,2103,2681,370,841.777,791,0
orz999d,2104,2721,277,843.635,797,0
orz999d,2105,2548,205,840.362,790,0
orz999d,2106,1848,160,842.534,793,0
orz999d,2107,2902,222,840.362,790,0
orz999d,2108,2766,204,841.12,792,0
orz999d,2109,2180,341,841.475,782,0
orz999d,2110,2665,253,844.262,791,0
orz999d,2111,2620,226,846.789,784,0
orz999d,2112,2801,201,847.191,796,0
orz999d,2113,1764,240,846.99,790,0
orz999d,2114,2019,279,847.161,791,0
orz999d,2115,2742,215,846.877,799,0
orz999d,2116,2767,237,846.22,800,0
orz999d,2117,1742,359,844.404,787,0
orz999d,2118,1514,183,846.706,798,0
orz999d,2119,2139,257,845.534,796,0
orz999d,2120,1847,202,848.676,795,0
orz999d,2121,2133,452,851.404,794,0
orz999d,2122,2487,189,850.546,789,0
orz999d,2123,2162,192,849.333,794,0
orz999d,2124,3126,328,848.434,796,0
orz999d,2125,2099,318,849.475,790,0
orz999d,2126,1803,242,851.132,790,0
orz999d,2127,3080,245,850.647,792,0
orz999d,2128,2692,167,850.291,802,0
orz999d,2129,2662,230,850.09,796,0
orz999d,2130,2488,205,854.191,803,0
orz999d,2131,3659,412,852.659,782,0
orz999d,2132,1734,173,855.546,794,0
orz999d,2133,2316,184,852.546,791,0
orz999d,2134,1877,237,855.262,802,0
orz999d,2135,2829,413,853.019,801,0
orz999d,2136,2846,201,855.635,809,0
orz999d,2137,2797,359,854.262,801,0
orz999d,2138,2218,214,853.161,797,0
orz999d,2139,2605,197,853.877,806,0
orz999d,2140,2194,299,858.333,803,0
orz999d,2141,2126,117,856.647,798,0
orz999d,2142,2933,178,856.191,805,0
orz999d,2143,1918,226,856.948,807,0
orz999d,2144,1772,210,856.848,804,0
orz999d,2145,2850,176,856.404,799,0
orz999d,2146,2675,313,857.191,806,0
orz999d,2147,2609,217,856.534,807,0
orz999d,2148,1874,360,856.233,798,0
orz999d,2149,1641,196,859.362,809,0
orz999d,2150,1932,183,860.019,808,0
orz999d,2151,2720,303,863.919,809,0
orz999d,2152,2332,158,862.919,808,0
orz999d,2153,2595,198,861.12,812,0
orz999d,2154,2931,288,861.647,803,0
orz999d,2155,2430,425,861.304,801,0
orz999d,2156,2268,164,863.517,797,0
orz999d,2157,1920,240,863.333,808,0
orz999d,2158,2567,239,860.534,811,0
orz999d,2159,1484,117,860.605,809,0
orz999d,2160,2514,242,867.546,806,0
orz999d,2161,3123,276,864.534,815,0
orz999d,2162,2760,151,866.049,819,0
orz999d,2163,1907,233,865.434,813,0
orz999d,2164,2874,186,865.948,816,0
orz999d,2165,1812,157,864.505,810,0
orz999d,2166,1628,167,864.605,813,0
orz999d,2167,1861,252,864.676,811,0
orz999d,2168,2337,241,866.688,801,0
orz999d,2169,2064,308,867.948,818,0
orz999d,2170,1780,199,870.191,819,0
orz999d,2171,2073,97,869.404,812,0
orz999d,2172,1656,209,868.09,814,0
orz999d,2173,2829,190,868.706,820,0
orz999d,2174,2358,198,868.605,817,0
orz999d,2175,2804,317,870.848,818,0
orz999d,2176,2385,208,871.475,812,0
orz999d,2177,2808,238,869.019,817,0
orz999d,2178,1997,220,868.919,814,0
orz999d,2179,2383,265,868.375,806,0
orz999d,2180,3282,190,874.12,825,0
orz999d,2181,1974,120,873.434,821,0
orz999d,2182,3001,211,872.576,816,0
orz999d,2183,1484,133,872.706,824,0
orz999d,2184,1461,163,875.09,821,0
orz999d,2185,2765,223,872.563,828,0
orz999d,2186,1838,162,872.12,823,0
orz999d,2187,1733,311,873.546,812,0
orz999d,2188,2766,195,874.09,820,0
orz999d,2189,1984,169,874.362,824,0
orz999d,2190,2086,169,879.889,820,0
orz999d,2191,1402,103,877.605,826,0
orz999d,2192,1448,183,877.605,826,0
orz999d,2193,2464,402,878.647,820,0
orz999d,2194,1958,222,879.09,825,0
orz999d,2195,2644,171,878.978,834,0
orz999d,2196,2805,201,877.404,820,0
orz999d,2197,2714,238,876.161,820,0
orz999d,2198,2160,306,876.747,821,0
orz999d,2199,1732,250,876.434,824,0
orz999d,2200,2814,190,882.09,828,0
orz999d,2201,2646,105,882.806,837,0
orz999d,2202,1811,205,883.777,833,0
orz999d,2203,1769,299,881.848,829,0
orz999d,2204,1508,166,883.605,832,0
orz999d,2205,2863,179,880.505,826,0
orz999d,2206,2772,223,880.605,829,0
orz999d,2207,1952,277,883.96,822,0
orz999d,2208,1809,168,881.948,832,0
orz999d,2209,1668,338,883.889,824,0
orz999d,2210,2289,278,886.889,827,0
orz999d,2211,3441,179,884.362,834,0
orz999d,2212,1915,213,885.777,835,0
orz999d,2213,1662,181,884.12,835,0
orz999d,2214,2219,132,884.546,823,0
orz999d,2215,1727,178,885.191,834,0
orz999d,2216,2766,414,885.404,828,0
orz999d,2217,1968,248,885.647,827,0
orz999d,2218,1750,243,886.617,823,0
orz999d,2219,2040,221,887.475,828,0
orz999d,2220,2237,232,891.96,830,0
orz999d,2221,2111,284,888.889,829,0
orz999d,2222,2176,227,889.032,825,0
orz999d,2223,1849,176,889.818,832,0
orz999d,2224,1597,181,890.019,838,0
orz999d,2225,1947,163,891.919,837,0
orz999d,2226,3059,136,889.291,841,0
orz999d,2227,2338,163,888.99,832,0
orz999d,2228,3180,190,888.191,837,0
orz999d,2229,2644,180,891.635,845,0
orz999d,2230,2878,174,892.049,845,0
orz999d,2231,2210,270,893.233,835,0
orz999d,2232,3075,175,895.635,849,0
orz999d,2233,2484,466,892.889,833,0
orz999d,2234,1923,233,894.576,838,0
orz999d,2235,2939,203,893.948,844,0
orz999d,2236,2513,198,895.96,834,0
orz999d,2237,1799,380,893.99,837,0
orz999d,2238,2337,176,895.304,835,0
orz999d,2239,2188,323,893.203,830,0
orz999d,2240,2651,255,899.019,847,0
orz999d,2241,2365,201,898.99,842,0
orz999d,2242,1860,346,896.919,842,0
orz999d,2243,2130,317,899.103,833,0
orz999d,2244,1845,230,899.676,846,0
orz999d,2245,1500,290,896.676,843,0
orz999d,2246,2731,263,898.635,852,0
orz999d,2247,2151,144,899.132,838,0
orz999d,2248,3207,265,898.434,846,0
orz999d,2249,2407,392,896.132,835,0
orz999d,2250,1911,320,903.233,845,0
orz999d,2251,1837,200,901.96,840,0
orz999d,2252,1920,245,903.404,846,0
orz999d,2253,2406,293,900.718,840,0
orz999d,2254,2094,440,901.475,842,0
orz999d,2255,2168,228,901.99,845,0
orz999d,2256,1827,194,900.605,849,0
orz999d,2257,1757,166,903.262,850,0
orz999d,2258,2927,170,900.576,844,0
orz999d,2259,2266,328,900.789,838,0
orz999d,2260,2754,227,907.09,853,0
orz999d,2261,1565,238,906.505,852,0
orz999d,2262,1869,239,906.96,845,0
orz999d,2263,2127,175,904.333,849,0
orz999d,2264,2038,173,907.86,843,0
orz999d,2265,1800,328,905.889,846,0
orz999d,2266,2380,218,906.647,848,0
orz999d,2267,2093,311,907.475,848,0
orz999d,2268,1989,400,907.818,850,0
orz999d,2269,2187,164,904.889,845,0
orz999d,2270,1563,195,909.848,857,0
orz999d,2271,2948,231,910.505,856,0
orz999d,2272,2545,268,910.534,861,0
orz999d,2273,2137,292,911.919,857,0
orz999d,2274,2888,203,909.948,860,0
orz999d,2275,1859,159,910.919,856,0
orz999d,2276,2072,207,908.304,848,0
orz999d,2277,2152,240,910.061,851,0
orz999d,2278,2501,215,908.362,858,0
orz999d,2279,2325,168,910.446,846,0
orz999d,2280,2660,291,915.505,861,0
orz999d,2281,2202,141,912.333,857,0
orz999d,2282,1894,242,913.09,859,0
orz999d,2283,2326,180,914.073,843,0
orz999d,2284,2895,206,914.191,863,0
orz999d,2285,2297,359,914.96,853,0
orz999d,2286,1761,317,913.375,851,0
orz999d,2287,3317,193,912.546,851,0
orz999d,2288,2575,217,912.576,856,0
orz999d,2289,2352,190,915.517,849,0
orz999d,2290,1625,192,917.777,867,0
orz999d,2291,2049,168,916.362,866,0
orz999d,2292,2696,190,916.049,869,0
orz999d,2293,3007,185,916.291,868,0
orz999d,2294,2284,284,918.647,860,0
orz999d,2295,2050,248,918.446,854,0
orz999d,2296,2205,165,916.789,854,0
orz999d,2297,1814,181,917.191,866,0
orz999d,2298,2778,269,918.605,867,0
orz999d,2299,2579,279,916.12,867,0
orz999d,2300,2932,230,923.889,864,0
orz999d,2301,2914,152,922.848,870,0
orz999d,2302,2562,165,920.978,876,0
orz999d,2303,2023,330,923.605,872,0
orz999d,2304,2116,231,923.446,859,0
orz999d,2305,1546,155,923.919,869,0
orz999d,2306,1918,203,922.132,861,0
orz999d,2307,1982,183,920.161,864,0
orz999d,2308,2341,363,921.161,865,0
orz999d,2309,1871,213,923.161,867,0
orz999d,2310,1723,209,924.032,860,0
orz999d,2311,2235,229,924.132,863,0
orz999d,2312,2893,289,926.747,871,0
orz999d,2313,2380,238,927.588,859,0
orz999d,2314,2093,247,927.86,863,0
orz999d,2315,2654,171,926.132,865,0
orz999d,2316,2571,245,924.12,875,0
orz999d,2317,1771,132,927.676,874,0
orz999d,2318,2011,234,927.262,874,0
orz999d,2319,1611,167,925.534,876,0
orz999d,2320,2419,173,930.789,868,0
orz999d,2321,3081,293,928.434,876,0
orz999d,2322,2632,246,928.635,882,0
orz999d,2323,1726,298,931.889,872,0
orz999d,2324,2413,315,928.818,871,0
orz999d,2325,2020,230,928.96,867,0
orz999d,2326,2295,323,928.647,870,0
orz999d,2327,1607,88,928.191,877,0
orz999d,2328,3012,232,928.233,870,0
orz999d,2329,2622,333,929.889,870,0
orz999d,2330,1580,184,932.191,881,0
orz999d,2331,2193,229,933.203,870,0
orz999d,2332,1777,132,932.747,877,0
orz999d,2333,3505,365,933.333,878,0
orz999d,2334,2299,208,932.375,870,0
orz999d,2335,1959,178,935.889,876,0
orz999d,2336,2191,177,932.789,870,0
orz999d,2337,1899,418,935.576,879,0
orz999d,2338,2157,147,932.274,867,0
orz999d,2339,2085,181,934.446,870,0
orz999d,2340,2449,245,937.73,865,0
orz999d,2341,2374,208,937.718,877,0
orz999d,2342,2052,314,936.203,873,0
orz999d,2343,2423,276,938.789,876,0
orz999d,2344,1581,137,936.262,883,0
orz999d,2345,1734,115,936.86,872,0
orz999d,2346,2299,371,939.588,871,0
orz999d,2347,2741,243,936.777,886,0
orz999d,2348,1971,269,939.777,889,0
orz999d,2349,2814,155,937.605,886,0
orz999d,2350,1998,318,943.061,884,0
orz999d,2351,1789,259,941.333,886,0
orz999d,2352,2324,329,941.931,875,0
orz999d,2353,2245,457,940.103,874,0
orz999d,2354,2228,278,943.487,872,0
orz999d,2355,2418,358,941.617,878,0
orz999d,2356,1560,186,940.262,887,0
orz999d,2357,2314,162,942.233,884,0
orz999d,2358,3322,231,942.99,886,0
orz999d,2359,2187,192,940.931,874,0
orz999d,2360,1807,177,947.96,886,0
orz999d,2361,3008,226,946.848,894,0
orz999d,2362,3014,184,947.505,893,0
orz999d,2363,1832,152,944.475,885,0
orz999d,2364,1869,237,944.505,890,0
orz999d,2365,2872,215,946.061,887,0
orz999d,2366,1581,131,945.404,888,0
orz999d,2367,2255,248,945.576,889,0
orz999d,2368,2864,230,946.304,886,0
orz999d,2369,1515,188,944.262,891,0
orz999d,2370,1811,253,951.889,892,0
orz999d,2371,2242,185,950.919,896,0
orz999d,2372,1827,177,948.605,897,0
orz999d,2373,2310,199,949.588,881,0
orz999d,2374,2362,345,951.002,882,0
orz999d,2375,3079,246,951.747,896,0
orz999d,2376,2016,254,950.96,889,0
orz999d,2377,2920,273,948.475,889,0
orz999d,2378,2977,266,949.818,892,0
orz999d,2379,1842,149,951.233,893,0
orz999d,2380,1651,240,953.99,897,0
orz999d,2381,2384,341,954.588,886,0
orz999d,2382,1645,117,955.191,904,0
orz999d,2383,1934,238,953.889,894,0
orz999d,2384,1826,193,953.718,893,0
orz999d,2385,1756,185,954.446,890,0
orz999d,2386,2382,258,953.233,895,0
orz999d,2387,2288,192,952.387,878,0
orz999d,2388,2925,236,953.647,895,0
orz999d,2389,2456,196,954.86,890,0
orz999d,2390,2112,157,958.144,885,0
orz999d,2391,2364,232,957.659,887,0
orz999d,2392,1821,125,959.505,905,0
orz999d,2393,1696,122,958.889,899,0
orz999d,2394,2480,320,956.789,894,0
orz999d,2395,2919,123,959.818,902,0
orz999d,2396,1874,239,959.505,905,0
orz999d,2397,2103,361,956.718,896,0
orz999d,2398,2248,186,957.032,893,0
orz999d,2399,1864,369,956.96,895,0
orz999d,2400,2214,258,960.304,900,0
orz999d,2401,2036,243,961.546,900,0
orz999d,2402,1943,105,960.688,895,0
orz999d,2403,2436,356,960.132,899,0
orz999d,2404,1817,326,961.99,905,0
orz999d,2405,2262,137,961.161,905,0
orz999d,2406,3003,231,961.647,903,0
orz999d,2407,2102,380,962.647,904,0
orz999d,2408,1827,207,963.789,901,0
orz999d,2409,2339,205,962.617,899,0
orz999d,2410,2010,387,964.919,910,0
orz999d,2411,1920,363,964.99,908,0
orz999d,2412,2401,319,964.375,902,0
orz999d,2413,1906,172,964.233,906,0
orz999d,2414,1888,318,965.09,911,0
orz999d,2415,2881,158,964.304,904,0
orz999d,2416,3172,169,966.889,907,0
orz999d,2417,2167,152,965.345,898,0
orz999d,2418,3017,257,964.132,903,0
orz999d,2419,2419,283,966.446,902,0
orz999d,2420,1804,214,968.404,911,0
orz999d,2421,2041,188,969.546,908,0
orz999d,2422,2001,333,970.789,908,0
orz999d,2423,2062,356,971.103,905,0
orz999d,2424,1967,156,970.404,913,0
orz999d,2425,2127,307,968.546,907,0
orz999d,2426,3120,218,968.233,910,0
orz999d,2427,2088,194,970.576,914,0
orz999d,2428,1787,180,969.304,909,0
orz999d,2429,2942,278,968.304,908,0
