map,scenid,total-src,20move-src,distance,path_size,hLevel
brc101d,0,622,597,0,0,0
brc101d,1,582,433,0,0,0
brc101d,2,468,393,0,0,0
brc101d,3,452,432,0,0,0
brc101d,4,437,399,0,0,0
brc101d,5,405,451,0,0,0
brc101d,6,440,405,0,0,0
brc101d,7,535,433,0,0,0
brc101d,8,383,395,0,0,0
brc101d,9,472,399,0,0,0
brc101d,10,463,476,0,0,0
brc101d,11,531,460,0,0,0
brc101d,12,509,427,0,0,0
brc101d,13,403,441,0,0,0
brc101d,14,482,395,0,0,0
brc101d,15,598,579,0,0,0
brc101d,16,441,456,0,0,0
brc101d,17,557,553,0,0,0
brc101d,18,491,425,0,0,0
brc101d,19,479,445,0,0,0
brc101d,20,506,471,0,0,0
brc101d,21,618,582,0,0,0
brc101d,22,535,526,0,0,0
brc101d,23,699,606,0,0,0
brc101d,24,489,400,0,0,0
brc101d,25,473,473,0,0,0
brc101d,26,456,492,0,0,0
brc101d,27,423,423,0,0,0
brc101d,28,634,505,0,0,0
brc101d,29,606,551,0,0,0
brc101d,30,568,495,0,0,0
brc101d,31,587,491,0,0,0
brc101d,32,1136,1065,0,0,0
brc101d,33,614,659,0,0,0
brc101d,34,582,495,0,0,0
brc101d,35,581,513,0,0,0
brc101d,36,824,777,0,0,0
brc101d,37,629,573,0,0,0
brc101d,38,732,557,0,0,0
brc101d,39,641,714,0,0,0
brc101d,40,763,643,0,0,0
brc101d,41,673,595,0,0,0
brc101d,42,886,900,0,0,0
brc101d,43,620,640,0,0,0
brc101d,44,847,705,0,0,0
brc101d,45,590,616,0,0,0
brc101d,46,570,552,0,0,0
brc101d,47,473,471,0,0,0
brc101d,48,519,524,0,0,0
brc101d,49,590,660,0,0,0
brc101d,50,615,533,0,0,0
brc101d,51,881,923,0,0,0
brc101d,52,578,553,0,0,0
brc101d,53,1100,1204,0,0,0
brc101d,54,864,735,0,0,0
brc101d,55,740,791,0,0,0
brc101d,56,601,542,0,0,0
brc101d,57,772,642,0,0,0
brc101d,58,1120,1112,0,0,0
brc101d,59,1632,1666,0,0,0
brc101d,60,1072,960,0,0,0
brc101d,61,729,685,0,0,0
brc101d,62,1377,1366,0,0,0
brc101d,63,1080,967,0,0,0
brc101d,64,966,937,0,0,0
brc101d,65,564,590,0,0,0
brc101d,66,1076,980,0,0,0
brc101d,67,799,733,0,0,0
brc101d,68,1117,891,0,0,0
brc101d,69,587,574,0,0,0
brc101d,70,961,741,0,0,0
brc101d,71,883,876,0,0,0
brc101d,72,1103,1049,0,0,0
brc101d,73,737,662,0,0,0
brc101d,74,1305,1005,0,0,0
brc101d,75,1319,1089,0,0,0
brc101d,76,576,539,0,0,0
brc101d,77,1437,1358,0,0,0
brc101d,78,965,865,0,0,0
brc101d,79,916,853,0,0,0
brc101d,80,963,864,0,0,0
brc101d,81,1258,1151,0,0,0
brc101d,82,993,846,0,0,0
brc101d,83,702,609,0,0,0
brc101d,84,1695,1468,0,0,0
brc101d,85,573,546,0,0,0
brc101d,86,1136,953,0,0,0
brc101d,87,1220,1219,0,0,0
brc101d,88,1138,1040,0,0,0
brc101d,89,1634,1173,0,0,0
brc101d,90,1030,924,0,0,0
brc101d,91,1439,1570,0,0,0
brc101d,92,1125,928,0,0,0
brc101d,93,907,763,0,0,0
brc101d,94,2252,1613,0,0,0
brc101d,95,1425,1043,0,0,0
brc101d,96,1019,801,0,0,0
brc101d,97,1035,900,0,0,0
brc101d,98,1364,1029,0,0,0
brc101d,99,1209,883,0,0,0
brc101d,100,1138,880,0,0,0
brc101d,101,1562,903,0,0,0
brc101d,102,1233,960,0,0,0
brc101d,103,1601,960,0,0,0
brc101d,104,1486,875,0,0,0
brc101d,105,1508,1332,0,0,0
brc101d,106,1451,1215,0,0,0
brc101d,107,2260,1485,0,0,0
brc101d,108,888,768,0,0,0
brc101d,109,1258,1072,0,0,0
brc101d,110,1949,1081,0,0,0
brc101d,111,1683,1428,0,0,0
brc101d,112,1903,1884,0,0,0
brc101d,113,1320,981,0,0,0
brc101d,114,1127,1057,0,0,0
brc101d,115,2353,1605,0,0,0
brc101d,116,1467,1033,0,0,0
brc101d,117,798,673,0,0,0
brc101d,118,1253,839,0,0,0
brc101d,119,1500,1068,0,0,0
brc101d,120,1844,1150,0,0,0
brc101d,121,1974,1348,0,0,0
brc101d,122,1553,1196,0,0,0
brc101d,123,1374,798,0,0,0
brc101d,124,1453,900,0,0,0
brc101d,125,1686,1236,0,0,0
brc101d,126,1450,1090,0,0,0
brc101d,127,2181,1250,0,0,0
brc101d,128,1628,1162,0,0,0
brc101d,129,1867,1559,0,0,0
brc101d,130,1412,794,0,0,0
brc101d,131,1564,948,0,0,0
brc101d,132,1418,856,0,0,0
brc101d,133,1471,928,0,0,0
brc101d,134,1352,878,0,0,0
brc101d,135,1243,821,0,0,0
brc101d,136,2090,1087,0,0,0
brc101d,137,1263,986,0,0,0
brc101d,138,1237,902,0,0,0
brc101d,139,1259,822,0,0,0
brc101d,140,1535,697,0,0,0
brc101d,141,1581,911,0,0,0
brc101d,142,1761,1261,0,0,0
brc101d,143,1528,1142,0,0,0
brc101d,144,1559,872,0,0,0
brc101d,145,1456,1072,0,0,0
brc101d,146,1382,980,0,0,0
brc101d,147,1510,815,0,0,0
brc101d,148,1427,804,0,0,0
brc101d,149,1424,1000,0,0,0
brc101d,150,3061,1748,0,0,0
brc101d,151,2102,1498,0,0,0
brc101d,152,1605,981,0,0,0
brc101d,153,2373,1480,0,0,0
brc101d,154,2032,1300,0,0,0
brc101d,155,1337,873,0,0,0
brc101d,156,2343,1289,0,0,0
brc101d,157,2020,1246,0,0,0
brc101d,158,1501,813,0,0,0
brc101d,159,1700,948,0,0,0
brc101d,160,2631,1880,0,0,0
brc101d,161,2508,821,0,0,0
brc101d,162,2993,1574,0,0,0
brc101d,163,1545,941,0,0,0
brc101d,164,1905,982,0,0,0
brc101d,165,2573,1752,0,0,0
brc101d,166,2410,1314,0,0,0
brc101d,167,1521,815,0,0,0
brc101d,168,1705,1237,0,0,0
brc101d,169,1787,1080,0,0,0
brc101d,170,2452,945,0,0,0
brc101d,171,2073,1243,0,0,0
brc101d,172,1455,761,0,0,0
brc101d,173,2424,1016,0,0,0
brc101d,174,2210,843,0,0,0
brc101d,175,2202,1120,0,0,0
brc101d,176,1784,1125,0,0,0
brc101d,177,1394,811,0,0,0
brc101d,178,2465,1137,0,0,0
brc101d,179,1364,913,0,0,0
brc101d,180,1903,935,0,0,0
brc101d,181,2415,1577,0,0,0
brc101d,182,1937,985,0,0,0
brc101d,183,2143,897,0,0,0
brc101d,184,3077,1398,0,0,0
brc101d,185,1823,807,0,0,0
brc101d,186,2043,988,0,0,0
brc101d,187,3160,1345,0,0,0
brc101d,188,2620,1234,0,0,0
brc101d,189,2135,785,0,0,0
brc101d,190,1943,874,0,0,0
brc101d,191,1770,1078,0,0,0
brc101d,192,2256,1066,0,0,0
brc101d,193,2874,1162,0,0,0
brc101d,194,2616,1064,0,0,0
brc101d,195,1890,779,0,0,0
brc101d,196,2837,1306,0,0,0
brc101d,197,2983,1508,0,0,0
brc101d,198,1745,934,0,0,0
brc101d,199,3196,950,0,0,0
brc101d,200,4160,1091,0,0,0
brc101d,201,2847,1073,0,0,0
brc101d,202,2954,1011,0,0,0
brc101d,203,2473,1609,0,0,0
brc101d,204,2090,1081,0,0,0
brc101d,205,2967,1090,0,0,0
brc101d,206,2795,952,0,0,0
brc101d,207,2651,838,0,0,0
brc101d,208,2249,1126,0,0,0
brc101d,209,3202,1210,0,0,0
brc101d,210,3291,1438,0,0,0
brc101d,211,3543,1188,0,0,0
brc101d,212,3316,1136,0,0,0
brc101d,213,2624,1224,0,0,0
brc101d,214,3192,1213,0,0,0
brc101d,215,2206,904,0,0,0
brc101d,216,2320,886,0,0,0
brc101d,217,3922,1449,0,0,0
brc101d,218,2950,1305,0,0,0
brc101d,219,1584,697,0,0,0
brc101d,220,1888,974,0,0,0
brc101d,221,2541,974,0,0,0
brc101d,222,1809,718,0,0,0
brc101d,223,2926,1146,0,0,0
brc101d,224,2089,905,0,0,0
brc101d,225,1858,857,0,0,0
brc101d,226,2355,922,0,0,0
brc101d,227,2440,1080,0,0,0
brc101d,228,1871,928,0,0,0
brc101d,229,2853,822,0,0,0
brc101d,230,3228,1356,0,0,0
brc101d,231,1965,972,0,0,0
brc101d,232,2813,1473,0,0,0
brc101d,233,2165,1072,0,0,0
brc101d,234,2652,1464,0,0,0
brc101d,235,2301,976,0,0,0
brc101d,236,2631,896,0,0,0
brc101d,237,2157,1026,0,0,0
brc101d,238,2721,989,0,0,0
brc101d,239,2402,894,0,0,0
brc101d,240,3045,1571,0,0,0
brc101d,241,3604,1053,0,0,0
brc101d,242,2937,1145,0,0,0
brc101d,243,2998,723,0,0,0
brc101d,244,1814,689,0,0,0
brc101d,245,2705,957,0,0,0
brc101d,246,2488,1067,0,0,0
brc101d,247,1665,616,0,0,0
brc101d,248,2600,736,0,0,0
brc101d,249,2608,1069,0,0,0
brc101d,250,2449,878,0,0,0
brc101d,251,3486,1185,0,0,0
brc101d,252,2303,906,0,0,0
brc101d,253,2836,754,0,0,0
brc101d,254,2879,1023,0,0,0
brc101d,255,2165,932,0,0,0
brc101d,256,2981,1023,0,0,0
brc101d,257,2448,869,0,0,0
brc101d,258,3459,1132,0,0,0
brc101d,259,2647,773,0,0,0
brc101d,260,3091,1080,0,0,0
brc101d,261,3107,709,0,0,0
brc101d,262,3456,1168,0,0,0
brc101d,263,2484,729,0,0,0
brc101d,264,2578,978,0,0,0
brc101d,265,3183,966,0,0,0
brc101d,266,2286,904,0,0,0
brc101d,267,3277,789,0,0,0
brc101d,268,3358,1018,0,0,0
brc101d,269,2961,861,0,0,0
brc101d,270,3179,1047,0,0,0
brc101d,271,3239,991,0,0,0
brc101d,272,3073,1061,0,0,0
brc101d,273,2873,797,0,0,0
brc101d,274,2506,779,0,0,0
brc101d,275,3863,1141,0,0,0
brc101d,276,2849,931,0,0,0
brc101d,277,2417,819,0,0,0
brc101d,278,2557,986,0,0,0
brc101d,279,4052,1489,0,0,0
brc101d,280,2864,835,0,0,0
brc101d,281,3183,1095,0,0,0
brc101d,282,3384,1134,0,0,0
brc101d,283,3319,840,0,0,0
brc101d,284,2303,941,0,0,0
brc101d,285,2782,846,0,0,0
brc101d,286,2479,916,0,0,0
brc101d,287,2872,887,0,0,0
brc101d,288,3563,1357,0,0,0
brc101d,289,2346,752,0,0,0
brc101d,290,2786,872,0,0,0
brc101d,291,3304,1023,0,0,0
brc101d,292,2838,876,0,0,0
brc101d,293,3095,1117,0,0,0
brc101d,294,2881,926,0,0,0
brc101d,295,2961,899,0,0,0
brc101d,296,3141,842,0,0,0
brc101d,297,3150,1553,0,0,0
brc101d,298,3825,868,0,0,0
brc101d,299,5043,1434,0,0,0
brc101d,300,2837,1134,0,0,0
brc101d,301,3747,864,0,0,0
brc101d,302,3916,1517,0,0,0
brc101d,303,3644,1016,0,0,0
brc101d,304,2982,974,0,0,0
brc101d,305,3385,815,0,0,0
brc101d,306,3610,697,0,0,0
brc101d,307,3343,984,0,0,0
brc101d,308,2772,804,0,0,0
brc101d,309,3029,768,0,0,0
brc101d,310,3067,1019,0,0,0
brc101d,311,3744,1111,0,0,0
brc101d,312,3835,1204,0,0,0
brc101d,313,3000,955,0,0,0
brc101d,314,3105,1171,0,0,0
brc101d,315,4212,1460,0,0,0
brc101d,316,4025,960,0,0,0
brc101d,317,3319,1172,0,0,0
brc101d,318,4814,1481,0,0,0
brc101d,319,3304,980,0,0,0
brc101d,320,3609,684,0,0,0
brc101d,321,4374,1036,0,0,0
brc101d,322,2805,722,0,0,0
brc101d,323,3658,1051,0,0,0
brc101d,324,3061,933,0,0,0
brc101d,325,2755,772,0,0,0
brc101d,326,3493,835,0,0,0
brc101d,327,3682,1035,0,0,0
brc101d,328,3732,772,0,0,0
brc101d,329,4549,1657,0,0,0
brc101d,330,3059,926,0,0,0
brc101d,331,4694,1411,0,0,0
brc101d,332,4137,1115,0,0,0
brc101d,333,4612,1010,0,0,0
brc101d,334,4704,918,0,0,0
brc101d,335,2877,1074,0,0,0
brc101d,336,3746,1165,0,0,0
brc101d,337,3442,725,0,0,0
brc101d,338,4235,1137,0,0,0
brc101d,339,3727,952,0,0,0
brc101d,340,3171,834,0,0,0
brc101d,341,2898,747,0,0,0
brc101d,342,2796,760,0,0,0
brc101d,343,4881,1248,0,0,0
brc101d,344,3851,978,0,0,0
brc101d,345,4266,1334,0,0,0
brc101d,346,3131,891,0,0,0
brc101d,347,4345,707,0,0,0
brc101d,348,3174,669,0,0,0
brc101d,349,3128,878,0,0,0
brc101d,350,3196,719,0,0,0
brc101d,351,5131,957,0,0,0
brc101d,352,3069,758,0,0,0
brc101d,353,3195,681,0,0,0
brc101d,354,4472,1197,0,0,0
brc101d,355,3655,723,0,0,0
brc101d,356,4234,746,0,0,0
brc101d,357,4096,1193,0,0,0
brc101d,358,3275,725,0,0,0
brc101d,359,3003,639,0,0,0
brc101d,360,4066,889,0,0,0
brc101d,361,2966,896,0,0,0
brc101d,362,3423,773,0,0,0
brc101d,363,4670,1339,0,0,0
brc101d,364,4392,889,0,0,0
brc101d,365,3643,968,0,0,0
brc101d,366,3639,973,0,0,0
brc101d,367,4389,1155,0,0,0
brc101d,368,3335,814,0,0,0
brc101d,369,4071,928,0,0,0
brc101d,370,5597,1228,0,0,0
brc101d,371,4415,1275,0,0,0
brc101d,372,3231,1132,0,0,0
brc101d,373,4956,1509,0,0,0
brc101d,374,3401,841,0,0,0
brc101d,375,3469,755,0,0,0
brc101d,376,3766,856,0,0,0
brc101d,377,2952,675,0,0,0
brc101d,378,3618,1322,0,0,0
brc101d,379,3910,943,0,0,0
brc101d,380,3342,917,0,0,0
brc101d,381,3471,1046,0,0,0
brc101d,382,5261,1220,0,0,0
brc101d,383,3500,817,0,0,0
brc101d,384,4469,930,0,0,0
brc101d,385,6301,1311,0,0,0
brc101d,386,4662,872,0,0,0
brc101d,387,4379,760,0,0,0
brc101d,388,4014,778,0,0,0
brc101d,389,3276,784,0,0,0
brc101d,390,3336,918,0,0,0
brc101d,391,3131,603,0,0,0
brc101d,392,3930,1054,0,0,0
brc101d,393,3532,931,0,0,0
brc101d,394,4385,1369,0,0,0
brc101d,395,4368,883,0,0,0
brc101d,396,3296,944,0,0,0
brc101d,397,4231,1019,0,0,0
brc101d,398,3505,827,0,0,0
brc101d,399,3382,800,0,0,0
brc101d,400,5641,1253,0,0,0
brc101d,401,3626,725,0,0,0
brc101d,402,3856,1264,0,0,0
brc101d,403,4766,840,0,0,0
brc101d,404,3477,765,0,0,0
brc101d,405,3591,1066,0,0,0
brc101d,406,4797,1110,0,0,0
brc101d,407,3879,709,0,0,0
brc101d,408,4127,765,0,0,0
brc101d,409,4148,848,0,0,0
brc101d,410,3781,862,0,0,0
brc101d,411,4162,1038,0,0,0
brc101d,412,3978,917,0,0,0
brc101d,413,3619,933,0,0,0
brc101d,414,3207,978,0,0,0
brc101d,415,4740,931,0,0,0
brc101d,416,5942,1131,0,0,0
brc101d,417,4933,1216,0,0,0
brc101d,418,3678,1142,0,0,0
brc101d,419,3923,904,0,0,0
brc101d,420,4250,861,0,0,0
brc101d,421,3633,888,0,0,0
brc101d,422,4324,732,0,0,0
brc101d,423,3749,742,0,0,0
brc101d,424,4226,804,0,0,0
brc101d,425,3966,778,0,0,0
brc101d,426,4943,971,0,0,0
brc101d,427,4352,1182,0,0,0
brc101d,428,3966,979,0,0,0
brc101d,429,4260,1120,0,0,0
brc101d,430,4604,777,0,0,0
brc101d,431,5227,910,0,0,0
brc101d,432,4580,780,0,0,0
brc101d,433,4228,1007,0,0,0
brc101d,434,3186,717,0,0,0
brc101d,435,3821,755,0,0,0
brc101d,436,3744,916,0,0,0
brc101d,437,3741,1040,0,0,0
brc101d,438,3317,650,0,0,0
brc101d,439,3970,752,0,0,0
brc101d,440,3769,1068,0,0,0
brc101d,441,4630,888,0,0,0
brc101d,442,6895,1298,0,0,0
brc101d,443,5115,1119,0,0,0
brc101d,444,3521,975,0,0,0
brc101d,445,6384,1041,0,0,0
brc101d,446,4839,704,0,0,0
brc101d,447,4470,836,0,0,0
brc101d,448,4977,984,0,0,0
brc101d,449,6094,1311,0,0,0
brc101d,450,4682,710,0,0,0
brc101d,451,5293,944,0,0,0
brc101d,452,6207,1039,0,0,0
brc101d,453,5135,1168,0,0,0
brc101d,454,5366,643,0,0,0
brc101d,455,3991,790,0,0,0
brc101d,456,4385,790,0,0,0
brc101d,457,5322,1000,0,0,0
brc101d,458,4351,803,0,0,0
brc101d,459,4089,1008,0,0,0
brc101d,460,5143,1012,0,0,0
brc101d,461,7003,891,0,0,0
brc101d,462,5741,1048,0,0,0
brc101d,463,5091,1012,0,0,0
brc101d,464,4654,1161,0,0,0
brc101d,465,6324,996,0,0,0
brc101d,466,5602,1170,0,0,0
brc101d,467,5538,903,0,0,0
brc101d,468,6616,1191,0,0,0
brc101d,469,4605,921,0,0,0
brc101d,470,4219,771,0,0,0
brc101d,471,4585,866,0,0,0
brc101d,472,4949,973,0,0,0
brc101d,473,5896,986,0,0,0
brc101d,474,5652,1155,0,0,0
brc101d,475,4853,832,0,0,0
brc101d,476,4081,845,0,0,0
brc101d,477,4495,1282,0,0,0
brc101d,478,4102,829,0,0,0
brc101d,479,3873,829,0,0,0
brc101d,480,6920,1422,0,0,0
brc101d,481,4908,786,0,0,0
brc101d,482,5132,990,0,0,0
brc101d,483,4505,909,0,0,0
brc101d,484,5302,1417,0,0,0
brc101d,485,4368,769,0,0,0
brc101d,486,4688,878,0,0,0
brc101d,487,4717,1101,0,0,0
brc101d,488,6870,1465,0,0,0
brc101d,489,5279,851,0,0,0
brc101d,490,6849,1426,0,0,0
brc101d,491,4706,940,0,0,0
brc101d,492,4760,691,0,0,0
brc101d,493,4919,1334,0,0,0
brc101d,494,5713,891,0,0,0
brc101d,495,5967,985,0,0,0
brc101d,496,4568,963,0,0,0
brc101d,497,5220,1003,0,0,0
brc101d,498,4689,803,0,0,0
brc101d,499,5728,1012,0,0,0
brc101d,500,5781,1093,0,0,0
brc101d,501,4845,728,0,0,0
brc101d,502,5668,855,0,0,0
brc101d,503,5376,692,0,0,0
brc101d,504,4817,1119,0,0,0
brc101d,505,5017,891,0,0,0
brc101d,506,6850,1291,0,0,0
brc101d,507,4827,811,0,0,0
brc101d,508,4359,747,0,0,0
brc101d,509,5320,1064,0,0,0
brc101d,510,5118,903,0,0,0
brc101d,511,5275,865,0,0,0
brc101d,512,6537,976,0,0,0
brc101d,513,4273,805,0,0,0
brc101d,514,4868,1011,0,0,0
brc101d,515,4579,1206,0,0,0
brc101d,516,5007,660,0,0,0
brc101d,517,4781,1060,0,0,0
brc101d,518,6652,1189,0,0,0
brc101d,519,6385,1037,0,0,0
brc101d,520,5917,1084,0,0,0
brc101d,521,5576,751,0,0,0
brc101d,522,4909,917,0,0,0
brc101d,523,4894,822,0,0,0
brc101d,524,6585,1031,0,0,0
brc101d,525,5459,1057,0,0,0
brc101d,526,5448,1037,0,0,0
brc101d,527,5456,1024,0,0,0
brc101d,528,4421,986,0,0,0
brc101d,529,5418,777,0,0,0
brc101d,530,5978,1009,0,0,0
brc101d,531,5801,1126,0,0,0
brc101d,532,5673,792,0,0,0
brc101d,533,5875,879,0,0,0
brc101d,534,5669,1228,0,0,0
brc101d,535,5521,1281,0,0,0
brc101d,536,5211,1016,0,0,0
brc101d,537,5433,742,0,0,0
brc101d,538,4990,1176,0,0,0
brc101d,539,5759,1000,0,0,0
brc101d,540,4794,770,0,0,0
brc101d,541,5606,1066,0,0,0
brc101d,542,5989,939,0,0,0
brc101d,543,4817,874,0,0,0
brc101d,544,5054,910,0,0,0
brc101d,545,6129,829,0,0,0
brc101d,546,5242,979,0,0,0
brc101d,547,4863,695,0,0,0
brc101d,548,4468,919,0,0,0
brc101d,549,6313,979,0,0,0
brc101d,550,5470,965,0,0,0
brc101d,551,6479,1050,0,0,0
brc101d,552,4879,895,0,0,0
brc101d,553,6649,1592,0,0,0
brc101d,554,6276,999,0,0,0
brc101d,555,5474,912,0,0,0
brc101d,556,5075,903,0,0,0
brc101d,557,4272,994,0,0,0
brc101d,558,6024,1078,0,0,0
brc101d,559,5120,988,0,0,0
brc101d,560,4899,972,0,0,0
brc101d,561,6447,1071,0,0,0
brc101d,562,4863,1005,0,0,0
brc101d,563,5588,960,0,0,0
brc101d,564,4962,749,0,0,0
brc101d,565,4410,947,0,0,0
brc101d,566,4783,1125,0,0,0
brc101d,567,4553,750,0,0,0
brc101d,568,5869,841,0,0,0
brc101d,569,4769,818,0,0,0
brc101d,570,6071,1195,0,0,0
brc101d,571,6419,1019,0,0,0
brc101d,572,5102,1060,0,0,0
brc101d,573,5437,770,0,0,0
brc101d,574,5502,1155,0,0,0
brc101d,575,5415,953,0,0,0
brc101d,576,5664,995,0,0,0
brc101d,577,8693,1603,0,0,0
brc101d,578,5301,804,0,0,0
brc101d,579,5260,679,0,0,0
brc101d,580,6014,715,0,0,0
brc101d,581,4660,818,0,0,0
brc101d,582,6967,1140,0,0,0
brc101d,583,5691,1218,0,0,0
brc101d,584,7265,1653,0,0,0
brc101d,585,4896,1012,0,0,0
brc101d,586,4567,749,0,0,0
brc101d,587,5275,917,0,0,0
brc101d,588,4934,729,0,0,0
brc101d,589,4716,1251,0,0,0
brc101d,590,3916,753,0,0,0
brc101d,591,8230,1409,0,0,0
brc101d,592,8042,738,0,0,0
brc101d,593,5602,704,0,0,0
brc101d,594,5403,898,0,0,0
brc101d,595,5539,954,0,0,0
brc101d,596,5848,931,0,0,0
brc101d,597,6070,725,0,0,0
brc101d,598,7893,1079,0,0,0
brc101d,599,5346,1075,0,0,0
brc101d,600,5574,1044,0,0,0
brc101d,601,5512,797,0,0,0
brc101d,602,5275,940,0,0,0
brc101d,603,5297,984,0,0,0
brc101d,604,4476,946,0,0,0
brc101d,605,6105,1169,0,0,0
brc101d,606,6610,1147,0,0,0
brc101d,607,5686,850,0,0,0
brc101d,608,7124,1111,0,0,0
brc101d,609,6992,960,0,0,0
brc101d,610,5939,876,0,0,0
brc101d,611,6669,1311,0,0,0
brc101d,612,6037,969,0,0,0
brc101d,613,6681,909,0,0,0
brc101d,614,6373,1137,0,0,0
brc101d,615,5523,1026,0,0,0
brc101d,616,5620,806,0,0,0
brc101d,617,4438,779,0,0,0
brc101d,618,6430,864,0,0,0
brc101d,619,6839,1611,0,0,0
brc101d,620,6962,1595,0,0,0
brc101d,621,6579,1000,0,0,0
brc101d,622,6784,767,0,0,0
brc101d,623,8036,1135,0,0,0
brc101d,624,5765,981,0,0,0
brc101d,625,6848,1010,0,0,0
brc101d,626,5736,1158,0,0,0
brc101d,627,6368,969,0,0,0
brc101d,628,5353,703,0,0,0
brc101d,629,6369,813,0,0,0
brc101d,630,6031,1024,0,0,0
brc101d,631,5172,833,0,0,0
brc101d,632,5555,867,0,0,0
brc101d,633,4550,615,0,0,0
brc101d,634,5039,766,0,0,0
brc101d,635,5692,657,0,0,0
brc101d,636,5054,1062,0,0,0
brc101d,637,5771,698,0,0,0
brc101d,638,6415,1057,0,0,0
brc101d,639,6183,1035,0,0,0
brc101d,640,7164,858,0,0,0
brc101d,641,8909,1022,0,0,0
brc101d,642,6387,1013,0,0,0
brc101d,643,9074,808,0,0,0
brc101d,644,5720,732,0,0,0
brc101d,645,6930,958,0,0,0
brc101d,646,6232,842,0,0,0
brc101d,647,5376,977,0,0,0
brc101d,648,5135,933,0,0,0
brc101d,649,5251,889,0,0,0
brc101d,650,5011,1061,0,0,0
brc101d,651,6899,1000,0,0,0
brc101d,652,7134,1452,0,0,0
brc101d,653,5574,751,0,0,0
brc101d,654,8378,1338,0,0,0
brc101d,655,6684,1138,0,0,0
brc101d,656,6590,956,0,0,0
brc101d,657,7627,1111,0,0,0
brc101d,658,6662,833,0,0,0
brc101d,659,7343,950,0,0,0
brc101d,660,6836,956,0,0,0
brc101d,661,7207,1218,0,0,0
brc101d,662,7523,873,0,0,0
brc101d,663,8078,1088,0,0,0
brc101d,664,6786,945,0,0,0
brc101d,665,7658,768,0,0,0
brc101d,666,6910,698,0,0,0
brc101d,667,7845,1425,0,0,0
brc101d,668,7029,1260,0,0,0
brc101d,669,8202,1698,0,0,0
brc101d,670,6682,1095,0,0,0
brc101d,671,6954,1034,0,0,0
brc101d,672,7335,847,0,0,0
brc101d,673,5750,941,0,0,0
brc101d,674,5063,837,0,0,0
brc101d,675,5851,997,0,0,0
brc101d,676,6206,809,0,0,0
brc101d,677,6115,1022,0,0,0
brc101d,678,7655,940,0,0,0
brc101d,679,6289,931,0,0,0
brc101d,680,5771,899,0,0,0
brc101d,681,5715,785,0,0,0
brc101d,682,5869,698,0,0,0
brc101d,683,8815,1127,0,0,0
brc101d,684,6664,957,0,0,0
brc101d,685,6314,715,0,0,0
brc101d,686,6364,1021,0,0,0
brc101d,687,5470,1030,0,0,0
brc101d,688,7511,1071,0,0,0
brc101d,689,5717,744,0,0,0
brc101d,690,5481,937,0,0,0
brc101d,691,5692,807,0,0,0
brc101d,692,7972,1096,0,0,0
brc101d,693,6334,794,0,0,0
brc101d,694,6860,770,0,0,0
brc101d,695,8112,1019,0,0,0
brc101d,696,7287,928,0,0,0
brc101d,697,5908,717,0,0,0
brc101d,698,7270,777,0,0,0
brc101d,699,6397,932,0,0,0
brc101d,700,7573,1123,0,0,0
brc101d,701,6105,1097,0,0,0
brc101d,702,6596,856,0,0,0
brc101d,703,6715,1088,0,0,0
brc101d,704,9106,1084,0,0,0
brc101d,705,6070,846,0,0,0
brc101d,706,5967,864,0,0,0
brc101d,707,5253,983,0,0,0
brc101d,708,7010,940,0,0,0
brc101d,709,6794,951,0,0,0
brc101d,710,8699,995,0,0,0
brc101d,711,6501,766,0,0,0
brc101d,712,5709,780,0,0,0
brc101d,713,6611,838,0,0,0
brc101d,714,7354,819,0,0,0
brc101d,715,9593,1727,0,0,0
brc101d,716,7160,1070,0,0,0
brc101d,717,6732,859,0,0,0
brc101d,718,7471,1145,0,0,0
brc101d,719,6763,1142,0,0,0
brc101d,720,7170,815,0,0,0
brc101d,721,8818,1073,0,0,0
brc101d,722,7011,769,0,0,0
brc101d,723,8362,1005,0,0,0
brc101d,724,7066,1143,0,0,0
brc101d,725,6952,851,0,0,0
brc101d,726,6685,999,0,0,0
brc101d,727,8420,1119,0,0,0
brc101d,728,6351,941,0,0,0
brc101d,729,6783,930,0,0,0
brc101d,730,6270,730,0,0,0
brc101d,731,7268,1215,0,0,0
brc101d,732,6734,844,0,0,0
brc101d,733,5774,808,0,0,0
brc101d,734,8226,1027,0,0,0
brc101d,735,7866,857,0,0,0
brc101d,736,6962,920,0,0,0
brc101d,737,8158,825,0,0,0
brc101d,738,7069,964,0,0,0
brc101d,739,8643,1727,0,0,0
brc101d,740,9028,1180,0,0,0
brc101d,741,7609,890,0,0,0
brc101d,742,6726,1093,0,0,0
brc101d,743,7625,1124,0,0,0
brc101d,744,7945,969,0,0,0
brc101d,745,8719,1084,0,0,0
brc101d,746,6108,731,0,0,0
brc101d,747,7013,945,0,0,0
brc101d,748,8185,1506,0,0,0
brc101d,749,7597,948,0,0,0
brc101d,750,6198,941,0,0,0
brc101d,751,5815,1013,0,0,0
brc101d,752,6697,1036,0,0,0
brc101d,753,6489,822,0,0,0
brc101d,754,9080,974,0,0,0
brc101d,755,6925,1032,0,0,0
brc101d,756,5691,763,0,0,0
brc101d,757,6972,766,0,0,0
brc101d,758,6546,881,0,0,0
brc101d,759,7449,759,0,0,0
brc101d,760,7793,1049,0,0,0
brc101d,761,8314,1137,0,0,0
brc101d,762,7560,1078,0,0,0
brc101d,763,6324,693,0,0,0
brc101d,764,8803,1223,0,0,0
brc101d,765,6862,959,0,0,0
brc101d,766,7661,1143,0,0,0
brc101d,767,7556,932,0,0,0
brc101d,768,6720,947,0,0,0
brc101d,769,9014,1068,0,0,0
brc101d,770,7967,1329,0,0,0
brc101d,771,6341,842,0,0,0
brc101d,772,7748,966,0,0,0
brc101d,773,5737,703,0,0,0
brc101d,774,7893,1155,0,0,0
brc101d,775,7030,952,0,0,0
brc101d,776,7813,871,0,0,0
brc101d,777,8712,1104,0,0,0
brc101d,778,7144,966,0,0,0
brc101d,779,7443,1006,0,0,0
brc101d,780,7844,1107,0,0,0
brc101d,781,7217,1084,0,0,0
brc101d,782,6411,908,0,0,0
brc101d,783,7509,966,0,0,0
brc101d,784,7053,789,0,0,0
brc101d,785,6504,780,0,0,0
brc101d,786,8073,752,0,0,0
brc101d,787,6705,841,0,0,0
brc101d,788,6363,771,0,0,0
brc101d,789,8052,984,0,0,0
brc101d,790,8172,1104,0,0,0
brc101d,791,8269,1264,0,0,0
brc101d,792,6507,988,0,0,0
brc101d,793,6308,1040,0,0,0
brc101d,794,6800,1091,0,0,0
brc101d,795,6897,900,0,0,0
brc101d,796,7923,1122,0,0,0
brc101d,797,7640,964,0,0,0
brc101d,798,6842,1114,0,0,0
brc101d,799,8005,1200,0,0,0
brc101d,800,7798,914,0,0,0
brc101d,801,6773,765,0,0,0
brc101d,802,7606,984,0,0,0
brc101d,803,6567,866,0,0,0
brc101d,804,10095,1115,0,0,0
brc101d,805,7552,911,0,0,0
brc101d,806,7784,1049,0,0,0
brc101d,807,7267,789,0,0,0
brc101d,808,6908,952,0,0,0
brc101d,809,7913,828,0,0,0
brc101d,810,6900,691,0,0,0
brc101d,811,9760,1002,0,0,0
brc101d,812,7081,981,0,0,0
brc101d,813,7735,944,0,0,0
brc101d,814,7583,920,0,0,0
brc101d,815,9179,902,0,0,0
brc101d,816,7472,971,0,0,0
brc101d,817,7319,880,0,0,0
brc101d,818,7855,819,0,0,0
brc101d,819,7756,1133,0,0,0
brc101d,820,6968,663,0,0,0
brc101d,821,7169,1004,0,0,0
brc101d,822,7521,1110,0,0,0
brc101d,823,7023,949,0,0,0
brc101d,824,8199,1234,0,0,0
brc101d,825,7424,854,0,0,0
brc101d,826,6866,1193,0,0,0
brc101d,827,8117,1141,0,0,0
brc101d,828,7183,1014,0,0,0
brc101d,829,6408,915,0,0,0
brc101d,830,9172,979,0,0,0
brc101d,831,7939,1081,0,0,0
brc101d,832,6468,910,0,0,0
brc101d,833,6758,711,0,0,0
brc101d,834,7178,1030,0,0,0
brc101d,835,6341,885,0,0,0
brc101d,836,6949,1013,0,0,0
brc101d,837,7678,994,0,0,0
brc101d,838,9215,1057,0,0,0
brc101d,839,6829,1149,0,0,0
brc101d,840,7922,1230,0,0,0
brc101d,841,7002,924,0,0,0
brc101d,842,8902,1016,0,0,0
brc101d,843,8161,827,0,0,0
brc101d,844,7161,683,0,0,0
brc101d,845,7563,1008,0,0,0
brc101d,846,7813,1014,0,0,0
brc101d,847,8728,1137,0,0,0
brc101d,848,10263,1192,0,0,0
brc101d,849,8235,880,0,0,0
brc101d,850,7047,1007,0,0,0
brc101d,851,7936,789,0,0,0
brc101d,852,9221,995,0,0,0
brc101d,853,8024,1171,0,0,0
brc101d,854,7322,757,0,0,0
brc101d,855,9197,1062,0,0,0
brc101d,856,9161,1330,0,0,0
brc101d,857,9308,1186,0,0,0
brc101d,858,9396,1117,0,0,0
brc101d,859,7831,904,0,0,0
brc101d,860,7911,1033,0,0,0
brc101d,861,7999,757,0,0,0
brc101d,862,8136,805,0,0,0
brc101d,863,8059,652,0,0,0
brc101d,864,10487,985,0,0,0
brc101d,865,7946,1076,0,0,0
brc101d,866,10139,1037,0,0,0
brc101d,867,7627,688,0,0,0
brc101d,868,7841,1183,0,0,0
brc101d,869,8457,1021,0,0,0
brc101d,870,8693,1066,0,0,0
brc101d,871,7844,933,0,0,0
brc101d,872,8085,1036,0,0,0
brc101d,873,7532,891,0,0,0
brc101d,874,7506,1012,0,0,0
brc101d,875,7086,1004,0,0,0
brc101d,876,6572,986,0,0,0
brc101d,877,8186,750,0,0,0
brc101d,878,7763,955,0,0,0
brc101d,879,8833,923,0,0,0
brc101d,880,7865,939,0,0,0
brc101d,881,8595,1021,0,0,0
brc101d,882,9466,1192,0,0,0
brc101d,883,7152,859,0,0,0
brc101d,884,8950,1170,0,0,0
brc101d,885,10182,856,0,0,0
brc101d,886,7716,790,0,0,0
brc101d,887,8560,854,0,0,0
brc101d,888,9966,1105,0,0,0
brc101d,889,8862,1261,0,0,0
brc101d,890,9988,1063,0,0,0
brc101d,891,8915,1432,0,0,0
brc101d,892,8604,1054,0,0,0
brc101d,893,9532,1137,0,0,0
brc101d,894,7476,894,0,0,0
brc101d,895,12192,1298,0,0,0
brc101d,896,9295,1153,0,0,0
brc101d,897,9497,1103,0,0,0
brc101d,898,9428,1195,0,0,0
brc101d,899,8927,719,0,0,0
brc101d,900,7610,840,0,0,0
brc101d,901,7457,993,0,0,0
brc101d,902,8564,1117,0,0,0
brc101d,903,7986,715,0,0,0
brc101d,904,7911,1010,0,0,0
brc101d,905,8314,1038,0,0,0
brc101d,906,8333,970,0,0,0
brc101d,907,7528,905,0,0,0
brc101d,908,7491,785,0,0,0
brc101d,909,7148,931,0,0,0
brc101d,910,9970,995,0,0,0
brc101d,911,9100,841,0,0,0
brc101d,912,7942,675,0,0,0
brc101d,913,7657,803,0,0,0
brc101d,914,11324,1203,0,0,0
brc101d,915,8164,1203,0,0,0
brc101d,916,9244,1067,0,0,0
brc101d,917,8167,880,0,0,0
brc101d,918,8276,866,0,0,0
brc101d,919,7268,750,0,0,0
brc101d,920,7447,1082,0,0,0
brc101d,921,9752,1011,0,0,0
brc101d,922,7922,787,0,0,0
brc101d,923,9051,1111,0,0,0
brc101d,924,8776,993,0,0,0
brc101d,925,8081,763,0,0,0
brc101d,926,8014,808,0,0,0
brc101d,927,7765,948,0,0,0
brc101d,928,8838,930,0,0,0
brc101d,929,11154,1206,0,0,0
brc101d,930,8838,851,0,0,0
brc101d,931,11029,1313,0,0,0
brc101d,932,8641,1097,0,0,0
brc101d,933,8457,935,0,0,0
brc101d,934,10586,1137,0,0,0
brc101d,935,10473,1078,0,0,0
brc101d,936,9436,955,0,0,0
brc101d,937,8450,907,0,0,0
brc101d,938,9430,975,0,0,0
brc101d,939,8097,940,0,0,0
brc101d,940,7697,689,0,0,0
brc101d,941,7620,886,0,0,0
brc101d,942,7205,932,0,0,0
brc101d,943,10569,916,0,0,0
brc101d,944,9620,1151,0,0,0
brc101d,945,7474,789,0,0,0
brc101d,946,10598,1132,0,0,0
brc101d,947,9632,1267,0,0,0
brc101d,948,7622,879,0,0,0
brc101d,949,8304,750,0,0,0
brc101d,950,10332,1002,0,0,0
brc101d,951,9006,895,0,0,0
brc101d,952,9229,934,0,0,0
brc101d,953,9939,1236,0,0,0
brc101d,954,8993,1056,0,0,0
brc101d,955,9226,900,0,0,0
brc101d,956,8269,968,0,0,0
brc101d,957,8430,857,0,0,0
brc101d,958,7602,695,0,0,0
brc101d,959,11176,955,0,0,0
brc101d,960,7757,759,0,0,0
brc101d,961,10779,1092,0,0,0
brc101d,962,10499,909,0,0,0
brc101d,963,9703,1107,0,0,0
brc101d,964,8502,848,0,0,0
brc101d,965,9834,958,0,0,0
brc101d,966,8724,1088,0,0,0
brc101d,967,8821,849,0,0,0
brc101d,968,9633,1186,0,0,0
brc101d,969,7679,897,0,0,0
brc101d,970,9437,1072,0,0,0
brc101d,971,11628,1191,0,0,0
brc101d,972,7988,809,0,0,0
brc101d,973,9184,747,0,0,0
brc101d,974,9926,1059,0,0,0
brc101d,975,10688,950,0,0,0
brc101d,976,8902,814,0,0,0
brc101d,977,9454,1048,0,0,0
brc101d,978,8530,661,0,0,0
brc101d,979,8476,979,0,0,0
brc101d,980,8122,789,0,0,0
brc101d,981,9582,1091,0,0,0
brc101d,982,9984,1023,0,0,0
brc101d,983,9401,1124,0,0,0
brc101d,984,8369,919,0,0,0
brc101d,985,7798,731,0,0,0
brc101d,986,8473,1041,0,0,0
brc101d,987,8858,922,0,0,0
brc101d,988,9174,1054,0,0,0
brc101d,989,8956,1071,0,0,0
brc101d,990,9500,1030,0,0,0
brc101d,991,10801,949,0,0,0
brc101d,992,9393,1105,0,0,0
brc101d,993,9436,819,0,0,0
brc101d,994,9531,1011,0,0,0
brc101d,995,8556,957,0,0,0
brc101d,996,9570,1243,0,0,0
brc101d,997,9447,900,0,0,0
brc101d,998,10018,930,0,0,0
brc101d,999,11605,1102,0,0,0
brc101d,1000,8875,1098,0,0,0
brc101d,1001,9610,942,0,0,0
brc101d,1002,11112,983,0,0,0
brc101d,1003,8399,664,0,0,0
brc101d,1004,9538,1228,0,0,0
brc101d,1005,9363,934,0,0,0
brc101d,1006,11299,1519,0,0,0
brc101d,1007,9166,994,0,0,0
brc101d,1008,7791,779,0,0,0
brc101d,1009,9809,1049,0,0,0
brc101d,1010,8415,915,0,0,0
brc101d,1011,9494,943,0,0,0
brc101d,1012,9636,981,0,0,0
brc101d,1013,9976,974,0,0,0
brc101d,1014,12273,1331,0,0,0
brc101d,1015,9008,1052,0,0,0
brc101d,1016,9216,1032,0,0,0
brc101d,1017,9790,1024,0,0,0
brc101d,1018,9100,955,0,0,0
brc101d,1019,9106,1030,0,0,0
brc101d,1020,11566,1123,0,0,0
brc101d,1021,11138,1088,0,0,0
brc101d,1022,9196,835,0,0,0
brc101d,1023,9438,721,0,0,0
brc101d,1024,9133,1051,0,0,0
brc101d,1025,9163,891,0,0,0
brc101d,1026,9266,985,0,0,0
brc101d,1027,8690,900,0,0,0
brc101d,1028,11624,990,0,0,0
brc101d,1029,10695,1003,0,0,0
brc101d,1030,9698,971,0,0,0
brc101d,1031,9740,1027,0,0,0
brc101d,1032,8729,809,0,0,0
brc101d,1033,9640,879,0,0,0
brc101d,1034,8757,952,0,0,0
brc101d,1035,10023,838,0,0,0
brc101d,1036,8322,947,0,0,0
brc101d,1037,8636,690,0,0,0
brc101d,1038,9963,934,0,0,0
brc101d,1039,9099,746,0,0,0
brc101d,1040,9491,950,0,0,0
brc101d,1041,11673,956,0,0,0
brc101d,1042,9974,938,0,0,0
brc101d,1043,9020,911,0,0,0
brc101d,1044,11843,995,0,0,0
brc101d,1045,9317,903,0,0,0
brc101d,1046,9450,817,0,0,0
brc101d,1047,8525,774,0,0,0
brc101d,1048,9729,1118,0,0,0
brc101d,1049,9269,896,0,0,0
brc101d,1050,8280,755,0,0,0
brc101d,1051,10936,1042,0,0,0
brc101d,1052,10847,916,0,0,0
brc101d,1053,9426,772,0,0,0
brc101d,1054,8177,678,0,0,0
brc101d,1055,10689,969,0,0,0
brc101d,1056,10689,827,0,0,0
brc101d,1057,8812,895,0,0,0
brc101d,1058,10805,1013,0,0,0
brc101d,1059,9783,903,0,0,0
brc101d,1060,11930,983,0,0,0
brc101d,1061,11060,889,0,0,0
brc101d,1062,9965,1037,0,0,0
brc101d,1063,10522,1056,0,0,0
brc101d,1064,11554,969,0,0,0
brc101d,1065,10304,1078,0,0,0
brc101d,1066,9937,785,0,0,0
brc101d,1067,9022,760,0,0,0
brc101d,1068,10900,953,0,0,0
brc101d,1069,10432,951,0,0,0
brc101d,1070,11066,908,0,0,0
brc101d,1071,11296,1541,0,0,0
brc101d,1072,10886,964,0,0,0
brc101d,1073,10457,1212,0,0,0
brc101d,1074,10014,1131,0,0,0
brc101d,1075,8922,983,0,0,0
brc101d,1076,9871,845,0,0,0
brc101d,1077,9341,900,0,0,0
brc101d,1078,8958,977,0,0,0
brc101d,1079,10618,1139,0,0,0
brc101d,1080,9263,961,0,0,0
brc101d,1081,8931,952,0,0,0
brc101d,1082,9794,1122,0,0,0
brc101d,1083,11599,1010,0,0,0
brc101d,1084,10576,849,0,0,0
brc101d,1085,9768,1046,0,0,0
brc101d,1086,11973,936,0,0,0
brc101d,1087,10752,1160,0,0,0
brc101d,1088,12112,878,0,0,0
brc101d,1089,11144,872,0,0,0
brc101d,1090,10767,1074,0,0,0
brc101d,1091,10233,1023,0,0,0
brc101d,1092,12268,999,0,0,0
brc101d,1093,10300,972,0,0,0
brc101d,1094,9911,979,0,0,0
brc101d,1095,11798,893,0,0,0
brc101d,1096,11521,891,0,0,0
brc101d,1097,11158,867,0,0,0
brc101d,1098,9944,935,0,0,0
brc101d,1099,11127,1004,0,0,0
brc101d,1100,9617,801,0,0,0
brc101d,1101,10000,1008,0,0,0
brc101d,1102,12027,1063,0,0,0
brc101d,1103,10031,1007,0,0,0
brc101d,1104,10902,911,0,0,0
brc101d,1105,10025,917,0,0,0
brc101d,1106,9247,1069,0,0,0
brc101d,1107,10875,1103,0,0,0
brc101d,1108,11167,1064,0,0,0
brc101d,1109,9067,884,0,0,0
brc101d,1110,10408,951,0,0,0
brc101d,1111,12303,1026,0,0,0
brc101d,1112,11071,867,0,0,0
brc101d,1113,10570,879,0,0,0
brc101d,1114,10421,770,0,0,0
brc101d,1115,10007,733,0,0,0
brc101d,1116,11483,943,0,0,0
brc101d,1117,9363,1019,0,0,0
brc101d,1118,12136,987,0,0,0
brc101d,1119,10534,1136,0,0,0
brc101d,1120,10820,953,0,0,0
brc101d,1121,9412,946,0,0,0
brc101d,1122,10128,979,0,0,0
brc101d,1123,9149,885,0,0,0
brc101d,1124,9456,838,0,0,0
brc101d,1125,9717,819,0,0,0
brc101d,1126,11970,947,0,0,0
brc101d,1127,10761,1037,0,0,0
brc101d,1128,11046,1117,0,0,0
brc101d,1129,10382,689,0,0,0
brc101d,1130,9667,883,0,0,0
brc101d,1131,8872,676,0,0,0
brc101d,1132,12402,1432,0,0,0
brc101d,1133,11208,1087,0,0,0
brc101d,1134,9699,773,0,0,0
brc101d,1135,9264,974,0,0,0
brc101d,1136,9011,826,0,0,0
brc101d,1137,12046,885,0,0,0
brc101d,1138,9588,762,0,0,0
brc101d,1139,11391,1157,0,0,0
brc101d,1140,11021,1094,0,0,0
brc101d,1141,10006,818,0,0,0
brc101d,1142,10537,993,0,0,0
brc101d,1143,12750,985,0,0,0
brc101d,1144,10138,670,0,0,0
brc101d,1145,10106,987,0,0,0
brc101d,1146,11439,997,0,0,0
brc101d,1147,11540,857,0,0,0
brc101d,1148,11969,968,0,0,0
brc101d,1149,12636,959,0,0,0
brc101d,1150,10799,1087,0,0,0
brc101d,1151,10297,767,0,0,0
brc101d,1152,9983,790,0,0,0
brc101d,1153,11647,1088,0,0,0
brc101d,1154,10419,890,0,0,0
brc101d,1155,10917,998,0,0,0
brc101d,1156,10731,676,0,0,0
brc101d,1157,10571,733,0,0,0
brc101d,1158,13338,979,0,0,0
brc101d,1159,10641,702,0,0,0
brc101d,1160,10898,962,0,0,0
brc101d,1161,13075,1144,0,0,0
brc101d,1162,10549,1024,0,0,0
brc101d,1163,11468,999,0,0,0
brc101d,1164,10140,766,0,0,0
brc101d,1165,10876,986,0,0,0
brc101d,1166,11187,968,0,0,0
brc101d,1167,10099,673,0,0,0
brc101d,1168,12863,864,0,0,0
brc101d,1169,11162,747,0,0,0
brc101d,1170,13120,1072,0,0,0
brc101d,1171,11978,1071,0,0,0
brc101d,1172,10705,905,0,0,0
brc101d,1173,11362,1161,0,0,0
brc101d,1174,10400,863,0,0,0
brc101d,1175,13344,982,0,0,0
brc101d,1176,11309,996,0,0,0
brc101d,1177,10999,658,0,0,0
brc101d,1178,11827,1039,0,0,0
brc101d,1179,10834,1077,0,0,0
brc101d,1180,9563,810,0,0,0
brc101d,1181,12775,1054,0,0,0
brc101d,1182,11072,984,0,0,0
brc101d,1183,9657,844,0,0,0
brc101d,1184,10708,973,0,0,0
brc101d,1185,10149,873,0,0,0
brc101d,1186,10218,867,0,0,0
brc101d,1187,11065,1017,0,0,0
brc101d,1188,9824,712,0,0,0
brc101d,1189,11694,1095,0,0,0
brc101d,1190,10520,822,0,0,0
brc101d,1191,13190,1027,0,0,0
brc101d,1192,11824,1002,0,0,0
brc101d,1193,12006,1010,0,0,0
brc101d,1194,12756,1013,0,0,0
brc101d,1195,11113,1013,0,0,0
brc101d,1196,10000,660,0,0,0
brc101d,1197,10575,845,0,0,0
brc101d,1198,10132,736,0,0,0
brc101d,1199,11316,853,0,0,0
brc101d,1200,10056,809,0,0,0
brc101d,1201,12617,988,0,0,0
brc101d,1202,12763,953,0,0,0
brc101d,1203,10753,681,0,0,0
brc101d,1204,10668,704,0,0,0
brc101d,1205,11104,1071,0,0,0
brc101d,1206,12597,926,0,0,0
brc101d,1207,11198,994,0,0,0
brc101d,1208,10944,1042,0,0,0
brc101d,1209,11124,730,0,0,0
brc101d,1210,10217,838,0,0,0
brc101d,1211,12524,1023,0,0,0
brc101d,1212,12138,924,0,0,0
brc101d,1213,13549,1010,0,0,0
brc101d,1214,10781,717,0,0,0
brc101d,1215,9590,758,0,0,0
brc101d,1216,9780,777,0,0,0
brc101d,1217,12321,1013,0,0,0
brc101d,1218,11110,1074,0,0,0
brc101d,1219,13369,1000,0,0,0
brc101d,1220,12585,1077,0,0,0
brc101d,1221,11556,735,0,0,0
brc101d,1222,11303,970,0,0,0
brc101d,1223,12369,1004,0,0,0
brc101d,1224,11728,972,0,0,0
brc101d,1225,10511,914,0,0,0
brc101d,1226,10456,834,0,0,0
brc101d,1227,13942,1095,0,0,0
brc101d,1228,11760,916,0,0,0
brc101d,1229,12974,1092,0,0,0
brc101d,1230,11783,969,0,0,0
brc101d,1231,11419,1080,0,0,0
brc101d,1232,11167,1001,0,0,0
brc101d,1233,11860,918,0,0,0
brc101d,1234,12149,942,0,0,0
brc101d,1235,11082,1011,0,0,0
brc101d,1236,11329,851,0,0,0
brc101d,1237,10596,754,0,0,0
brc101d,1238,12668,986,0,0,0
brc101d,1239,11824,872,0,0,0
brc101d,1240,12665,1070,0,0,0
brc101d,1241,11646,994,0,0,0
brc101d,1242,11378,959,0,0,0
brc101d,1243,12001,1218,0,0,0
brc101d,1244,12609,1137,0,0,0
brc101d,1245,11655,895,0,0,0
brc101d,1246,11014,889,0,0,0
brc101d,1247,10813,770,0,0,0
brc101d,1248,13213,1011,0,0,0
brc101d,1249,11751,1073,0,0,0
brc101d,1250,11145,787,0,0,0
brc101d,1251,13387,903,0,0,0
brc101d,1252,11530,1007,0,0,0
brc101d,1253,12170,910,0,0,0
brc101d,1254,11545,892,0,0,0
brc101d,1255,11337,997,0,0,0
brc101d,1256,11635,1018,0,0,0
brc101d,1257,10629,992,0,0,0
brc101d,1258,13456,912,0,0,0
brc101d,1259,12282,925,0,0,0
brc101d,1260,11823,883,0,0,0
brc101d,1261,12017,896,0,0,0
brc101d,1262,12027,1006,0,0,0
brc101d,1263,11400,767,0,0,0
brc101d,1264,13631,882,0,0,0
brc101d,1265,10895,897,0,0,0
brc101d,1266,10429,857,0,0,0
brc101d,1267,11314,1133,0,0,0
brc101d,1268,10707,755,0,0,0
brc101d,1269,10559,946,0,0,0
brc101d,1270,10800,662,0,0,0
brc101d,1271,13335,999,0,0,0
brc101d,1272,11818,931,0,0,0
brc101d,1273,11065,890,0,0,0
brc101d,1274,12894,999,0,0,0
brc101d,1275,11972,1007,0,0,0
brc101d,1276,12159,1037,0,0,0
brc101d,1277,11720,844,0,0,0
brc101d,1278,10452,786,0,0,0
brc101d,1279,10525,773,0,0,0
brc101d,1280,10886,891,0,0,0
brc101d,1281,10490,747,0,0,0
brc101d,1282,11954,1128,0,0,0
brc101d,1283,12750,891,0,0,0
brc101d,1284,11587,788,0,0,0
brc101d,1285,10230,804,0,0,0
brc101d,1286,13689,988,0,0,0
brc101d,1287,12256,1061,0,0,0
brc101d,1288,12425,1033,0,0,0
brc101d,1289,12309,1078,0,0,0
brc101d,1290,13632,887,0,0,0
brc101d,1291,11813,876,0,0,0
brc101d,1292,12613,1023,0,0,0
brc101d,1293,12785,898,0,0,0
brc101d,1294,11860,1069,0,0,0
brc101d,1295,11998,999,0,0,0
brc101d,1296,11672,973,0,0,0
brc101d,1297,13441,919,0,0,0
brc101d,1298,12228,808,0,0,0
brc101d,1299,12284,1077,0,0,0
brc101d,1300,13036,961,0,0,0
brc101d,1301,13974,1197,0,0,0
brc101d,1302,11394,780,0,0,0
brc101d,1303,10626,964,0,0,0
brc101d,1304,12206,939,0,0,0
brc101d,1305,12204,1007,0,0,0
brc101d,1306,13098,1023,0,0,0
brc101d,1307,11882,901,0,0,0
brc101d,1308,12070,875,0,0,0
brc101d,1309,12056,733,0,0,0
brc101d,1310,13655,1063,0,0,0
brc101d,1311,13227,1037,0,0,0
brc101d,1312,13775,927,0,0,0
brc101d,1313,13475,995,0,0,0
brc101d,1314,12562,973,0,0,0
brc101d,1315,12480,921,0,0,0
brc101d,1316,13780,986,0,0,0
brc101d,1317,13188,903,0,0,0
brc101d,1318,11587,681,0,0,0
brc101d,1319,13387,915,0,0,0
brc101d,1320,11683,776,0,0,0
brc101d,1321,13704,962,0,0,0
brc101d,1322,13095,916,0,0,0
brc101d,1323,13332,1067,0,0,0
brc101d,1324,13813,1039,0,0,0
brc101d,1325,12627,882,0,0,0
brc101d,1326,13825,897,0,0,0
brc101d,1327,11804,1165,0,0,0
brc101d,1328,11079,896,0,0,0
brc101d,1329,12955,723,0,0,0
brc101d,1330,11727,841,0,0,0
brc101d,1331,14807,1104,0,0,0
brc101d,1332,12354,911,0,0,0
brc101d,1333,13543,1043,0,0,0
brc101d,1334,10828,847,0,0,0
brc101d,1335,11379,1072,0,0,0
brc101d,1336,11466,670,0,0,0
brc101d,1337,11615,693,0,0,0
brc101d,1338,13623,898,0,0,0
brc101d,1339,12560,926,0,0,0
brc101d,1340,11377,892,0,0,0
brc101d,1341,12765,978,0,0,0
brc101d,1342,11077,901,0,0,0
brc101d,1343,12181,1067,0,0,0
brc101d,1344,13856,1065,0,0,0
brc101d,1345,11578,980,0,0,0
brc101d,1346,13483,939,0,0,0
brc101d,1347,11197,886,0,0,0
brc101d,1348,11246,1050,0,0,0
brc101d,1349,12894,982,0,0,0
brc101d,1350,14002,1006,0,0,0
brc101d,1351,12238,950,0,0,0
brc101d,1352,11713,956,0,0,0
brc101d,1353,12385,960,0,0,0
brc101d,1354,11058,841,0,0,0
brc101d,1355,13152,970,0,0,0
brc101d,1356,11894,677,0,0,0
brc101d,1357,13307,926,0,0,0
brc101d,1358,12720,969,0,0,0
brc101d,1359,10998,931,0,0,0
brc101d,1360,11931,1033,0,0,0
brc101d,1361,13128,933,0,0,0
brc101d,1362,14435,992,0,0,0
brc101d,1363,13725,1126,0,0,0
brc101d,1364,13244,910,0,0,0
brc101d,1365,13331,880,0,0,0
brc101d,1366,12949,982,0,0,0
brc101d,1367,14203,996,0,0,0
brc101d,1368,12427,855,0,0,0
brc101d,1369,13649,940,0,0,0
brc101d,1370,13155,1085,0,0,0
brc101d,1371,12419,979,0,0,0
brc101d,1372,14395,897,0,0,0
brc101d,1373,13446,1050,0,0,0
brc101d,1374,13038,953,0,0,0
brc101d,1375,12727,976,0,0,0
brc101d,1376,11479,874,0,0,0
brc101d,1377,11821,981,0,0,0
brc101d,1378,13655,830,0,0,0
brc101d,1379,12067,872,0,0,0
brc101d,1380,12033,878,0,0,0
brc101d,1381,11522,965,0,0,0
brc101d,1382,12919,929,0,0,0
brc101d,1383,11763,1007,0,0,0
brc101d,1384,14246,988,0,0,0
brc101d,1385,13810,1038,0,0,0
brc101d,1386,13152,872,0,0,0
brc101d,1387,13444,969,0,0,0
brc101d,1388,12276,1038,0,0,0
brc101d,1389,14486,916,0,0,0
brc101d,1390,14430,1101,0,0,0
brc101d,1391,12465,866,0,0,0
brc101d,1392,13135,894,0,0,0
brc101d,1393,12034,1035,0,0,0
brc101d,1394,13928,887,0,0,0
brc101d,1395,12593,910,0,0,0
brc101d,1396,12398,1002,0,0,0
brc101d,1397,14043,999,0,0,0
brc101d,1398,13199,1004,0,0,0
brc101d,1399,12355,886,0,0,0
brc101d,1400,14223,859,0,0,0
brc101d,1401,12597,931,0,0,0
brc101d,1402,15417,1057,0,0,0
brc101d,1403,12557,965,0,0,0
brc101d,1404,14419,915,0,0,0
brc101d,1405,12442,902,0,0,0
brc101d,1406,14267,910,0,0,0
brc101d,1407,14254,1059,0,0,0
brc101d,1408,13565,911,0,0,0
brc101d,1409,13379,794,0,0,0
brc101d,1410,12914,984,0,0,0
brc101d,1411,13923,956,0,0,0
brc101d,1412,13497,864,0,0,0
brc101d,1413,14002,904,0,0,0
brc101d,1414,13864,1029,0,0,0
brc101d,1415,13596,1055,0,0,0
brc101d,1416,13956,911,0,0,0
brc101d,1417,13245,859,0,0,0
brc101d,1418,12738,905,0,0,0
brc101d,1419,12976,931,0,0,0
brc101d,1420,13285,843,0,0,0
brc101d,1421,13853,985,0,0,0
brc101d,1422,13818,908,0,0,0
brc101d,1423,13623,867,0,0,0
brc101d,1424,13489,914,0,0,0
brc101d,1425,13689,957,0,0,0
brc101d,1426,13301,938,0,0,0
brc101d,1427,13553,874,0,0,0
brc101d,1428,13200,1018,0,0,0
brc101d,1429,15383,1020,0,0,0
brc101d,1430,13565,1025,0,0,0
brc101d,1431,14562,899,0,0,0
brc101d,1432,14342,1065,0,0,0
brc101d,1433,13829,947,0,0,0
brc101d,1434,14014,1003,0,0,0
brc101d,1435,13466,940,0,0,0
brc101d,1436,13246,892,0,0,0
brc101d,1437,13247,1006,0,0,0
brc101d,1438,13874,977,0,0,0
brc101d,1439,13258,1093,0,0,0
brc101d,1440,13195,1125,0,0,0
brc101d,1441,14057,864,0,0,0
brc101d,1442,13431,986,0,0,0
brc101d,1443,13434,969,0,0,0
brc101d,1444,14198,963,0,0,0
brc101d,1445,13812,901,0,0,0
brc101d,1446,12892,938,0,0,0
brc101d,1447,12869,953,0,0,0
brc101d,1448,14163,946,0,0,0
brc101d,1449,12390,955,0,0,0
brc101d,1450,14562,879,0,0,0
brc101d,1451,14011,940,0,0,0
brc101d,1452,15009,983,0,0,0
brc101d,1453,14460,936,0,0,0
brc101d,1454,14586,959,0,0,0
brc101d,1455,14635,989,0,0,0
brc101d,1456,14471,1119,0,0,0
brc101d,1457,13629,1144,0,0,0
brc101d,1458,15259,958,0,0,0
brc101d,1459,14128,916,0,0,0
brc101d,1460,14443,918,0,0,0
brc101d,1461,13444,1004,0,0,0
brc101d,1462,14444,934,0,0,0
brc101d,1463,14386,960,0,0,0
brc101d,1464,14187,987,0,0,0
brc101d,1465,15756,957,0,0,0
brc101d,1466,13761,1016,0,0,0
brc101d,1467,15361,918,0,0,0
brc101d,1468,13615,1122,0,0,0
brc101d,1469,12644,943,0,0,0
brc101d,1470,15016,951,0,0,0
brc101d,1471,13171,959,0,0,0
brc101d,1472,15256,948,0,0,0
brc101d,1473,14664,1002,0,0,0
brc101d,1474,14030,902,0,0,0
brc101d,1475,13340,875,0,0,0
brc101d,1476,14444,913,0,0,0
brc101d,1477,14433,942,0,0,0
brc101d,1478,14781,901,0,0,0
brc101d,1479,13857,1058,0,0,0
brc101d,1480,16220,994,0,0,0
brc101d,1481,14837,929,0,0,0
brc101d,1482,13960,865,0,0,0
brc101d,1483,13888,981,0,0,0
brc101d,1484,14766,1010,0,0,0
brc101d,1485,13300,921,0,0,0
brc101d,1486,14841,909,0,0,0
brc101d,1487,14129,854,0,0,0
brc101d,1488,13509,926,0,0,0
brc101d,1489,13146,957,0,0,0
brc101d,1490,14582,897,0,0,0
brc101d,1491,13687,1053,0,0,0
brc101d,1492,15239,953,0,0,0
brc101d,1493,14290,986,0,0,0
brc101d,1494,13762,1060,0,0,0
brc101d,1495,13515,1069,0,0,0
brc101d,1496,14472,810,0,0,0
brc101d,1497,14801,862,0,0,0
brc101d,1498,14982,917,0,0,0
brc101d,1499,14416,915,0,0,0
brc101d,1500,15340,869,0,0,0
brc101d,1501,13971,980,0,0,0
brc101d,1502,15783,898,0,0,0
brc101d,1503,13902,925,0,0,0
brc101d,1504,12913,842,0,0,0
brc101d,1505,12749,809,0,0,0
brc101d,1506,15068,788,0,0,0
brc101d,1507,14676,919,0,0,0
brc101d,1508,14914,999,0,0,0
brc101d,1509,14581,895,0,0,0
brc101d,1510,13735,957,0,0,0
brc101d,1511,15179,885,0,0,0
brc101d,1512,14561,956,0,0,0
brc101d,1513,14281,838,0,0,0
brc101d,1514,14041,1006,0,0,0
brc101d,1515,15128,943,0,0,0
brc101d,1516,14547,863,0,0,0
brc101d,1517,14351,1021,0,0,0
brc101d,1518,15165,852,0,0,0
brc101d,1519,13727,979,0,0,0
brc101d,1520,13030,897,0,0,0
brc101d,1521,15745,1006,0,0,0
brc101d,1522,14892,797,0,0,0
brc101d,1523,14714,837,0,0,0
brc101d,1524,14321,794,0,0,0
brc101d,1525,14411,817,0,0,0
brc101d,1526,14193,939,0,0,0
brc101d,1527,15555,747,0,0,0
brc101d,1528,14202,977,0,0,0
brc101d,1529,13495,936,0,0,0
brc101d,1530,13822,897,0,0,0
brc101d,1531,16001,850,0,0,0
brc101d,1532,14611,933,0,0,0
brc101d,1533,15070,814,0,0,0
brc101d,1534,14105,964,0,0,0
brc101d,1535,15313,823,0,0,0
brc101d,1536,13878,946,0,0,0
brc101d,1537,15411,899,0,0,0
brc101d,1538,15182,845,0,0,0
brc101d,1539,14449,882,0,0,0
brc101d,1540,14364,841,0,0,0
brc101d,1541,14121,911,0,0,0
brc101d,1542,13641,909,0,0,0
brc101d,1543,15202,810,0,0,0
brc101d,1544,14564,791,0,0,0
brc101d,1545,14288,917,0,0,0
brc101d,1546,15582,839,0,0,0
brc101d,1547,14486,772,0,0,0
brc101d,1548,14751,955,0,0,0
brc101d,1549,15001,869,0,0,0
brc101d,1550,14087,907,0,0,0
brc101d,1551,15383,831,0,0,0
brc101d,1552,14781,817,0,0,0
brc101d,1553,15701,951,0,0,0
brc101d,1554,15018,862,0,0,0
brc101d,1555,14518,817,0,0,0
brc101d,1556,14680,909,0,0,0
brc101d,1557,14203,1027,0,0,0
brc101d,1558,13200,865,0,0,0
brc101d,1559,15775,849,0,0,0
brc101d,1560,14756,915,0,0,0
brc101d,1561,16281,988,0,0,0
brc101d,1562,15611,818,0,0,0
brc101d,1563,15201,878,0,0,0
brc101d,1564,15156,896,0,0,0
brc101d,1565,15224,929,0,0,0
brc101d,1566,15172,836,0,0,0
brc101d,1567,14806,919,0,0,0
brc101d,1568,15641,790,0,0,0
brc101d,1569,14358,849,0,0,0
