map,scenid,total-src,20move-src,distance,path_size,hLevel
brc200d,0,483,461,0,0,0
brc200d,1,574,532,0,0,0
brc200d,2,479,487,0,0,0
brc200d,3,467,457,0,0,0
brc200d,4,410,408,0,0,0
brc200d,5,350,348,0,0,0
brc200d,6,454,370,0,0,0
brc200d,7,455,476,0,0,0
brc200d,8,596,628,0,0,0
brc200d,9,455,439,0,0,0
brc200d,10,632,534,0,0,0
brc200d,11,593,599,0,0,0
brc200d,12,504,546,0,0,0
brc200d,13,441,444,0,0,0
brc200d,14,470,530,0,0,0
brc200d,15,458,426,0,0,0
brc200d,16,430,442,0,0,0
brc200d,17,470,419,0,0,0
brc200d,18,605,467,0,0,0
brc200d,19,431,458,0,0,0
brc200d,20,579,526,0,0,0
brc200d,21,582,522,0,0,0
brc200d,22,538,478,0,0,0
brc200d,23,1081,995,0,0,0
brc200d,24,621,646,0,0,0
brc200d,25,1296,1296,0,0,0
brc200d,26,456,467,0,0,0
brc200d,27,575,629,0,0,0
brc200d,28,492,470,0,0,0
brc200d,29,443,450,0,0,0
brc200d,30,985,979,0,0,0
brc200d,31,797,772,0,0,0
brc200d,32,522,532,0,0,0
brc200d,33,847,935,0,0,0
brc200d,34,1287,1235,0,0,0
brc200d,35,584,571,0,0,0
brc200d,36,486,483,0,0,0
brc200d,37,676,649,0,0,0
brc200d,38,731,918,0,0,0
brc200d,39,538,544,0,0,0
brc200d,40,957,992,0,0,0
brc200d,41,1318,1672,0,0,0
brc200d,42,773,719,0,0,0
brc200d,43,1120,1107,0,0,0
brc200d,44,581,632,0,0,0
brc200d,45,850,860,0,0,0
brc200d,46,1404,1551,0,0,0
brc200d,47,568,557,0,0,0
brc200d,48,687,660,0,0,0
brc200d,49,1250,1492,0,0,0
brc200d,50,905,858,0,0,0
brc200d,51,1120,1313,0,0,0
brc200d,52,920,1008,0,0,0
brc200d,53,554,543,0,0,0
brc200d,54,590,558,0,0,0
brc200d,55,948,922,0,0,0
brc200d,56,1285,1295,0,0,0
brc200d,57,1184,1204,0,0,0
brc200d,58,558,597,0,0,0
brc200d,59,1040,984,0,0,0
brc200d,60,997,981,0,0,0
brc200d,61,1452,1529,0,0,0
brc200d,62,1737,1414,0,0,0
brc200d,63,902,877,0,0,0
brc200d,64,1234,1256,0,0,0
brc200d,65,1141,1033,0,0,0
brc200d,66,1449,1199,0,0,0
brc200d,67,1220,1249,0,0,0
brc200d,68,1663,1614,0,0,0
brc200d,69,1498,1525,0,0,0
brc200d,70,1699,1384,0,0,0
brc200d,71,1385,1095,0,0,0
brc200d,72,1327,1371,0,0,0
brc200d,73,1614,1126,0,0,0
brc200d,74,785,838,0,0,0
brc200d,75,1113,1015,0,0,0
brc200d,76,1213,968,0,0,0
brc200d,77,1305,998,0,0,0
brc200d,78,1458,1484,0,0,0
brc200d,79,1448,1036,0,0,0
brc200d,80,1374,940,0,0,0
brc200d,81,1531,1090,0,0,0
brc200d,82,1297,1072,0,0,0
brc200d,83,1539,1080,0,0,0
brc200d,84,1066,926,0,0,0
brc200d,85,1577,985,0,0,0
brc200d,86,1991,1949,0,0,0
brc200d,87,1324,957,0,0,0
brc200d,88,2178,1476,0,0,0
brc200d,89,1233,1047,0,0,0
brc200d,90,987,779,0,0,0
brc200d,91,1257,947,0,0,0
brc200d,92,1423,1181,0,0,0
brc200d,93,1352,1048,0,0,0
brc200d,94,1196,771,0,0,0
brc200d,95,1649,1800,0,0,0
brc200d,96,740,577,0,0,0
brc200d,97,1049,777,0,0,0
brc200d,98,1399,1285,0,0,0
brc200d,99,1273,925,0,0,0
brc200d,100,1613,916,0,0,0
brc200d,101,1089,774,0,0,0
brc200d,102,1888,1174,0,0,0
brc200d,103,1905,1176,0,0,0
brc200d,104,2190,2315,0,0,0
brc200d,105,766,603,0,0,0
brc200d,106,1044,789,0,0,0
brc200d,107,1252,879,0,0,0
brc200d,108,2261,1460,0,0,0
brc200d,109,1291,757,0,0,0
brc200d,110,1568,1277,0,0,0
brc200d,111,1798,1199,0,0,0
brc200d,112,2284,1689,0,0,0
brc200d,113,2092,1595,0,0,0
brc200d,114,1875,1498,0,0,0
brc200d,115,2126,986,0,0,0
brc200d,116,1798,1069,0,0,0
brc200d,117,1537,1204,0,0,0
brc200d,118,1347,806,0,0,0
brc200d,119,2272,1405,0,0,0
brc200d,120,1673,1226,0,0,0
brc200d,121,1821,1163,0,0,0
brc200d,122,1494,924,0,0,0
brc200d,123,1329,858,0,0,0
brc200d,124,1364,759,0,0,0
brc200d,125,1439,991,0,0,0
brc200d,126,2200,1280,0,0,0
brc200d,127,2255,1580,0,0,0
brc200d,128,1631,1074,0,0,0
brc200d,129,1947,1085,0,0,0
brc200d,130,1510,797,0,0,0
brc200d,131,1605,908,0,0,0
brc200d,132,3152,1794,0,0,0
brc200d,133,2126,1199,0,0,0
brc200d,134,1978,1048,0,0,0
brc200d,135,1342,900,0,0,0
brc200d,136,1574,942,0,0,0
brc200d,137,851,626,0,0,0
brc200d,138,3146,1819,0,0,0
brc200d,139,2886,1821,0,0,0
brc200d,140,1869,1326,0,0,0
brc200d,141,1804,912,0,0,0
brc200d,142,1839,997,0,0,0
brc200d,143,1400,803,0,0,0
brc200d,144,1972,878,0,0,0
brc200d,145,1738,1026,0,0,0
brc200d,146,2774,908,0,0,0
brc200d,147,1543,913,0,0,0
brc200d,148,1936,825,0,0,0
brc200d,149,1701,885,0,0,0
brc200d,150,2246,1095,0,0,0
brc200d,151,1647,999,0,0,0
brc200d,152,1608,926,0,0,0
brc200d,153,3197,1555,0,0,0
brc200d,154,2152,1155,0,0,0
brc200d,155,2171,872,0,0,0
brc200d,156,1940,795,0,0,0
brc200d,157,1693,895,0,0,0
brc200d,158,2633,1096,0,0,0
brc200d,159,3075,1501,0,0,0
brc200d,160,2292,942,0,0,0
brc200d,161,1708,776,0,0,0
brc200d,162,2759,1166,0,0,0
brc200d,163,2620,1126,0,0,0
brc200d,164,1952,860,0,0,0
brc200d,165,2713,1450,0,0,0
brc200d,166,1825,939,0,0,0
brc200d,167,1733,795,0,0,0
brc200d,168,2450,1142,0,0,0
brc200d,169,1789,778,0,0,0
brc200d,170,3033,1242,0,0,0
brc200d,171,3299,1568,0,0,0
brc200d,172,1655,709,0,0,0
brc200d,173,3198,1663,0,0,0
brc200d,174,1787,784,0,0,0
brc200d,175,2837,1191,0,0,0
brc200d,176,3317,1125,0,0,0
brc200d,177,1914,712,0,0,0
brc200d,178,2277,873,0,0,0
brc200d,179,2385,933,0,0,0
brc200d,180,1950,788,0,0,0
brc200d,181,3665,1907,0,0,0
brc200d,182,3215,1405,0,0,0
brc200d,183,3523,1680,0,0,0
brc200d,184,1835,1073,0,0,0
brc200d,185,2761,1508,0,0,0
brc200d,186,2493,835,0,0,0
brc200d,187,2297,1022,0,0,0
brc200d,188,2605,1112,0,0,0
brc200d,189,2046,965,0,0,0
brc200d,190,3040,1156,0,0,0
brc200d,191,2245,861,0,0,0
brc200d,192,2844,1137,0,0,0
brc200d,193,2267,817,0,0,0
brc200d,194,3317,1343,0,0,0
brc200d,195,3184,1298,0,0,0
brc200d,196,3244,1438,0,0,0
brc200d,197,2300,892,0,0,0
brc200d,198,2318,876,0,0,0
brc200d,199,3179,1148,0,0,0
brc200d,200,1945,837,0,0,0
brc200d,201,2401,1179,0,0,0
brc200d,202,2573,961,0,0,0
brc200d,203,2811,868,0,0,0
brc200d,204,1976,763,0,0,0
brc200d,205,1412,1065,0,0,0
brc200d,206,2435,1062,0,0,0
brc200d,207,2154,863,0,0,0
brc200d,208,1634,707,0,0,0
brc200d,209,3311,1139,0,0,0
brc200d,210,2767,1216,0,0,0
brc200d,211,2157,851,0,0,0
brc200d,212,4114,1503,0,0,0
brc200d,213,2490,757,0,0,0
brc200d,214,3656,1149,0,0,0
brc200d,215,2433,1180,0,0,0
brc200d,216,3211,1341,0,0,0
brc200d,217,3279,1446,0,0,0
brc200d,218,2770,1045,0,0,0
brc200d,219,4139,1878,0,0,0
brc200d,220,2327,770,0,0,0
brc200d,221,2601,833,0,0,0
brc200d,222,4467,1400,0,0,0
brc200d,223,3806,1292,0,0,0
brc200d,224,3868,1323,0,0,0
brc200d,225,2352,877,0,0,0
brc200d,226,2566,1023,0,0,0
brc200d,227,3126,1215,0,0,0
brc200d,228,1721,782,0,0,0
brc200d,229,2201,754,0,0,0
brc200d,230,4964,1616,0,0,0
brc200d,231,2102,723,0,0,0
brc200d,232,2832,1255,0,0,0
brc200d,233,2658,1198,0,0,0
brc200d,234,2654,866,0,0,0
brc200d,235,3609,1095,0,0,0
brc200d,236,3719,1429,0,0,0
brc200d,237,3793,1516,0,0,0
brc200d,238,2034,768,0,0,0
brc200d,239,3052,1027,0,0,0
brc200d,240,3573,1095,0,0,0
brc200d,241,2855,910,0,0,0
brc200d,242,4386,907,0,0,0
brc200d,243,2420,1083,0,0,0
brc200d,244,2630,939,0,0,0
brc200d,245,2555,771,0,0,0
brc200d,246,2963,1020,0,0,0
brc200d,247,3675,1324,0,0,0
brc200d,248,2962,924,0,0,0
brc200d,249,3528,1016,0,0,0
brc200d,250,2506,775,0,0,0
brc200d,251,3722,1038,0,0,0
brc200d,252,2997,771,0,0,0
brc200d,253,2533,851,0,0,0
brc200d,254,2980,943,0,0,0
brc200d,255,2666,1137,0,0,0
brc200d,256,2449,666,0,0,0
brc200d,257,4981,1472,0,0,0
brc200d,258,3471,1077,0,0,0
brc200d,259,2743,815,0,0,0
brc200d,260,3098,1109,0,0,0
brc200d,261,2693,973,0,0,0
brc200d,262,2917,838,0,0,0
brc200d,263,4174,1129,0,0,0
brc200d,264,3040,768,0,0,0
brc200d,265,2619,777,0,0,0
brc200d,266,3333,1349,0,0,0
brc200d,267,3056,1790,0,0,0
brc200d,268,2452,1145,0,0,0
brc200d,269,4347,956,0,0,0
brc200d,270,2878,691,0,0,0
brc200d,271,4425,1607,0,0,0
brc200d,272,3075,916,0,0,0
brc200d,273,2710,795,0,0,0
brc200d,274,4279,1339,0,0,0
brc200d,275,3238,908,0,0,0
brc200d,276,2136,756,0,0,0
brc200d,277,3402,1007,0,0,0
brc200d,278,4155,1400,0,0,0
brc200d,279,2613,925,0,0,0
brc200d,280,3526,1204,0,0,0
brc200d,281,4226,1140,0,0,0
brc200d,282,4765,1476,0,0,0
brc200d,283,3583,1238,0,0,0
brc200d,284,3434,719,0,0,0
brc200d,285,3206,805,0,0,0
brc200d,286,3479,980,0,0,0
brc200d,287,4004,984,0,0,0
brc200d,288,3677,1246,0,0,0
brc200d,289,2791,866,0,0,0
brc200d,290,2636,1087,0,0,0
brc200d,291,4269,1517,0,0,0
brc200d,292,2980,714,0,0,0
brc200d,293,2928,959,0,0,0
brc200d,294,3326,1274,0,0,0
brc200d,295,3750,895,0,0,0
brc200d,296,4430,1231,0,0,0
brc200d,297,4685,1342,0,0,0
brc200d,298,3253,1403,0,0,0
brc200d,299,2899,763,0,0,0
brc200d,300,5877,1968,0,0,0
brc200d,301,3932,1098,0,0,0
brc200d,302,4608,1509,0,0,0
brc200d,303,3811,1033,0,0,0
brc200d,304,2874,915,0,0,0
brc200d,305,3964,1109,0,0,0
brc200d,306,3568,958,0,0,0
brc200d,307,3748,992,0,0,0
brc200d,308,2810,1023,0,0,0
brc200d,309,3360,724,0,0,0
brc200d,310,3409,772,0,0,0
brc200d,311,4312,1000,0,0,0
brc200d,312,5652,1395,0,0,0
brc200d,313,4801,1202,0,0,0
brc200d,314,4211,1035,0,0,0
brc200d,315,3432,781,0,0,0
brc200d,316,3414,1156,0,0,0
brc200d,317,3450,820,0,0,0
brc200d,318,3902,975,0,0,0
brc200d,319,2903,694,0,0,0
brc200d,320,4296,1027,0,0,0
brc200d,321,3274,1036,0,0,0
brc200d,322,5718,1164,0,0,0
brc200d,323,3399,1114,0,0,0
brc200d,324,3353,1082,0,0,0
brc200d,325,4211,941,0,0,0
brc200d,326,2705,888,0,0,0
brc200d,327,4238,1150,0,0,0
brc200d,328,3877,1051,0,0,0
brc200d,329,3812,1020,0,0,0
brc200d,330,3424,722,0,0,0
brc200d,331,2596,717,0,0,0
brc200d,332,3743,925,0,0,0
brc200d,333,2708,800,0,0,0
brc200d,334,3710,989,0,0,0
brc200d,335,2971,921,0,0,0
brc200d,336,4970,1365,0,0,0
brc200d,337,3895,1060,0,0,0
brc200d,338,4707,1163,0,0,0
brc200d,339,3927,892,0,0,0
brc200d,340,3882,1021,0,0,0
brc200d,341,3193,1014,0,0,0
brc200d,342,3125,1071,0,0,0
brc200d,343,3546,984,0,0,0
brc200d,344,3025,734,0,0,0
brc200d,345,5468,1444,0,0,0
brc200d,346,3762,938,0,0,0
brc200d,347,3947,854,0,0,0
brc200d,348,4585,1318,0,0,0
brc200d,349,3594,915,0,0,0
brc200d,350,4976,1334,0,0,0
brc200d,351,4645,988,0,0,0
brc200d,352,5564,1385,0,0,0
brc200d,353,4431,1462,0,0,0
brc200d,354,4368,972,0,0,0
brc200d,355,4193,987,0,0,0
brc200d,356,4172,1034,0,0,0
brc200d,357,4002,1172,0,0,0
brc200d,358,5923,1167,0,0,0
brc200d,359,4880,1123,0,0,0
brc200d,360,3487,751,0,0,0
brc200d,361,3645,807,0,0,0
brc200d,362,3312,837,0,0,0
brc200d,363,4642,941,0,0,0
brc200d,364,4427,945,0,0,0
brc200d,365,4503,1048,0,0,0
brc200d,366,4651,906,0,0,0
brc200d,367,3205,1023,0,0,0
brc200d,368,3161,709,0,0,0
brc200d,369,4387,1039,0,0,0
brc200d,370,3644,1115,0,0,0
brc200d,371,3020,877,0,0,0
brc200d,372,3025,799,0,0,0
brc200d,373,4630,964,0,0,0
brc200d,374,4950,1533,0,0,0
brc200d,375,4774,1042,0,0,0
brc200d,376,4364,1037,0,0,0
brc200d,377,4505,927,0,0,0
brc200d,378,4691,1237,0,0,0
brc200d,379,3930,956,0,0,0
brc200d,380,3700,758,0,0,0
brc200d,381,4856,1374,0,0,0
brc200d,382,7075,1590,0,0,0
brc200d,383,6177,1642,0,0,0
brc200d,384,4114,978,0,0,0
brc200d,385,4827,1034,0,0,0
brc200d,386,5653,1554,0,0,0
brc200d,387,4410,940,0,0,0
brc200d,388,3495,742,0,0,0
brc200d,389,3889,959,0,0,0
brc200d,390,5102,1052,0,0,0
brc200d,391,5832,1518,0,0,0
brc200d,392,4325,1053,0,0,0
brc200d,393,5030,1384,0,0,0
brc200d,394,5099,1466,0,0,0
brc200d,395,5353,1487,0,0,0
brc200d,396,4063,1244,0,0,0
brc200d,397,3964,856,0,0,0
brc200d,398,5554,1368,0,0,0
brc200d,399,5053,1398,0,0,0
brc200d,400,3731,997,0,0,0
brc200d,401,5729,958,0,0,0
brc200d,402,5843,1517,0,0,0
brc200d,403,3796,1118,0,0,0
brc200d,404,5074,950,0,0,0
brc200d,405,4229,966,0,0,0
brc200d,406,4724,1117,0,0,0
brc200d,407,4145,869,0,0,0
brc200d,408,4273,866,0,0,0
brc200d,409,3629,919,0,0,0
brc200d,410,3254,915,0,0,0
brc200d,411,4195,871,0,0,0
brc200d,412,4023,816,0,0,0
brc200d,413,4879,899,0,0,0
brc200d,414,5273,951,0,0,0
brc200d,415,3796,789,0,0,0
brc200d,416,4130,1180,0,0,0
brc200d,417,5390,1097,0,0,0
brc200d,418,3800,890,0,0,0
brc200d,419,4085,881,0,0,0
brc200d,420,3475,743,0,0,0
brc200d,421,4076,936,0,0,0
brc200d,422,3644,881,0,0,0
brc200d,423,3519,837,0,0,0
brc200d,424,4641,950,0,0,0
brc200d,425,4305,860,0,0,0
brc200d,426,5542,1299,0,0,0
brc200d,427,5839,1449,0,0,0
brc200d,428,4415,881,0,0,0
brc200d,429,3855,964,0,0,0
brc200d,430,4153,793,0,0,0
brc200d,431,4194,888,0,0,0
brc200d,432,3805,710,0,0,0
brc200d,433,3869,765,0,0,0
brc200d,434,4330,970,0,0,0
brc200d,435,4700,1331,0,0,0
brc200d,436,5444,1022,0,0,0
brc200d,437,5869,943,0,0,0
brc200d,438,3659,841,0,0,0
brc200d,439,5100,1124,0,0,0
brc200d,440,4071,788,0,0,0
brc200d,441,3807,871,0,0,0
brc200d,442,7980,1627,0,0,0
brc200d,443,3833,1156,0,0,0
brc200d,444,3894,688,0,0,0
brc200d,445,4941,1001,0,0,0
brc200d,446,6649,1216,0,0,0
brc200d,447,4343,996,0,0,0
brc200d,448,6739,1658,0,0,0
brc200d,449,5631,961,0,0,0
brc200d,450,3478,839,0,0,0
brc200d,451,4687,817,0,0,0
brc200d,452,3542,1002,0,0,0
brc200d,453,6365,1018,0,0,0
brc200d,454,4980,818,0,0,0
brc200d,455,4290,887,0,0,0
brc200d,456,5980,1109,0,0,0
brc200d,457,4012,756,0,0,0
brc200d,458,3279,955,0,0,0
brc200d,459,6154,1164,0,0,0
brc200d,460,8238,1466,0,0,0
brc200d,461,6105,843,0,0,0
brc200d,462,4688,1262,0,0,0
brc200d,463,4343,822,0,0,0
brc200d,464,7826,1338,0,0,0
brc200d,465,5871,1010,0,0,0
brc200d,466,4952,880,0,0,0
brc200d,467,5798,1126,0,0,0
brc200d,468,3955,1015,0,0,0
brc200d,469,4609,991,0,0,0
brc200d,470,4585,779,0,0,0
brc200d,471,5584,949,0,0,0
brc200d,472,5937,924,0,0,0
brc200d,473,5828,1572,0,0,0
brc200d,474,4443,808,0,0,0
brc200d,475,3937,852,0,0,0
brc200d,476,5138,988,0,0,0
brc200d,477,6170,1003,0,0,0
brc200d,478,7599,1284,0,0,0
brc200d,479,4626,985,0,0,0
brc200d,480,4874,824,0,0,0
brc200d,481,7143,1169,0,0,0
brc200d,482,4874,808,0,0,0
brc200d,483,4350,870,0,0,0
brc200d,484,6158,1440,0,0,0
brc200d,485,6573,1056,0,0,0
brc200d,486,5692,878,0,0,0
brc200d,487,8137,724,0,0,0
brc200d,488,4827,858,0,0,0
brc200d,489,3933,819,0,0,0
brc200d,490,5234,1193,0,0,0
brc200d,491,4874,688,0,0,0
brc200d,492,6189,959,0,0,0
brc200d,493,4524,948,0,0,0
brc200d,494,4801,797,0,0,0
brc200d,495,5651,958,0,0,0
brc200d,496,4000,1082,0,0,0
brc200d,497,5309,832,0,0,0
brc200d,498,5497,1333,0,0,0
brc200d,499,4822,827,0,0,0
brc200d,500,4398,787,0,0,0
brc200d,501,4772,1075,0,0,0
brc200d,502,4774,841,0,0,0
brc200d,503,4382,781,0,0,0
brc200d,504,4499,848,0,0,0
brc200d,505,4696,815,0,0,0
brc200d,506,4177,904,0,0,0
brc200d,507,4712,1118,0,0,0
brc200d,508,6435,988,0,0,0
brc200d,509,3699,934,0,0,0
brc200d,510,5415,949,0,0,0
brc200d,511,6118,933,0,0,0
brc200d,512,4679,734,0,0,0
brc200d,513,5296,692,0,0,0
brc200d,514,3971,765,0,0,0
brc200d,515,5030,825,0,0,0
brc200d,516,4129,740,0,0,0
brc200d,517,4287,1010,0,0,0
brc200d,518,4079,751,0,0,0
brc200d,519,3752,692,0,0,0
brc200d,520,4708,761,0,0,0
brc200d,521,6819,1183,0,0,0
brc200d,522,5564,1182,0,0,0
brc200d,523,4805,831,0,0,0
brc200d,524,5473,948,0,0,0
brc200d,525,5900,1159,0,0,0
brc200d,526,4482,971,0,0,0
brc200d,527,5203,1147,0,0,0
brc200d,528,4615,839,0,0,0
brc200d,529,5472,1053,0,0,0
brc200d,530,5698,974,0,0,0
brc200d,531,5296,1054,0,0,0
brc200d,532,4547,880,0,0,0
brc200d,533,4582,758,0,0,0
brc200d,534,5270,1074,0,0,0
brc200d,535,5861,943,0,0,0
brc200d,536,6641,1071,0,0,0
brc200d,537,4791,1099,0,0,0
brc200d,538,4696,708,0,0,0
brc200d,539,3894,875,0,0,0
brc200d,540,6478,1075,0,0,0
brc200d,541,5081,954,0,0,0
brc200d,542,5212,1106,0,0,0
brc200d,543,5324,700,0,0,0
brc200d,544,4750,1307,0,0,0
brc200d,545,4230,778,0,0,0
brc200d,546,5623,847,0,0,0
brc200d,547,4357,672,0,0,0
brc200d,548,4831,780,0,0,0
brc200d,549,6029,1029,0,0,0
brc200d,550,6231,992,0,0,0
brc200d,551,5107,766,0,0,0
brc200d,552,6570,1159,0,0,0
brc200d,553,5390,1059,0,0,0
brc200d,554,4750,698,0,0,0
brc200d,555,5008,994,0,0,0
brc200d,556,5031,1116,0,0,0
brc200d,557,5163,687,0,0,0
brc200d,558,5504,706,0,0,0
brc200d,559,4841,803,0,0,0
brc200d,560,6093,1028,0,0,0
brc200d,561,4223,701,0,0,0
brc200d,562,4133,697,0,0,0
brc200d,563,4982,1040,0,0,0
brc200d,564,5246,849,0,0,0
brc200d,565,4873,969,0,0,0
brc200d,566,5027,753,0,0,0
brc200d,567,5080,729,0,0,0
brc200d,568,5637,1062,0,0,0
brc200d,569,6811,1013,0,0,0
brc200d,570,5104,611,0,0,0
brc200d,571,5277,870,0,0,0
brc200d,572,4533,1004,0,0,0
brc200d,573,5330,730,0,0,0
brc200d,574,5243,863,0,0,0
brc200d,575,5101,823,0,0,0
brc200d,576,4696,713,0,0,0
brc200d,577,4708,681,0,0,0
brc200d,578,5019,871,0,0,0
brc200d,579,5771,993,0,0,0
brc200d,580,6088,1033,0,0,0
brc200d,581,7347,1017,0,0,0
brc200d,582,5703,865,0,0,0
brc200d,583,6811,1036,0,0,0
brc200d,584,5320,924,0,0,0
brc200d,585,6112,1035,0,0,0
brc200d,586,5078,749,0,0,0
brc200d,587,4608,725,0,0,0
brc200d,588,4124,713,0,0,0
brc200d,589,5193,766,0,0,0
brc200d,590,4532,601,0,0,0
brc200d,591,6194,1034,0,0,0
brc200d,592,5747,1105,0,0,0
brc200d,593,5969,1023,0,0,0
brc200d,594,5098,1024,0,0,0
brc200d,595,5246,865,0,0,0
brc200d,596,5922,910,0,0,0
brc200d,597,4994,872,0,0,0
brc200d,598,4658,882,0,0,0
brc200d,599,5719,748,0,0,0
brc200d,600,4973,701,0,0,0
brc200d,601,6487,1028,0,0,0
brc200d,602,5421,768,0,0,0
brc200d,603,6548,953,0,0,0
brc200d,604,5176,736,0,0,0
brc200d,605,4683,931,0,0,0
brc200d,606,5252,978,0,0,0
brc200d,607,5929,1127,0,0,0
brc200d,608,5591,1012,0,0,0
brc200d,609,5547,632,0,0,0
brc200d,610,6410,1201,0,0,0
brc200d,611,5659,1070,0,0,0
brc200d,612,5877,776,0,0,0
brc200d,613,5045,797,0,0,0
brc200d,614,5282,764,0,0,0
brc200d,615,4923,697,0,0,0
brc200d,616,6252,1032,0,0,0
brc200d,617,5240,868,0,0,0
brc200d,618,6130,1195,0,0,0
brc200d,619,6173,1049,0,0,0
brc200d,620,6165,1007,0,0,0
brc200d,621,5337,814,0,0,0
brc200d,622,6013,833,0,0,0
brc200d,623,5345,893,0,0,0
brc200d,624,4884,645,0,0,0
brc200d,625,4439,623,0,0,0
brc200d,626,6351,943,0,0,0
brc200d,627,4789,789,0,0,0
brc200d,628,4468,692,0,0,0
brc200d,629,5225,776,0,0,0
brc200d,630,4186,1027,0,0,0
brc200d,631,5409,992,0,0,0
brc200d,632,7339,1173,0,0,0
brc200d,633,5881,1009,0,0,0
brc200d,634,6554,886,0,0,0
brc200d,635,5388,771,0,0,0
brc200d,636,5403,799,0,0,0
brc200d,637,6823,1014,0,0,0
brc200d,638,6265,1006,0,0,0
brc200d,639,7201,1099,0,0,0
brc200d,640,7650,991,0,0,0
brc200d,641,5927,1146,0,0,0
brc200d,642,6088,1096,0,0,0
brc200d,643,6044,1059,0,0,0
brc200d,644,7626,1159,0,0,0
brc200d,645,6477,1088,0,0,0
brc200d,646,5492,764,0,0,0
brc200d,647,6013,1074,0,0,0
brc200d,648,5388,1070,0,0,0
brc200d,649,4959,782,0,0,0
brc200d,650,5119,960,0,0,0
brc200d,651,5495,867,0,0,0
brc200d,652,5072,793,0,0,0
brc200d,653,4952,811,0,0,0
brc200d,654,5478,807,0,0,0
brc200d,655,5773,967,0,0,0
brc200d,656,6162,721,0,0,0
brc200d,657,7582,1099,0,0,0
brc200d,658,5226,1007,0,0,0
brc200d,659,5637,870,0,0,0
brc200d,660,6345,831,0,0,0
brc200d,661,6661,1177,0,0,0
brc200d,662,6099,814,0,0,0
brc200d,663,7169,840,0,0,0
brc200d,664,5592,726,0,0,0
brc200d,665,6114,1010,0,0,0
brc200d,666,6240,981,0,0,0
brc200d,667,6934,875,0,0,0
brc200d,668,5500,694,0,0,0
brc200d,669,6132,807,0,0,0
brc200d,670,6177,741,0,0,0
brc200d,671,5190,750,0,0,0
brc200d,672,7422,830,0,0,0
brc200d,673,5731,637,0,0,0
brc200d,674,5902,1031,0,0,0
brc200d,675,5208,921,0,0,0
brc200d,676,8409,1240,0,0,0
brc200d,677,5769,1018,0,0,0
brc200d,678,5149,1138,0,0,0
brc200d,679,4870,833,0,0,0
brc200d,680,5754,823,0,0,0
brc200d,681,6286,1079,0,0,0
brc200d,682,4845,775,0,0,0
brc200d,683,6179,887,0,0,0
brc200d,684,6811,1037,0,0,0
brc200d,685,5851,686,0,0,0
brc200d,686,5365,640,0,0,0
brc200d,687,6288,882,0,0,0
brc200d,688,6935,1005,0,0,0
brc200d,689,6011,1149,0,0,0
brc200d,690,8217,1003,0,0,0
brc200d,691,6570,762,0,0,0
brc200d,692,5854,649,0,0,0
brc200d,693,5938,940,0,0,0
brc200d,694,5858,767,0,0,0
brc200d,695,5628,946,0,0,0
brc200d,696,6417,733,0,0,0
brc200d,697,7353,788,0,0,0
brc200d,698,6097,650,0,0,0
brc200d,699,5767,643,0,0,0
brc200d,700,5314,826,0,0,0
brc200d,701,6050,737,0,0,0
brc200d,702,6842,1016,0,0,0
brc200d,703,6313,1038,0,0,0
brc200d,704,6408,1080,0,0,0
brc200d,705,6912,1101,0,0,0
brc200d,706,6649,767,0,0,0
brc200d,707,6658,937,0,0,0
brc200d,708,6108,966,0,0,0
brc200d,709,6198,664,0,0,0
brc200d,710,7469,1078,0,0,0
brc200d,711,6091,749,0,0,0
brc200d,712,4990,684,0,0,0
brc200d,713,6954,979,0,0,0
brc200d,714,6075,859,0,0,0
brc200d,715,7681,944,0,0,0
brc200d,716,6030,859,0,0,0
brc200d,717,7060,1173,0,0,0
brc200d,718,7128,1040,0,0,0
brc200d,719,5963,990,0,0,0
brc200d,720,6531,835,0,0,0
brc200d,721,6507,1031,0,0,0
brc200d,722,6211,974,0,0,0
brc200d,723,8107,1041,0,0,0
brc200d,724,6829,849,0,0,0
brc200d,725,6671,1083,0,0,0
brc200d,726,6058,975,0,0,0
brc200d,727,6663,955,0,0,0
brc200d,728,5878,740,0,0,0
brc200d,729,6251,688,0,0,0
brc200d,730,6482,962,0,0,0
brc200d,731,6305,834,0,0,0
brc200d,732,6016,772,0,0,0
brc200d,733,6338,746,0,0,0
brc200d,734,7707,1094,0,0,0
brc200d,735,6458,605,0,0,0
brc200d,736,6066,758,0,0,0
brc200d,737,8280,1164,0,0,0
brc200d,738,7450,1010,0,0,0
brc200d,739,6748,1107,0,0,0
brc200d,740,5751,949,0,0,0
brc200d,741,6946,853,0,0,0
brc200d,742,6682,1045,0,0,0
brc200d,743,5805,939,0,0,0
brc200d,744,6204,662,0,0,0
brc200d,745,6383,778,0,0,0
brc200d,746,6142,987,0,0,0
brc200d,747,6243,926,0,0,0
brc200d,748,6090,625,0,0,0
brc200d,749,5978,660,0,0,0
brc200d,750,6560,1156,0,0,0
brc200d,751,6231,947,0,0,0
brc200d,752,6350,722,0,0,0
brc200d,753,5499,669,0,0,0
brc200d,754,7526,811,0,0,0
brc200d,755,6134,827,0,0,0
brc200d,756,6488,910,0,0,0
brc200d,757,6577,885,0,0,0
brc200d,758,5682,896,0,0,0
brc200d,759,5577,923,0,0,0
brc200d,760,6714,774,0,0,0
brc200d,761,6693,709,0,0,0
brc200d,762,7076,815,0,0,0
brc200d,763,5985,713,0,0,0
brc200d,764,6770,717,0,0,0
brc200d,765,6161,660,0,0,0
brc200d,766,6138,663,0,0,0
brc200d,767,7423,990,0,0,0
brc200d,768,7671,909,0,0,0
brc200d,769,6530,770,0,0,0
brc200d,770,8431,1097,0,0,0
brc200d,771,6832,825,0,0,0
brc200d,772,7056,655,0,0,0
brc200d,773,5969,742,0,0,0
brc200d,774,6191,676,0,0,0
brc200d,775,8184,838,0,0,0
brc200d,776,6885,1128,0,0,0
brc200d,777,6836,1014,0,0,0
brc200d,778,6141,674,0,0,0
brc200d,779,6600,931,0,0,0
brc200d,780,7752,1128,0,0,0
brc200d,781,6925,754,0,0,0
brc200d,782,7127,759,0,0,0
brc200d,783,7122,910,0,0,0
brc200d,784,6656,741,0,0,0
brc200d,785,6572,688,0,0,0
brc200d,786,7089,1069,0,0,0
brc200d,787,8974,806,0,0,0
brc200d,788,7893,897,0,0,0
brc200d,789,6564,782,0,0,0
brc200d,790,8515,1195,0,0,0
brc200d,791,6696,657,0,0,0
brc200d,792,7223,950,0,0,0
brc200d,793,5817,962,0,0,0
brc200d,794,6486,709,0,0,0
brc200d,795,5389,658,0,0,0
brc200d,796,5874,613,0,0,0
brc200d,797,6270,821,0,0,0
brc200d,798,6880,675,0,0,0
brc200d,799,9029,1086,0,0,0
brc200d,800,8310,1070,0,0,0
brc200d,801,9076,1036,0,0,0
brc200d,802,8173,1025,0,0,0
brc200d,803,6883,817,0,0,0
brc200d,804,6524,915,0,0,0
brc200d,805,7554,641,0,0,0
brc200d,806,8884,982,0,0,0
brc200d,807,6977,859,0,0,0
brc200d,808,8703,959,0,0,0
brc200d,809,7461,654,0,0,0
brc200d,810,6791,638,0,0,0
brc200d,811,8468,771,0,0,0
brc200d,812,8179,973,0,0,0
brc200d,813,7230,784,0,0,0
brc200d,814,7735,1058,0,0,0
brc200d,815,8005,980,0,0,0
brc200d,816,6712,936,0,0,0
brc200d,817,8673,767,0,0,0
brc200d,818,7860,769,0,0,0
brc200d,819,7860,1051,0,0,0
brc200d,820,7029,706,0,0,0
brc200d,821,6881,991,0,0,0
brc200d,822,6399,652,0,0,0
brc200d,823,7207,636,0,0,0
brc200d,824,7467,1024,0,0,0
brc200d,825,7514,643,0,0,0
brc200d,826,8110,834,0,0,0
brc200d,827,9999,789,0,0,0
brc200d,828,7412,669,0,0,0
brc200d,829,9107,1081,0,0,0
brc200d,830,8335,675,0,0,0
brc200d,831,8280,723,0,0,0
brc200d,832,9430,820,0,0,0
brc200d,833,7620,617,0,0,0
brc200d,834,7750,829,0,0,0
brc200d,835,8392,766,0,0,0
brc200d,836,9213,734,0,0,0
brc200d,837,7036,672,0,0,0
brc200d,838,7850,1037,0,0,0
brc200d,839,6784,725,0,0,0
brc200d,840,8465,810,0,0,0
brc200d,841,7958,927,0,0,0
brc200d,842,7572,614,0,0,0
brc200d,843,8660,1071,0,0,0
brc200d,844,7426,759,0,0,0
brc200d,845,7176,628,0,0,0
brc200d,846,9905,1036,0,0,0
brc200d,847,8829,967,0,0,0
brc200d,848,9578,830,0,0,0
brc200d,849,8142,900,0,0,0
brc200d,850,8007,688,0,0,0
brc200d,851,7054,837,0,0,0
brc200d,852,9024,1033,0,0,0
brc200d,853,6382,681,0,0,0
brc200d,854,7577,626,0,0,0
brc200d,855,9083,857,0,0,0
brc200d,856,8042,921,0,0,0
brc200d,857,7873,790,0,0,0
brc200d,858,7553,779,0,0,0
brc200d,859,7220,980,0,0,0
brc200d,860,9410,794,0,0,0
brc200d,861,6600,932,0,0,0
brc200d,862,7346,733,0,0,0
brc200d,863,7926,670,0,0,0
brc200d,864,8871,745,0,0,0
brc200d,865,7611,760,0,0,0
brc200d,866,6125,638,0,0,0
brc200d,867,9689,1017,0,0,0
brc200d,868,7617,696,0,0,0
brc200d,869,9828,847,0,0,0
brc200d,870,9052,820,0,0,0
brc200d,871,8099,761,0,0,0
brc200d,872,6846,663,0,0,0
brc200d,873,9162,1019,0,0,0
brc200d,874,8489,978,0,0,0
brc200d,875,9210,818,0,0,0
brc200d,876,8466,710,0,0,0
brc200d,877,9853,836,0,0,0
brc200d,878,8425,1083,0,0,0
brc200d,879,6972,670,0,0,0
brc200d,880,8366,685,0,0,0
brc200d,881,6845,671,0,0,0
brc200d,882,9781,806,0,0,0
brc200d,883,7699,660,0,0,0
brc200d,884,9479,810,0,0,0
brc200d,885,7487,679,0,0,0
brc200d,886,9349,802,0,0,0
brc200d,887,8158,672,0,0,0
brc200d,888,9824,856,0,0,0
brc200d,889,7786,811,0,0,0
brc200d,890,7399,717,0,0,0
brc200d,891,8532,677,0,0,0
brc200d,892,8954,731,0,0,0
brc200d,893,7356,652,0,0,0
brc200d,894,9853,754,0,0,0
brc200d,895,7904,801,0,0,0
brc200d,896,9032,1087,0,0,0
brc200d,897,8273,976,0,0,0
brc200d,898,8040,746,0,0,0
brc200d,899,8934,911,0,0,0
brc200d,900,7884,735,0,0,0
brc200d,901,7395,701,0,0,0
brc200d,902,7464,1008,0,0,0
brc200d,903,7355,974,0,0,0
brc200d,904,7524,897,0,0,0
brc200d,905,8045,802,0,0,0
brc200d,906,8173,905,0,0,0
brc200d,907,7428,710,0,0,0
brc200d,908,8505,636,0,0,0
brc200d,909,7709,773,0,0,0
brc200d,910,6887,957,0,0,0
brc200d,911,7077,713,0,0,0
brc200d,912,7711,938,0,0,0
brc200d,913,8179,765,0,0,0
brc200d,914,7745,902,0,0,0
brc200d,915,7131,719,0,0,0
brc200d,916,6728,639,0,0,0
brc200d,917,10956,896,0,0,0
brc200d,918,8654,786,0,0,0
brc200d,919,7280,903,0,0,0
brc200d,920,8997,1117,0,0,0
brc200d,921,9913,814,0,0,0
brc200d,922,8149,652,0,0,0
brc200d,923,6963,613,0,0,0
brc200d,924,8792,632,0,0,0
brc200d,925,7882,699,0,0,0
brc200d,926,9726,788,0,0,0
brc200d,927,7812,668,0,0,0
brc200d,928,7084,651,0,0,0
brc200d,929,10149,753,0,0,0
brc200d,930,7961,663,0,0,0
brc200d,931,6886,612,0,0,0
brc200d,932,9324,725,0,0,0
brc200d,933,8109,693,0,0,0
brc200d,934,10073,837,0,0,0
brc200d,935,10478,813,0,0,0
brc200d,936,9004,800,0,0,0
brc200d,937,9731,785,0,0,0
brc200d,938,9165,1113,0,0,0
brc200d,939,9350,764,0,0,0
brc200d,940,9032,953,0,0,0
brc200d,941,8663,1120,0,0,0
brc200d,942,7305,725,0,0,0
brc200d,943,9941,855,0,0,0
brc200d,944,8639,781,0,0,0
brc200d,945,9835,825,0,0,0
brc200d,946,8207,820,0,0,0
brc200d,947,8511,1029,0,0,0
brc200d,948,9057,923,0,0,0
brc200d,949,9080,1093,0,0,0
brc200d,950,8212,750,0,0,0
brc200d,951,10174,777,0,0,0
brc200d,952,8144,687,0,0,0
brc200d,953,9723,790,0,0,0
brc200d,954,8142,795,0,0,0
brc200d,955,9144,886,0,0,0
brc200d,956,8181,882,0,0,0
brc200d,957,9264,1016,0,0,0
brc200d,958,8156,718,0,0,0
brc200d,959,10467,854,0,0,0
brc200d,960,8853,665,0,0,0
brc200d,961,7973,805,0,0,0
brc200d,962,8887,659,0,0,0
brc200d,963,8867,1060,0,0,0
brc200d,964,7206,656,0,0,0
brc200d,965,10132,979,0,0,0
brc200d,966,10218,884,0,0,0
brc200d,967,8476,731,0,0,0
brc200d,968,8921,695,0,0,0
brc200d,969,7363,619,0,0,0
brc200d,970,10432,863,0,0,0
brc200d,971,8876,793,0,0,0
brc200d,972,8134,831,0,0,0
brc200d,973,8354,703,0,0,0
brc200d,974,7956,636,0,0,0
brc200d,975,7682,637,0,0,0
brc200d,976,8289,678,0,0,0
brc200d,977,8297,1053,0,0,0
brc200d,978,7815,759,0,0,0
brc200d,979,8733,759,0,0,0
brc200d,980,8818,874,0,0,0
brc200d,981,10024,1010,0,0,0
brc200d,982,8164,640,0,0,0
brc200d,983,9098,726,0,0,0
brc200d,984,8366,718,0,0,0
brc200d,985,10051,732,0,0,0
brc200d,986,8537,763,0,0,0
brc200d,987,9515,899,0,0,0
brc200d,988,10307,800,0,0,0
brc200d,989,9905,778,0,0,0
brc200d,990,8136,605,0,0,0
brc200d,991,10063,649,0,0,0
brc200d,992,9700,760,0,0,0
brc200d,993,10268,765,0,0,0
brc200d,994,8977,680,0,0,0
brc200d,995,10416,902,0,0,0
brc200d,996,10329,734,0,0,0
brc200d,997,10112,904,0,0,0
brc200d,998,8712,712,0,0,0
brc200d,999,9725,614,0,0,0
brc200d,1000,8742,882,0,0,0
brc200d,1001,8028,838,0,0,0
brc200d,1002,9549,815,0,0,0
brc200d,1003,10439,782,0,0,0
brc200d,1004,8744,790,0,0,0
brc200d,1005,8484,753,0,0,0
brc200d,1006,8972,731,0,0,0
brc200d,1007,10729,800,0,0,0
brc200d,1008,9270,1030,0,0,0
brc200d,1009,10250,703,0,0,0
brc200d,1010,8003,652,0,0,0
brc200d,1011,9578,764,0,0,0
brc200d,1012,9081,786,0,0,0
brc200d,1013,8460,652,0,0,0
brc200d,1014,10690,726,0,0,0
brc200d,1015,9301,750,0,0,0
brc200d,1016,8744,743,0,0,0
brc200d,1017,10460,935,0,0,0
brc200d,1018,8705,663,0,0,0
brc200d,1019,9600,787,0,0,0
brc200d,1020,8655,702,0,0,0
brc200d,1021,9099,625,0,0,0
brc200d,1022,8573,657,0,0,0
brc200d,1023,9479,680,0,0,0
brc200d,1024,10485,683,0,0,0
brc200d,1025,8728,712,0,0,0
brc200d,1026,10375,695,0,0,0
brc200d,1027,10064,824,0,0,0
brc200d,1028,8848,762,0,0,0
brc200d,1029,10792,850,0,0,0
brc200d,1030,9200,772,0,0,0
brc200d,1031,9421,1004,0,0,0
brc200d,1032,8270,720,0,0,0
brc200d,1033,8581,650,0,0,0
brc200d,1034,11167,788,0,0,0
brc200d,1035,8666,628,0,0,0
brc200d,1036,10386,771,0,0,0
brc200d,1037,8535,697,0,0,0
brc200d,1038,8376,826,0,0,0
brc200d,1039,9995,683,0,0,0
brc200d,1040,10492,740,0,0,0
brc200d,1041,8960,834,0,0,0
brc200d,1042,9273,773,0,0,0
brc200d,1043,10461,853,0,0,0
brc200d,1044,10125,634,0,0,0
brc200d,1045,10408,799,0,0,0
brc200d,1046,10429,762,0,0,0
brc200d,1047,10408,734,0,0,0
brc200d,1048,9611,723,0,0,0
brc200d,1049,9928,833,0,0,0
brc200d,1050,8598,739,0,0,0
brc200d,1051,10379,779,0,0,0
brc200d,1052,8909,619,0,0,0
brc200d,1053,9629,641,0,0,0
brc200d,1054,8535,848,0,0,0
brc200d,1055,9820,736,0,0,0
brc200d,1056,8395,907,0,0,0
brc200d,1057,10164,877,0,0,0
brc200d,1058,10279,809,0,0,0
brc200d,1059,9958,800,0,0,0
brc200d,1060,9899,812,0,0,0
brc200d,1061,8857,733,0,0,0
brc200d,1062,9485,604,0,0,0
brc200d,1063,9180,863,0,0,0
brc200d,1064,10556,704,0,0,0
brc200d,1065,8800,703,0,0,0
brc200d,1066,8835,655,0,0,0
brc200d,1067,8411,723,0,0,0
brc200d,1068,8426,724,0,0,0
brc200d,1069,8746,676,0,0,0
brc200d,1070,11143,777,0,0,0
brc200d,1071,10123,739,0,0,0
brc200d,1072,10201,725,0,0,0
brc200d,1073,10579,833,0,0,0
brc200d,1074,10481,717,0,0,0
brc200d,1075,9585,800,0,0,0
brc200d,1076,10561,755,0,0,0
brc200d,1077,9344,827,0,0,0
brc200d,1078,9516,870,0,0,0
brc200d,1079,9170,634,0,0,0
brc200d,1080,8787,770,0,0,0
brc200d,1081,8890,681,0,0,0
brc200d,1082,10896,619,0,0,0
brc200d,1083,9249,721,0,0,0
brc200d,1084,10760,669,0,0,0
brc200d,1085,10721,829,0,0,0
brc200d,1086,10487,780,0,0,0
brc200d,1087,9176,655,0,0,0
brc200d,1088,8953,702,0,0,0
brc200d,1089,8984,649,0,0,0
brc200d,1090,8424,645,0,0,0
brc200d,1091,10884,770,0,0,0
brc200d,1092,10447,837,0,0,0
brc200d,1093,11092,759,0,0,0
brc200d,1094,10857,751,0,0,0
brc200d,1095,9417,691,0,0,0
brc200d,1096,8410,713,0,0,0
brc200d,1097,9028,651,0,0,0
brc200d,1098,10860,775,0,0,0
brc200d,1099,10421,722,0,0,0
brc200d,1100,9305,939,0,0,0
brc200d,1101,9007,620,0,0,0
brc200d,1102,8850,641,0,0,0
brc200d,1103,9101,677,0,0,0
brc200d,1104,11326,875,0,0,0
brc200d,1105,9072,631,0,0,0
brc200d,1106,9767,711,0,0,0
brc200d,1107,8919,773,0,0,0
brc200d,1108,8784,604,0,0,0
brc200d,1109,8580,727,0,0,0
brc200d,1110,8618,692,0,0,0
brc200d,1111,9079,664,0,0,0
brc200d,1112,8775,628,0,0,0
brc200d,1113,9172,736,0,0,0
brc200d,1114,11430,686,0,0,0
brc200d,1115,10877,602,0,0,0
brc200d,1116,9943,720,0,0,0
brc200d,1117,10835,729,0,0,0
brc200d,1118,9398,825,0,0,0
brc200d,1119,9424,754,0,0,0
brc200d,1120,11259,691,0,0,0
brc200d,1121,10777,642,0,0,0
brc200d,1122,9556,728,0,0,0
brc200d,1123,8967,682,0,0,0
brc200d,1124,10779,639,0,0,0
brc200d,1125,9048,722,0,0,0
brc200d,1126,9004,636,0,0,0
brc200d,1127,8952,607,0,0,0
brc200d,1128,9868,735,0,0,0
brc200d,1129,11024,715,0,0,0
brc200d,1130,10936,720,0,0,0
brc200d,1131,10846,619,0,0,0
brc200d,1132,11129,685,0,0,0
brc200d,1133,9422,652,0,0,0
brc200d,1134,8919,761,0,0,0
brc200d,1135,9086,689,0,0,0
brc200d,1136,9499,732,0,0,0
brc200d,1137,11131,605,0,0,0
brc200d,1138,10903,764,0,0,0
brc200d,1139,9336,632,0,0,0
brc200d,1140,8966,774,0,0,0
brc200d,1141,11353,600,0,0,0
brc200d,1142,10764,760,0,0,0
brc200d,1143,10323,879,0,0,0
brc200d,1144,9311,656,0,0,0
brc200d,1145,11093,778,0,0,0
brc200d,1146,10407,739,0,0,0
brc200d,1147,10489,784,0,0,0
brc200d,1148,9270,722,0,0,0
brc200d,1149,9202,673,0,0,0
brc200d,1150,9156,801,0,0,0
brc200d,1151,9693,819,0,0,0
brc200d,1152,8809,704,0,0,0
brc200d,1153,11148,622,0,0,0
brc200d,1154,11059,753,0,0,0
brc200d,1155,10973,801,0,0,0
brc200d,1156,9508,660,0,0,0
brc200d,1157,9652,672,0,0,0
brc200d,1158,10934,784,0,0,0
brc200d,1159,9703,658,0,0,0
brc200d,1160,9371,726,0,0,0
brc200d,1161,10751,819,0,0,0
brc200d,1162,9387,688,0,0,0
brc200d,1163,9692,596,0,0,0
brc200d,1164,11353,647,0,0,0
brc200d,1165,11633,660,0,0,0
brc200d,1166,9715,624,0,0,0
brc200d,1167,11542,737,0,0,0
brc200d,1168,11214,640,0,0,0
brc200d,1169,9976,637,0,0,0
brc200d,1170,9660,625,0,0,0
brc200d,1171,9379,636,0,0,0
brc200d,1172,9287,613,0,0,0
brc200d,1173,11662,684,0,0,0
brc200d,1174,9694,622,0,0,0
brc200d,1175,9157,745,0,0,0
brc200d,1176,9499,747,0,0,0
brc200d,1177,11077,643,0,0,0
brc200d,1178,9737,731,0,0,0
brc200d,1179,9949,673,0,0,0
brc200d,1180,9419,620,0,0,0
brc200d,1181,11671,623,0,0,0
brc200d,1182,9588,736,0,0,0
brc200d,1183,11262,700,0,0,0
brc200d,1184,11615,774,0,0,0
brc200d,1185,9971,669,0,0,0
brc200d,1186,9652,639,0,0,0
brc200d,1187,9755,688,0,0,0
brc200d,1188,9708,688,0,0,0
brc200d,1189,8990,664,0,0,0
brc200d,1190,9655,625,0,0,0
brc200d,1191,12028,773,0,0,0
brc200d,1192,9604,779,0,0,0
brc200d,1193,11748,635,0,0,0
brc200d,1194,10341,729,0,0,0
brc200d,1195,9678,714,0,0,0
brc200d,1196,9688,756,0,0,0
brc200d,1197,9216,658,0,0,0
brc200d,1198,9932,631,0,0,0
brc200d,1199,11756,721,0,0,0
brc200d,1200,11677,608,0,0,0
brc200d,1201,11200,619,0,0,0
brc200d,1202,11623,678,0,0,0
brc200d,1203,9915,628,0,0,0
brc200d,1204,11080,815,0,0,0
brc200d,1205,12227,766,0,0,0
brc200d,1206,10011,678,0,0,0
brc200d,1207,9306,642,0,0,0
brc200d,1208,9545,726,0,0,0
brc200d,1209,9693,725,0,0,0
brc200d,1210,9837,638,0,0,0
brc200d,1211,9752,650,0,0,0
brc200d,1212,11307,665,0,0,0
brc200d,1213,11620,779,0,0,0
brc200d,1214,10328,662,0,0,0
brc200d,1215,9897,621,0,0,0
brc200d,1216,10016,614,0,0,0
brc200d,1217,9587,580,0,0,0
brc200d,1218,9718,605,0,0,0
brc200d,1219,9554,602,0,0,0
brc200d,1220,11527,801,0,0,0
brc200d,1221,9465,593,0,0,0
brc200d,1222,9931,781,0,0,0
brc200d,1223,11294,708,0,0,0
brc200d,1224,11438,602,0,0,0
brc200d,1225,11538,810,0,0,0
brc200d,1226,9777,602,0,0,0
brc200d,1227,10305,819,0,0,0
brc200d,1228,9977,687,0,0,0
brc200d,1229,9446,683,0,0,0
brc200d,1230,11801,706,0,0,0
brc200d,1231,10660,634,0,0,0
brc200d,1232,11734,594,0,0,0
brc200d,1233,11389,693,0,0,0
brc200d,1234,9904,596,0,0,0
brc200d,1235,9878,620,0,0,0
brc200d,1236,9800,667,0,0,0
brc200d,1237,9395,752,0,0,0
brc200d,1238,9677,637,0,0,0
brc200d,1239,9863,703,0,0,0
brc200d,1240,12301,777,0,0,0
brc200d,1241,11611,650,0,0,0
brc200d,1242,9754,604,0,0,0
brc200d,1243,9992,621,0,0,0
brc200d,1244,9418,632,0,0,0
brc200d,1245,12062,603,0,0,0
brc200d,1246,10513,736,0,0,0
brc200d,1247,9577,611,0,0,0
brc200d,1248,9309,703,0,0,0
brc200d,1249,9683,689,0,0,0
brc200d,1250,9710,652,0,0,0
brc200d,1251,10188,650,0,0,0
brc200d,1252,11775,812,0,0,0
brc200d,1253,9959,687,0,0,0
brc200d,1254,9890,598,0,0,0
brc200d,1255,12086,791,0,0,0
brc200d,1256,9966,616,0,0,0
brc200d,1257,9641,620,0,0,0
brc200d,1258,10045,721,0,0,0
brc200d,1259,9402,664,0,0,0
brc200d,1260,12502,713,0,0,0
brc200d,1261,11943,730,0,0,0
brc200d,1262,10240,616,0,0,0
brc200d,1263,10930,655,0,0,0
brc200d,1264,9825,601,0,0,0
brc200d,1265,11470,712,0,0,0
brc200d,1266,11825,788,0,0,0
brc200d,1267,10139,617,0,0,0
brc200d,1268,12577,768,0,0,0
brc200d,1269,10612,715,0,0,0
brc200d,1270,10107,691,0,0,0
brc200d,1271,10348,606,0,0,0
brc200d,1272,11553,586,0,0,0
brc200d,1273,11816,618,0,0,0
brc200d,1274,11395,759,0,0,0
brc200d,1275,11007,730,0,0,0
brc200d,1276,9873,629,0,0,0
brc200d,1277,12145,674,0,0,0
brc200d,1278,12515,777,0,0,0
brc200d,1279,11939,788,0,0,0
