map,scenid,total,20move,distance,path_size,hLevel
lak512d,0,475,341,3.41421,4,0
lak512d,1,326,273,3.82843,4,0
lak512d,2,280,300,2.82843,3,0
lak512d,3,501,361,2.41421,3,0
lak512d,4,356,227,1.41421,2,0
lak512d,5,316,278,2.82843,3,0
lak512d,6,218,165,2,3,0
lak512d,7,354,269,2.41421,3,0
lak512d,8,428,279,2.41421,3,0
lak512d,9,425,352,2.41421,3,0
lak512d,10,351,316,4.41421,5,0
lak512d,11,425,399,6.65685,6,0
lak512d,12,169,171,4.24264,4,0
lak512d,13,233,200,5,6,0
lak512d,14,536,462,7.82843,8,0
lak512d,15,263,269,5.41421,6,0
lak512d,16,449,369,7.24264,7,0
lak512d,17,243,231,4.24264,4,0
lak512d,18,440,288,4.41421,5,0
lak512d,19,213,194,6,7,0
lak512d,20,586,449,11.8284,12,0
lak512d,21,654,484,8.65685,8,0
lak512d,22,414,309,10.0711,9,0
lak512d,23,478,373,9.41421,10,0
lak512d,24,166,158,9.89949,8,0
lak512d,25,203,155,10,11,0
lak512d,26,196,148,9,10,0
lak512d,27,280,257,9.48528,8,0
lak512d,28,462,385,11.2426,11,0
lak512d,29,430,361,11.4853,10,0
lak512d,30,322,320,13.3137,11,0
lak512d,31,397,320,13.4142,14,0
lak512d,32,506,330,15.8284,16,0
lak512d,33,165,175,13,14,0
lak512d,34,300,301,12.6569,12,0
lak512d,35,553,377,15.3137,13,0
lak512d,36,781,604,13.2426,13,0
lak512d,37,771,593,12.0711,11,0
lak512d,38,590,473,14.7279,12,0
lak512d,39,913,682,15.0711,14,0
lak512d,40,396,328,16.0711,15,0
lak512d,41,548,443,16.8284,17,0
lak512d,42,610,438,17.6569,17,0
lak512d,43,319,282,16.8284,17,0
lak512d,44,721,675,17.1421,14,0
lak512d,45,489,403,18.4142,19,0
lak512d,46,445,351,16.4142,17,0
lak512d,47,816,756,19.5563,16,0
lak512d,48,860,624,19.2426,19,0
lak512d,49,282,285,17.8995,16,0
lak512d,50,1273,1005,23.5563,20,0
lak512d,51,324,303,20.0711,19,0
lak512d,52,165,154,21,22,0
lak512d,53,771,649,20.0711,19,0
lak512d,54,611,553,23.0711,22,0
lak512d,55,1274,967,22.6569,22,0
lak512d,56,238,198,21,22,0
lak512d,57,484,376,20.8284,21,0
lak512d,58,852,798,23.1421,20,0
lak512d,59,560,291,20.7279,18,0
lak512d,60,239,159,24,25,0
lak512d,61,478,372,25.8284,26,0
lak512d,62,447,359,27.4142,28,0
lak512d,63,362,326,27.6569,27,0
lak512d,64,1324,1129,25.3848,21,0
lak512d,65,781,537,24.2132,19,0
lak512d,66,1274,1047,25.3848,21,0
lak512d,67,664,576,24.8995,23,0
lak512d,68,901,633,26.3137,24,0
lak512d,69,897,704,27.9706,24,0
lak512d,70,961,825,28.8701,22,0
lak512d,71,757,598,29.0416,23,0
lak512d,72,861,704,28.2843,21,0
lak512d,73,1261,918,31.6274,26,0
lak512d,74,1094,549,28.3848,24,0
lak512d,75,603,373,31.6569,31,0
lak512d,76,563,503,31.1421,28,0
lak512d,77,728,644,28.1421,25,0
lak512d,78,308,266,28.4853,27,0
lak512d,79,958,602,30.7279,28,0
lak512d,80,1313,916,32.3848,28,0
lak512d,81,1244,478,35.3137,33,0
lak512d,82,443,214,35.4142,36,0
lak512d,83,621,548,34.1421,31,0
lak512d,84,350,257,34.0711,33,0
lak512d,85,990,631,32.8701,26,0
lak512d,86,760,587,33.1127,25,0
lak512d,87,776,294,34.8995,33,0
lak512d,88,1323,832,35.6985,28,0
lak512d,89,1234,796,35.6985,28,0
lak512d,90,1128,326,37.4853,36,0
lak512d,91,1280,834,38.1127,30,0
lak512d,92,1144,734,36.3848,32,0
lak512d,93,1351,796,36.9706,33,0
lak512d,94,811,530,37.1127,29,0
lak512d,95,762,591,38.2426,38,0
lak512d,96,669,538,38.8995,37,0
lak512d,97,916,668,37.7279,35,0
lak512d,98,1222,564,38.1127,30,0
lak512d,99,801,433,36.4853,35,0
lak512d,100,1102,399,43.8701,37,0
lak512d,101,462,410,43.4853,42,0
lak512d,102,1443,844,40.3553,31,0
lak512d,103,1069,292,41.4853,40,0
lak512d,104,925,639,40.8995,39,0
lak512d,105,534,488,43.2426,43,0
lak512d,106,424,291,41.4853,40,0
lak512d,107,508,353,43.4142,44,0
lak512d,108,1509,722,41.0416,35,0
lak512d,109,1506,744,41.8995,40,0
lak512d,110,464,416,47.3137,45,0
lak512d,111,1073,808,45.6274,40,0
lak512d,112,1027,448,46.0711,45,0
lak512d,113,828,579,45.598,35,0
lak512d,114,1035,440,47.6274,42,0
lak512d,115,746,598,46.8701,40,0
lak512d,116,325,247,45.4142,46,0
lak512d,117,1014,562,47.5563,44,0
lak512d,118,1055,437,45.8995,44,0
lak512d,119,734,376,47.5563,44,0
lak512d,120,926,638,49.8995,48,0
lak512d,121,1236,692,50.1421,47,0
lak512d,122,765,499,51.6274,46,0
lak512d,123,689,704,51.4558,45,0
lak512d,124,327,302,50.4142,51,0
lak512d,125,700,455,48.8284,49,0
lak512d,126,927,708,51.8995,50,0
lak512d,127,1555,646,49.3848,45,0
lak512d,128,726,402,49.5563,46,0
lak512d,129,552,523,51.5563,48,0
lak512d,130,641,494,54.2426,54,0
lak512d,131,929,598,55.9706,52,0
lak512d,132,1407,623,55.3553,46,0
lak512d,133,1749,641,54.2548,42,0
lak512d,134,1127,698,53.0416,47,0
lak512d,135,788,572,55.4558,49,0
lak512d,136,1526,961,52.4264,41,0
lak512d,137,551,417,53.4853,52,0
lak512d,138,1521,1125,54.4264,43,0
lak512d,139,722,258,52.1421,49,0
lak512d,140,1275,703,57.8701,51,0
lak512d,141,1046,583,59.5563,56,0
lak512d,142,923,369,57.8995,56,0
lak512d,143,1441,805,58.8406,47,0
lak512d,144,474,405,57.4558,51,0
lak512d,145,659,630,56.3137,54,0
lak512d,146,831,277,56.0711,55,0
lak512d,147,430,288,57.0711,56,0
lak512d,148,766,205,56.9706,53,0
lak512d,149,750,602,58.8995,57,0
lak512d,150,732,356,61.6274,56,0
lak512d,151,893,457,60.5563,57,0
lak512d,152,975,582,60.4558,54,0
lak512d,153,1382,622,62.669,50,0
lak512d,154,852,354,63.6985,56,0
lak512d,155,634,452,62.3848,58,0
lak512d,156,1074,468,62.6985,55,0
lak512d,157,376,210,60.8284,61,0
lak512d,158,1413,426,60.8701,54,0
lak512d,159,1079,550,63.3848,59,0
lak512d,160,902,436,65.9411,57,0
lak512d,161,1350,545,66.6274,61,0
lak512d,162,1328,501,64.6985,57,0
lak512d,163,1095,962,66.3848,62,0
lak512d,164,920,454,65.4853,64,0
lak512d,165,1114,411,66.3137,64,0
lak512d,166,175,172,64,65,0
lak512d,167,1358,628,66.3137,64,0
lak512d,168,1278,431,64.5269,56,0
lak512d,169,970,481,66.1127,58,0
lak512d,170,806,350,71.8701,65,0
lak512d,171,1249,661,69.3553,60,0
lak512d,172,1386,628,71.4264,60,0
lak512d,173,1520,655,71.799,67,0
lak512d,174,850,277,68.2132,63,0
lak512d,175,847,273,69.3848,65,0
lak512d,176,1917,481,70.3137,68,0
lak512d,177,1608,492,71.7401,57,0
lak512d,178,1190,554,68.1421,65,0
lak512d,179,317,289,69.6569,69,0
lak512d,180,1307,826,75.0416,69,0
lak512d,181,603,259,72.2426,72,0
lak512d,182,874,210,75.5563,72,0
lak512d,183,1188,500,72.1421,69,0
lak512d,184,726,661,75.3137,73,0
lak512d,185,516,429,75.5563,72,0
lak512d,186,717,383,73.8701,67,0
lak512d,187,899,492,74.6274,69,0
lak512d,188,488,501,72.5563,69,0
lak512d,189,374,375,74.0711,73,0
lak512d,190,1102,410,77.1421,74,0
lak512d,191,1362,433,78.0416,72,0
lak512d,192,630,162,78.799,74,0
lak512d,193,1288,319,79.0122,68,0
lak512d,194,644,328,76.0711,75,0
lak512d,195,1360,663,77.3848,73,0
lak512d,196,557,420,78.9706,75,0
lak512d,197,883,295,77.0416,71,0
lak512d,198,1080,445,78.2132,73,0
lak512d,199,1029,688,76.6985,69,0
lak512d,200,1396,214,81.2132,76,0
lak512d,201,884,384,80.1127,72,0
lak512d,202,942,327,82.3137,80,0
lak512d,203,819,458,82.3137,80,0
lak512d,204,1257,376,80.0833,67,0
lak512d,205,922,693,81.799,77,0
lak512d,206,534,444,80.4853,79,0
lak512d,207,1119,497,81.1421,78,0
lak512d,208,1377,571,80.2843,73,0
lak512d,209,497,496,80.0711,79,0
lak512d,210,1044,501,86.8701,80,0
lak512d,211,534,283,86.6569,86,0
lak512d,212,996,286,84.1838,74,0
lak512d,213,909,503,84.5269,76,0
lak512d,214,1302,438,84.9706,81,0
lak512d,215,1594,407,86.1543,71,0
lak512d,216,1018,363,86.8406,75,0
lak512d,217,1117,732,84.0416,78,0
lak512d,218,1276,264,85.598,75,0
lak512d,219,1087,663,86.669,74,0
lak512d,220,1734,700,90.9828,75,0
lak512d,221,600,249,90.3848,86,0
lak512d,222,1449,282,91.2548,79,0
lak512d,223,1030,253,88.5269,80,0
lak512d,224,1000,479,88.0416,82,0
lak512d,225,2187,382,91.0122,80,0
lak512d,226,1171,635,89.3848,85,0
lak512d,227,2021,518,89.2843,82,0
lak512d,228,1128,421,91.8701,85,0
lak512d,229,1415,603,88.0122,77,0
lak512d,230,1801,562,92.1127,84,0
lak512d,231,1373,485,93.9117,80,0
lak512d,232,421,315,92.4142,93,0
lak512d,233,447,246,95.2426,95,0
lak512d,234,796,242,94.5563,91,0
lak512d,235,1423,891,94.1127,86,0
lak512d,236,870,219,93.9117,80,0
lak512d,237,1250,371,94.0833,81,0
lak512d,238,845,410,93.6274,88,0
lak512d,239,1285,455,94.1838,84,0
lak512d,240,942,446,97.5563,94,0
lak512d,241,1539,747,99.1543,84,0
lak512d,242,1242,584,98.6274,93,0
lak512d,243,1162,491,96.1838,86,0
lak512d,244,699,439,99.5563,96,0
lak512d,245,856,297,96.6274,91,0
lak512d,246,1365,440,97.4853,96,0
lak512d,247,700,201,98.1421,95,0
lak512d,248,1345,506,98.7696,89,0
lak512d,249,883,341,99.799,95,0
lak512d,250,1595,505,102.527,94,0
lak512d,251,1419,799,100.255,88,0
lak512d,252,2010,866,101.225,84,0
lak512d,253,1586,441,100.042,94,0
lak512d,254,964,308,102.799,98,0
lak512d,255,1034,260,102.154,87,0
lak512d,256,1643,455,103.799,99,0
lak512d,257,1201,836,103.113,95,0
lak512d,258,604,430,101.485,100,0
lak512d,259,670,232,103.899,102,0
lak512d,260,735,314,107.77,98,0
lak512d,261,1423,337,105.669,93,0
lak512d,262,1242,533,107.87,101,0
lak512d,263,1123,441,107.385,103,0
lak512d,264,1951,719,105.77,96,0
lak512d,265,708,253,107.456,101,0
lak512d,266,966,677,104.899,103,0
lak512d,267,1007,507,107.113,99,0
lak512d,268,313,238,105.828,106,0
lak512d,269,999,237,106.941,98,0
lak512d,270,1279,534,108.154,93,0
lak512d,271,1449,213,111.255,99,0
lak512d,272,1056,416,108.527,100,0
lak512d,273,1280,264,108.042,102,0
lak512d,274,712,365,109.314,107,0
lak512d,275,1231,283,110.77,101,0
lak512d,276,1534,518,111.355,102,0
lak512d,277,1689,509,109.983,94,0
lak512d,278,1439,585,110.941,102,0
lak512d,279,1978,680,109.397,93,0
lak512d,280,738,539,113.899,112,0
lak512d,281,2083,345,115.326,101,0
lak512d,282,933,446,112.74,98,0
lak512d,283,1133,566,112.426,101,0
lak512d,284,1225,501,114.012,103,0
lak512d,285,1311,439,113.355,104,0
lak512d,286,977,320,112.841,101,0
lak512d,287,1274,437,115.113,107,0
lak512d,288,1163,502,113.012,102,0
lak512d,289,1363,385,114.882,96,0
lak512d,290,1035,478,117.527,109,0
lak512d,291,1620,387,119.77,110,0
lak512d,292,1044,461,117.841,106,0
lak512d,293,1288,291,116.941,108,0
lak512d,294,1429,438,117.598,107,0
lak512d,295,1473,515,116.355,107,0
lak512d,296,804,534,117.142,114,0
lak512d,297,1066,413,119.598,109,0
lak512d,298,1024,288,118.728,116,0
lak512d,299,1543,806,118.397,102,0
lak512d,300,857,701,120.627,115,0
lak512d,301,1908,475,120.497,107,0
lak512d,302,1724,839,123.497,110,0
lak512d,303,1251,317,123.468,105,0
lak512d,304,1324,399,120.326,106,0
lak512d,305,1382,409,122.468,104,0
lak512d,306,1929,749,123.326,109,0
lak512d,307,1605,650,123.669,111,0
lak512d,308,464,276,120.414,121,0
lak512d,309,1082,389,122.054,104,0
lak512d,310,1675,405,125.61,103,0
lak512d,311,1326,296,124.184,114,0
lak512d,312,1642,262,124.255,112,0
lak512d,313,1093,384,126.042,120,0
lak512d,314,1746,841,126.012,115,0
lak512d,315,396,147,125.414,126,0
lak512d,316,892,518,124.355,115,0
lak512d,317,1921,693,124.125,104,0
lak512d,318,980,808,125.971,122,0
lak512d,319,1330,595,124.698,117,0
lak512d,320,1358,371,130.255,118,0
lak512d,321,1601,655,129.77,120,0
lak512d,322,1359,221,128.083,115,0
lak512d,323,1157,482,129.77,120,0
lak512d,324,929,273,131.698,124,0
lak512d,325,1567,555,131.669,119,0
lak512d,326,1078,520,131.284,124,0
lak512d,327,1778,590,128.64,111,0
lak512d,328,1240,413,130.213,125,0
lak512d,329,1204,322,130.012,119,0
lak512d,330,1276,367,135.184,125,0
lak512d,331,720,527,134.071,133,0
lak512d,332,1206,553,132.284,125,0
lak512d,333,1159,243,133.397,117,0
lak512d,334,1308,704,133.397,117,0
lak512d,335,1808,468,135.125,115,0
lak512d,336,1486,491,133.569,118,0
lak512d,337,775,239,133.113,125,0
lak512d,338,1154,284,135.711,116,0
lak512d,339,1086,314,133.426,122,0
lak512d,340,1652,632,139.284,132,0
lak512d,341,1608,376,139.74,125,0
lak512d,342,1318,459,138.882,120,0
lak512d,343,1537,349,136.539,116,0
lak512d,344,2134,726,139.355,130,0
lak512d,345,1008,395,137.598,127,0
lak512d,346,1554,481,137.296,118,0
lak512d,347,712,331,137.799,133,0
lak512d,348,963,289,136.669,124,0
lak512d,349,487,195,138.728,136,0
lak512d,350,1602,426,143.326,129,0
lak512d,351,1185,256,143.61,121,0
lak512d,352,421,167,143.314,141,0
lak512d,353,1492,473,141.083,128,0
lak512d,354,1518,418,142.196,120,0
lak512d,355,1569,419,142.983,127,0
lak512d,356,2562,531,140.397,124,0
lak512d,357,690,186,142.912,129,0
lak512d,358,1608,302,142.669,130,0
lak512d,359,961,233,141.841,130,0
lak512d,360,1140,420,144.941,136,0
lak512d,361,1588,626,147.255,135,0
lak512d,362,1422,341,146.74,132,0
lak512d,363,1438,974,145.77,136,0
lak512d,364,1160,584,145.154,130,0
lak512d,365,1048,378,144.426,133,0
lak512d,366,1045,488,144.385,140,0
lak512d,367,1605,354,145.054,127,0
lak512d,368,1002,320,146.284,139,0
lak512d,369,1829,409,145.468,127,0
lak512d,370,1709,282,150.941,142,0
lak512d,371,1368,505,150.296,131,0
lak512d,372,1168,341,150.61,128,0
lak512d,373,1262,457,148.456,142,0
lak512d,374,2018,327,151.51,126,0
lak512d,375,1789,561,151.912,138,0
lak512d,376,1273,215,150.326,136,0
lak512d,377,1650,555,149.853,126,0
lak512d,378,1571,496,151.711,132,0
lak512d,379,1524,248,148.941,140,0
lak512d,380,910,220,154.083,141,0
lak512d,381,2005,340,154.782,133,0
lak512d,382,1491,450,154.698,147,0
lak512d,383,1263,266,152.941,144,0
lak512d,384,968,349,155.497,142,0
lak512d,385,1081,407,155.326,141,0
lak512d,386,1005,318,154.912,141,0
lak512d,387,1679,353,152.811,136,0
lak512d,388,1156,467,154.083,141,0
lak512d,389,1178,392,153.225,136,0
lak512d,390,1299,224,159.296,140,0
lak512d,391,903,336,158.527,150,0
lak512d,392,1640,339,159.74,145,0
lak512d,393,1167,247,156.77,147,0
lak512d,394,1713,369,158.882,140,0
lak512d,395,1320,413,158.054,140,0
lak512d,396,1551,878,158.355,149,0
lak512d,397,1009,130,158.225,141,0
lak512d,398,1347,492,158.497,145,0
lak512d,399,1198,484,156.426,145,0
lak512d,400,1235,443,160.527,152,0
lak512d,401,1719,227,163.468,145,0
lak512d,402,2050,730,160.154,145,0
lak512d,403,1585,340,160.569,145,0
lak512d,404,2052,593,163.74,149,0
lak512d,405,769,542,163.042,157,0
lak512d,406,1886,593,162.61,140,0
lak512d,407,1803,798,161.355,152,0
lak512d,408,1646,314,161.113,153,0
lak512d,409,1115,291,161.012,150,0
lak512d,410,2505,805,165.368,144,0
lak512d,411,1274,179,164.225,147,0
lak512d,412,905,392,165.485,164,0
lak512d,413,1928,531,167.953,147,0
lak512d,414,1621,291,166.811,150,0
lak512d,415,1963,679,165.184,155,0
lak512d,416,1473,434,164.853,141,0
lak512d,417,576,238,166.485,165,0
lak512d,418,1178,339,164.296,145,0
lak512d,419,1414,285,166.326,152,0
lak512d,420,2352,761,168.811,152,0
lak512d,421,2279,422,170.054,152,0
lak512d,422,1561,392,168.024,145,0
lak512d,423,1762,630,169.569,154,0
lak512d,424,989,260,169.213,164,0
lak512d,425,1876,216,168.225,151,0
lak512d,426,855,320,168.698,161,0
lak512d,427,1411,256,168.983,153,0
lak512d,428,1107,589,168.456,162,0
lak512d,429,1595,558,170.355,161,0
lak512d,430,1940,459,175.184,165,0
lak512d,431,1255,230,173.74,159,0
lak512d,432,2031,452,173.054,155,0
lak512d,433,1326,462,175.397,159,0
lak512d,434,1175,278,174.497,161,0
lak512d,435,1574,288,175.326,161,0
lak512d,436,700,415,175.799,171,0
lak512d,437,1343,288,174.296,155,0
lak512d,438,1187,546,174.397,158,0
lak512d,439,1611,250,173.853,150,0
lak512d,440,1291,349,176.51,151,0
lak512d,441,1798,403,177.882,159,0
lak512d,442,1599,222,179.439,156,0
lak512d,443,2041,601,179.167,152,0
lak512d,444,1048,485,176.941,168,0
lak512d,445,709,397,178.213,173,0
lak512d,446,1555,449,179.953,159,0
lak512d,447,2105,347,179.681,155,0
lak512d,448,1281,191,179.267,155,0
lak512d,449,992,318,177.882,159,0
lak512d,450,1465,278,183.167,156,0
lak512d,451,2493,334,181.083,168,0
lak512d,452,1239,447,180.054,162,0
lak512d,453,2092,641,182.397,166,0
lak512d,454,1293,287,181.154,166,0
lak512d,455,1362,485,181.024,158,0
lak512d,456,1974,247,181.255,169,0
lak512d,457,736,246,182.054,164,0
lak512d,458,1921,275,182.539,162,0
lak512d,459,1329,354,182.539,162,0
lak512d,460,1442,208,184.823,156,0
lak512d,461,905,398,184.527,176,0
lak512d,462,890,318,186.953,166,0
lak512d,463,1314,511,184.841,173,0
lak512d,464,2371,843,184.782,163,0
lak512d,465,2029,620,187.054,169,0
lak512d,466,1556,439,185.823,157,0
lak512d,467,1047,237,186.439,163,0
lak512d,468,1878,692,187.113,179,0
lak512d,469,2198,1042,184.154,169,0
lak512d,470,1286,449,190.355,181,0
lak512d,471,1943,450,190.296,171,0
lak512d,472,1909,638,188.924,163,0
lak512d,473,2627,861,191.125,171,0
lak512d,474,2087,616,190.882,172,0
lak512d,475,2113,520,191.882,173,0
lak512d,476,2035,295,191.397,175,0
lak512d,477,2671,778,190.681,166,0
lak512d,478,1614,488,190.669,178,0
lak512d,479,1019,711,188.042,182,0
lak512d,480,2111,362,195.995,168,0
lak512d,481,1484,427,193.912,180,0
lak512d,482,971,485,194.627,189,0
lak512d,483,1355,786,192.326,178,0
lak512d,484,2772,768,194.51,169,0
lak512d,485,1803,486,193.125,173,0
lak512d,486,1217,358,195.698,188,0
lak512d,487,1367,270,195.627,190,0
lak512d,488,649,280,192.485,191,0
lak512d,489,615,262,192.698,185,0
lak512d,490,1134,276,198.397,182,0
lak512d,491,1974,1023,197.74,183,0
lak512d,492,1231,208,199.095,174,0
lak512d,493,2280,739,197.267,173,0
lak512d,494,1659,352,198.995,171,0
lak512d,495,1505,285,198.652,169,0
lak512d,496,2642,1146,198.024,175,0
lak512d,497,1540,590,199.225,182,0
lak512d,498,2218,458,196.853,173,0
lak512d,499,1364,329,196.024,173,0
lak512d,500,1857,135,203.823,175,0
lak512d,501,1812,279,201.841,190,0
lak512d,502,1691,437,203.024,180,0
lak512d,503,2027,535,203.77,194,0
lak512d,504,1813,364,202.355,193,0
lak512d,505,1941,422,200.61,178,0
lak512d,506,1088,391,200.87,194,0
lak512d,507,1576,509,202.083,189,0
lak512d,508,2129,682,200.154,185,0
lak512d,509,1163,254,201.681,177,0
lak512d,510,1102,486,204.012,193,0
lak512d,511,910,304,207.841,196,0
lak512d,512,1517,438,207.255,195,0
lak512d,513,1410,504,206.154,191,0
lak512d,514,1503,370,207.681,183,0
lak512d,515,1926,460,207.326,193,0
lak512d,516,984,197,205.598,195,0
lak512d,517,1424,371,207.095,182,0
lak512d,518,1943,643,206.48,176,0
lak512d,519,988,459,207.77,198,0
lak512d,520,1754,656,208.882,190,0
lak512d,521,2444,672,210.51,185,0
lak512d,522,1817,351,210.711,191,0
lak512d,523,2011,359,209.74,195,0
lak512d,524,2086,615,208.711,189,0
lak512d,525,2364,678,209.983,194,0
lak512d,526,969,395,209.983,194,0
lak512d,527,2009,428,209.267,185,0
lak512d,528,1969,543,211.882,193,0
lak512d,529,820,244,210.971,207,0
lak512d,530,1944,623,213.054,195,0
lak512d,531,1610,246,214.409,186,0
lak512d,532,1197,364,214.184,204,0
lak512d,533,1316,539,212.426,201,0
lak512d,534,1921,705,213.125,193,0
lak512d,535,2215,666,213.723,182,0
lak512d,536,1499,243,213.924,188,0
lak512d,537,2342,373,214.51,189,0
lak512d,538,2911,1022,212.539,192,0
lak512d,539,1877,320,212.267,188,0
lak512d,540,2025,562,218.823,190,0
lak512d,541,1712,329,216.024,193,0
lak512d,542,1802,229,216.326,202,0
lak512d,543,1584,464,217.581,190,0
lak512d,544,1776,459,219.652,190,0
lak512d,545,1547,120,219.238,190,0
lak512d,546,1573,199,216.912,203,0
lak512d,547,1648,225,216.74,202,0
lak512d,548,1743,283,216.338,190,0
lak512d,549,1740,334,216.711,197,0
lak512d,550,1759,299,222.581,195,0
lak512d,551,1962,523,223.953,203,0
lak512d,552,1868,242,221.811,205,0
lak512d,553,1327,387,222.326,208,0
lak512d,554,1679,240,221.083,208,0
lak512d,555,1952,753,221.468,203,0
lak512d,556,1699,385,222.74,208,0
lak512d,557,2163,517,223.137,191,0
lak512d,558,1587,201,221.238,192,0
lak512d,559,1215,363,222.924,197,0
lak512d,560,2158,720,225.581,198,0
lak512d,561,2040,378,224.581,197,0
lak512d,562,701,614,227.728,225,0
lak512d,563,1924,406,225.397,209,0
lak512d,564,1892,412,227.894,197,0
lak512d,565,1550,530,226.74,212,0
lak512d,566,1604,286,226.51,201,0
lak512d,567,1760,407,225.51,200,0
lak512d,568,1521,298,224.61,202,0
lak512d,569,1461,477,227.456,221,0
lak512d,570,1244,213,230.439,207,0
lak512d,571,2705,748,228.024,205,0
lak512d,572,1918,729,228.983,213,0
lak512d,573,1926,273,228.711,209,0
lak512d,574,1960,473,229.61,207,0
lak512d,575,2156,552,230.823,202,0
lak512d,576,692,266,230.012,219,0
lak512d,577,2084,622,231.409,203,0
lak512d,578,1692,273,229.782,208,0
lak512d,579,1006,271,228.255,216,0
lak512d,580,2165,305,233.125,213,0
lak512d,581,2684,681,233.296,214,0
lak512d,582,1646,475,233.439,210,0
lak512d,583,1279,319,233.681,209,0
lak512d,584,1603,268,232.894,202,0
lak512d,585,1705,329,232.924,207,0
lak512d,586,1684,342,234.551,202,0
lak512d,587,1947,238,233.681,209,0
lak512d,588,2242,597,235.309,204,0
lak512d,589,1796,411,233.38,200,0
lak512d,590,1626,519,239.811,223,0
lak512d,591,1860,428,236.794,203,0
lak512d,592,1722,424,238.137,206,0
lak512d,593,2922,894,238.196,216,0
lak512d,594,1985,365,239.953,219,0
lak512d,595,1506,398,238.054,220,0
lak512d,596,2046,433,237.51,212,0
lak512d,597,2553,369,238.924,213,0
lak512d,598,2004,324,237.693,201,0
lak512d,599,1678,367,237.723,206,0
lak512d,600,1595,514,243.267,219,0
lak512d,601,1845,419,240.125,220,0
lak512d,602,1472,346,242.894,212,0
lak512d,603,756,199,241.125,221,0
lak512d,604,1652,514,243.61,221,0
lak512d,605,1627,807,242.74,228,0
lak512d,606,1316,250,240.409,212,0
lak512d,607,1360,254,243.995,216,0
lak512d,608,2707,554,241.652,212,0
lak512d,609,1510,352,243.966,211,0
lak512d,610,1722,282,245.966,213,0
lak512d,611,1329,302,246.551,214,0
lak512d,612,1526,222,245.51,220,0
lak512d,613,2272,614,245.451,210,0
lak512d,614,1685,654,246.681,222,0
lak512d,615,2331,386,247.095,222,0
lak512d,616,1607,328,244.409,216,0
lak512d,617,2078,486,246.451,211,0
lak512d,618,973,197,244.054,226,0
lak512d,619,2108,317,244.35,206,0
lak512d,620,1926,607,249.38,216,0
lak512d,621,2043,679,249.167,222,0
lak512d,622,1613,345,249.196,227,0
lak512d,623,2085,438,249.681,225,0
lak512d,624,1652,203,249.225,232,0
lak512d,625,1676,294,250.51,225,0
lak512d,626,1601,239,251.966,219,0
lak512d,627,1751,237,248.439,225,0
lak512d,628,868,227,248.225,231,0
lak512d,629,2267,689,250.823,222,0
lak512d,630,2233,399,254.095,229,0
lak512d,631,1997,307,252.137,220,0
lak512d,632,1868,441,254.581,227,0
lak512d,633,2108,478,254.409,226,0
lak512d,634,1465,257,255.551,223,0
lak512d,635,1874,302,252.137,220,0
lak512d,636,2326,555,255.137,223,0
lak512d,637,1958,587,254.279,218,0
lak512d,638,1615,285,253.024,230,0
lak512d,639,1144,283,252.095,227,0
lak512d,640,1663,369,257.066,227,0
lak512d,641,2083,649,259.953,239,0
lak512d,642,2162,732,257.48,227,0
lak512d,643,1974,297,257.551,225,0
lak512d,644,3138,969,258.167,231,0
lak512d,645,1288,287,258.024,235,0
lak512d,646,1899,408,259.894,229,0
lak512d,647,2060,329,258.125,238,0
lak512d,648,2556,551,259.066,229,0
lak512d,649,1517,277,256.581,229,0
lak512d,650,1329,185,261.167,234,0
lak512d,651,1539,303,263.652,234,0
lak512d,652,1923,277,261.267,237,0
lak512d,653,2863,805,263.581,236,0
lak512d,654,2202,247,263.581,236,0
lak512d,655,1780,374,262.439,239,0
lak512d,656,1868,442,260.208,226,0
lak512d,657,1850,427,260.38,227,0
lak512d,658,1627,506,260.409,232,0
lak512d,659,2702,644,261.865,226,0
lak512d,660,1996,587,266.439,243,0
lak512d,661,1160,197,264.439,241,0
lak512d,662,1980,561,264.38,231,0
lak512d,663,1923,173,267.066,237,0
lak512d,664,2268,315,266.924,241,0
lak512d,665,1926,719,266.652,237,0
lak512d,666,1643,362,266.238,237,0
lak512d,667,1591,446,267.966,235,0
lak512d,668,2274,803,267.953,247,0
lak512d,669,1880,523,267.409,239,0
lak512d,670,2280,550,269.865,234,0
lak512d,671,1255,183,268.953,248,0
lak512d,672,1415,668,271.338,245,0
lak512d,673,1722,352,269.823,241,0
lak512d,674,3247,616,269.409,241,0
lak512d,675,1473,279,269.652,240,0
lak512d,676,2202,571,268.48,238,0
lak512d,677,2230,487,268.622,234,0
lak512d,678,2196,537,271.167,244,0
lak512d,679,1722,358,271.622,237,0
lak512d,680,2293,485,272.794,239,0
lak512d,681,1712,394,272.309,241,0
lak512d,682,2152,429,272.108,235,0
lak512d,683,2318,547,273.966,241,0
lak512d,684,1277,259,273.539,253,0
lak512d,685,2199,494,274.865,239,0
lak512d,686,1603,332,274.752,248,0
lak512d,687,1813,602,272.652,243,0
lak512d,688,1541,390,275.61,253,0
lak512d,689,916,246,274.125,254,0
lak512d,690,2088,544,276.208,242,0
lak512d,691,2406,324,279.037,244,0
lak512d,692,1669,309,279.693,243,0
lak512d,693,1743,189,279.179,240,0
lak512d,694,1895,588,276.409,248,0
lak512d,695,2067,595,278.125,258,0
lak512d,696,2056,797,278.208,244,0
lak512d,697,1817,428,278.823,250,0
lak512d,698,1934,328,279.037,244,0
lak512d,699,2763,508,278.451,243,0
lak512d,700,1691,238,283.551,251,0
lak512d,701,2216,291,283.924,258,0
lak512d,702,1450,509,283.51,258,0
lak512d,703,2198,685,281.794,248,0
lak512d,704,3048,771,281.723,250,0
lak512d,705,1653,280,282.409,254,0
lak512d,706,1934,378,281.037,246,0
lak512d,707,1930,199,281.551,249,0
lak512d,708,1766,551,282.693,246,0
lak512d,709,2183,832,280.794,247,0
lak512d,710,1908,155,285.451,250,0
lak512d,711,1649,288,286.279,250,0
lak512d,712,2487,750,284.279,248,0
lak512d,713,1872,319,286.522,249,0
lak512d,714,1684,336,287.48,257,0
lak512d,715,2203,226,287.38,254,0
lak512d,716,2175,143,286.865,251,0
lak512d,717,1925,441,285.451,250,0
lak512d,718,1488,195,284.823,256,0
lak512d,719,2107,299,286.421,246,0
lak512d,720,2214,644,288.551,256,0
lak512d,721,1776,472,291.622,257,0
lak512d,722,1317,273,288.439,265,0
lak512d,723,1887,483,288.522,251,0
lak512d,724,1358,221,289.066,259,0
lak512d,725,2410,862,288.794,255,0
lak512d,726,1586,484,288.037,253,0
lak512d,727,1906,233,288.25,247,0
lak512d,728,2276,699,290.936,253,0
lak512d,729,2449,616,289.894,259,0
lak512d,730,2107,515,295.451,260,0
lak512d,731,1848,437,293.995,266,0
lak512d,732,1420,272,292.782,271,0
lak512d,733,1432,245,295.652,266,0
lak512d,734,2119,299,294.723,263,0
lak512d,735,2055,504,294.622,260,0
lak512d,736,1162,177,293.196,271,0
lak512d,737,2643,551,292.439,269,0
lak512d,738,2349,577,292.409,264,0
lak512d,739,1976,282,294.48,264,0
lak512d,740,1453,527,296.794,263,0
lak512d,741,2170,562,296.38,263,0
lak512d,742,2209,433,298.693,262,0
lak512d,743,1650,249,298.794,265,0
lak512d,744,1892,176,297.309,266,0
lak512d,745,2123,380,298.551,266,0
lak512d,746,1691,241,298.409,270,0
lak512d,747,2282,427,297.551,265,0
lak512d,748,2225,497,298.622,264,0
lak512d,749,2152,325,298.35,260,0
lak512d,750,2650,615,302.108,265,0
lak512d,751,1637,350,300.622,266,0
lak512d,752,1906,457,300.652,271,0
lak512d,753,2150,477,303.35,265,0
lak512d,754,1671,640,302.693,266,0
lak512d,755,1219,418,302.782,281,0
lak512d,756,1835,282,303.279,267,0
lak512d,757,1599,598,302.522,265,0
lak512d,758,1448,278,302.309,271,0
lak512d,759,1686,361,300.196,278,0
lak512d,760,1721,491,306.953,286,0
lak512d,761,2045,552,304.664,263,0
lak512d,762,2535,475,304.309,273,0
lak512d,763,1836,325,306.451,271,0
lak512d,764,1879,419,306.108,269,0
lak512d,765,2649,814,307.936,270,0
lak512d,766,2263,396,306.492,264,0
lak512d,767,1482,547,304.267,280,0
lak512d,768,1859,203,306.108,269,0
lak512d,769,2125,469,304.581,277,0
lak512d,770,1792,183,309.38,276,0
lak512d,771,1498,160,308.066,278,0
lak512d,772,2297,684,308.037,273,0
lak512d,773,2642,393,310.38,277,0
lak512d,774,2325,364,309.078,267,0
lak512d,775,1994,357,310.622,276,0
lak512d,776,2547,361,311.865,276,0
lak512d,777,2250,299,309.35,271,0
lak512d,778,2157,248,310.309,279,0
lak512d,779,2414,983,308.853,285,0
lak512d,780,1508,457,312.953,292,0
lak512d,781,2817,488,312.593,273,0
lak512d,782,2130,491,312.966,280,0
lak512d,783,2507,403,315.492,273,0
lak512d,784,2060,476,313.38,280,0
lak512d,785,1803,182,312.865,277,0
lak512d,786,2563,310,314.593,275,0
lak512d,787,1844,423,312.066,282,0
lak512d,788,2756,400,315.764,277,0
lak512d,789,2157,450,315.693,279,0
lak512d,790,2169,335,319.522,282,0
lak512d,791,2410,383,317.137,285,0
lak512d,792,1937,519,317.823,289,0
lak512d,793,1903,245,317.865,282,0
lak512d,794,1931,449,318.794,285,0
lak512d,795,1273,321,319.309,288,0
lak512d,796,1834,270,317.38,284,0
lak512d,797,2509,273,317.966,285,0
lak512d,798,2472,497,316.451,281,0
lak512d,799,1720,545,318.865,283,0
lak512d,800,2528,666,322.179,283,0
lak512d,801,1775,327,320.108,283,0
lak512d,802,2084,378,320.321,277,0
lak512d,803,2330,158,322.279,286,0
lak512d,804,2003,237,322.936,285,0
lak512d,805,2374,529,323.451,288,0
lak512d,806,2423,582,323.451,288,0
lak512d,807,1355,391,320.439,297,0
lak512d,808,1633,271,322.338,296,0
lak512d,809,2171,298,320.037,285,0
lak512d,810,2563,693,327.836,287,0
lak512d,811,2294,465,325.723,294,0
lak512d,812,2054,349,324.593,285,0
lak512d,813,2516,475,327.936,290,0
lak512d,814,1856,321,324.551,292,0
lak512d,815,2724,298,326.179,287,0
lak512d,816,2057,610,326.108,289,0
lak512d,817,2126,665,324.037,289,0
lak512d,818,1776,316,327.137,295,0
lak512d,819,2264,469,327.907,285,0
lak512d,820,2571,592,329.936,292,0
lak512d,821,2322,639,329.664,288,0
lak512d,822,2146,300,330.451,295,0
lak512d,823,2479,595,328.865,293,0
lak512d,824,2188,205,331.735,288,0
lak512d,825,2405,355,329.806,284,0
lak512d,826,2320,561,330.806,285,0
lak512d,827,2055,341,329.865,294,0
lak512d,828,2351,419,331.208,297,0
lak512d,829,1626,274,330.368,309,0
lak512d,830,1750,444,333.581,306,0
lak512d,831,1711,220,332.066,302,0
lak512d,832,1909,388,333.279,297,0
lak512d,833,2342,400,332.622,298,0
lak512d,834,2404,656,333.309,302,0
lak512d,835,2652,517,333.421,293,0
lak512d,836,2526,396,332.421,292,0
lak512d,837,1774,196,332.38,299,0
lak512d,838,1862,511,333.551,301,0
lak512d,839,2454,332,332.693,296,0
lak512d,840,2464,497,339.635,293,0
lak512d,841,3204,1370,337.865,302,0
lak512d,842,2196,478,336.836,296,0
lak512d,843,2579,359,336.037,301,0
lak512d,844,2165,164,336.551,304,0
lak512d,845,3084,504,336.664,295,0
lak512d,846,1935,149,338.238,309,0
lak512d,847,2193,241,337.551,305,0
lak512d,848,1734,321,337.924,312,0
lak512d,849,2485,358,336.007,296,0
lak512d,850,2412,407,343.836,303,0
lak512d,851,1651,320,343.865,308,0
lak512d,852,2207,324,343.723,312,0
lak512d,853,2145,291,343.037,308,0
lak512d,854,2324,397,343.049,296,0
lak512d,855,2134,547,343.836,303,0
lak512d,856,2479,489,340.563,296,0
lak512d,857,1804,252,340.522,303,0
lak512d,858,1487,204,341.137,309,0
lak512d,859,1686,234,341.137,309,0
lak512d,860,3125,696,345.605,294,0
lak512d,861,3049,811,346.463,299,0
lak512d,862,2156,521,347.936,310,0
lak512d,863,2835,310,345.907,303,0
lak512d,864,2484,681,344.25,303,0
lak512d,865,2246,558,347.836,307,0
lak512d,866,2380,374,344.693,308,0
lak512d,867,2755,481,347.806,302,0
lak512d,868,2112,626,346.108,309,0
lak512d,869,1766,368,346.137,314,0
lak512d,870,1665,421,348.48,318,0
lak512d,871,2241,437,350.078,308,0
lak512d,872,2664,396,351.037,316,0
lak512d,873,1950,561,348.35,310,0
lak512d,874,1985,307,349.723,318,0
lak512d,875,1659,276,351.551,319,0
lak512d,876,2324,319,350.706,302,0
lak512d,877,1982,672,349.238,320,0
lak512d,878,2147,392,349.451,314,0
lak512d,879,2258,408,350.865,315,0
lak512d,880,2259,357,353.966,321,0
lak512d,881,3078,349,352.563,308,0
lak512d,882,1889,582,355.196,333,0
lak512d,883,2930,518,355.007,315,0
lak512d,884,2317,533,353.421,313,0
lak512d,885,2541,615,352.836,312,0
lak512d,886,2525,405,355.321,312,0
lak512d,887,2333,716,353.836,313,0
lak512d,888,1710,284,353.836,313,0
lak512d,889,1987,338,355.907,313,0
lak512d,890,2437,380,358.693,322,0
lak512d,891,2429,429,356.321,313,0
lak512d,892,2564,688,359.421,319,0
lak512d,893,1703,323,358.095,333,0
lak512d,894,2518,609,357.492,315,0
lak512d,895,2434,600,357.635,311,0
lak512d,896,2660,336,359.22,313,0
lak512d,897,2474,461,359.836,319,0
lak512d,898,2811,365,357.764,319,0
lak512d,899,2041,296,358.321,315,0
lak512d,900,1969,321,360.522,323,0
lak512d,901,2220,237,361.693,325,0
lak512d,902,2238,314,360.078,318,0
lak512d,903,2560,249,361.392,316,0
lak512d,904,2290,170,361.421,321,0
lak512d,905,1918,478,362.108,325,0
lak512d,906,2289,435,361.877,314,0
lak512d,907,2253,268,360.12,311,0
lak512d,908,2437,468,362.492,320,0
lak512d,909,2373,624,360.279,324,0
lak512d,910,2703,343,364.635,318,0
lak512d,911,2439,628,364.593,325,0
lak512d,912,2461,361,367.492,325,0
lak512d,913,2540,222,367.836,327,0
lak512d,914,2442,401,366.593,327,0
lak512d,915,1933,186,365.279,329,0
lak512d,916,1832,563,365.652,336,0
lak512d,917,2144,290,365.392,320,0
lak512d,918,2570,482,365.948,316,0
lak512d,919,2736,331,365.291,317,0
lak512d,920,2557,448,369.22,323,0
lak512d,921,2347,524,371.362,321,0
lak512d,922,1737,200,369.108,332,0
lak512d,923,2736,333,370.078,328,0
lak512d,924,3072,523,370.492,328,0
lak512d,925,2751,700,368.108,331,0
lak512d,926,2035,546,369.037,334,0
lak512d,927,2668,659,371.764,333,0
lak512d,928,2440,682,370.563,326,0
lak512d,929,2317,276,368.392,323,0
lak512d,930,3582,433,372.25,331,0
lak512d,931,3160,327,374.593,335,0
lak512d,932,2634,784,373.22,327,0
lak512d,933,2112,204,374.078,332,0
lak512d,934,2470,976,375.522,338,0
lak512d,935,2832,404,373.777,323,0
lak512d,936,2532,313,372.664,331,0
lak512d,937,2100,489,372.48,342,0
lak512d,938,1958,268,373.622,339,0
lak512d,939,1881,498,375.208,341,0
lak512d,940,2945,806,376.777,326,0
lak512d,941,2225,344,377.392,332,0
lak512d,942,2428,401,379.836,339,0
lak512d,943,2513,655,378.149,334,0
lak512d,944,1867,596,376.409,348,0
lak512d,945,2314,371,378.806,333,0
lak512d,946,2695,412,379.291,331,0
lak512d,947,2045,281,379.35,341,0
lak512d,948,1939,238,379.735,336,0
lak512d,949,2266,646,379.451,344,0
lak512d,950,1779,470,383.137,351,0
lak512d,951,2128,381,380.25,339,0
lak512d,952,2140,579,381.836,341,0
lak512d,953,2768,304,382.321,339,0
lak512d,954,2651,269,383.421,343,0
lak512d,955,2814,264,382.907,340,0
lak512d,956,2598,509,382.635,336,0
lak512d,957,2938,686,383.291,335,0
lak512d,958,1835,235,380.966,348,0
lak512d,959,1402,246,382.48,352,0
lak512d,960,2625,363,387.635,341,0
lak512d,961,2141,314,386.279,350,0
lak512d,962,2854,721,384.421,344,0
lak512d,963,2739,308,386.777,336,0
lak512d,964,2576,427,387.747,332,0
lak512d,965,2400,202,387.563,343,0
lak512d,966,2407,520,384.978,340,0
lak512d,967,1851,431,387.794,354,0
lak512d,968,2238,162,385.522,348,0
lak512d,969,2772,308,387.149,343,0
lak512d,970,1555,274,390.208,356,0
lak512d,971,2355,337,391.12,342,0
lak512d,972,3007,480,390.333,335,0
lak512d,973,3664,1060,389.362,339,0
lak512d,974,3607,717,388.12,339,0
lak512d,975,2181,602,389.066,359,0
lak512d,976,1588,292,389.894,359,0
lak512d,977,1664,283,391.409,363,0
lak512d,978,2080,375,388.25,347,0
lak512d,979,2227,317,390.978,346,0
lak512d,980,2243,404,395.664,354,0
lak512d,981,2265,398,394.676,341,0
lak512d,982,2448,314,393.907,351,0
lak512d,983,2118,514,395.078,353,0
lak512d,984,2197,439,395.735,352,0
lak512d,985,2423,411,393.392,348,0
lak512d,986,2354,257,395.534,346,0
lak512d,987,2207,120,392.421,352,0
lak512d,988,2605,639,393.12,344,0
lak512d,989,2601,373,393.321,350,0
lak512d,990,2257,400,399.948,350,0
lak512d,991,2723,433,396.049,349,0
lak512d,992,3551,773,399.605,348,0
lak512d,993,2904,457,398.291,350,0
lak512d,994,2219,338,398.333,343,0
lak512d,995,2124,196,396.321,353,0
lak512d,996,1669,211,397.208,363,0
lak512d,997,2964,583,396.563,352,0
lak512d,998,3221,602,397.22,351,0
lak512d,999,2783,349,397.605,346,0
lak512d,1000,2418,600,400.362,350,0
lak512d,1001,2310,293,402.22,356,0
lak512d,1002,3011,527,403.392,358,0
lak512d,1003,2774,344,403.049,356,0
lak512d,1004,2370,318,402.735,359,0
lak512d,1005,3233,608,401.321,358,0
lak512d,1006,2173,225,401.208,367,0
lak512d,1007,2652,300,400.735,357,0
lak512d,1008,2414,717,400.078,358,0
lak512d,1009,2531,909,403.836,363,0
lak512d,1010,3073,688,406.191,355,0
lak512d,1011,2081,128,407.392,362,0
lak512d,1012,2233,309,404.563,360,0
lak512d,1013,2851,272,407.978,363,0
lak512d,1014,2270,772,407.622,373,0
lak512d,1015,2751,385,407.877,360,0
lak512d,1016,2531,764,407.907,365,0
lak512d,1017,2419,317,406.108,369,0
lak512d,1018,2290,322,405.392,360,0
lak512d,1019,2312,203,407.848,355,0
lak512d,1020,2866,516,408.019,356,0
lak512d,1021,2505,302,409.362,359,0
lak512d,1022,2764,328,411.848,359,0
lak512d,1023,2900,323,408.392,363,0
lak512d,1024,2193,371,408.149,364,0
lak512d,1025,2664,487,408.304,348,0
lak512d,1026,2208,719,410.066,380,0
lak512d,1027,3728,627,411.505,357,0
lak512d,1028,2697,590,410.362,360,0
lak512d,1029,2489,407,411.149,367,0
lak512d,1030,2565,397,415.451,380,0
lak512d,1031,1996,444,412.978,368,0
lak512d,1032,1791,204,415.966,383,0
lak512d,1033,2557,308,415.019,363,0
lak512d,1034,1942,154,413.978,369,0
lak512d,1035,1786,163,413.38,380,0
lak512d,1036,2391,236,412.966,380,0
lak512d,1037,2683,215,412.605,361,0
lak512d,1038,2151,536,412.522,375,0
lak512d,1039,2796,790,412.978,368,0
lak512d,1040,2942,367,417.948,368,0
lak512d,1041,2146,594,418.794,385,0
lak512d,1042,2659,326,418.291,370,0
lak512d,1043,1908,366,417.664,376,0
lak512d,1044,2326,449,416.149,372,0
lak512d,1045,2505,349,418.534,369,0
lak512d,1046,2999,301,418.078,376,0
lak512d,1047,3067,398,419.362,369,0
lak512d,1048,2140,230,418.563,374,0
lak512d,1049,2222,318,419.522,382,0
lak512d,1050,1728,448,422.723,391,0
lak512d,1051,2595,530,423.605,372,0
lak512d,1052,2699,314,420.35,382,0
lak512d,1053,3063,400,420.434,368,0
lak512d,1054,2252,675,423.865,388,0
lak512d,1055,2284,289,423.291,375,0
lak512d,1056,1664,353,422.066,392,0
lak512d,1057,3071,516,421.392,376,0
lak512d,1058,2438,601,423.919,369,0
lak512d,1059,2390,279,420.635,374,0
lak512d,1060,2104,200,426.936,389,0
lak512d,1061,2337,537,424.735,381,0
lak512d,1062,2735,298,427.25,386,0
lak512d,1063,2839,294,426.747,371,0
lak512d,1064,3307,322,426.291,378,0
lak512d,1065,2699,341,425.919,371,0
lak512d,1066,2890,515,427.463,380,0
lak512d,1067,3138,671,427.777,377,0
lak512d,1068,1822,173,424.066,394,0
lak512d,1069,2814,281,427.262,374,0
lak512d,1070,2664,281,428.706,380,0
lak512d,1071,2926,679,428.22,382,0
lak512d,1072,1889,204,428.652,399,0
lak512d,1073,2399,235,430.049,383,0
lak512d,1074,2621,425,430.362,380,0
lak512d,1075,2158,237,428.764,390,0
lak512d,1076,2606,631,430.35,392,0
lak512d,1077,2874,466,431.676,378,0
lak512d,1078,2632,420,430.546,369,0
lak512d,1079,3079,492,430.463,383,0
lak512d,1080,2519,368,435.877,388,0
lak512d,1081,2549,380,435.049,388,0
lak512d,1082,2394,323,432.362,382,0
lak512d,1083,3126,408,432.161,376,0
lak512d,1084,2503,300,435.936,398,0
lak512d,1085,2336,282,433.333,378,0
lak512d,1086,3299,460,432.404,375,0
lak512d,1087,2285,297,433.978,389,0
lak512d,1088,2500,378,434.605,383,0
lak512d,1089,1829,439,434.622,400,0
lak512d,1090,2746,179,439.777,389,0
lak512d,1091,2722,337,438.978,394,0
lak512d,1092,2648,329,436.789,374,0
lak512d,1093,2409,230,439.706,391,0
lak512d,1094,2342,279,439.037,404,0
lak512d,1095,2757,210,438.12,389,0
lak512d,1096,2262,453,436.877,389,0
lak512d,1097,2336,309,438.676,385,0
lak512d,1098,3200,510,436.161,380,0
lak512d,1099,3282,567,438.149,394,0
lak512d,1100,2519,477,442.706,394,0
lak512d,1101,2435,397,440.676,387,0
lak512d,1102,2697,252,440.161,384,0
lak512d,1103,2986,390,443.605,392,0
lak512d,1104,2450,517,441.777,391,0
lak512d,1105,2720,294,442.304,382,0
lak512d,1106,2636,340,443.718,383,0
lak512d,1107,2603,578,443.132,382,0
lak512d,1108,2169,451,441.764,403,0
lak512d,1109,2926,319,443.434,391,0
lak512d,1110,2461,258,444.534,395,0
lak512d,1111,2645,338,446.161,390,0
lak512d,1112,2748,422,445.404,388,0
lak512d,1113,3111,343,445.747,390,0
lak512d,1114,3052,345,445.818,388,0
lak512d,1115,2237,328,447.948,398,0
lak512d,1116,1912,196,447.279,411,0
lak512d,1117,2616,361,446.434,394,0
lak512d,1118,2764,259,445.818,388,0
lak512d,1119,3065,570,445.777,395,0
lak512d,1120,2798,293,448.149,404,0
lak512d,1121,3155,194,451.505,397,0
lak512d,1122,2495,314,448.475,389,0
lak512d,1123,2059,244,451.978,407,0
lak512d,1124,2298,633,450.191,399,0
lak512d,1125,2964,693,449.019,397,0
lak512d,1126,2380,286,450.203,387,0
lak512d,1127,3076,426,450.12,401,0
lak512d,1128,2721,555,450.392,405,0
lak512d,1129,2640,330,451.262,398,0
lak512d,1130,2712,384,453.635,407,0
lak512d,1131,3018,199,452.304,392,0
lak512d,1132,2812,291,452.605,401,0
lak512d,1133,2844,564,452.061,393,0
lak512d,1134,2781,313,453.191,402,0
lak512d,1135,2851,242,454.132,393,0
lak512d,1136,3214,720,455.019,403,0
lak512d,1137,2928,433,455.948,406,0
lak512d,1138,2755,454,453.191,402,0
lak512d,1139,2862,283,454.889,395,0
lak512d,1140,3126,441,457.333,402,0
lak512d,1141,2284,371,457.919,403,0
lak512d,1142,2503,322,459.078,417,0
lak512d,1143,1882,321,458.894,428,0
lak512d,1144,2495,219,457.693,421,0
lak512d,1145,3099,413,458.534,409,0
lak512d,1146,3012,304,458.848,406,0
lak512d,1147,2927,481,459.09,405,0
lak512d,1148,2584,336,456.635,410,0
lak512d,1149,2535,201,459.362,409,0
lak512d,1150,4129,1149,460.019,408,0
lak512d,1151,2549,307,463.446,399,0
lak512d,1152,2239,292,462.492,420,0
lak512d,1153,2642,205,462.777,412,0
lak512d,1154,2710,304,460.96,399,0
lak512d,1155,3102,505,461.647,403,0
lak512d,1156,2707,317,463.333,408,0
lak512d,1157,2876,601,463.09,409,0
lak512d,1158,2841,659,463.09,409,0
lak512d,1159,3408,302,460.09,406,0
lak512d,1160,2875,375,467.333,412,0
lak512d,1161,2731,443,465.161,409,0
lak512d,1162,2693,337,465.676,412,0
lak512d,1163,2640,399,465.948,416,0
lak512d,1164,2352,663,465.362,415,0
lak512d,1165,3310,189,467.404,410,0
lak512d,1166,2831,143,464.375,402,0
lak512d,1167,2768,391,467.576,411,0
lak512d,1168,3139,666,466.777,416,0
lak512d,1169,2187,395,467.007,427,0
lak512d,1170,2534,308,471.233,413,0
lak512d,1171,2715,663,471.877,424,0
lak512d,1172,2485,258,470.534,421,0
lak512d,1173,2554,359,469.676,416,0
lak512d,1174,2676,352,469.304,409,0
lak512d,1175,2984,461,468.818,411,0
lak512d,1176,2486,434,468.22,422,0
lak512d,1177,2686,458,471.96,410,0
lak512d,1178,2348,375,470.149,426,0
lak512d,1179,2667,279,471.032,407,0
lak512d,1180,2404,336,472.718,412,0
lak512d,1181,2749,397,475.161,419,0
lak512d,1182,2366,248,473.203,410,0
lak512d,1183,2891,134,475.948,426,0
lak512d,1184,2278,157,472.848,420,0
lak512d,1185,3011,487,474.676,421,0
lak512d,1186,2754,321,473.505,419,0
lak512d,1187,2368,235,474.664,433,0
lak512d,1188,3074,756,473.605,422,0
lak512d,1189,3172,559,473.161,417,0
lak512d,1190,2615,264,478.96,417,0
lak512d,1191,2940,493,476.103,410,0
lak512d,1192,2262,255,477.96,416,0
lak512d,1193,2734,336,478.475,419,0
lak512d,1194,2220,172,478.806,433,0
lak512d,1195,2648,318,478.617,415,0
lak512d,1196,2380,331,476.534,427,0
lak512d,1197,2544,393,476.777,426,0
lak512d,1198,2790,435,478.764,440,0
lak512d,1199,3085,722,478.576,422,0
lak512d,1200,2628,215,483.404,426,0
lak512d,1201,3141,370,483.475,424,0
lak512d,1202,2244,602,481.836,441,0
lak512d,1203,2462,425,483.475,424,0
lak512d,1204,2823,243,481.132,420,0
lak512d,1205,2619,305,483.191,432,0
lak512d,1206,2916,147,482.203,419,0
lak512d,1207,2425,350,481.806,436,0
lak512d,1208,2355,232,482.676,429,0
lak512d,1209,2932,479,481.274,416,0
lak512d,1210,2618,400,486.948,437,0
lak512d,1211,2367,178,485.019,433,0
lak512d,1212,2592,300,484.706,436,0
lak512d,1213,2493,319,486.818,429,0
lak512d,1214,1895,270,487.806,442,0
lak512d,1215,3285,505,484.889,425,0
lak512d,1216,2931,365,487.919,433,0
lak512d,1217,2901,203,485.345,418,0
lak512d,1218,2269,243,485.747,430,0
lak512d,1219,3810,703,484.647,426,0
lak512d,1220,3120,334,488.747,433,0
lak512d,1221,3035,444,489.617,426,0
lak512d,1222,2606,383,491.404,434,0
lak512d,1223,2638,528,491.617,428,0
lak512d,1224,3443,954,490.576,434,0
lak512d,1225,2048,172,491.764,453,0
lak512d,1226,2635,293,491.191,440,0
lak512d,1227,3288,834,488.676,435,0
lak512d,1228,2717,362,489.434,437,0
lak512d,1229,2733,312,488.505,434,0
lak512d,1230,2855,288,492.446,428,0
lak512d,1231,2429,398,493.889,434,0
lak512d,1232,2683,362,495.517,429,0
lak512d,1233,2100,288,494.007,454,0
lak512d,1234,1949,329,492.735,449,0
lak512d,1235,3145,408,493.747,438,0
lak512d,1236,2555,128,495.889,436,0
lak512d,1237,3583,382,493.203,430,0
lak512d,1238,3306,477,494.375,432,0
lak512d,1239,2396,456,495.161,439,0
lak512d,1240,2129,317,496.392,451,0
lak512d,1241,2301,387,496.818,439,0
lak512d,1242,2771,454,498.688,433,0
lak512d,1243,2581,335,497.274,432,0
lak512d,1244,2293,360,496.948,447,0
lak512d,1245,2528,572,497.877,450,0
lak512d,1246,1933,339,497.22,451,0
lak512d,1247,1566,167,496.25,455,0
lak512d,1248,2900,228,496.605,445,0
lak512d,1249,3905,792,497.718,437,0
lak512d,1250,3137,372,502.274,437,0
lak512d,1251,2377,237,500.605,449,0
lak512d,1252,2764,437,500.806,455,0
lak512d,1253,2573,385,501.179,462,0
lak512d,1254,3126,380,503.446,439,0
lak512d,1255,2712,234,500.688,435,0
lak512d,1256,1807,219,501.078,459,0
lak512d,1257,2481,270,503.392,458,0
lak512d,1258,3008,345,501.546,440,0
lak512d,1259,2735,308,503.517,437,0
lak512d,1260,3511,473,504.002,435,0
lak512d,1261,3665,678,504.233,446,0
lak512d,1262,2628,170,505.475,446,0
lak512d,1263,2835,351,505.759,438,0
lak512d,1264,2764,344,505.132,444,0
lak512d,1265,2608,294,507.345,440,0
lak512d,1266,2426,384,504.203,441,0
lak512d,1267,2911,297,506.86,442,0
lak512d,1268,2798,356,506.233,448,0
lak512d,1269,2511,607,504.463,457,0
lak512d,1270,2480,679,510.605,459,0
lak512d,1271,2950,516,508.605,457,0
lak512d,1272,2301,239,509.007,469,0
lak512d,1273,3322,649,511.233,453,0
lak512d,1274,2685,436,509.605,458,0
lak512d,1275,2008,186,509.149,465,0
lak512d,1276,3028,619,508.304,448,0
lak512d,1277,2649,335,508.688,443,0
lak512d,1278,3084,614,510.931,444,0
lak512d,1279,2720,213,508.103,442,0
lak512d,1280,2832,280,513.948,464,0
lak512d,1281,2866,265,513.362,463,0
lak512d,1282,2801,270,514.517,448,0
lak512d,1283,3240,259,513.274,448,0
lak512d,1284,3299,283,512.174,444,0
lak512d,1285,2770,274,513.103,447,0
lak512d,1286,2580,273,513.446,449,0
lak512d,1287,3127,269,512.375,450,0
lak512d,1288,3152,266,514.546,453,0
lak512d,1289,2648,228,514.262,461,0
lak512d,1290,3144,487,518.647,460,0
lak512d,1291,2758,385,517.174,449,0
lak512d,1292,2607,439,518.86,454,0
lak512d,1293,3074,302,519.416,450,0
lak512d,1294,3327,309,518.576,462,0
lak512d,1295,3686,518,517.931,451,0
lak512d,1296,3244,449,517.588,449,0
lak512d,1297,3651,591,516.132,455,0
lak512d,1298,2828,636,516.061,457,0
lak512d,1299,2403,231,519.375,457,0
lak512d,1300,2826,623,520.688,455,0
lak512d,1301,3315,333,522.203,459,0
lak512d,1302,2556,203,522.032,458,0
lak512d,1303,2934,572,521.718,461,0
lak512d,1304,2711,360,522.262,469,0
lak512d,1305,2770,332,521.203,458,0
lak512d,1306,2238,380,522.191,471,0
lak512d,1307,2577,324,522.688,457,0
lak512d,1308,2685,311,523.103,457,0
lak512d,1309,2872,252,520.96,459,0
lak512d,1310,2736,488,526.032,462,0
lak512d,1311,2855,228,526.789,464,0
lak512d,1312,3092,381,527.647,469,0
lak512d,1313,2604,265,524.86,460,0
lak512d,1314,2866,283,525.96,464,0
lak512d,1315,2844,447,526.174,458,0
lak512d,1316,3272,457,525.345,458,0
lak512d,1317,2739,358,526.103,460,0
lak512d,1318,2747,278,527.032,463,0
lak512d,1319,2802,575,526.86,462,0
lak512d,1320,2341,162,528.86,464,0
lak512d,1321,3249,326,528.688,463,0
lak512d,1322,2924,360,530.688,465,0
lak512d,1323,3987,549,528.759,461,0
lak512d,1324,2819,526,529.978,485,0
lak512d,1325,2414,174,529.12,480,0
lak512d,1326,3639,615,531.132,470,0
lak512d,1327,2969,254,529.818,472,0
lak512d,1328,3363,576,529.032,465,0
lak512d,1329,2774,324,529.931,463,0
lak512d,1330,2782,468,533.688,468,0
lak512d,1331,3021,291,534.274,469,0
lak512d,1332,3573,584,535.375,473,0
lak512d,1333,3100,348,532.416,463,0
lak512d,1334,2886,214,532.274,467,0
lak512d,1335,2751,282,535.032,471,0
lak512d,1336,2954,285,535.103,469,0
lak512d,1337,2666,147,533.86,469,0
lak512d,1338,2577,305,532.505,478,0
lak512d,1339,3609,620,533.617,470,0
lak512d,1340,2789,341,539.032,475,0
lak512d,1341,3274,187,536.475,477,0
lak512d,1342,2925,408,536.475,477,0
lak512d,1343,2375,187,539.718,479,0
lak512d,1344,3417,311,538.103,472,0
lak512d,1345,2632,204,537.789,475,0
lak512d,1346,2591,157,538.132,477,0
lak512d,1347,3068,364,538.434,486,0
lak512d,1348,2780,168,539.96,478,0
lak512d,1349,3054,398,539.659,469,0
lak512d,1350,2743,194,541.061,482,0
lak512d,1351,2691,321,542.517,476,0
lak512d,1352,2603,255,540.404,483,0
lak512d,1353,3282,267,543.848,491,0
lak512d,1354,2498,223,543.517,477,0
lak512d,1355,2642,371,543.889,484,0
lak512d,1356,2929,423,543.588,475,0
lak512d,1357,2727,332,542.333,487,0
lak512d,1358,3442,216,543.203,480,0
lak512d,1359,4167,714,540.831,471,0
lak512d,1360,2818,232,546.032,482,0
lak512d,1361,2802,420,546.96,485,0
lak512d,1362,2818,234,545.902,474,0
lak512d,1363,3361,530,547.99,491,0
lak512d,1364,3442,328,547.659,477,0
lak512d,1365,3243,232,545.931,479,0
lak512d,1366,2428,317,547.99,491,0
lak512d,1367,3240,125,545.86,481,0
lak512d,1368,3467,321,547.659,477,0
lak512d,1369,3459,240,544.144,471,0
lak512d,1370,2616,264,550.931,484,0
lak512d,1371,3144,426,550.659,480,0
lak512d,1372,2897,272,548.274,483,0
lak512d,1373,2850,287,549.446,485,0
lak512d,1374,3234,276,548.588,480,0
lak512d,1375,2350,151,549.789,487,0
lak512d,1376,2766,404,549.86,485,0
lak512d,1377,3338,465,551.375,489,0
lak512d,1378,2767,289,551.576,495,0
lak512d,1379,2465,520,551.233,493,0
lak512d,1380,3116,269,552.304,492,0
lak512d,1381,2902,327,554.032,490,0
lak512d,1382,2871,194,554.174,486,0
lak512d,1383,2551,355,553.617,490,0
lak512d,1384,3047,339,553.132,492,0
lak512d,1385,2456,274,553.96,492,0
lak512d,1386,3215,229,554.86,490,0
lak512d,1387,3114,265,553.902,482,0
lak512d,1388,2991,503,553.132,492,0
lak512d,1389,3077,330,552.416,483,0
lak512d,1390,2626,218,556.132,495,0
lak512d,1391,3241,430,559.576,503,0
lak512d,1392,2685,247,556.96,495,0
lak512d,1393,3693,619,556.558,483,0
lak512d,1394,2931,308,559.818,502,0
lak512d,1395,3158,306,558.446,494,0
lak512d,1396,3080,286,558.132,497,0
lak512d,1397,3515,264,556.505,502,0
lak512d,1398,3630,560,557.902,486,0
lak512d,1399,2775,380,556.86,492,0
lak512d,1400,2912,273,562.475,503,0
lak512d,1401,2763,227,560.203,497,0
lak512d,1402,3508,554,563.203,500,0
lak512d,1403,2991,285,560.144,487,0
lak512d,1404,2480,164,562.96,501,0
lak512d,1405,2817,433,560.345,493,0
lak512d,1406,2807,345,561.96,500,0
lak512d,1407,2852,251,562.659,492,0
lak512d,1408,3193,205,561.659,491,0
lak512d,1409,2461,338,560.889,501,0
lak512d,1410,2918,166,567.688,502,0
lak512d,1411,2676,277,566.375,504,0
lak512d,1412,3402,451,566.215,491,0
lak512d,1413,3049,267,566.517,500,0
lak512d,1414,3292,316,566.103,500,0
lak512d,1415,3097,381,567.174,499,0
lak512d,1416,3207,389,565.215,490,0
lak512d,1417,3554,590,565.345,498,0
lak512d,1418,2722,209,565.576,509,0
lak512d,1419,3125,309,567.144,494,0
lak512d,1420,2810,243,568.759,501,0
lak512d,1421,2636,247,571.002,502,0
lak512d,1422,3030,257,571.073,500,0
lak512d,1423,2690,173,569.617,506,0
lak512d,1424,3363,652,569.404,512,0
lak512d,1425,2951,281,569.889,510,0
lak512d,1426,3199,325,568.304,508,0
lak512d,1427,3182,228,570.487,499,0
lak512d,1428,3324,171,570.99,514,0
lak512d,1429,4037,778,569.446,505,0
lak512d,1430,2368,229,572.375,510,0
lak512d,1431,3826,307,573.931,507,0
lak512d,1432,3073,331,573.002,504,0
lak512d,1433,2305,255,574.233,516,0
lak512d,1434,2410,309,573.345,506,0
lak512d,1435,2610,307,572.073,501,0
lak512d,1436,2499,346,574.245,504,0
lak512d,1437,3062,318,574.801,500,0
lak512d,1438,3308,354,572.245,502,0
lak512d,1439,3299,487,573.701,496,0
lak512d,1440,3483,285,577.002,508,0
lak512d,1441,3376,701,579.132,518,0
lak512d,1442,2917,485,576.233,518,0
lak512d,1443,3005,576,577.316,505,0
lak512d,1444,3347,276,577.203,514,0
lak512d,1445,3187,272,578.973,505,0
lak512d,1446,2594,156,578.789,516,0
lak512d,1447,2204,246,577.576,521,0
lak512d,1448,2779,280,577.061,518,0
lak512d,1449,2241,116,576.889,517,0
lak512d,1450,2552,285,583.103,517,0
lak512d,1451,3008,250,580.576,524,0
lak512d,1452,2707,344,581.517,515,0
lak512d,1453,3102,441,583.304,523,0
lak512d,1454,3072,685,580.144,507,0
lak512d,1455,2853,344,580.416,511,0
lak512d,1456,3084,355,583.174,515,0
lak512d,1457,3333,332,581.345,514,0
lak512d,1458,2971,328,582.144,509,0
lak512d,1459,2917,248,582.517,516,0
lak512d,1460,3500,216,586.333,531,0
lak512d,1461,3530,346,587.96,526,0
lak512d,1462,2750,325,585.203,522,0
lak512d,1463,3120,439,585.759,518,0
lak512d,1464,3121,313,585.316,513,0
lak512d,1465,2340,189,585.475,526,0
lak512d,1466,2439,219,586.032,522,0
lak512d,1467,3011,224,586.688,521,0
lak512d,1468,3491,482,584.215,509,0
lak512d,1469,3100,172,584.831,515,0
lak512d,1470,2939,221,588.144,515,0
lak512d,1471,3409,581,590.487,519,0
lak512d,1472,3506,618,589.517,523,0
lak512d,1473,2881,442,589.931,523,0
lak512d,1474,3865,658,591.245,521,0
lak512d,1475,2812,480,590.831,521,0
lak512d,1476,2886,376,588.132,527,0
lak512d,1477,3480,558,590.304,530,0
lak512d,1478,3132,539,589.902,518,0
lak512d,1479,2962,175,588.345,521,0
lak512d,1480,2479,277,593.789,531,0
lak512d,1481,2825,453,592.073,521,0
lak512d,1482,2626,276,593.588,525,0
lak512d,1483,2884,324,592.96,531,0
lak512d,1484,2717,311,592.203,529,0
lak512d,1485,3486,402,592.872,516,0
lak512d,1486,3204,269,592.831,523,0
lak512d,1487,3018,297,595.245,525,0
lak512d,1488,2645,309,594.86,530,0
lak512d,1489,3328,654,594.659,524,0
lak512d,1490,3590,276,597.245,527,0
lak512d,1491,3806,367,599.316,527,0
lak512d,1492,3361,443,597.659,527,0
lak512d,1493,2917,376,597.831,528,0
lak512d,1494,2604,297,599.375,537,0
lak512d,1495,2841,397,598.002,529,0
lak512d,1496,3285,488,596.032,532,0
lak512d,1497,3379,327,597.073,526,0
lak512d,1498,3474,742,597.304,537,0
lak512d,1499,4151,458,598.215,523,0
lak512d,1500,2932,280,603.818,546,0
lak512d,1501,3207,230,603.387,529,0
lak512d,1502,2967,433,601.215,526,0
lak512d,1503,3159,458,601.902,530,0
lak512d,1504,3102,374,600.831,531,0
lak512d,1505,3072,288,603.073,532,0
lak512d,1506,4366,747,603.659,533,0
lak512d,1507,3702,364,603.759,536,0
lak512d,1508,2732,280,601.931,535,0
lak512d,1509,3204,596,600.375,538,0
lak512d,1510,3233,352,607.203,544,0
lak512d,1511,3236,300,606.215,531,0
lak512d,1512,2793,352,606.144,533,0
lak512d,1513,3565,336,606.144,533,0
lak512d,1514,3257,517,605.316,533,0
lak512d,1515,2810,276,606.203,543,0
lak512d,1516,3035,215,605.073,534,0
lak512d,1517,3482,301,606.902,535,0
lak512d,1518,3552,484,605.014,524,0
lak512d,1519,3322,169,606.487,535,0
lak512d,1520,4249,928,608.416,539,0
lak512d,1521,3350,448,611.889,552,0
lak512d,1522,2526,377,610.032,546,0
lak512d,1523,2944,246,611.659,541,0
lak512d,1524,2680,238,610.375,548,0
lak512d,1525,4170,1235,608.647,550,0
lak512d,1526,3006,255,608.801,534,0
lak512d,1527,4058,479,608.345,541,0
lak512d,1528,3391,625,611.831,542,0
lak512d,1529,2715,276,611.316,539,0
lak512d,1530,4163,724,612.073,541,0
lak512d,1531,2971,281,613.316,541,0
lak512d,1532,3115,316,613.103,547,0
lak512d,1533,2366,165,614.96,553,0
lak512d,1534,2694,348,614.375,552,0
lak512d,1535,2930,293,612.931,546,0
lak512d,1536,2873,228,613.86,549,0
lak512d,1537,2804,201,615.96,554,0
lak512d,1538,2930,357,612.517,546,0
lak512d,1539,3325,293,614.203,551,0
lak512d,1540,3060,162,617.759,550,0
lak512d,1541,2766,234,617.416,548,0
lak512d,1542,4080,488,617.759,550,0
lak512d,1543,2882,250,619.86,555,0
lak512d,1544,2985,440,617.558,544,0
lak512d,1545,4304,461,619.529,541,0
lak512d,1546,2735,261,618.86,554,0
lak512d,1547,4117,521,618.943,540,0
lak512d,1548,3123,589,617.529,539,0
lak512d,1549,2489,122,616.375,554,0
lak512d,1550,4117,561,621.044,545,0
lak512d,1551,3627,550,620.245,550,0
lak512d,1552,2969,328,620.215,545,0
lak512d,1553,4296,1035,622.588,554,0
lak512d,1554,2987,368,620.144,547,0
lak512d,1555,3686,373,622.345,555,0
lak512d,1556,3772,784,620.872,544,0
lak512d,1557,3177,398,620.588,552,0
lak512d,1558,4044,313,620.245,550,0
lak512d,1559,3015,433,620.86,556,0
lak512d,1560,3105,331,626.801,552,0
lak512d,1561,3826,566,626.701,549,0
lak512d,1562,3207,280,626.831,557,0
lak512d,1563,3040,367,627.316,555,0
lak512d,1564,2731,293,626.103,560,0
lak512d,1565,3084,342,626.902,555,0
lak512d,1566,2825,379,625.96,564,0
lak512d,1567,3659,473,625.558,552,0
lak512d,1568,2937,441,624.144,551,0
lak512d,1569,2770,263,625.304,565,0
lak512d,1570,3876,517,631.316,559,0
lak512d,1571,3889,638,628.345,561,0
lak512d,1572,3049,293,631.103,565,0
lak512d,1573,2919,299,628.588,560,0
lak512d,1574,2527,202,629.789,567,0
lak512d,1575,3303,263,628.487,557,0
lak512d,1576,3214,341,630.902,559,0
lak512d,1577,3580,189,631.215,556,0
lak512d,1578,3852,166,628.659,558,0
lak512d,1579,3088,329,628.174,560,0
lak512d,1580,3090,324,633.446,569,0
lak512d,1581,4638,909,632.571,547,0
lak512d,1582,2932,487,634.032,570,0
lak512d,1583,3864,213,634.973,561,0
lak512d,1584,2799,188,635.375,573,0
lak512d,1585,2892,360,632.416,563,0
lak512d,1586,3112,188,632.931,566,0
lak512d,1587,2885,298,632.659,562,0
lak512d,1588,4656,465,635.943,557,0
lak512d,1589,2830,605,634.517,568,0
lak512d,1590,3376,585,637.529,559,0
lak512d,1591,3654,476,636.073,565,0
lak512d,1592,3222,400,637.044,561,0
lak512d,1593,2935,388,639.203,576,0
lak512d,1594,2893,313,636.274,571,0
lak512d,1595,3164,259,636.174,568,0
lak512d,1596,3162,295,636.759,569,0
lak512d,1597,3017,400,638.588,570,0
lak512d,1598,3722,525,639.215,564,0
lak512d,1599,2781,231,639.789,577,0
lak512d,1600,2874,226,643.174,575,0
lak512d,1601,3181,204,643.659,573,0
lak512d,1602,3220,430,641.801,567,0
lak512d,1603,2944,341,642.517,576,0
lak512d,1604,2718,277,640.546,579,0
lak512d,1605,2620,316,641.931,575,0
lak512d,1606,2948,156,641.688,576,0
lak512d,1607,3864,300,642.701,565,0
lak512d,1608,3117,288,643.387,569,0
lak512d,1609,3390,419,640.63,565,0
lak512d,1610,2983,441,647.458,571,0
lak512d,1611,2452,201,644.688,579,0
lak512d,1612,3027,240,647.375,585,0
lak512d,1613,3230,401,644.517,578,0
lak512d,1614,3704,768,647.186,567,0
lak512d,1615,3133,239,645.073,574,0
lak512d,1616,2832,325,646.517,580,0
lak512d,1617,3174,327,645.032,581,0
lak512d,1618,2825,217,644.617,581,0
lak512d,1619,2962,315,647.345,580,0
lak512d,1620,3568,397,648.63,573,0
lak512d,1621,3511,572,649.387,575,0
lak512d,1622,3286,433,648.115,570,0
lak512d,1623,3317,349,648.245,578,0
lak512d,1624,3759,444,648.63,573,0
lak512d,1625,2886,343,650.073,579,0
lak512d,1626,3992,410,651.014,570,0
lak512d,1627,3210,235,649.002,580,0
lak512d,1628,3515,389,651.144,578,0
lak512d,1629,3130,289,649.931,583,0
lak512d,1630,2986,348,654.73,582,0
lak512d,1631,2966,359,652.345,585,0
lak512d,1632,3910,318,654.63,579,0
lak512d,1633,2666,259,655.546,594,0
lak512d,1634,3955,324,653.801,579,0
lak512d,1635,2800,130,652.517,586,0
lak512d,1636,2990,165,655.688,590,0
lak512d,1637,2825,261,655.274,590,0
lak512d,1638,2975,397,654.558,581,0
lak512d,1639,4045,378,655.943,577,0
lak512d,1640,2921,209,658.759,591,0
lak512d,1641,3652,216,658.801,584,0
lak512d,1642,2985,356,658.375,596,0
lak512d,1643,3825,284,658.63,583,0
lak512d,1644,2829,304,656.274,591,0
lak512d,1645,2781,321,658.245,588,0
lak512d,1646,2568,261,659.446,595,0
lak512d,1647,3061,252,656.144,583,0
lak512d,1648,3623,666,658.63,583,0
lak512d,1649,3638,225,657.6,577,0
lak512d,1650,3150,316,663.659,593,0
lak512d,1651,3022,202,660.458,584,0
lak512d,1652,3030,210,661.174,593,0
lak512d,1653,3581,570,660.286,583,0
lak512d,1654,2682,192,660.517,594,0
lak512d,1655,2566,246,662.831,593,0
lak512d,1656,3790,368,661.701,584,0
lak512d,1657,3288,264,660.659,590,0
lak512d,1658,2701,137,662.103,596,0
lak512d,1659,3166,453,663.558,590,0
lak512d,1660,3951,376,664.914,581,0
lak512d,1661,3487,538,667.144,594,0
lak512d,1662,3003,309,667.902,596,0
lak512d,1663,3359,286,666.943,588,0
lak512d,1664,3159,218,665.316,593,0
lak512d,1665,3505,253,667.6,587,0
lak512d,1666,2470,211,667.103,601,0
lak512d,1667,3456,526,664.571,579,0
lak512d,1668,2897,373,665.931,599,0
lak512d,1669,2829,312,665.203,602,0
lak512d,1670,2828,256,668.931,602,0
lak512d,1671,3212,172,670.387,596,0
lak512d,1672,3972,105,668.014,587,0
lak512d,1673,3268,311,671.073,600,0
lak512d,1674,3043,294,670.245,600,0
lak512d,1675,3711,237,668.245,598,0
lak512d,1676,3136,554,671.659,601,0
lak512d,1677,3458,347,668.558,595,0
lak512d,1678,2696,432,671.174,603,0
lak512d,1679,4072,360,669.701,592,0
lak512d,1680,3210,191,673.316,601,0
lak512d,1681,3225,173,672.458,596,0
lak512d,1682,3012,164,674.831,605,0
lak512d,1683,3166,435,675.316,603,0
lak512d,1684,3195,201,674.831,605,0
lak512d,1685,3343,492,674.215,599,0
lak512d,1686,3005,326,673.215,598,0
lak512d,1687,3467,321,674.215,599,0
lak512d,1688,3055,249,675.831,606,0
lak512d,1689,3327,204,674.529,596,0
lak512d,1690,3683,195,678.973,605,0
lak512d,1691,3289,321,679.387,605,0
lak512d,1692,4289,676,676.056,588,0
lak512d,1693,2720,221,678.759,611,0
lak512d,1694,2971,202,679.759,612,0
lak512d,1695,4040,249,677.257,595,0
lak512d,1696,3594,554,679.529,601,0
lak512d,1697,2702,218,676.002,607,0
lak512d,1698,3675,682,679.286,602,0
lak512d,1699,3938,272,679.571,594,0
lak512d,1700,3452,531,680.973,607,0
lak512d,1701,2840,337,682.659,612,0
lak512d,1702,3627,488,682.659,612,0
lak512d,1703,2869,391,680.002,611,0
lak512d,1704,3993,524,681.085,598,0
lak512d,1705,3317,298,682.63,607,0
lak512d,1706,3342,309,681.115,603,0
lak512d,1707,2645,337,680.759,613,0
lak512d,1708,2905,158,683.144,610,0
lak512d,1709,4724,506,680.642,593,0
lak512d,1710,4007,316,685.529,607,0
lak512d,1711,3641,255,684.357,605,0
lak512d,1712,3427,469,684.215,609,0
lak512d,1713,3244,261,685.085,602,0
lak512d,1714,3942,880,684.843,603,0
lak512d,1715,3902,377,686.144,613,0
lak512d,1716,3275,163,687.115,609,0
lak512d,1717,3146,231,684.701,607,0
lak512d,1718,2980,156,685.458,609,0
lak512d,1719,4419,924,684.186,604,0
lak512d,1720,3412,439,688.156,603,0
lak512d,1721,3080,353,691.186,611,0
lak512d,1722,2476,179,691.688,626,0
lak512d,1723,3243,281,689.286,612,0
lak512d,1724,3095,251,689.943,611,0
lak512d,1725,3467,316,690.416,621,0
lak512d,1726,4079,517,690.257,608,0
lak512d,1727,2652,183,691.103,625,0
lak512d,1728,3201,371,688.772,609,0
lak512d,1729,2556,176,689.002,620,0
lak512d,1730,3105,258,692.014,611,0
lak512d,1731,3114,266,692.387,618,0
lak512d,1732,4429,278,695.541,605,0
lak512d,1733,3186,481,694.487,623,0
lak512d,1734,3091,280,692.931,626,0
lak512d,1735,3043,194,693.002,624,0
lak512d,1736,2961,236,694.831,625,0
lak512d,1737,2687,313,694.274,629,0
lak512d,1738,2437,172,694.174,626,0
lak512d,1739,4234,331,694.37,603,0
lak512d,1740,3054,226,696.902,625,0
lak512d,1741,3961,334,696.428,615,0
lak512d,1742,2927,318,696.103,630,0
lak512d,1743,3805,209,698.245,628,0
lak512d,1744,3981,446,696.428,615,0
lak512d,1745,3201,361,699.902,628,0
lak512d,1746,3245,399,699.286,622,0
lak512d,1747,4148,617,696.914,613,0
lak512d,1748,3181,301,696.801,622,0
lak512d,1749,3429,326,698.872,622,0
lak512d,1750,3450,344,700.571,615,0
lak512d,1751,2805,168,700.245,630,0
lak512d,1752,3898,263,703.215,628,0
lak512d,1753,3090,279,702.316,630,0
lak512d,1754,4383,838,702.198,610,0
lak512d,1755,3235,281,700.186,620,0
lak512d,1756,4686,500,701.441,608,0
lak512d,1757,3989,455,702.144,629,0
lak512d,1758,3287,378,703.487,632,0
lak512d,1759,3980,297,702.872,626,0
lak512d,1760,4479,301,705.056,617,0
lak512d,1761,3698,375,707.073,636,0
lak512d,1762,4418,374,705.441,612,0
lak512d,1763,4411,646,705.541,615,0
lak512d,1764,3456,659,704.831,635,0
lak512d,1765,3733,266,707.872,631,0
lak512d,1766,3136,174,705.659,635,0
lak512d,1767,3697,486,705.772,626,0
lak512d,1768,3713,481,707.085,624,0
lak512d,1769,3629,476,707.801,633,0
lak512d,1770,3411,359,708.801,634,0
lak512d,1771,3148,274,710.487,639,0
lak512d,1772,3618,487,711.014,630,0
lak512d,1773,3543,435,708.014,627,0
lak512d,1774,3185,257,710.416,641,0
lak512d,1775,3247,158,711.701,634,0
lak512d,1776,3349,220,711.487,640,0
lak512d,1777,3812,575,708.571,623,0
lak512d,1778,3803,257,710.328,626,0
lak512d,1779,3802,206,711.902,640,0
lak512d,1780,3591,408,714.843,633,0
lak512d,1781,3670,356,715.014,634,0
lak512d,1782,3847,240,714.257,632,0
lak512d,1783,3762,320,715.529,637,0
lak512d,1784,3537,506,713.588,645,0
lak512d,1785,3247,393,715.144,642,0
lak512d,1786,4112,626,713.47,625,0
lak512d,1787,3155,132,714.73,642,0
lak512d,1788,2875,159,712.73,640,0
lak512d,1789,3933,341,712.428,631,0
lak512d,1790,3978,321,719.973,646,0
lak512d,1791,4158,670,719.571,634,0
lak512d,1792,3086,412,717.316,645,0
lak512d,1793,3760,350,717.186,637,0
lak512d,1794,3410,272,717.085,634,0
lak512d,1795,3905,297,717.588,649,0
lak512d,1796,4435,351,716.683,622,0
lak512d,1797,3780,290,719.387,645,0
lak512d,1798,4339,496,719.056,631,0
lak512d,1799,3973,327,716.541,626,0
lak512d,1800,4102,419,720.026,627,0
lak512d,1801,3262,263,722.245,652,0
lak512d,1802,3256,267,722.742,638,0
lak512d,1803,4147,462,720.328,636,0
lak512d,1804,3256,371,722.759,655,0
lak512d,1805,3120,218,722.014,641,0
lak512d,1806,4271,390,722.328,638,0
lak512d,1807,3928,553,723.328,639,0
lak512d,1808,4124,487,721.328,637,0
lak512d,1809,5100,887,721.441,628,0
lak512d,1810,4113,726,726.156,641,0
lak512d,1811,3546,515,724.5,641,0
lak512d,1812,3236,126,726.215,651,0
lak512d,1813,3416,289,724.014,643,0
lak512d,1814,3207,309,724.115,646,0
lak512d,1815,4382,193,726.156,641,0
lak512d,1816,3893,526,726.156,641,0
lak512d,1817,3112,362,724.286,647,0
lak512d,1818,3654,674,725.902,654,0
lak512d,1819,3792,179,724.215,649,0
lak512d,1820,3153,243,730.458,654,0
lak512d,1821,3310,259,731.215,656,0
lak512d,1822,3854,284,728.316,656,0
lak512d,1823,3746,508,729.014,648,0
lak512d,1824,3165,267,729.517,663,0
lak512d,1825,3175,394,729.345,662,0
lak512d,1826,4486,321,729.056,641,0
lak512d,1827,3866,353,729.47,641,0
lak512d,1828,3449,246,729.5,646,0
lak512d,1829,3052,163,731.458,655,0
lak512d,1830,3092,198,734.73,662,0
lak512d,1831,3004,219,735.801,661,0
lak512d,1832,3482,572,735.558,662,0
lak512d,1833,4286,896,734.742,650,0
lak512d,1834,3104,329,733.073,662,0
lak512d,1835,3326,301,734.6,654,0
lak512d,1836,3315,435,734.316,662,0
lak512d,1837,3835,381,733.902,662,0
lak512d,1838,4050,494,734.428,653,0
lak512d,1839,3170,340,733.558,660,0
lak512d,1840,4456,356,738.642,651,0
lak512d,1841,3179,222,739.245,669,0
lak512d,1842,3628,317,738.985,653,0
lak512d,1843,3403,209,738.813,652,0
lak512d,1844,3175,431,739.63,664,0
lak512d,1845,3300,386,738.973,665,0
lak512d,1846,3367,252,739.316,667,0
lak512d,1847,3559,285,736.642,649,0
lak512d,1848,3958,566,737.642,650,0
lak512d,1849,4142,433,738.884,650,0
lak512d,1850,4009,219,743.056,655,0
lak512d,1851,3152,447,743.245,673,0
lak512d,1852,3350,420,742.902,671,0
lak512d,1853,4228,498,741.47,653,0
lak512d,1854,2985,245,743.073,672,0
lak512d,1855,3895,559,741.571,656,0
lak512d,1856,3033,376,740.245,670,0
lak512d,1857,4460,379,742.198,650,0
lak512d,1858,3472,347,742.558,669,0
lak512d,1859,3760,166,743.63,668,0
lak512d,1860,3474,486,746.801,672,0
lak512d,1861,3604,705,745.529,667,0
lak512d,1862,4072,626,747.056,659,0
lak512d,1863,4771,413,746.299,657,0
lak512d,1864,4135,223,744.713,655,0
lak512d,1865,3487,164,744.73,672,0
lak512d,1866,3622,472,744.286,667,0
lak512d,1867,4113,267,744.955,654,0
lak512d,1868,3583,218,745.399,659,0
lak512d,1869,3066,420,745.245,675,0
lak512d,1870,3452,239,751.943,673,0
lak512d,1871,3816,323,750.742,666,0
lak512d,1872,3381,396,748.801,674,0
lak512d,1873,4554,963,751.269,657,0
lak512d,1874,4398,280,750.47,662,0
lak512d,1875,3568,180,751.801,677,0
lak512d,1876,3473,287,750.985,665,0
lak512d,1877,3162,503,751.63,676,0
lak512d,1878,3764,269,749.044,673,0
lak512d,1879,4053,249,750.399,664,0
lak512d,1880,3216,383,752.63,677,0
lak512d,1881,3833,253,754.215,679,0
lak512d,1882,3517,524,755.387,681,0
lak512d,1883,3400,480,753.529,675,0
lak512d,1884,3471,415,753.328,669,0
lak512d,1885,3088,208,752.487,681,0
lak512d,1886,3245,263,754.458,678,0
lak512d,1887,3050,210,752.973,679,0
lak512d,1888,4011,205,753.801,679,0
lak512d,1889,3375,403,752.659,682,0
lak512d,1890,3399,484,758.63,683,0
lak512d,1891,3465,630,756.529,678,0
lak512d,1892,3310,337,758.428,677,0
lak512d,1893,4171,123,756.914,673,0
lak512d,1894,2964,184,759.73,687,0
lak512d,1895,3336,337,758.558,685,0
lak512d,1896,3724,105,756.014,675,0
lak512d,1897,3634,332,756.973,683,0
lak512d,1898,3245,344,759.115,681,0
lak512d,1899,3155,248,757.002,688,0
lak512d,1900,3953,440,763.056,675,0
lak512d,1901,3223,266,761.558,688,0
lak512d,1902,4669,634,760.784,669,0
lak512d,1903,3046,346,763.357,684,0
lak512d,1904,3938,437,760.985,675,0
lak512d,1905,3474,181,763.742,679,0
lak512d,1906,3854,457,762.671,680,0
lak512d,1907,4296,665,761.399,675,0
lak512d,1908,3448,230,760.399,674,0
lak512d,1909,2914,242,761.316,689,0
lak512d,1910,2942,229,767.73,695,0
lak512d,1911,2977,346,767.831,698,0
lak512d,1912,4043,943,766.701,689,0
lak512d,1913,4045,682,764.227,677,0
lak512d,1914,4125,246,766.115,688,0
lak512d,1915,3733,439,764.458,688,0
lak512d,1916,3635,238,765.742,681,0
lak512d,1917,3749,324,764.872,688,0
lak512d,1918,3718,465,764.541,674,0
lak512d,1919,3635,211,765.63,690,0
lak512d,1920,3896,769,768.115,690,0
lak512d,1921,3129,346,771.387,697,0
lak512d,1922,4200,313,771.156,686,0
lak512d,1923,3156,88,770.144,697,0
lak512d,1924,3083,264,769.115,691,0
lak512d,1925,3249,341,771.458,695,0
lak512d,1926,3740,711,768.529,690,0
lak512d,1927,3286,560,769.843,688,0
lak512d,1928,3457,145,770.759,703,0
lak512d,1929,3756,174,769.659,699,0
lak512d,1930,3883,383,774.328,690,0
lak512d,1931,3260,498,775.6,695,0
lak512d,1932,3192,231,775.772,696,0
lak512d,1933,3246,418,773.115,695,0
lak512d,1934,3689,203,773.215,698,0
lak512d,1935,4587,333,773.541,683,0
lak512d,1936,4295,837,774.399,688,0
lak512d,1937,3327,207,773.843,692,0
lak512d,1938,3163,166,773.215,698,0
lak512d,1939,3603,314,774.63,699,0
lak512d,1940,3070,314,779.529,701,0
lak512d,1941,3687,271,777.872,701,0
lak512d,1942,4111,621,778.985,693,0
lak512d,1943,3811,396,776.843,695,0
lak512d,1944,3614,502,777.6,697,0
lak512d,1945,3324,273,778.115,700,0
lak512d,1946,3423,200,777.843,696,0
lak512d,1947,4314,452,777.357,698,0
lak512d,1948,3451,444,776.973,703,0
lak512d,1949,4060,582,776.056,688,0
lak512d,1950,3077,317,782.144,709,0
lak512d,1951,3708,175,782.6,702,0
lak512d,1952,3189,332,780.044,704,0
lak512d,1953,4307,547,781.955,691,0
lak512d,1954,3722,244,780.973,707,0
lak512d,1955,4266,656,781.985,696,0
lak512d,1956,4245,208,780.47,692,0
lak512d,1957,4087,454,782.127,692,0
lak512d,1958,3503,257,781.772,702,0
lak512d,1959,3805,174,781.973,708,0
lak512d,1960,3146,145,784.902,713,0
lak512d,1961,3487,367,784.115,706,0
lak512d,1962,3128,138,787.659,717,0
lak512d,1963,3837,524,787.985,702,0
lak512d,1964,3853,164,786.387,712,0
lak512d,1965,3853,609,787.671,705,0
lak512d,1966,3373,522,785.357,706,0
lak512d,1967,3401,271,784.742,700,0
lak512d,1968,3277,153,784.801,710,0
lak512d,1969,4102,371,787.328,703,0
lak512d,1970,3778,468,790.985,705,0
lak512d,1971,3478,525,791.529,713,0
lak512d,1972,3983,592,789.985,704,0
lak512d,1973,3246,169,788.186,708,0
lak512d,1974,4060,904,788.872,712,0
lak512d,1975,3695,190,789.044,713,0
lak512d,1976,3493,261,789.6,709,0
lak512d,1977,3643,628,791.571,706,0
lak512d,1978,3637,216,791.085,708,0
lak512d,1979,3239,261,791.529,713,0
lak512d,1980,3055,159,792.115,714,0
lak512d,1981,3228,450,794.701,717,0
lak512d,1982,3787,175,795.286,718,0
lak512d,1983,3449,158,795.5,712,0
lak512d,1984,4504,965,793.286,716,0
lak512d,1985,4593,361,795.571,710,0
lak512d,1986,4281,418,794.115,716,0
lak512d,1987,3767,606,794.357,715,0
lak512d,1988,3596,465,792.186,712,0
lak512d,1989,3364,185,793.044,717,0
lak512d,1990,3088,150,796.671,714,0
lak512d,1991,3667,664,797.115,719,0
lak512d,1992,3484,347,797.428,716,0
lak512d,1993,4161,831,799.541,709,0
lak512d,1994,4247,276,797.884,709,0
lak512d,1995,3238,161,799.671,717,0
lak512d,1996,3972,316,797.529,719,0
lak512d,1997,3431,381,798.085,715,0
lak512d,1998,3712,619,797.914,714,0
lak512d,1999,2978,202,797.659,727,0
lak512d,2000,3723,616,803.115,725,0
lak512d,2001,3040,177,801.872,725,0
lak512d,2002,3931,468,801.713,712,0
lak512d,2003,3573,285,803.813,717,0
lak512d,2004,3219,209,802.428,721,0
lak512d,2005,3852,591,800.742,716,0
lak512d,2006,3405,448,801.044,725,0
lak512d,2007,4195,487,801.428,720,0
lak512d,2008,3410,506,801.6,721,0
lak512d,2009,3648,602,801.286,724,0
lak512d,2010,3689,618,804.742,720,0
lak512d,2011,3800,636,806.257,724,0
lak512d,2012,4097,700,807.884,719,0
lak512d,2013,3418,403,804.085,721,0
lak512d,2014,4163,196,806.186,726,0
lak512d,2015,3313,271,805.257,723,0
lak512d,2016,3314,229,807.144,734,0
lak512d,2017,3764,538,805.056,717,0
lak512d,2018,4261,520,804.014,723,0
lak512d,2019,3453,164,805.428,724,0
lak512d,2020,3229,387,809.357,730,0
lak512d,2021,4050,492,811.813,725,0
lak512d,2022,3699,410,809.47,721,0
lak512d,2023,3628,689,809.843,728,0
lak512d,2024,3255,203,808.973,735,0
lak512d,2025,3615,486,808.985,723,0
lak512d,2026,4530,295,809.955,719,0
lak512d,2027,3433,158,810.186,730,0
lak512d,2028,3208,211,808.257,726,0
lak512d,2029,4077,355,809.299,720,0
lak512d,2030,3711,670,813.872,737,0
lak512d,2031,4361,226,812.085,729,0
lak512d,2032,3676,268,815.529,737,0
lak512d,2033,3544,152,812.257,730,0
lak512d,2034,3909,160,814.186,734,0
lak512d,2035,3169,138,813.943,735,0
lak512d,2036,3923,361,812.742,728,0
lak512d,2037,3737,684,814.943,736,0
lak512d,2038,4075,483,812.37,721,0
lak512d,2039,3719,290,812.985,727,0
lak512d,2040,3733,371,816.713,727,0
lak512d,2041,3314,348,819.772,740,0
lak512d,2042,3884,197,818.014,737,0
lak512d,2043,4175,529,819.5,736,0
lak512d,2044,4270,634,819.955,729,0
lak512d,2045,3564,157,818.671,736,0
lak512d,2046,3524,271,817.328,733,0
lak512d,2047,4251,248,816.813,730,0
lak512d,2048,2920,236,817.286,740,0
lak512d,2049,4118,560,819.813,733,0
lak512d,2050,4247,221,822.571,737,0
lak512d,2051,3832,503,821.328,737,0
lak512d,2052,3644,542,822.813,736,0
lak512d,2053,4038,585,820.955,730,0
lak512d,2054,3554,603,821.115,743,0
lak512d,2055,4113,154,821.884,733,0
lak512d,2056,3514,519,822.985,737,0
lak512d,2057,4089,240,821.671,739,0
lak512d,2058,3802,432,821.227,734,0
lak512d,2059,4054,345,820.127,730,0
lak512d,2060,3345,462,824.115,746,0
lak512d,2061,3410,167,827.529,749,0
lak512d,2062,3565,513,826.843,745,0
lak512d,2063,3973,206,824.642,737,0
lak512d,2064,3399,166,824.571,739,0
lak512d,2065,4046,534,826.985,741,0
lak512d,2066,3643,291,824.914,741,0
lak512d,2067,4376,157,825.571,740,0
lak512d,2068,3894,638,824.328,740,0
lak512d,2069,3934,461,825.884,737,0
lak512d,2070,3804,380,829.156,744,0
lak512d,2071,3442,179,830.742,746,0
lak512d,2072,4289,156,829.227,742,0
lak512d,2073,3972,439,830.671,748,0
lak512d,2074,4227,157,829.47,741,0
lak512d,2075,4198,726,830.399,744,0
lak512d,2076,4054,168,831.328,747,0
lak512d,2077,4149,238,831.541,741,0
lak512d,2078,3698,205,831.085,748,0
lak512d,2079,3735,496,829.943,751,0
lak512d,2080,3252,169,835.085,752,0
lak512d,2081,3778,388,834.813,748,0
lak512d,2082,4370,594,833.612,741,0
lak512d,2083,4198,263,833.399,747,0
lak512d,2084,3507,499,834.701,757,0
lak512d,2085,3986,460,833.713,744,0
lak512d,2086,3435,288,833.257,751,0
lak512d,2087,4177,145,832.37,741,0
lak512d,2088,4014,506,833.37,742,0
lak512d,2089,3582,406,832.914,749,0
lak512d,2090,3420,169,839.156,754,0
lak512d,2091,4430,1009,839.014,758,0
lak512d,2092,4132,177,837.784,746,0
lak512d,2093,3932,595,836.642,749,0
lak512d,2094,4103,172,839.056,751,0
lak512d,2095,3753,367,836.056,748,0
lak512d,2096,4293,649,836.571,751,0
lak512d,2097,4434,293,838.571,753,0
lak512d,2098,3351,159,837.914,754,0
lak512d,2099,3949,438,837.742,753,0
