map,scenid,total,20move,distance,path_size,hLevel
ost003d,0,191,172,3,4,0
ost003d,1,172,162,1,2,0
ost003d,2,343,319,2.41421,3,0
ost003d,3,170,149,1,2,0
ost003d,4,151,153,3,4,0
ost003d,5,145,151,2,3,0
ost003d,6,187,177,1,2,0
ost003d,7,271,272,2.41421,3,0
ost003d,8,161,170,1,2,0
ost003d,9,147,151,1.41421,2,0
ost003d,10,271,242,5.24264,5,0
ost003d,11,273,244,6.65685,6,0
ost003d,12,349,333,7.82843,8,0
ost003d,13,281,293,5.41421,6,0
ost003d,14,270,244,4.41421,5,0
ost003d,15,297,285,5.41421,6,0
ost003d,16,249,238,6.41421,7,0
ost003d,17,439,425,7.82843,8,0
ost003d,18,314,297,4.82843,5,0
ost003d,19,216,214,4.24264,4,0
ost003d,20,334,340,11.4142,12,0
ost003d,21,390,404,8.65685,8,0
ost003d,22,260,258,9.24264,9,0
ost003d,23,329,322,10.4142,11,0
ost003d,24,279,280,8.24264,8,0
ost003d,25,328,326,10.2426,10,0
ost003d,26,297,317,11.8284,12,0
ost003d,27,396,376,10.0711,9,0
ost003d,28,267,276,10.4142,11,0
ost003d,29,404,385,11.6569,11,0
ost003d,30,487,483,13.4853,12,0
ost003d,31,278,274,12.4142,13,0
ost003d,32,281,296,15.6569,15,0
ost003d,33,602,569,14.7279,12,0
ost003d,34,444,390,12.0711,11,0
ost003d,35,391,377,12.0711,11,0
ost003d,36,651,591,12.2426,12,0
ost003d,37,365,361,14.6569,14,0
ost003d,38,520,486,12.6569,12,0
ost003d,39,455,417,14.4853,13,0
ost003d,40,262,273,19.4142,20,0
ost003d,41,344,331,16.6569,16,0
ost003d,42,458,465,17.6569,17,0
ost003d,43,642,646,19.1421,16,0
ost003d,44,447,423,19.2426,19,0
ost003d,45,272,294,17.8995,16,0
ost003d,46,396,379,18.7279,16,0
ost003d,47,591,587,18.5563,15,0
ost003d,48,533,495,18.6569,18,0
ost003d,49,628,562,17.7279,15,0
ost003d,50,647,665,20.3137,18,0
ost003d,51,381,385,21.3137,19,0
ost003d,52,283,283,23.4142,24,0
ost003d,53,583,555,23.5563,20,0
ost003d,54,509,471,21.8284,22,0
ost003d,55,492,432,22.8284,23,0
ost003d,56,680,634,23.9706,20,0
ost003d,57,273,235,20.0711,19,0
ost003d,58,385,366,21.0711,20,0
ost003d,59,393,348,20.7279,18,0
ost003d,60,922,901,25.2132,20,0
ost003d,61,576,582,26.3848,22,0
ost003d,62,503,425,27.4142,28,0
ost003d,63,676,701,26.3848,22,0
ost003d,64,768,688,26.799,22,0
ost003d,65,422,321,26.4853,25,0
ost003d,66,283,267,27.3137,25,0
ost003d,67,506,424,27.6274,22,0
ost003d,68,524,358,26.4853,25,0
ost003d,69,164,167,24,25,0
ost003d,70,919,793,28.8995,27,0
ost003d,71,1194,892,30.3137,28,0
ost003d,72,816,671,31.3848,27,0
ost003d,73,630,594,29.3137,27,0
ost003d,74,689,572,30.7279,28,0
ost003d,75,847,580,29.3137,27,0
ost003d,76,980,692,29.799,25,0
ost003d,77,457,440,31.6569,31,0
ost003d,78,439,233,30.6569,30,0
ost003d,79,488,249,28.8284,29,0
ost003d,80,1013,709,33.3848,29,0
ost003d,81,835,487,32.1421,29,0
ost003d,82,550,537,34.1421,31,0
ost003d,83,413,390,32.1421,29,0
ost003d,84,814,625,33.0711,32,0
ost003d,85,488,501,34.4558,28,0
ost003d,86,614,341,35.7279,33,0
ost003d,87,892,853,35.7279,33,0
ost003d,88,583,479,33.5269,25,0
ost003d,89,290,271,34.4558,28,0
ost003d,90,555,544,36.9706,33,0
ost003d,91,868,421,37.1421,34,0
ost003d,92,748,254,38.6569,38,0
ost003d,93,874,662,36.2843,29,0
ost003d,94,841,571,38.3848,34,0
ost003d,95,712,492,39.0416,33,0
ost003d,96,640,513,39.0416,33,0
ost003d,97,1129,684,36.6274,31,0
ost003d,98,770,359,37.799,33,0
ost003d,99,516,389,37.0711,36,0
ost003d,100,942,773,40.799,36,0
ost003d,101,422,421,41.799,37,0
ost003d,102,1198,674,43.3848,39,0
ost003d,103,386,348,41.5563,38,0
ost003d,104,730,406,43.2843,36,0
ost003d,105,709,640,43.6274,38,0
ost003d,106,788,261,40.4558,34,0
ost003d,107,846,809,40.8701,34,0
ost003d,108,779,406,40.2843,33,0
ost003d,109,607,639,41.5563,38,0
ost003d,110,761,541,46.9706,43,0
ost003d,111,667,259,47.5563,44,0
ost003d,112,910,623,45.6274,40,0
ost003d,113,767,383,46.8701,40,0
ost003d,114,973,306,46.1421,43,0
ost003d,115,802,384,46.9706,43,0
ost003d,116,1282,740,44.8701,38,0
ost003d,117,943,750,44.2843,37,0
ost003d,118,389,350,46.4853,45,0
ost003d,119,594,271,45.0416,39,0
ost003d,120,432,215,50.7696,41,0
ost003d,121,1161,704,49.2843,42,0
ost003d,122,473,516,49.9706,46,0
ost003d,123,1212,750,48.8406,37,0
ost003d,124,857,404,50.799,46,0
ost003d,125,602,391,49.7696,40,0
ost003d,126,514,463,49.8701,43,0
ost003d,127,1103,538,50.1127,42,0
ost003d,128,511,331,48.0416,42,0
ost003d,129,1147,472,48.1127,40,0
ost003d,130,691,528,55.2132,50,0
ost003d,131,735,711,53.4853,52,0
ost003d,132,1283,336,52.0416,46,0
ost003d,133,1272,539,55.9411,47,0
ost003d,134,463,324,54.8995,53,0
ost003d,135,642,289,55.0416,49,0
ost003d,136,1056,669,53.5563,50,0
ost003d,137,1183,514,53.9411,45,0
ost003d,138,840,439,54.1421,51,0
ost003d,139,814,594,52.3553,43,0
ost003d,140,650,175,58.3137,56,0
ost003d,141,867,341,59.0416,53,0
ost003d,142,988,758,58.1421,55,0
ost003d,143,1098,605,57.669,45,0
ost003d,144,928,236,59.5563,56,0
ost003d,145,876,634,56.6274,51,0
ost003d,146,815,331,57.2843,50,0
ost003d,147,1007,420,59.3553,50,0
ost003d,148,522,271,57.2132,52,0
ost003d,149,845,442,58.1421,55,0
ost003d,150,1365,780,61.8406,50,0
ost003d,151,1534,700,62.5269,54,0
ost003d,152,611,458,63.669,51,0
ost003d,153,707,489,60.6274,55,0
ost003d,154,834,364,62.0833,49,0
ost003d,155,571,230,62.5269,54,0
ost003d,156,945,452,60.1838,50,0
ost003d,157,1229,738,63.6985,56,0
ost003d,158,1027,352,60.6274,55,0
ost003d,159,885,215,62.8406,51,0
ost003d,160,798,229,67.8406,56,0
ost003d,161,1424,628,67.4264,56,0
ost003d,162,884,314,67.0833,54,0
ost003d,163,767,681,65.4558,59,0
ost003d,164,809,261,67.3848,63,0
ost003d,165,1016,678,64.8701,58,0
ost003d,166,1153,257,65.1127,57,0
ost003d,167,1391,780,65.9117,52,0
ost003d,168,679,271,64.5563,61,0
ost003d,169,1337,526,66.3848,62,0
ost003d,170,1072,688,71.669,59,0
ost003d,171,1183,657,71.6985,64,0
ost003d,172,1242,811,68.8701,62,0
ost003d,173,919,319,68.0416,62,0
ost003d,174,1301,664,69.0122,58,0
ost003d,175,1125,356,69.2548,57,0
ost003d,176,869,525,70.3848,66,0
ost003d,177,653,194,70.9411,62,0
ost003d,178,1000,491,69.5563,66,0
ost003d,179,777,203,71.669,59,0
ost003d,180,736,524,74.1127,66,0
ost003d,181,1765,543,73.7401,59,0
ost003d,182,1451,417,75.0122,64,0
ost003d,183,816,685,74.2132,69,0
ost003d,184,640,197,73.9706,70,0
ost003d,185,1041,363,72.8701,66,0
ost003d,186,1206,504,73.9411,65,0
ost003d,187,1051,268,72.4264,61,0
ost003d,188,955,239,72.1543,57,0
ost003d,189,1241,454,72.5269,64,0
ost003d,190,859,416,77.3137,75,0
ost003d,191,991,426,78.8406,67,0
ost003d,192,1368,710,79.5685,64,0
ost003d,193,1118,447,79.2548,67,0
ost003d,194,887,480,76.8995,75,0
ost003d,195,576,310,77.1838,67,0
ost003d,196,1235,578,77.8701,71,0
ost003d,197,816,307,78.8406,67,0
ost003d,198,1172,525,76.8112,60,0
ost003d,199,1230,369,77.9117,64,0
ost003d,200,1284,416,81.5269,73,0
ost003d,201,1183,279,82.7696,73,0
ost003d,202,915,547,81.6274,76,0
ost003d,203,1176,255,81.0416,75,0
ost003d,204,1174,492,81.5269,73,0
ost003d,205,1162,264,81.9828,66,0
ost003d,206,1598,452,83.1127,75,0
ost003d,207,942,431,80.3553,71,0
ost003d,208,736,578,83.6985,76,0
ost003d,209,763,352,82.8701,76,0
ost003d,210,1217,365,85.7401,71,0
ost003d,211,1028,388,85.1127,77,0
ost003d,212,1498,536,87.4975,74,0
ost003d,213,1211,513,86.3259,72,0
ost003d,214,1435,610,86.9828,71,0
ost003d,215,1158,439,86.468,68,0
ost003d,216,1168,483,87.6985,80,0
ost003d,217,1160,247,84.6985,77,0
ost003d,218,1210,289,87.2548,75,0
ost003d,219,1381,622,85.8112,69,0
ost003d,220,982,506,90.4975,77,0
ost003d,221,1601,762,90.1838,80,0
ost003d,222,894,566,91.7696,82,0
ost003d,223,1080,346,91.8822,73,0
ost003d,224,1395,406,90.6396,73,0
ost003d,225,754,368,89.2132,84,0
ost003d,226,837,241,89.8995,88,0
ost003d,227,790,167,88.0711,87,0
ost003d,228,1417,630,89.5685,74,0
ost003d,229,718,543,89.5269,81,0
ost003d,230,921,133,92.8406,81,0
ost003d,231,1490,460,95.5685,80,0
ost003d,232,2701,1114,92.9117,79,0
ost003d,233,1233,618,95.8112,79,0
ost003d,234,1066,386,92.5685,77,0
ost003d,235,877,300,92.799,88,0
ost003d,236,998,319,94.468,76,0
ost003d,237,932,237,94.9117,81,0
ost003d,238,1199,338,92.3848,88,0
ost003d,239,888,415,94.2843,87,0
ost003d,240,994,467,97.3259,83,0
ost003d,241,1891,626,98.7107,79,0
ost003d,242,1027,464,97.5685,82,0
ost003d,243,1669,467,97.9828,82,0
ost003d,244,1104,376,99.6985,92,0
ost003d,245,1328,333,97.9117,84,0
ost003d,246,945,378,98.7696,89,0
ost003d,247,1844,632,99.0538,81,0
ost003d,248,1074,213,97.3259,83,0
ost003d,249,1193,282,97.468,79,0
ost003d,250,1317,333,102.983,87,0
ost003d,251,1475,307,102.598,92,0
ost003d,252,1586,653,101.782,80,0
ost003d,253,1140,421,100.971,97,0
ost003d,254,889,395,100.556,97,0
ost003d,255,1538,572,100.296,81,0
ost003d,256,1799,232,101.326,87,0
ost003d,257,1599,402,102.953,82,0
ost003d,258,1563,423,100.882,82,0
ost003d,259,1706,382,101.841,90,0
ost003d,260,1530,487,104.497,91,0
ost003d,261,1580,513,107.426,96,0
ost003d,262,1527,525,104.024,81,0
ost003d,263,1073,304,107.598,97,0
ost003d,264,1405,366,107.953,87,0
ost003d,265,1296,489,107.782,86,0
ost003d,266,1142,357,104.74,90,0
ost003d,267,1102,316,105.338,79,0
ost003d,268,1481,383,104.912,91,0
ost003d,269,1260,476,105.953,85,0
ost003d,270,1574,345,109.225,92,0
ost003d,271,1313,512,111.811,95,0
ost003d,272,1277,482,108.782,87,0
ost003d,273,983,399,108.083,95,0
ost003d,274,1313,430,108.054,90,0
ost003d,275,1978,435,109.113,101,0
ost003d,276,1530,384,109.368,88,0
ost003d,277,1562,563,108.983,93,0
ost003d,278,1309,592,110.326,96,0
ost003d,279,1056,503,109.669,97,0
ost003d,280,2003,528,113.539,93,0
ost003d,281,1114,450,115.012,104,0
ost003d,282,1165,449,112.368,91,0
ost003d,283,1414,373,113.397,97,0
ost003d,284,1597,219,114.125,94,0
ost003d,285,1064,213,115.083,102,0
ost003d,286,1499,328,114.054,96,0
ost003d,287,1457,336,115.882,97,0
ost003d,288,831,434,113.426,102,0
ost003d,289,1356,244,112.598,102,0
ost003d,290,1582,207,119.882,101,0
ost003d,291,1102,392,117.569,102,0
ost003d,292,1176,349,118.326,104,0
ost003d,293,1383,213,118.64,101,0
ost003d,294,1068,470,118.569,103,0
ost003d,295,1183,536,118.497,105,0
ost003d,296,1247,361,119.983,104,0
ost003d,297,1355,177,116.74,102,0
ost003d,298,974,485,119.255,107,0
ost003d,299,1631,323,117.61,95,0
ost003d,300,1238,223,121.338,95,0
ost003d,301,1152,399,120.74,106,0
ost003d,302,1599,672,123.711,104,0
ost003d,303,983,275,121.569,106,0
ost003d,304,1309,356,123.426,112,0
ost003d,305,1382,354,121.527,113,0
ost003d,306,1809,439,122.083,109,0
ost003d,307,1450,340,120.497,107,0
ost003d,308,1266,371,123.267,99,0
ost003d,309,1670,563,121.024,98,0
ost003d,310,1518,609,125.64,108,0
ost003d,311,1448,392,126.912,113,0
ost003d,312,1483,660,125.711,106,0
ost003d,313,1637,328,127.711,108,0
ost003d,314,1428,428,125.811,109,0
ost003d,315,1642,441,126.267,102,0
ost003d,316,1786,500,126.397,110,0
ost003d,317,1381,247,126.669,114,0
ost003d,318,1275,324,126.669,114,0
ost003d,319,1165,436,127.184,117,0
ost003d,320,1284,401,129.326,115,0
ost003d,321,1339,246,130.882,112,0
ost003d,322,1495,192,130.468,112,0
ost003d,323,865,362,129.811,113,0
ost003d,324,866,411,129.426,118,0
ost003d,325,1199,451,130.74,116,0
ost003d,326,1174,350,128.196,106,0
ost003d,327,1489,492,129.723,98,0
ost003d,328,1214,350,130.397,114,0
ost003d,329,1038,276,129.841,118,0
ost003d,330,1388,391,134.64,117,0
ost003d,331,1256,331,133.054,115,0
ost003d,332,1668,386,132.652,103,0
ost003d,333,1484,470,133.74,119,0
ost003d,334,921,348,132.497,119,0
ost003d,335,1321,302,134.255,122,0
ost003d,336,1211,320,135.841,124,0
ost003d,337,1708,429,132.125,112,0
ost003d,338,1671,466,135.64,118,0
ost003d,339,1564,208,132.296,113,0
ost003d,340,1855,603,136.468,118,0
ost003d,341,1224,333,138.669,126,0
ost003d,342,1150,461,139.225,122,0
ost003d,343,1169,268,139.054,121,0
ost003d,344,961,219,136.024,113,0
ost003d,345,1441,215,139.64,122,0
ost003d,346,1880,409,139.61,117,0
ost003d,347,1053,224,139.326,125,0
ost003d,348,1124,298,138.669,126,0
ost003d,349,1925,848,136.882,118,0
ost003d,350,1422,285,140.154,125,0
ost003d,351,1440,401,141.125,121,0
ost003d,352,1169,283,141.184,131,0
ost003d,353,1254,440,141.012,130,0
ost003d,354,1733,557,142.953,122,0
ost003d,355,2050,431,142.853,119,0
ost003d,356,1656,353,142.439,119,0
ost003d,357,1948,462,140.723,109,0
ost003d,358,1244,277,143.326,129,0
ost003d,359,1749,258,141.255,129,0
ost003d,360,1801,318,145.338,119,0
ost003d,361,1446,404,146.581,119,0
ost003d,362,1703,528,145.095,120,0
ost003d,363,1707,332,147.309,116,0
ost003d,364,1369,435,145.681,121,0
ost003d,365,1716,264,146.581,119,0
ost003d,366,1807,371,146.924,121,0
ost003d,367,1352,256,146.953,126,0
ost003d,368,1393,345,145.267,121,0
ost003d,369,1674,240,146.125,126,0
ost003d,370,997,240,150.012,139,0
ost003d,371,1613,332,149.882,131,0
ost003d,372,1183,316,151.912,138,0
ost003d,373,1545,239,150.296,131,0
ost003d,374,2189,445,150.723,119,0
ost003d,375,1951,429,148.61,126,0
ost003d,376,1367,207,151.953,131,0
ost003d,377,1509,258,150.853,127,0
ost003d,378,1963,559,151.196,129,0
ost003d,379,1128,208,149.569,134,0
ost003d,380,1253,370,155.711,136,0
ost003d,381,1175,471,154.752,128,0
ost003d,382,1045,349,152.64,135,0
ost003d,383,1302,404,153.983,138,0
ost003d,384,1653,481,152.409,124,0
ost003d,385,1641,194,155.853,132,0
ost003d,386,2108,275,153.037,118,0
ost003d,387,1019,244,153.397,137,0
ost003d,388,1783,307,153.024,130,0
ost003d,389,1664,483,152.125,132,0
ost003d,390,1644,269,157.924,132,0
ost003d,391,1399,434,156.196,134,0
ost003d,392,1275,286,157.368,136,0
ost003d,393,1695,251,157.953,137,0
ost003d,394,1525,627,157.083,144,0
ost003d,395,2035,651,156.995,129,0
ost003d,396,1816,293,157.581,130,0
ost003d,397,1839,307,156.024,133,0
ost003d,398,1688,306,157.681,133,0
ost003d,399,1583,490,158.853,135,0
ost003d,400,1405,484,163.024,140,0
ost003d,401,1554,246,161.581,134,0
ost003d,402,1129,217,160.51,135,0
ost003d,403,1518,400,160.823,132,0
ost003d,404,1162,358,163.953,143,0
ost003d,405,1973,187,162.225,145,0
ost003d,406,1970,598,163.652,134,0
ost003d,407,1494,249,161.51,136,0
ost003d,408,1925,489,162.711,143,0
ost003d,409,1095,171,161.326,147,0
ost003d,410,1706,430,167.966,135,0
ost003d,411,1176,367,166.681,142,0
ost003d,412,1427,295,167.581,140,0
ost003d,413,1917,500,164.581,137,0
ost003d,414,1574,281,167.953,147,0
ost003d,415,1444,510,164.267,140,0
ost003d,416,1957,403,165.338,139,0
ost003d,417,1189,281,164.024,141,0
ost003d,418,1560,275,166.823,138,0
ost003d,419,1411,440,164.924,139,0
ost003d,420,1501,291,169.196,147,0
ost003d,421,1041,246,170.125,150,0
ost003d,422,1574,290,170.125,150,0
ost003d,423,1327,200,170.912,157,0
ost003d,424,2021,465,169.338,143,0
ost003d,425,1791,325,171.439,148,0
ost003d,426,2062,327,171.865,136,0
ost003d,427,1520,393,170.983,155,0
ost003d,428,1758,580,168.782,147,0
ost003d,429,1536,312,171.196,149,0
ost003d,430,1577,484,173.125,153,0
ost003d,431,1764,565,175.309,144,0
ost003d,432,1773,148,174.64,157,0
ost003d,433,1511,541,174.196,152,0
ost003d,434,1579,212,172.924,147,0
ost003d,435,1119,220,174.468,156,0
ost003d,436,1978,589,172.196,150,0
ost003d,437,1557,510,173.439,150,0
ost003d,438,1460,176,173.095,148,0
ost003d,439,1569,443,173.439,150,0
ost003d,440,2155,513,177.451,142,0
ost003d,441,1792,401,177.853,154,0
ost003d,442,1461,322,179.167,152,0
ost003d,443,1636,296,179.439,156,0
ost003d,444,1595,333,176.196,154,0
ost003d,445,1578,310,178.409,150,0
ost003d,446,2082,560,179.48,149,0
ost003d,447,1402,270,177.51,152,0
ost003d,448,1270,134,179.439,156,0
ost003d,449,1601,379,178.208,144,0
ost003d,450,1665,520,183.309,152,0
ost003d,451,1702,233,183.995,156,0
ost003d,452,1608,404,181.095,156,0
ost003d,453,1755,407,182.894,152,0
ost003d,454,1315,350,180.752,154,0
ost003d,455,1426,239,181.267,157,0
ost003d,456,1172,342,181.024,158,0
ost003d,457,1560,159,182.752,156,0
ost003d,458,1223,296,183.539,163,0
ost003d,459,1403,121,181.51,156,0
ost003d,460,1593,387,186.894,156,0
ost003d,461,1604,364,185.882,167,0
ost003d,462,1574,204,187.681,163,0
ost003d,463,1387,200,187.066,157,0
ost003d,464,2208,333,186.037,151,0
ost003d,465,1883,392,186.167,159,0
ost003d,466,1418,368,185.066,155,0
ost003d,467,1651,327,187.966,155,0
ost003d,468,1721,342,185.581,158,0
ost003d,469,1452,425,187.823,159,0
ost003d,470,1881,293,189.551,157,0
ost003d,471,1848,240,191.196,169,0
ost003d,472,2125,397,188.752,162,0
ost003d,473,2180,439,191.924,166,0
ost003d,474,2237,252,188.995,161,0
ost003d,475,1611,187,190.622,156,0
ost003d,476,1912,318,189.196,167,0
ost003d,477,2175,382,191.693,155,0
ost003d,478,1959,387,188.409,160,0
ost003d,479,2085,200,190.966,158,0
ost003d,480,2140,521,194.25,153,0
ost003d,481,1473,438,193.995,166,0
ost003d,482,1693,476,192.267,168,0
ost003d,483,1237,333,194.309,163,0
ost003d,484,1567,337,195.652,166,0
ost003d,485,1515,157,194.338,168,0
ost003d,486,1834,391,193.066,163,0
ost003d,487,2199,461,195.167,168,0
ost003d,488,1503,383,194.681,170,0
ost003d,489,1976,395,194.966,162,0
ost003d,490,1842,199,196.137,164,0
ost003d,491,1756,265,199.279,163,0
ost003d,492,1909,315,196.551,164,0
ost003d,493,1518,389,197.995,170,0
ost003d,494,1469,349,199.882,181,0
ost003d,495,1740,433,197.782,176,0
ost003d,496,1550,340,197.723,166,0
ost003d,497,1510,174,196.439,173,0
ost003d,498,1726,316,198.338,172,0
ost003d,499,1871,242,199.167,172,0
ost003d,500,1455,277,202.61,180,0
ost003d,501,2262,590,201.966,169,0
ost003d,502,1891,286,203.622,169,0
ost003d,503,1921,319,202.238,173,0
ost003d,504,1160,251,203.066,173,0
ost003d,505,2185,483,203.451,168,0
ost003d,506,1369,351,200.409,172,0
ost003d,507,1736,202,202.764,164,0
ost003d,508,2055,203,200.752,174,0
ost003d,509,1745,270,202.652,173,0
ost003d,510,2181,466,205.066,175,0
ost003d,511,2153,493,205.196,183,0
ost003d,512,1921,260,206.108,169,0
ost003d,513,1536,311,207.865,172,0
ost003d,514,1935,552,206.995,179,0
ost003d,515,1705,192,204.066,174,0
ost003d,516,1683,330,205.865,170,0
ost003d,517,1402,210,207.309,176,0
ost003d,518,1171,379,206.409,178,0
ost003d,519,1245,276,205.581,178,0
ost003d,520,1326,389,208.309,177,0
ost003d,521,1987,536,209.279,173,0
ost003d,522,1908,354,208.208,174,0
ost003d,523,1845,392,209.439,186,0
ost003d,524,1593,469,209.338,183,0
ost003d,525,1562,207,208.995,181,0
ost003d,526,1691,405,211.894,181,0
ost003d,527,1996,276,209.723,178,0
ost003d,528,2275,577,210.451,175,0
ost003d,529,1540,360,208.853,185,0
ost003d,530,1665,151,214.581,187,0
ost003d,531,1743,244,215.309,184,0
ost003d,532,1829,298,213.581,186,0
ost003d,533,1715,504,212.924,187,0
ost003d,534,1507,128,214.681,190,0
ost003d,535,1844,204,212.894,182,0
ost003d,536,2161,452,215.35,177,0
ost003d,537,1816,526,215.208,181,0
ost003d,538,1836,238,214.752,188,0
ost003d,539,1623,235,212.007,172,0
ost003d,540,2336,471,219.149,175,0
ost003d,541,1721,359,218.752,192,0
ost003d,542,1743,197,217.338,191,0
ost003d,543,2015,280,219.309,188,0
ost003d,544,1952,569,219.836,179,0
ost003d,545,1973,631,216.865,181,0
ost003d,546,1924,317,217.723,186,0
ost003d,547,1475,203,217.338,191,0
ost003d,548,1975,487,217.966,185,0
ost003d,549,1709,134,219.61,197,0
ost003d,550,2037,294,222.995,195,0
ost003d,551,2007,333,221.551,189,0
ost003d,552,1684,380,221.48,191,0
ost003d,553,1720,389,220.823,192,0
ost003d,554,1952,279,221.279,185,0
ost003d,555,1788,360,220.238,191,0
ost003d,556,1930,174,221.622,187,0
ost003d,557,1983,398,220.108,183,0
ost003d,558,1693,500,223.551,191,0
ost003d,559,2384,450,220.037,185,0
ost003d,560,2076,412,227.179,188,0
ost003d,561,2396,580,227.208,193,0
ost003d,562,2384,293,224.463,177,0
ost003d,563,1775,228,224.078,182,0
ost003d,564,2244,389,226.622,192,0
ost003d,565,1939,220,224.966,192,0
ost003d,566,1900,231,224.179,185,0
ost003d,567,1601,168,227.38,194,0
ost003d,568,1980,472,227.492,185,0
ost003d,569,1628,177,224.338,198,0
ost003d,570,2372,380,231.693,195,0
ost003d,571,2140,242,231.966,199,0
ost003d,572,1730,94,231.35,193,0
ost003d,573,1755,217,228.35,190,0
ost003d,574,1896,348,229.723,198,0
ost003d,575,2017,433,228.38,195,0
ost003d,576,2150,583,229.037,194,0
ost003d,577,2077,653,230.936,193,0
ost003d,578,2064,262,229.664,188,0
ost003d,579,2013,407,230.735,187,0
ost003d,580,2398,532,232.551,200,0
ost003d,581,2099,472,233.108,196,0
ost003d,582,2497,406,232.12,183,0
ost003d,583,2315,310,235.777,185,0
ost003d,584,2177,362,234.007,194,0
ost003d,585,2206,439,234.037,199,0
ost003d,586,1696,269,233.309,202,0
ost003d,587,2223,360,232.806,187,0
ost003d,588,2371,504,234.321,191,0
ost003d,589,1829,360,235.652,206,0
ost003d,590,2464,336,239.865,204,0
ost003d,591,2573,532,236.764,198,0
ost003d,592,2476,177,239.108,202,0
ost003d,593,2175,324,237.936,200,0
ost003d,594,1844,360,237.25,196,0
ost003d,595,2196,361,237.421,197,0
ost003d,596,2253,446,237.764,199,0
ost003d,597,1813,350,237.279,201,0
ost003d,598,2015,431,238.664,197,0
ost003d,599,1753,150,238.735,195,0
ost003d,600,1974,255,243.693,207,0
ost003d,601,1855,408,240.593,201,0
ost003d,602,2036,310,242.25,201,0
ost003d,603,1907,199,240.522,203,0
ost003d,604,2207,371,240.806,195,0
ost003d,605,2234,422,243.078,201,0
ost003d,606,2209,277,243.037,208,0
ost003d,607,1687,381,243.693,207,0
ost003d,608,1437,196,240.037,205,0
ost003d,609,2274,381,240.735,197,0
ost003d,610,2245,386,247.936,210,0
ost003d,611,1934,198,247.622,213,0
ost003d,612,1702,171,245.794,212,0
ost003d,613,2262,494,247.037,212,0
ost003d,614,1877,299,245.38,212,0
ost003d,615,1614,220,244.794,211,0
ost003d,616,1667,260,247.35,209,0
ost003d,617,2207,320,246.593,207,0
ost003d,618,2195,368,244.693,208,0
ost003d,619,1471,185,247.794,214,0
ost003d,620,2003,197,249.966,217,0
ost003d,621,1578,380,248.38,215,0
ost003d,622,1798,351,248.35,210,0
ost003d,623,2612,298,251.049,204,0
ost003d,624,2029,531,251.877,204,0
ost003d,625,2560,446,251.877,204,0
ost003d,626,2654,364,251.392,206,0
ost003d,627,2320,431,248.522,211,0
ost003d,628,1928,421,250.208,216,0
ost003d,629,2327,432,249.764,211,0
ost003d,630,1815,493,253.907,211,0
ost003d,631,2546,487,252.907,210,0
ost003d,632,2068,476,254.38,221,0
ost003d,633,1951,372,253.208,219,0
ost003d,634,1938,241,252.279,216,0
ost003d,635,2666,369,253.563,209,0
ost003d,636,2338,293,253.664,212,0
ost003d,637,2491,359,255.978,211,0
ost003d,638,1771,370,252.309,221,0
ost003d,639,2208,411,253.635,207,0
ost003d,640,2368,367,256.22,210,0
ost003d,641,2640,348,259.836,219,0
ost003d,642,2128,561,258.279,222,0
ost003d,643,2345,374,256.291,208,0
ost003d,644,2358,573,257.836,217,0
ost003d,645,1904,265,257.078,215,0
ost003d,646,2029,539,257.966,225,0
ost003d,647,2778,295,259.563,215,0
ost003d,648,1903,222,256.037,221,0
ost003d,649,2816,502,259.777,209,0
ost003d,650,1826,229,260.108,223,0
ost003d,651,2173,369,261.208,227,0
ost003d,652,1711,320,263.451,228,0
ost003d,653,2243,216,260.279,224,0
ost003d,654,2392,309,261.179,222,0
ost003d,655,2361,644,262.451,227,0
ost003d,656,1977,370,260.735,217,0
ost003d,657,2024,309,262.622,228,0
ost003d,658,2109,410,261.137,229,0
ost003d,659,1800,404,262.208,228,0
ost003d,660,1538,174,264.309,233,0
ost003d,661,2237,391,265.936,228,0
ost003d,662,1492,200,266.007,226,0
ost003d,663,1967,320,267.208,233,0
ost003d,664,2014,339,265.321,222,0
ost003d,665,2188,469,267.563,223,0
ost003d,666,1990,399,267.907,225,0
ost003d,667,2711,636,267.12,218,0
ost003d,668,2812,551,264.534,215,0
ost003d,669,1740,267,265.421,225,0
ost003d,670,2416,402,271.978,227,0
ost003d,671,2400,365,271.735,228,0
ost003d,672,1915,349,269.622,235,0
ost003d,673,2098,294,268.522,231,0
ost003d,674,1939,311,271.22,225,0
ost003d,675,1719,212,269.037,234,0
ost003d,676,2320,399,270.877,223,0
ost003d,677,1602,188,268.622,234,0
ost003d,678,2750,381,271.262,218,0
ost003d,679,2083,168,271.291,223,0
ost003d,680,2283,388,275.451,240,0
ost003d,681,1683,178,274.764,236,0
ost003d,682,2427,278,272.179,233,0
ost003d,683,2485,452,273.605,222,0
ost003d,684,2736,239,274.777,224,0
ost003d,685,2208,509,273.108,236,0
ost003d,686,2529,346,275.735,232,0
ost003d,687,2565,324,275.747,220,0
ost003d,688,2065,214,272.108,235,0
ost003d,689,2523,479,275.505,221,0
ost003d,690,2470,173,277.321,234,0
ost003d,691,1876,154,278.208,244,0
ost003d,692,2828,327,276.463,229,0
ost003d,693,2166,266,279.191,228,0
ost003d,694,2166,248,276.262,223,0
ost003d,695,1868,286,277.149,233,0
ost003d,696,2796,371,278.605,227,0
ost003d,697,2570,650,279.12,230,0
ost003d,698,2496,348,279.907,237,0
ost003d,699,2324,171,279.522,242,0
ost003d,700,2278,222,280.392,235,0
ost003d,701,2452,213,281.049,234,0
ost003d,702,2300,193,280.836,240,0
ost003d,703,1869,169,281.635,235,0
ost003d,704,2340,258,283.35,245,0
ost003d,705,2529,486,281.948,232,0
ost003d,706,2188,185,283.007,243,0
ost003d,707,2290,180,283.978,239,0
ost003d,708,1932,558,281.049,234,0
ost003d,709,1822,387,280.149,236,0
ost003d,710,3048,472,284.404,227,0
ost003d,711,1719,317,285.978,241,0
ost003d,712,2225,182,287.563,243,0
ost003d,713,2236,421,284.25,243,0
ost003d,714,1767,237,284.38,251,0
ost003d,715,2235,200,284.321,241,0
ost003d,716,2673,388,284.948,235,0
ost003d,717,2424,241,287.291,239,0
ost003d,718,2883,290,286.191,235,0
ost003d,719,1735,399,286.936,249,0
ost003d,720,2551,548,290.563,246,0
ost003d,721,1947,277,290.451,255,0
ost003d,722,1803,235,291.492,249,0
ost003d,723,2479,329,289.848,237,0
ost003d,724,2673,420,290.664,249,0
ost003d,725,2271,186,289.078,247,0
ost003d,726,2487,428,289.563,245,0
ost003d,727,2195,343,290.777,240,0
ost003d,728,2393,643,288.279,252,0
ost003d,729,2489,399,288.936,251,0
ost003d,730,2042,358,292.522,255,0
ost003d,731,3113,984,293.22,247,0
ost003d,732,2345,359,293.593,254,0
ost003d,733,2366,158,295.764,257,0
ost003d,734,2365,305,292.421,252,0
ost003d,735,2507,262,293.22,247,0
ost003d,736,2835,327,294.019,242,0
ost003d,737,2129,430,293.037,258,0
ost003d,738,2336,369,293.735,250,0
ost003d,739,2174,432,295.149,251,0
ost003d,740,2645,315,296.848,244,0
ost003d,741,2410,363,298.635,252,0
ost003d,742,2470,245,297.664,256,0
ost003d,743,1862,243,297.764,259,0
ost003d,744,2837,556,299.836,259,0
ost003d,745,2126,310,298.492,256,0
ost003d,746,1928,427,298.463,251,0
ost003d,747,2612,486,298.049,251,0
ost003d,748,2816,484,296.647,238,0
ost003d,749,2898,452,298.706,250,0
ost003d,750,1779,278,301.35,263,0
ost003d,751,2586,334,303.777,253,0
ost003d,752,2176,108,303.664,262,0
ost003d,753,2297,441,301.492,259,0
ost003d,754,2741,408,302.161,246,0
ost003d,755,2327,173,301.948,252,0
ost003d,756,2465,361,300.735,257,0
ost003d,757,2024,459,303.664,262,0
ost003d,758,1929,239,303.806,258,0
ost003d,759,1798,273,302.534,253,0
ost003d,760,2635,286,305.161,249,0
ost003d,761,2136,301,304.208,270,0
ost003d,762,2722,444,305.161,249,0
ost003d,763,2624,439,307.392,262,0
ost003d,764,2573,500,304.764,266,0
ost003d,765,2100,529,306.966,274,0
ost003d,766,2163,143,307.291,259,0
ost003d,767,1942,270,305.551,273,0
ost003d,768,2476,353,306.049,259,0
ost003d,769,2268,285,305.22,259,0
ost003d,770,2280,211,308.321,265,0
ost003d,771,2772,479,308.806,263,0
ost003d,772,2532,249,310.12,261,0
ost003d,773,2223,417,308.191,257,0
ost003d,774,2559,240,310.078,268,0
ost003d,775,2606,458,311.534,262,0
ost003d,776,1909,377,310.22,264,0
ost003d,777,2484,226,311.534,262,0
ost003d,778,2158,219,311.706,263,0
ost003d,779,2823,487,310.593,271,0
ost003d,780,2387,330,314.676,261,0
ost003d,781,2875,323,313.362,263,0
ost003d,782,2448,284,313.706,265,0
ost003d,783,2969,401,315.321,272,0
ost003d,784,2455,445,313.505,259,0
ost003d,785,2322,424,312.049,265,0
ost003d,786,2669,390,314.534,265,0
ost003d,787,2413,354,313.12,264,0
ost003d,788,2146,159,314.777,264,0
ost003d,789,1776,222,312.007,272,0
ost003d,790,2737,393,317.735,274,0
ost003d,791,2597,386,318.877,271,0
ost003d,792,2363,469,318.191,267,0
ost003d,793,2893,239,317.889,258,0
ost003d,794,2337,242,318.664,277,0
ost003d,795,2957,350,317.362,267,0
ost003d,796,2837,498,317.007,277,0
ost003d,797,2458,332,316.492,274,0
ost003d,798,2445,334,316.836,276,0
ost003d,799,2294,239,318.321,275,0
ost003d,800,2343,445,323.108,286,0
ost003d,801,2381,484,321.948,272,0
ost003d,802,2762,349,321.635,275,0
ost003d,803,2646,388,320.806,275,0
ost003d,804,2411,373,322.706,274,0
ost003d,805,1804,220,322.078,280,0
ost003d,806,2242,269,320.534,271,0
ost003d,807,2204,352,320.191,269,0
ost003d,808,2026,261,320.605,269,0
ost003d,809,2897,476,321.463,274,0
